0	0.579452547453
1	0.977228939544
2	1.12314885115
3	1.31576423576
4	1.01130942452
5	1.12690693069
6	0.953
7	0.717066666667
8	0.697411764706
9	0.663647058824
10	0.639302970297
11	0.763259259259
12	1.12658823529
13	0.519564356436
14	0.520110891089
15	0.458605714286
16	0.297613445378
17	0.465932673267
18	0.121250693802
19	1.25013280476
20	0.869813861386
21	1.13906893107
22	0.956746618575
23	0.79964035964
24	0.87321308226
25	1.06506293706
26	0.907758176412
27	0.777086666667
28	1.00988328388
29	1.11553048226
30	1.50615445545
31	1.25443356643
32	1.21401197605
33	1.25737301587
34	1.29361264822
35	1.31626843413
36	1.2574214876
37	1.2787697479
38	0.93161
39	1.4303049505
40	0.996101960784
41	1.46426164519
42	1.01566433566
43	1.10434576271
44	1.5494970297
45	1.21225346535
46	1.24474576271
47	1.32683893805
48	0.626581818182
49	0.745082228117
50	0.787100099108
51	1.0944
52	0.882302788845
53	1.21719685039
54	0.919699009901
55	1.33146587537
56	0.948257680872
57	1.31111287129
58	1.04515484515
59	1.03939478261
60	1.50725748503
61	1.3051369863
62	1.68118929633
63	1.27546587537
64	1.75537425743
65	1.33715884116
66	1.37810202117
67	1.55103270565
68	0.586291525424
69	0.411655045872
70	0.215138461538
71	0.347467873303
72	0.459114146341
73	0.499386407767
74	0.358089320388
75	0.411984555985
76	0.0607940630798
77	0.274465601112
78	0.861544554455
79	0.564467326733
80	0.710566336634
81	0.354788118812
82	0.767280719281
83	0.64444519966
84	0.794419441944
85	0.844210902592
86	0.863936063936
87	0.856864222002
88	0.515603960396
89	0.736823762376
90	0.3648
91	0.245389090909
92	0.856015841584
93	0.834073194857
94	0.773914767096
95	0.685972247919
96	1.1677733711
97	1.8052027972
98	2.37442063492
99	1.67583317168
100	2.10989875836
101	2.4042037962
102	2.15648351648
103	2.46693942403
104	2.61446859422
105	1.79911904762
106	1.72704761905
107	1.96125148515
108	1.66435964036
109	2.20692170466
110	1.88048751249
111	1.69546085233
112	2.03673126873
113	1.748
114	1.32971089109
115	2.20888521883
116	2.48812010008
117	2.10936774194
118	1.83207192807
119	1.48176770538
120	1.95275294118
121	1.86170629371
122	2.06081268583
123	1.6528238806
124	1.87764378109
125	2.15629306931
126	1.89967696909
127	1.85051042701
128	2.36154245754
129	1.70443521266
130	2.20722222222
131	2.07800521286
132	2.24127872128
133	2.01923488603
134	2.17635746202
135	2.30570919881
136	1.81019405941
137	2.01542970297
138	1.57644577114
139	2.1909271137
140	1.5910969031
141	1.67327968597
142	2.14288111888
143	1.97384980237
144	3.13624775225
145	3.25805394605
146	2.78265873016
147	2.23614736842
148	3.1674251497
149	2.8460451423
150	2.31637291462
151	2.05597192982
152	2.48180619381
153	2.37483316683
154	2.42305415162
155	2.77404995005
156	3.09358565737
157	2.79831075697
158	2.70675041322
159	3.58253386454
160	3.84895522388
161	2.38614441147
162	2.77106893107
163	2.58307082153
164	3.49043756244
165	2.66250873786
166	3.36271683168
167	3.16481908549
168	2.814444666
169	2.79895445545
170	2.63615139442
171	2.4071102284
172	2.07630588235
173	2.81479245283
174	2.2475044955
175	1.88437227723
176	1.88722299306
177	1.81731212724
178	1.89756286267
179	2.06805090909
180	2.65716683317
181	1.9504222002
182	2.04545054945
183	2.1976119403
184	0.0816310293386
185	5.89060700389
186	2.50303366337
187	2.16712871287
188	2.27688739496
189	2.62656
190	2.24253346653
191	2.3536333003
192	1.77208391608
193	2.12361238761
194	2.33237671233
195	2.92191008991
196	2.8725074331
197	2.73326673327
198	1.87563492063
199	2.34460739261
200	2.34231037649
201	2.24339459459
202	2.0058446281
203	1.74929070929
204	1.70538751239
205	1.83572427572
206	2.29111688312
207	2.79524385633
208	3.34551848152
209	2.34564752475
210	2.3037042957
211	2.91181949458
212	3.31271928072
213	2.85595204795
214	2.66926984127
215	1.89602373887
216	2.92562376238
217	2.20036435644
218	2.24348067393
219	1.84968631369
220	2.8097982018
221	2.12718334985
222	2.41108118812
223	2.34490196078
224	2.93594405594
225	2.8742913776
226	2.42345346535
227	2.30560639361
228	2.12547869177
229	2.1887049505
230	1.90034059406
231	2.78476039604
232	2.30855544456
233	1.7902160555
234	2.5474045954
235	1.80976808722
236	1.88981818182
237	2.44885544554
238	2.02306349206
239	2.55833766234
240	1.88804795205
241	2.40811001965
242	2.67905649158
243	0.185456401531
244	4.91148518205
245	1.27028571429
246	1.88048751249
247	2.12101498501
248	1.91901684836
249	2.45994005994
250	1.73087809713
251	2.07520958084
252	1.46156349206
253	2.49273926074
254	1.87369672944
255	1.89727072927
256	1.88539735099
257	2.38340859141
258	1.90197002997
259	2.49466798811
260	1.82757227723
261	2.76606593407
262	2.04947747748
263	2.02788679245
264	2.22940518962
265	3.04
266	2.48382160555
267	0.459409462825
268	4.53918373729
269	1.82582217782
270	2.12101498501
271	1.84042429427
272	2.63486913087
273	2.87714285714
274	2.48533066933
275	3.35000399202
276	2.48998609732
277	1.37612673267
278	0.536273684211
279	0.389672727273
280	0.109330669331
281	1.56693609672
282	2.85788152078
283	3.13460455897
284	2.52632066116
285	3.36195804196
286	1.88348412698
287	1.72742457542
288	1.48706493506
289	2.27323564356
290	1.87706640238
291	1.85653333333
292	2.21047128713
293	1.20903762376
294	1.40169430569
295	1.98685714286
296	1.55149700599
297	1.64861843409
298	1.55988461538
299	1.99762904809
300	1.76379405941
301	1.84454653465
302	1.91509396637
303	1.61370069376
304	1.81344158416
305	1.88552871287
306	1.61627722772
307	1.67433366633
308	1.38701935484
309	2.35503797468
310	1.83657028913
311	1.91805940594
312	2.07344875622
313	2.05585614386
314	2.22250549451
315	2.12304495504
316	2.02224975025
317	1.99480995025
318	2.02554863078
