0	0.550566336634
1	1.10261333333
2	1.63456379822
3	1.27202376238
4	1.90896333003
5	1.19684786325
6	1.37067457962
7	1.32194851485
8	1.07483052527
9	1.10349357072
10	1.13146481665
11	1.08806101695
12	0.986043564356
13	0.859333333333
14	1.50615445545
15	0.674524770642
16	1.14857821782
17	1.26651632047
18	0.851781962339
19	1.17024950495
20	0.928007920792
21	1.14804705882
22	0.929940594059
23	1.09330669331
24	0.892233894945
25	1.06755701395
26	0.963418397626
27	0.81893877551
28	0.427810909091
29	0.530421364985
30	1.19208721506
31	1.2354421365
32	1.69036039604
33	0.370146534653
34	1.31012091179
35	1.29888031652
36	1.41960628619
37	2.17568031968
38	1.62507829534
39	1.58335412844
40	1.86691764706
41	1.32240553907
42	1.48765957447
43	1.97013649852
44	1.45724630113
45	1.57569930762
46	2.14758374628
47	1.35859340659
48	1.50996233895
49	1.40929470529
50	1.371165524
51	1.50506876228
52	1.20431936128
53	1.61771428571
54	1.21878536103
55	1.52330108588
56	1.56498113208
57	1.0453518335
58	1.25693465347
59	1.18108514851
60	0.715152475248
61	0.612549019608
62	0.617631683168
63	0.434752941176
64	0.509275247525
65	0.574289108911
66	0.772712871287
67	0.761042115573
68	0.173126331811
69	1.6875913556
70	0.982882235529
71	0.991301960784
72	1.38013004926
73	0.568346116028
74	0.533057654076
75	0.563453465347
76	0.344443125618
77	1.01855049505
78	1.01813907933
79	1.05154410307
80	1.21242352941
81	0.845386138614
82	0.612245363766
83	0.0126886956522
84	1.11775609756
85	0.354940540541
86	0.0786997026759
87	0.168207492795
88	0.160783545544
89	0.153564078578
90	0.0664587341772
91	0.0180148148148
92	0.351446153846
93	0.320362606232
94	0.254716618636
95	0.347261538462
96	0.314580392157
97	0.527651485149
98	0.429974781765
99	0.440770137525
100	0.250698318497
101	0.318757281553
102	0.191976237624
103	0.255005825243
104	0.236047058824
105	0.174258503401
106	0.487603960396
107	0.202007407407
108	0.294929740135
109	0.292562376238
110	0.445762237762
111	0.51630952381
112	0.377418217434
113	0.17337029703
114	0.114948571429
115	0.0705193578848
116	0.189730496454
117	0.156342857143
118	0.0546420950533
119	0.0759246778989
120	0.189415384615
121	0.174805970149
122	0.488287099903
123	0.218846153846
124	0.250148571429
125	0.268498527969
126	0.234988235294
127	0.382657342657
128	0.213215234721
129	0.371883495146
130	0.241798270893
131	0.146767735666
132	0.208457142857
133	0.205673590504
134	0.209865970409
135	0.244380582524
136	0.220560460653
137	0.24726129666
138	0.15591372549
139	0.364442703232
140	0.213665107577
141	0.343341176471
142	0.332027695351
143	0.392222723853
144	0.478656838657
145	0.467965014577
146	0.368164544564
147	0.483722772277
148	0.313736936937
149	0.675171456888
150	0.860383778437
151	0.551427642276
152	0.743026496565
153	0.464277227723
154	0.305479723046
155	0.279238469087
156	0.179855855856
157	0.415456543457
158	0.382706448508
159	0.703857425743
160	0.432132038835
161	0.220247301276
162	0.357784615385
163	0.332611764706
164	0.00153133822699
165	0.334983118173
166	0.227548514851
167	0.167643564356
168	0.081539047619
169	0.117257142857
170	0.216712871287
171	0.0983193277311
172	0.185841509434
173	0.184205940594
174	0.119192079208
175	0.0961885714286
176	0.0293601609658
177	0.297354462052
178	0.395529411765
179	0.2101248
180	0.34593867458
181	0.26333012512
182	0.164098092643
183	0.132196721311
184	0.240527472527
185	0.206081268583
186	0.132831372549
187	0.1056
188	0.191254368932
189	0.205877227723
190	0.118976923077
191	0.255005825243
192	0.2432
193	0.144326213592
194	0.220984615385
195	0.104228571429
196	0.0811340659341
197	0.420822695035
198	0.425905838041
199	0.389728585178
200	0.15279223301
201	0.0493256767842
202	0.112861759425
203	0.0977142857143
204	0.0561230769231
205	0.100403669725
206	0.114
207	0.170884462151
208	0.255005825243
209	0.229145098039
210	0.260571428571
211	0.212501960784
212	0.368777006938
213	0.206494117647
214	0.265711304348
215	0.216712871287
216	0.25835694051
217	0.10300630063
218	0.128752941176
219	0.258275728155
220	0.324329411765
221	0.339677982541
222	0.235155599604
223	0.249902362205
224	0.181371428571
225	0.257505882353
226	0.152
227	0.0142807017544
228	0.352352795031
229	0.40176
230	0.654273267327
231	1.04017582418
232	0.915383709519
233	0.994501498501
234	1.2630969031
235	1.23574603175
236	1.27133531157
237	1.31345383104
238	1.37833366633
239	1.37311488511
240	1.54896575342
241	1.31643556444
242	1.39010505451
243	1.28046732673
244	1.2528991009
245	1.07669375619
246	1.22712941176
247	1.22044355644
248	1.34097125867
249	1.4352950495
250	1.51517677199
251	1.97404162537
252	1.66471856287
253	2.33428571429
254	1.72924675325
255	1.61944554455
256	1.7191048951
257	1.53813752456
258	1.91328671329
259	1.58475124875
260	1.73692063492
261	1.78185945946
262	2.09914885115
263	1.62444400396
264	2.20847952048
265	1.86066204163
266	2.56670658683
267	1.90998612488
268	2.02827353816
269	1.99850348259
270	2.11641791045
271	2.37247552448
272	1.99701090188
273	1.62440677966
274	1.93656405164
275	1.99453090909
276	1.95792542373
277	2.15787636364
278	2.44900699301
279	1.62104261645
280	1.39121584158
281	1.46471351351
282	1.713728444
283	1.42491908092
284	1.29337520661
285	1.63618217822
286	1.32205148515
287	1.54156243756
288	1.116828263
289	0.824325074331
290	0.765314685315
291	0.0816647975078
292	3.09375745527
293	1.91854545455
294	2.09953174603
295	2.02018632309
296	2.07097005988
297	2.01282854311
298	2.19360136869
299	2.41634851485
300	1.3105677547
301	2.35366501487
302	1.94180163785
303	2.29715643564
304	1.81251038576
305	1.86870729271
306	2.47297522299
307	1.96396862745
308	2.48136237624
309	1.75721374046
310	2.18661338661
311	1.92066333666
312	1.85823809524
313	2.01854145854
314	2.22049554014
315	1.70954645355
316	1.68017540515
317	1.69833479404
318	1.77361204606
