0	0.0921384471469
1	0.12861719324
2	0.357930624381
3	0.252515484515
4	0.413142296369
5	0.596539460539
6	0.508584887144
7	0.436771513353
8	0.4566437684
9	0.328290196078
10	0.294724975705
11	0.21649851632
12	0.1947154047
13	0.412456074766
14	0.453742574257
15	0.339349253731
16	0.459577777778
17	0.501581943081
18	0.50755047619
19	0.53572027972
20	0.293185332012
21	0.444007692308
22	0.444261386139
23	0.237202797203
24	0.266177736202
25	0.156342857143
26	0.125207843137
27	0.357576237624
28	0.198909090909
29	0.293142857143
30	0.190933333333
31	0.375529411765
32	0.175035294118
33	0.392872131148
34	0.516933333333
35	0.408813333333
36	0.260571428571
37	0.00459947886022
38	0.0436015936255
39	0.0646299212598
40	0.0317217391304
41	0.0259727024568
42	0.00883137254902
43	0.0483819628647
44	0.163648598131
45	1.0545300813
46	0.992047524752
47	0.936530693069
48	1.16248551449
49	1.06884931507
50	1.33157242757
51	1.25586521308
52	1.36788879235
53	1.51413861386
54	1.07322174288
55	1.50876323676
56	1.2953029703
57	1.75711397423
58	1.30273726274
59	1.32075333333
60	1.71203168317
61	1.44732934132
62	1.56364647468
63	1.7464950495
64	1.63575624376
65	1.17026190476
66	0.901270588235
67	0.611805748266
68	0.642583486239
69	0.590729270729
70	1.33745887017
71	1.47364752475
72	1.25715884116
73	1.18986719524
74	1.07950891089
75	1.12579228487
76	0.918231912785
77	1.05261674009
78	1.21720754717
79	0.418485436893
80	0.643764705882
81	0.620102970297
82	0.821362376238
83	0.530946534653
84	0.885108910891
85	1.38560639361
86	1.82854653465
87	1.06285714286
88	1.04587980296
89	0.613401980198
90	0.736823762376
91	0.966419161677
92	1.73923015873
93	1.2046970297
94	1.48448316832
95	0.00640624390244
96	0.797317365269
97	0.575503394762
98	0.697608355091
99	0.532699029126
100	0.388138181818
101	0.0212504854369
102	0.871671028037
103	0.841758415842
104	0.794011881188
105	0.561301960784
106	0.390083168317
107	0.162162768943
108	0.427673786408
109	0.408117762512
110	0.499364635365
111	0.392725123153
112	0.622289655172
113	0.470489719626
114	0.220712906058
115	0.185854996734
116	0.363905882353
117	0.781108910891
118	0.784754716981
119	0.739853320119
120	0.392658178257
121	0.449965048544
122	0.571837462834
123	0.441782857143
124	0.378437383178
125	0.538645544554
126	0.435374257426
127	0.465932673267
128	0.158565765766
129	0.00174281391831
130	0.315692307692
131	0.432679245283
132	0.817838461538
133	1.20867932068
134	1.23683687943
135	1.39900096061
136	1.31192871287
137	1.25274576271
138	1.25681746032
139	1.34434365634
140	1.52765634366
141	2.08323676324
142	1.84942647059
143	2.48775224775
144	2.34488888889
145	0.816586123241
146	0.609329852045
147	0.032729136998
148	0.273326673327
149	0.639302970297
150	0.590426229508
151	1.04397202797
152	0.936491575818
153	1.10211485149
154	1.13259405941
155	0.848833057851
156	1.68828543112
157	1.05701886792
158	1.09929270729
159	1.01929411765
160	0.52510604559
161	1.00956987116
162	1.44584215784
163	1.29071698113
164	0.813478691774
165	0.0162915326902
166	0.0383327495622
167	0.0609693593315
168	0.0358819672131
169	0.0370983050847
170	0.0556474576271
171	0.0552294617564
172	0.0184495837188
173	0.0370983050847
174	0.0566068965517
175	0.046570212766
176	0.696631368631
177	1.1361506442
178	0.354070588235
179	0.412360814743
180	0.757683347006
181	1.13843921569
182	0.0977870439315
183	0.488594648167
184	1.10980594059
185	1.57863762376
186	1.57941258741
187	1.89566761095
188	2.26030891089
189	2.11843660629
190	2.57217804154
191	1.77181016949
192	1.86651748252
193	1.72761072493
194	1.45798201798
195	1.24153815659
196	1.30192293578
197	1.37826012059
198	1.45348104956
199	1.07144055944
200	1.01029019608
201	1.26731305201
202	0.582978217822
203	1.19096470588
204	0.766075247525
205	1.07144055944
206	1.12919722498
207	0.985068249258
208	0.826164705882
209	0.633165510406
210	1.25693465347
211	1.09684715285
212	1.62695738355
213	1.11365434565
214	0.533144375554
215	0.699716283716
216	0.709811694747
217	1.04022178218
218	0.76879338843
219	1.36394065282
220	0.809530227948
221	0.585124752475
222	0.931865346535
223	0.114735483871
224	0.00311942992874
225	0.0578537444934
226	0.0516226415094
227	0.0191496062992
228	0.0339875776398
229	0.0374473909324
230	0.0312685714286
231	0.0535945151812
232	0.0566557377049
233	0.0397963636364
234	0.0370983050847
235	0.0363890274314
236	0.0365714285714
237	0.0353032258065
238	0.0293142857143
239	0.048
240	0.0660413793103
241	0.0434285714286
242	0.0336738461538
243	0.0605198156682
244	0.0469296740995
245	0.0213897978826
246	0.289694117647
247	0.361258252427
248	0.268323076923
249	0.238431496063
250	0.306125874126
251	0.224862973761
252	0.308132038835
253	0.231049056604
254	0.303398019802
255	0.357576237624
256	0.279722772277
257	0.294679365079
258	0.357222551929
259	0.275716229349
260	0.325655545537
261	0.21991372549
262	0.433425742574
263	0.269429126214
264	0.314233663366
265	0.21257704918
266	0.27281303931
267	0.207979966611
268	0.276524781341
269	0.114651428571
270	0.111993939394
271	0.201661233168
272	0.155854862119
273	0.0455241264559
274	0.329702623907
275	0.161721784777
276	0.316605593057
277	0.204308256881
278	0.361609329446
279	0.204147614761
280	0.404151603499
281	0.233175792507
282	0.305169230769
283	0.23939172281
284	0.303398019802
285	0.25457254902
286	0.269784371909
287	0.3648
288	0.2776
289	0.228887272727
290	0.42959764475
291	0.27520776699
292	0.279165517241
293	0.284856423174
294	0.370135426889
295	0.362138613861
296	0.277074509804
297	0.210539345712
298	0.446693877551
299	0.274733980583
300	0.305169230769
301	0.337988118812
302	0.268451851852
303	0.368411881188
304	0.283681553398
305	0.280375747225
306	0.370044703596
307	0.3648
308	0.23848627451
309	0.29404534005
310	0.346053518335
311	0.334919891989
312	0.282527968597
313	0.284870175439
314	0.192
315	0.160387734916
316	0.00204204503048
317	0.00454862842893
318	0.0119280653951
