0	0.488087215064
1	0.626556862745
2	1.37232941176
3	0.690640776699
4	0.408392541708
5	0.553165510406
6	0.569418604651
7	0.490170542636
8	1.15915830116
9	0.292562376238
10	0.235503797468
11	0.336237859267
12	0.422172106825
13	0.626772815534
14	0.171382550336
15	0.195234886026
16	0.0768750733138
17	0.516988505747
18	0.184571428571
19	0.171167155425
20	0.212194174757
21	0.346740594059
22	0.353176470588
23	0.3648
24	0.151478899083
25	0.516904347826
26	0.542963809524
27	0.77239246779
28	0.657924345296
29	0.458605714286
30	0.408736633663
31	0.38342970297
32	0.555368007851
33	0.597908910891
34	0.748554455446
35	0.248973293769
36	0.259858913251
37	0.292562376238
38	0.278483809524
39	0.296613084112
40	0.0871646017699
41	0.380419196866
42	0.813346534653
43	0.694729939603
44	1.07042557443
45	1.08551128557
46	1.45257821782
47	0.97552047952
48	1.06893417493
49	0.684
50	0.474162376238
51	0.113712846348
52	0.231107692308
53	0.498607692308
54	0.603403921569
55	0.982138461538
56	1.27315630252
57	1.71637962038
58	2.5228543112
59	2.18678019802
60	1.72409230769
61	2.0046970297
62	1.54596635514
63	1.95701898102
64	1.55836734694
65	2.17142288557
66	2.82676739563
67	3.16269330669
68	2.90094373149
69	2.70981890547
70	2.85107692308
71	3.2935256917
72	3.25483101392
73	3.19866533467
74	3.30074455446
75	3.23742657343
76	2.56221735468
77	2.66885114885
78	2.38745254745
79	2.1081849711
80	2.70891089109
81	1.73284396467
82	2.46450377834
83	3.70946283449
84	2.41027027027
85	3.16696103896
86	3.45484915085
87	3.40596031746
88	3.13255419416
89	0.160626223092
90	6.32505555556
91	4.08185414585
92	3.20673929961
93	4.92534124629
94	3.99104895105
95	4.11335864136
96	4.23976023976
97	4.29723260437
98	3.21432167832
99	2.77247175421
100	2.51639285714
101	3.17058941059
102	3.20007928642
103	3.4726884273
104	3.41225974026
105	3.51448303393
106	3.98055248619
107	0.236365384615
108	6.17211133201
109	1.92344103072
110	1.98852347652
111	2.26689395441
112	2.0127952048
113	2.27669375619
114	2.070140455
115	2.73326673327
116	1.95525663717
117	1.5494970297
118	0.952914285714
119	0.452492307692
120	0.332611764706
121	0.304301886792
122	0.104042780749
123	0.0597566302652
124	1.12880157171
125	1.35986427146
126	1.65508730159
127	1.72286732673
128	1.75537425743
129	0.992934653465
130	1.33383416583
131	1.52933994054
132	1.3968
133	1.75194455446
134	1.4844995005
135	1.38694028595
136	0.912
137	0.876818991098
138	0.416491575818
139	0.606796039604
140	0.601318681319
141	0.379623389495
142	0.343341176471
143	0.326215384615
144	0.239129677981
145	0.579452547453
146	0.0484017725258
147	1.59857884232
148	0.769521912351
149	1.17946719682
150	0.541782178218
151	0.2451456
152	0.114231111111
153	0.412162537166
154	0.329063045587
155	0.144080442433
156	0.421754940711
157	0.15554186718
158	0.278964705882
159	0.250021379981
160	0.317058941059
161	0.164573628489
162	0.447576430401
163	0.762273267327
164	0.797272727273
165	0.580061643836
166	0.401316154609
167	0.238924111431
168	0.206685552408
169	0.0751138461538
170	0.377710091743
171	0.834407920792
172	0.70963960396
173	0.959890196078
174	0.643796078431
175	0.951984158416
176	0.827452547453
177	1.09166958212
178	0.665223529412
179	0.390083168317
180	0.206920754717
181	0.119192079208
182	0.0456
183	0.265631067961
184	0.0977142857143
185	0.162681081081
186	0.1663488
187	0.136551724138
188	0.13812815534
189	0.159378640777
190	0.196795204795
191	0.190429543246
192	0.239725714286
193	0.138156898106
194	0.142205267938
195	0.125074285714
196	0.440728712871
197	0.246776470588
198	0.147410909091
199	0.233755339806
200	0.343341176471
201	0.307472569779
202	0.231507692308
203	0.166138613861
204	0.390083168317
205	0.394369200395
206	0.814906588004
207	0.809631683168
208	0.755616221563
209	0.857966303271
210	0.723502516175
211	0.883477031802
212	1.4414159292
213	1.49721568627
214	1.3034044665
215	1.42193006993
216	1.94382574257
217	1.37476557864
218	1.43111199207
219	1.41847920792
220	2.11303096903
221	2.22588095238
222	2.17071452991
223	2.876995005
224	2.67175662414
225	2.24497425743
226	2.1512967033
227	2.37300594059
228	1.62721428571
229	2.01534465534
230	2.31047352647
231	3.05313948919
232	1.86300899101
233	1.93415384615
234	1.99643650794
235	1.92971650485
236	2.65210682493
237	1.68298909812
238	1.35445544554
239	1.02223356232
240	1.14797202797
241	1.06294549058
242	0.836980392157
243	1.40584980237
244	1.20173015873
245	1.00771485149
246	1.20275643564
247	1.01094017094
248	1.41988023952
249	1.14738888889
250	1.06149369544
251	0.977334641806
252	0.772372277228
253	1.12579228487
254	1.02953846154
255	1.42841216879
256	1.28031714569
257	1.09679293425
258	1.3977980198
259	1.03005794206
260	0.90024975223
261	0.54462512364
262	0.846857142857
263	1.19042376238
264	1.46373577982
265	2.30075524476
266	2.54093646649
267	2.36933466533
268	2.07993606394
269	2.08250687623
270	2.30358441558
271	2.03355044955
272	1.94191543756
273	2.5474045954
274	2.27774033697
275	1.87081980198
276	2.19754645355
277	1.67786507937
278	1.63618217822
279	1.14532277228
280	1.34361980198
281	1.25231568432
282	2.36154245754
283	3.02722474977
284	2.66827573182
285	3.77190809191
286	3.08621786065
287	3.10368831169
288	3.13440959041
289	2.88891518738
290	3.03998406375
291	3.01268331668
292	3.22315163528
293	3.40652947053
294	3.15527787611
295	3.82877304262
296	3.23718962076
297	3.16158742633
298	3.57573626374
299	3.13412365064
300	3.09901298701
301	2.10854653465
302	2.13885714286
303	1.77081318681
304	2.0371009901
305	1.57587326733
306	2.12115884116
307	1.88727056492
308	1.36269573835
309	1.15941386139
310	1.2644038835
311	0.720775224775
312	0.976174430129
313	1.23526336634
314	1.10732467532
315	1.32325867195
316	1.36663336663
317	1.03414866204
318	1.3229010989
