0	1.7522380523
1	2.0529059501
2	1.83314060964
3	1.87452547453
4	1.43281538462
5	1.51437362637
6	1.5190578999
7	0.391260226882
8	0.112501469148
9	1.11717740337
10	1.17266733267
11	1.17193663366
12	1.11768627451
13	1.15926153846
14	1.40724035608
15	1.11625708885
16	1.34476723277
17	1.47364752475
18	1.08030952381
19	1.33383416583
20	0.0210760572439
21	0.245209713024
22	1.32806387226
23	1.71588095238
24	1.20921980198
25	0.724112676056
26	1.03864135864
27	0.744400392542
28	0.875425242718
29	1.31111287129
30	1.2127888999
31	1.23346253746
32	1.22426930693
33	1.33486367969
34	1.41648627451
35	1.73788047809
36	1.44114059406
37	0.902122772277
38	1.40724035608
39	1.1736984127
40	1.06279320679
41	1.15941386139
42	1.20604195804
43	1.41661050545
44	1.3355793291
45	1.91025223436
46	1.23309415263
47	1.50615445545
48	0.970653465347
49	1.21361334642
50	0.823696303696
51	1.0944
52	0.797291338583
53	1.03864135864
54	0.793574425574
55	0.93836889332
56	0.657936507937
57	0.888285148515
58	0.951214916585
59	0.253118446602
60	0.156491897045
61	0.628467326733
62	0.0782295081967
63	0.553906368621
64	1.66868910891
65	1.47146666667
66	1.31177622378
67	1.72913052012
68	1.52909306931
69	1.41532867133
70	1.41358278765
71	1.78208991009
72	1.34093650794
73	1.4837372803
74	1.65399814643
75	1.77193612774
76	1.4823016983
77	1.60574459725
78	1.52038850347
79	1.39532756964
80	1.44554637282
81	1.45811275964
82	1.31112070658
83	1.1875539823
84	1.37779624135
85	0.931569747899
86	1.09041454545
87	0.945078880407
88	0.899358415842
89	0.0816647975078
90	1.21045073171
91	0.612251748252
92	0.395813676908
93	0.863712287712
94	0.453280475719
95	0.371683018868
96	0.20755862069
97	1.13641980198
98	1.21359207921
99	1.13297425743
100	1.18023529412
101	0.740329411765
102	0.261731428571
103	0.563685131195
104	0.361258252427
105	0.229433962264
106	0.65201998002
107	1.18786124876
108	1.41946930693
109	0.942021760633
110	1.1082259663
111	0.951675247525
112	0.921928971963
113	1.17024950495
114	0.816317145689
115	1.13774257426
116	0.857398601399
117	1.17140931615
118	1.18108514851
119	0.851214285714
120	0.995636363636
121	0.966451612903
122	1.1684272997
123	0.964357142857
124	0.766173913043
125	0.850440276407
126	0.994648111332
127	0.759246778989
128	0.277835294118
129	0.450635294118
130	0.052447284345
131	0.171595818815
132	0.10314797361
133	0.0547656380317
134	0.0312685714286
135	0.0803229357798
136	0.210461538462
137	0.14752611465
138	0.214378060725
139	0.163801683817
140	0.0556474576271
141	0.0706715867159
142	0.685359840954
143	0.227134591195
144	0.520110891089
145	0.524787212787
146	0.434700686948
147	0.590117647059
148	0.73609495549
149	0.45367690783
150	0.303398019802
151	0.3648
152	0.249289256198
153	0.27625631068
154	0.2736
155	0.227548514851
156	0.148884615385
157	0.0406840148699
158	1.15570196078
159	0.270891089109
160	0.541782178218
161	0.560162962963
162	0.375222857143
163	0.278762264151
164	0.0975207920792
165	0.0803966942149
166	0.145781160799
167	0.059416137806
168	0.342267806268
169	0.103245283019
170	0.0834623450906
171	0.16237388724
172	0.125193517636
173	0.107189030362
174	0.284123076923
175	0.456885436893
176	0.163285106383
177	0.308132038835
178	0.393516034985
179	0.295192807193
180	0.184276894294
181	0.212504854369
182	0.248973293769
183	0.0654367026497
184	0.26537342386
185	0.237317764804
186	0.262393606394
187	0.231730510106
188	0.278964705882
189	0.286881553398
190	0.200360784314
191	0.289694117647
192	0.205877227723
193	0.148753398058
194	0.450635294118
195	0.03326443769
196	0.892608439647
197	0.306841121495
198	0.601318681319
199	0.607397423191
200	0.50182970297
201	0.736823762376
202	0.624404360753
203	0.929310689311
204	0.927500990099
205	1.00019627085
206	1.26876363636
207	1.45197623762
208	1.00361546085
209	0.92102970297
210	0.743448551449
211	0.427706349206
212	1.08356435644
213	0.899358415842
214	0.685100990099
215	0.473083573487
216	0.423008919722
217	0.541782178218
218	0.347382178218
219	0.392414342629
220	0.296069565217
221	0.292562376238
222	0.289410381978
223	0.184571428571
224	0.278691478942
225	0.144020512821
226	0.279238469087
227	0.335572700297
228	0.332611764706
229	0.27625631068
230	0.039622732769
231	0.868782608696
232	0.227774033697
233	0.240527472527
234	0.255700934579
235	0.193129411765
236	0.110594174757
237	0.292562376238
238	0.212711370262
239	0.201683802134
240	0.12076137931
241	0.136931665063
242	0.107984466019
243	0.28425974026
244	0.260819828408
245	0.236047058824
246	0.244505555556
247	0.270623145401
248	0.153564078578
249	0.199938461538
250	0.178892307692
251	0.112914285714
252	0.0927457627119
253	0.106291428571
254	0.193129411765
255	0.260055445545
256	0.340275630252
257	0.364157142857
258	0.371883495146
259	0.335904950495
260	0.287580645161
261	0.336738461538
262	0.270891089109
263	0.307261538462
264	0.429176470588
265	0.396988235294
266	0.335089108911
267	0.530946534653
268	0.449355371901
269	0.579452547453
270	0.607397423191
271	0.471764705882
272	0.584388349515
273	0.574289108911
274	0.455097029703
275	0.487603960396
276	0.405941747573
277	0.411347181009
278	0.418857703631
279	0.325714285714
280	0.286881553398
281	0.210461538462
282	0.229302857143
283	0.115753846154
284	0.0261349253731
285	0.0503366336634
286	0.786429473684
287	1.34139230769
288	1.28616140351
289	1.73835764236
290	1.21009316155
291	1.28346930693
292	1.37403369673
293	1.41157227723
294	1.77704554455
295	1.32623376623
296	1.33442557443
297	1.33150347567
298	1.29222654867
299	1.3135804878
300	1.19934915254
301	1.38402373887
302	1.33311397423
303	1.06625742574
304	1.14750695088
305	1.81485714286
306	1.40506428571
307	1.93869306931
308	1.70261386139
309	1.31252277228
310	1.41519207921
311	1.52785628743
312	1.16574531835
313	1.74258217822
314	1.72984615385
315	1.80597026759
316	1.38272256913
317	1.87547347741
318	1.8262953271
