0	1.6307789891
1	1.78136986301
2	0.762523809524
3	0.798542574257
4	0.490456637168
5	0.700253465347
6	0.58716039604
7	0.42596302521
8	0.420278571429
9	0.294646153846
10	0.192225242718
11	0.203858823529
12	0.166765714286
13	0.257505882353
14	0.443936633663
15	0.622542574257
16	0.582894117647
17	0.546772277228
18	0.619825742574
19	0.477811764706
20	0.530946534653
21	0.280258823529
22	0.326215384615
23	0.321882352941
24	0.276371628372
25	0.553165510406
26	0.401457425743
27	0.403759223301
28	0.339897029703
29	0.42417254902
30	0.500578217822
31	0.396491089109
32	0.61103066271
33	0.75459009901
34	0.721357142857
35	0.601277192982
36	0.650796039604
37	0.491540726202
38	0.454646884273
39	0.436939805825
40	0.477801869159
41	0.890566336634
42	0.780792156863
43	1.11832079208
44	0.920905511811
45	0.797283168317
46	1.14790809191
47	0.844828543112
48	1.01035247525
49	0.614581673307
50	0.763593333333
51	0.922729411765
52	0.618064761905
53	0.0788756756757
54	0.052920696325
55	0.0536470588235
56	0.149236363636
57	0.159378640777
58	0.0274151851077
59	0.66122972973
60	0.857615920398
61	0.776855144855
62	1.11324909747
63	0.761148514851
64	0.985358641359
65	1.1811009901
66	1.03843168317
67	0.778246031746
68	0.509275247525
69	0.442949454906
70	0.460895127993
71	0.41737524558
72	0.572723672367
73	0.239649635036
74	0.112508411215
75	0.220984615385
76	0.185841509434
77	0.13174017094
78	0.151699009901
79	0.159378640777
80	0.19340990099
81	0.556561264822
82	0.50934082397
83	0.257505882353
84	0.131733333333
85	0.0951652173913
86	0.03408
87	0.0743766990291
88	0.157846153846
89	0.11324929445
90	0.281334582943
91	0.131733333333
92	0.0087552
93	0.925962037962
94	0.542412318221
95	0.223130097087
96	0.100943889316
97	0.067597282273
98	0.1054
99	0.0722035815269
100	0.1368
101	0.122966292135
102	0.0383663453111
103	0.0411119459053
104	0.0196716596765
105	0.0318448108632
106	0.0158723712835
107	0.242724752475
108	0.212504854369
109	0.235815866797
110	0.221197305101
111	0.0211643373494
112	0.386258823529
113	0.103095652174
114	0.116127433628
115	0.0637514563107
116	0.122736448598
117	0.109531276063
118	0.350337330136
119	0.289694117647
120	0.246294602013
121	0.271698113208
122	0.296336134454
123	0.273169774289
124	0.178548944338
125	0.135626310772
126	0.236499009901
127	0.0762268656716
128	0.294310756972
129	0.154397877984
130	0.542319127849
131	0.277111770524
132	0.472557409225
133	0.410344554455
134	0.378449122807
135	0.382031452359
136	0.404611320755
137	0.437481188119
138	0.764784158416
139	0.735874509804
140	1.16937958375
141	0.985394285714
142	0.638273267327
143	0.72060990099
144	0.866851485149
145	1.08471287129
146	1.43087524752
147	0.666093161546
148	0.672305882353
149	0.325069306931
150	0.252553846154
151	0.180453928225
152	0.113840972872
153	0.151699009901
154	0.220984615385
155	0.00762382445141
156	0.0631992300289
157	0.0671411042945
158	0.0637514563107
159	0.0620056657224
160	0.0677946902655
161	0.0708677150786
162	0.186542574257
163	0.340315646259
164	0.511419354839
165	1.07857645968
166	1.05451111111
167	1.21581800198
168	1.06366699703
169	1.55263936064
170	0.850782953419
171	0.23827027027
172	1.18442070117
173	0.917461077844
174	0.751832061069
175	0.622746153846
176	1.00698613861
177	0.990638971316
178	0.589150147203
179	0.605638834951
180	0.223021359223
181	0.0970838709677
182	1.50513486513
183	2.26801998002
184	1.25916352825
185	1.79892277228
186	1.19192079208
187	0.904047524752
188	1.11746542056
189	1.60316294458
190	1.54796439169
191	0.780680991736
192	1.05105742574
193	1.12690693069
194	1.15483052527
195	1.29832523364
196	1.84282352941
197	1.90707326733
198	2.0514045954
199	2.50858741259
200	2.22357936508
201	1.57694257426
202	1.82796923077
203	2.22298113208
204	2.50026508408
205	2.07245193261
206	1.7468635514
207	2.48166233766
208	2.37783151635
209	2.42714085914
210	1.5585952381
211	1.48921980198
212	1.78788118812
213	1.51780392157
214	1.74929070929
215	1.37422396857
216	1.56187908821
217	1.23236763237
218	1.84205940594
219	1.3743670265
220	1.77300332226
221	1.86373069307
222	1.48716749257
223	1.30171718882
224	1.19192079208
225	1.12769381747
226	0.58518694362
227	0.629090188305
228	0.562896142433
229	0.869021782178
230	0.921942517344
231	0.482350636631
232	0.403759223301
233	0.406178217822
234	0.222913676043
235	0.530946534653
236	0.911617391304
237	0.852369230769
238	0.287160349854
239	0.0683389830508
240	0.128704225352
241	0.472094117647
242	0.495819607843
243	0.764741463415
244	0.994628571429
245	0.725988118812
246	0.701536633663
247	0.761654700855
248	0.997835294118
249	1.06913846154
250	1.69814985015
251	1.51245554446
252	1.62614901961
253	2.47613986014
254	2.54496729435
255	2.1664975025
256	2.24181418581
257	1.2548968254
258	0.791368631369
259	1.47498507463
260	2.17796435644
261	1.82667732268
262	1.11052812202
263	1.03919287834
264	1.13703896104
265	0.969978723404
266	0.612251748252
267	0.791001980198
268	0.907012884044
269	1.16909198813
270	1.77856633663
271	1.29925544554
272	1.47684752475
273	1.13238019802
274	1.29367920792
275	1.15783529412
276	1.38409411765
277	1.14281980198
278	1.04257777778
279	1.00771485149
280	0.980819180819
281	1.41002973241
282	0.523099099099
283	1.57576331361
284	1.19176936937
285	1.51699009901
286	1.13201186944
287	0.990569484937
288	1.22442772277
289	0.922141176471
290	1.2901018981
291	1.03146878097
292	1.67275924076
293	1.38724281467
294	1.0543223301
295	1.30027722772
296	0.964372277228
297	0.515105882353
298	0.0788851513695
299	0.00756921252841
300	0.356394103957
301	1.37092759295
302	0.516325396825
303	0.311040634291
304	1.10483168317
305	1.50165034965
306	1.69130624381
307	1.77353846154
308	1.67061946903
309	2.11027372627
310	2.04202180377
311	1.57503270565
312	2.04598612488
313	1.98791287129
314	2.10049150849
315	1.73619065777
316	1.46426164519
317	0.761042115573
318	0.553049562682
