0	1.23081889764
1	1.2370144648
2	1.59145816733
3	1.1703468781
4	1.23181978452
5	1.48595441031
6	1.20552247752
7	1.53732023576
8	1.24289395441
9	1.39918334985
10	1.27916883117
11	0.730031858407
12	1.08356435644
13	1.12690693069
14	0.986043564356
15	0.467377601586
16	0.611576470588
17	0.473538461538
18	0.481533333333
19	1.32335664336
20	0.437352363961
21	1.11939622642
22	1.02312437811
23	1.48437014925
24	1.71767765568
25	0.722375
26	1.61255445545
27	1.7381978022
28	1.59544444444
29	1.53734520277
30	1.22185178056
31	0.207048648649
32	0.341386138614
33	0.715152475248
34	0.650138613861
35	0.11250256996
36	0.479908484271
37	0.27625631068
38	0.418867326733
39	1.02902857143
40	1.16757597173
41	0.970505660377
42	1.35843650794
43	1.10261134632
44	1.79575624376
45	1.5934826561
46	1.73789119683
47	1.89684920635
48	1.30523636364
49	0.84796125908
50	0.72727340824
51	1.33725901639
52	1.79347852148
53	1.45214285714
54	1.32180594059
55	1.94608591409
56	1.39081070367
57	1.75537425743
58	1.87562037962
59	1.8306013986
60	2.15843012884
61	1.77705201178
62	1.94856237624
63	2.32874325674
64	2.29085714286
65	1.72592475248
66	2.2339077527
67	1.47119280719
68	2.25604757185
69	1.62434365634
70	1.76156339371
71	2.44900699301
72	1.89426984127
73	1.83724383021
74	2.52519563059
75	1.8292990099
76	1.94618981019
77	2.05089329556
78	2.65477844311
79	2.09511377246
80	2.00566202783
81	1.99711776447
82	1.84513492063
83	1.98968231768
84	1.65288253968
85	1.78057142857
86	1.41455344655
87	1.77147169811
88	1.53637562438
89	1.83729070929
90	2.02647930703
91	1.98794529915
92	1.85473141724
93	2.11008191808
94	1.47050941526
95	2.20847952048
96	2.29594405594
97	1.66440759241
98	1.90188679245
99	1.73595247525
100	1.68118929633
101	0.994455445545
102	1.33383416583
103	1.29861615155
104	1.34896222664
105	0.922729411765
106	0.902106930693
107	1.24857142857
108	0.58288
109	0.184205940594
110	0.541782178218
111	0.650138613861
112	0.466831372549
113	0.105332050048
114	0.675952941176
115	0.276157009346
116	0.128626836435
117	1.02057142857
118	1.02856343656
119	0.579326275265
120	0.687223762376
121	0.888522772277
122	0.945114818449
123	0.690988235294
124	0.890541176471
125	0.558650980392
126	0.783247058824
127	0.593417821782
128	0.928383233533
129	0.668155642023
130	0.697774257426
131	0.697929411765
132	0.772820412169
133	0.806971315529
134	0.956554455446
135	0.899659405941
136	0.953152941176
137	1.04345346535
138	1.07986534653
139	1.03515247525
140	0.609270588235
141	0.885036521739
142	0.335607843137
143	0.888522772277
144	0.583984450923
145	0.675290891283
146	0.571773451327
147	0.691311953353
148	0.400662875711
149	0.67180990099
150	0.663358415842
151	0.580526522593
152	0.601107692308
153	0.718870588235
154	0.466114135206
155	0.552617821782
156	0.42875612145
157	0.4424
158	0.520110891089
159	0.53025173439
160	0.754616600791
161	0.742816651904
162	0.929310689311
163	0.729209028459
164	0.988074582924
165	0.922323353293
166	0.908772313297
167	1.32194851485
168	0.83168031968
169	0.86013995118
170	1.04125272547
171	0.901114517583
172	1.11517282717
173	0.886236893204
174	0.942025974026
175	0.892150793651
176	0.765760932945
177	0.45117938553
178	1.21530029155
179	1.20541035857
180	1.44615873016
181	1.23357009346
182	1.27938634238
183	1.86955444555
184	1.43253069307
185	1.79302297702
186	1.41323809524
187	1.30982018349
188	1.79871683168
189	1.5476
190	1.62985814186
191	1.69408191808
192	1.65458998145
193	1.22315294118
194	1.01576047904
195	0.872208092486
196	0.573763106796
197	0.429176470588
198	0.400918811881
199	0.849350649351
200	1.81180852916
201	2.04793663366
202	1.28603564356
203	1.21478058252
204	1.53062937063
205	1.03727254708
206	1.24636963037
207	1.07834920635
208	1.25077241379
209	1.30876747967
210	1.35741788618
211	1.40906206897
212	1.05013798573
213	0.900118811881
214	1.15961149653
215	1.25405309735
216	1.28453479853
217	1.52701639344
218	1.40780952381
219	1.48448316832
220	1.06667722772
221	1.24876153846
222	1.44114059406
223	1.10984215784
224	1.00431318137
225	1.22701359223
226	1.47364752475
227	1.0984950495
228	1.13078295342
229	1.41946930693
230	1.2315727003
231	1.20052747253
232	1.17004805302
233	1.64701782178
234	1.35860939061
235	1.65949653122
236	1.25612685828
237	1.53542457542
238	1.57519127849
239	1.70716994022
240	2.21941258741
241	1.68962065541
242	1.68808880666
243	1.97047920792
244	1.99222178218
245	1.80833300297
246	1.86399209486
247	2.00908730159
248	1.99052947053
249	2.04962537166
250	2.0163960396
251	2.11226901521
252	2.54486227545
253	1.83172194638
254	2.06891508492
255	1.81041117764
256	1.66726984127
257	1.70941481481
258	1.89910588235
259	1.17632507433
260	1.54057857143
261	1.9593115727
262	1.49279041916
263	1.9170564663
264	2.45994005994
265	1.84588305253
266	2.3404990099
267	2.04448351648
268	1.30972888016
269	1.84205940594
270	1.38130980392
271	1.55103270565
272	0.872514851485
273	1.08237362637
274	1.21371655104
275	0.631129411765
276	1.7896531219
277	1.08827722772
278	1.10633102081
279	0.684811188811
280	0.866851485149
281	0.857617443013
282	0.743448551449
283	0.459831932773
284	0.472610505451
285	0.491988011988
286	0.505769911504
287	0.248973293769
288	0.1995
289	0.428083250743
290	0.754381618382
291	0.364831758034
292	0.454646884273
293	0.823508910891
294	0.552800792864
295	0.173027667984
296	1.06081268583
297	1.18411188811
298	1.04143508424
299	0.883163528246
300	1.02170524233
301	1.19606739346
302	0.648566440349
303	1.14672527473
304	0.820604735883
305	0.437343482398
306	0.354418056919
307	0.49843960396
308	0.82396003996
309	0.749026759167
310	0.737318681319
311	0.861068999028
312	0.88202997003
313	0.796773307164
314	0.96180667237
315	0.800542372881
316	0.616862973761
317	0.559738613861
318	0.673476923077
