0	3.13759045726
1	3.78738061938
2	4.85882117882
3	3.80285314685
4	4.61368463074
5	4.0812749004
6	4.08942115768
7	3.32548251748
8	4.07888911089
9	3.12046353646
10	3.11583300199
11	3.20472654691
12	3.64525074925
13	4.15044114738
14	3.67796015936
15	3.07673126873
16	3.54685314685
17	3.65619180819
18	3.91857742258
19	4.24178814383
20	4.26843556444
21	4.47616383616
22	3.94782879377
23	4.2903016983
24	4.10443607532
25	3.41565634366
26	3.74364835165
27	4.21861625709
28	3.99510889111
29	3.97822222222
30	3.89671128871
31	3.16190063234
32	3.76551448551
33	3.94044355644
34	3.52498701299
35	3.56919165839
36	3.69991608392
37	3.70714570858
38	3.90361829026
39	4.22048702595
40	4.36683316683
41	4.31216783217
42	4.30417443013
43	4.58343818002
44	4.17815873016
45	4.1658762475
46	3.83764378109
47	4.4214985015
48	4.29484115884
49	4.30123476523
50	4.26843556444
51	3.96748969578
52	3.37646353646
53	3.97324275724
54	4.42982755203
55	4.40783513248
56	3.94498301698
57	3.35516500994
58	4.02264895636
59	4.17622178218
60	3.98417582418
61	4.22727236971
62	4.78228971029
63	4.01697502498
64	3.58216197183
65	4.20954091816
66	3.69622355289
67	2.45354645355
68	1.2460990099
69	0.585124752475
70	0.000987666205403
71	0.0650148148148
72	0.0774796460177
73	0.13812815534
74	0.107294117647
75	0.129787387387
76	0.118840366972
77	0.160941176471
78	0.195041584158
79	0.76286763285
80	0.0688041994751
81	0.204546534653
82	0.119192079208
83	0.0947988450433
84	0.214378060725
85	0.17337029703
86	0.140863366337
87	0.21888
88	0.253718811881
89	0.34000776699
90	0.336738461538
91	0.407717647059
92	0.357576237624
93	0.379247524752
94	0.399876923077
95	0.318757281553
96	0.260313181368
97	0.315996150144
98	0.218844323589
99	0.321567091087
100	0.319067055394
101	0.423428571429
102	0.370983050847
103	0.542319127849
104	0.600847058824
105	0.426666666667
106	0.47860058309
107	0.509516973812
108	0.600847058824
109	0.557929411765
110	0.509779980178
111	0.454646884273
112	0.359046711153
113	0.286603297769
114	0.217019830028
115	0.205673590504
116	0.206685552408
117	0.24921980198
118	0.257869934025
119	0.314857142857
120	0.315692307692
121	0.317058941059
122	0.368411881188
123	0.321598401598
124	0.397377821394
125	0.332285994123
126	0.271159563925
127	0.268235294118
128	0.257505882353
129	0.263076923077
130	0.240527472527
131	0.247018645731
132	0.246776470588
133	0.252553846154
134	0.216712871287
135	0.120123076923
136	0.177357483317
137	0.168207492795
138	0.203858823529
139	0.242030769231
140	0.2736
141	0.265631067961
142	0.258519685039
143	0.243435203095
144	0.205877227723
145	0.206490566038
146	0.246776470588
147	0.187790276454
148	0.169838991271
149	0.139482352941
150	0.108556190476
151	0.140863366337
152	0.156491897045
153	0.220984615385
154	0.257505882353
155	0.294363112392
156	0.297506796117
157	0.303398019802
158	0.332611764706
159	0.455097029703
160	0.389353846154
161	0.427089108911
162	0.693481188119
163	0.611576470588
164	0.682645544554
165	0.780166336634
166	0.546281188119
167	0.704316831683
168	0.725988118812
169	0.520110891089
170	0.611576470588
171	0.514283448959
172	0.863712287712
173	0.84518019802
174	0.682645544554
175	0.715152475248
176	0.709518334985
177	0.823508910891
178	0.940243756244
179	0.889403369673
180	0.756502291476
181	0.965328047572
182	1.07144055944
183	0.806336633663
184	0.954481665015
185	0.81998001998
186	0.736823762376
187	0.644440039643
188	0.787180819181
189	0.780939544103
190	0.725270029674
191	0.76375024777
192	0.686682352941
193	0.67180990099
194	0.718870588235
195	0.682645544554
196	0.687144554455
197	0.650138613861
198	0.954917647059
199	0.953536633663
200	0.957088031652
201	1.11939622642
202	1.27789221557
203	0.990542574257
204	1.02938613861
205	0.932788899901
206	0.999448551449
207	0.964372277228
208	1.13703896104
209	1.14337363726
210	1.32457142857
211	1.26697005988
212	1.04472079208
213	1.07272871287
214	0.977334641806
215	1.19624375624
216	1.13251343284
217	1.30674626866
218	1.17396078431
219	1.25818037661
220	1.23853610287
221	1.17024950495
222	1.23526336634
223	1.12279365079
224	1.43223176823
225	1.4477042957
226	1.713728444
227	1.38210589411
228	1.15941386139
229	1.01855049505
230	0.869082352941
231	0.9472
232	0.866851485149
233	0.867710604559
234	0.802653346653
235	0.92102970297
236	0.803428571429
237	0.756996047431
238	0.915599603568
239	0.801044510386
240	1.12737026239
241	1.26143366337
242	1.21357042957
243	1.04177428852
244	0.798431372549
245	1.3229010989
246	1.26777029703
247	0.979706930693
248	1.07399411187
249	1.20263736264
250	1.29953287537
251	1.13774257426
252	1.05555643564
253	1.13774257426
254	1.15877647059
255	1.2601859545
256	1.30156590684
257	1.08919332679
258	1.06050749251
259	0.942700990099
260	1.10973465347
261	1.00771485149
262	1.04022178218
263	0.772517647059
264	0.611287128713
265	0.682645544554
266	0.67180990099
267	0.701266019417
268	0.693481188119
269	0.632966336634
270	0.901270588235
271	1.01955996036
272	1.27277522478
273	1.04125272547
274	0.81735014549
275	0.846686567164
276	0.600173399015
277	0.783247058824
278	1.34249263984
279	1.09784615385
280	1.11607128713
281	0.980059701493
282	0.975842209073
283	1.24486646884
284	1.06221176471
285	0.968871287129
286	1.13690097087
287	1.06221176471
288	0.643801980198
289	0.899358415842
290	1.1605629336
291	1.15193669634
292	1.26607058824
293	0.954481665015
294	0.951176823177
295	1.31131650485
296	1.064
297	0.851928143713
298	0.588007619048
299	0.590696761531
300	0.013674302374
301	0.628467326733
302	0.113142857143
303	0.245333333333
304	0.661629335976
305	0.348029510396
306	0.791001980198
307	0.990992125984
308	1.58946995074
309	4.64835059761
310	0.13067996012
311	0.369892725937
312	0.60143670265
313	0.358877330716
314	0.643134182174
315	1.20263736264
316	1.2460990099
317	0.893906838454
318	0.654494117647
