0	0.921825661117
1	0.659595682041
2	0.977522330097
3	0.725988118812
4	0.563453465347
5	0.42259009901
6	0.341801626016
7	0.568658823529
8	0.761216879293
9	0.649444660194
10	0.317069158879
11	0.226196078431
12	0.374776470588
13	0.220517647059
14	0.00353032258065
15	0.798113886114
16	1.00955446516
17	0.866753709199
18	1.03414866204
19	0.81998001998
20	0.805495583906
21	1.04075294118
22	0.922917082917
23	1.49531881188
24	1.34945490585
25	1.61809390609
26	1.4477042957
27	1.36531237721
28	1.23252815534
29	1.25090909091
30	1.68201197605
31	1.4572114061
32	1.83122376238
33	1.27277522478
34	1.61611100099
35	1.43677122877
36	1.62695738355
37	1.92875924076
38	2.33967632368
39	2.03479365079
40	1.96155844156
41	2.43807392607
42	2.00222222222
43	1.76476323676
44	1.98488800793
45	1.62823343225
46	1.80395604396
47	1.44502946955
48	1.7337029703
49	1.46957042957
50	1.60526461843
51	1.21687843137
52	1.47364752475
53	1.51707130435
54	1.68369230769
55	1.46476367006
56	1.76022377622
57	1.3124122894
58	1.33728316832
59	1.52782574257
60	1.19641980198
61	1.58529470529
62	1.29522299306
63	1.72742457542
64	1.29522299306
65	1.36529108911
66	0.965647058824
67	0.835140740741
68	1.90707326733
69	1.36979009901
70	1.49531881188
71	1.59622777223
72	1.41453320119
73	1.36529108911
74	1.35895445545
75	2.06960792079
76	1.87409390609
77	1.65211181244
78	2.01542970297
79	1.62263336663
80	1.94342857143
81	1.13104313725
82	1.37612673267
83	1.5196963037
84	1.29464135864
85	1.66114285714
86	1.60658358061
87	1.18234285714
88	0.988515484515
89	2.09542857143
90	1.73196403596
91	1.83675524476
92	2.15208721506
93	2.09577821782
94	2.29609411765
95	1.4362259663
96	2.0506233988
97	2.06081268583
98	1.68823176823
99	1.93958019802
100	1.6117002997
101	2.3786560319
102	1.80511527094
103	2.18246336634
104	2.49273926074
105	2.06327128713
106	1.92431318137
107	2.35060939061
108	1.84129470529
109	1.83936507937
110	2.0371009901
111	1.75383016983
112	1.66868910891
113	1.08914172448
114	1.12658823529
115	0.975207920792
116	0.13067996012
117	1.92838927507
118	1.10523564356
119	0.987140740741
120	1.18023529412
121	0.839394174757
122	1.08356435644
123	0.762994059406
124	0.765017475728
125	0.650138613861
126	0.403367604268
127	0.17016909621
128	0.258113207547
129	0.259285291214
130	0.12405958292
131	0.321882352941
132	0.254986020503
133	0.355115044248
134	0.412571428571
135	0.502419161677
136	0.396068571429
137	0.378589817483
138	0.346957383548
139	0.39071372549
140	0.365845272206
141	0.353367521368
142	0.263076923077
143	0.0330301810865
144	0.390469772052
145	0.268235294118
146	0.270891089109
147	0.1575936
148	0.465932673267
149	0.23363047619
150	0.259798219585
151	0.396211350294
152	0.120967490247
153	0.665876349362
154	0.703620178042
155	1.27277522478
156	2.14758374628
157	1.87906534653
158	2.12101498501
159	1.5121506442
160	0.834344554455
161	0.896511488511
162	1.21929831516
163	1.74626759167
164	1.2373201581
165	0.883610894942
166	0.3648
167	0.336738461538
168	0.3648
169	0.187254752852
170	0.102471910112
171	0.116346959123
172	0.108055096419
173	0.223554317549
174	0.046570212766
175	0.4104
176	0.145781160799
177	0.0456
178	0.367318136769
179	0.250677227723
180	0.386258823529
181	0.213001941748
182	0.172863366337
183	0.227548514851
184	0.187432921028
185	0.149372156506
186	0.416253465347
187	0.746919881306
188	0.637514563107
189	0.347595765159
190	0.410677227723
191	0.479269116187
192	0.495513459621
193	0.884145812808
194	1.33941492537
195	1.86318481518
196	1.95234886026
197	1.44481754736
198	0.804226415094
199	0.84518019802
200	0.669678431373
201	0.772517647059
202	0.791001980198
203	0.686682352941
204	0.815756653992
205	1.15085714286
206	1.56033267327
207	1.32644752475
208	1.55576470588
209	0.86505631068
210	1.28944158416
211	0.836894117647
212	1.22892673267
213	1.86582652044
214	1.99334260179
215	1.82038811881
216	0.87135049505
217	1.41946930693
218	1.63798431373
219	1.39511287129
220	1.81488911089
221	1.16504261645
222	1.72286732673
223	1.74906138614
224	1.72457482656
225	1.73196403596
226	1.56649411765
227	1.15307722772
228	1.49633532934
229	1.31822222222
230	1.84388503469
231	1.38208191808
232	1.33878058252
233	1.23784
234	1.7337029703
235	1.29953287537
236	1.10877122877
237	1.96319524281
238	1.55703496503
239	1.64701782178
240	1.84838850347
241	1.73116713352
242	2.28501098901
243	1.87008126858
244	2.03911992071
245	1.54316039604
246	1.73198813056
247	1.67484638256
248	1.40724035608
249	1.60817425743
250	1.88017142857
251	1.82941246291
252	1.56638255699
253	1.63780376611
254	1.35445544554
255	0.660523476523
256	0.986043564356
257	0.360071784646
258	0.848540755467
259	0.873537254902
260	0.954917647059
261	1.05105742574
262	0.769330693069
263	0.557116831683
264	0.983976023976
265	1.65078899083
266	1.62213438735
267	0.902037735849
268	0.541988571429
269	0.232047524752
270	0.628467326733
271	1.33278415842
272	1.04075294118
273	1.00137821782
274	1.20263736264
275	1.37114767096
276	1.36529108911
277	1.60716083916
278	1.83754212091
279	1.54316039604
280	1.66182617383
281	1.67484638256
282	1.72286732673
283	1.3671245283
284	1.92874455446
285	1.53516883117
286	1.73987046124
287	1.2342247619
288	1.90707326733
289	1.57566732673
290	1.71203168317
291	1.58493372898
292	1.62695738355
293	1.17621773486
294	1.82582217782
295	1.91157227723
296	2.13194805195
297	1.82669573835
298	1.59283960396
299	0.450491195551
300	0.39359040959
301	0.423008919722
302	0.36090785645
303	0.568658823529
304	0.869082352941
305	0.498933597621
306	0.165396078431
307	0.833519287834
308	0.812673267327
309	0.780166336634
310	0.705014866204
311	0.372542037587
312	0.542413994169
313	0.368307692308
314	0.590385614386
315	1.24733399405
316	0.636242661448
317	0.650782953419
318	0.835171456888
