0	2.65477844311
1	2.09511377246
2	2.00566202783
3	1.99711776447
4	1.84513492063
5	1.98968231768
6	1.65288253968
7	1.78057142857
8	1.41455344655
9	1.77147169811
10	1.53637562438
11	1.83729070929
12	2.02647930703
13	1.98794529915
14	1.85473141724
15	2.11008191808
16	1.47050941526
17	2.20847952048
18	2.29594405594
19	1.66440759241
20	1.90188679245
21	1.73595247525
22	1.68118929633
23	0.994455445545
24	1.33383416583
25	1.29861615155
26	1.34896222664
27	0.922729411765
28	0.902106930693
29	1.24857142857
30	0.58288
31	0.184205940594
32	0.541782178218
33	0.650138613861
34	0.466831372549
35	0.105332050048
36	0.675952941176
37	0.276157009346
38	0.128626836435
39	1.02057142857
40	1.02856343656
41	0.579326275265
42	0.687223762376
43	0.888522772277
44	0.945114818449
45	0.690988235294
46	0.890541176471
47	0.558650980392
48	0.783247058824
49	0.593417821782
50	0.928383233533
51	0.668155642023
52	0.697774257426
53	0.697929411765
54	0.772820412169
55	0.806971315529
56	0.956554455446
57	0.899659405941
58	0.953152941176
59	1.04345346535
60	1.07986534653
61	1.03515247525
62	0.609270588235
63	0.885036521739
64	0.335607843137
65	0.888522772277
66	0.583984450923
67	0.675290891283
68	0.571773451327
69	0.691311953353
70	0.400662875711
71	0.67180990099
72	0.663358415842
73	0.580526522593
74	0.601107692308
75	0.718870588235
76	0.466114135206
77	0.552617821782
78	0.42875612145
79	0.4424
80	0.520110891089
81	0.53025173439
82	0.754616600791
83	0.742816651904
84	0.929310689311
85	0.729209028459
86	0.988074582924
87	0.922323353293
88	0.908772313297
89	1.32194851485
90	0.83168031968
91	0.86013995118
92	1.04125272547
93	0.901114517583
94	1.11517282717
95	0.886236893204
96	0.942025974026
97	0.892150793651
98	0.765760932945
99	0.45117938553
100	1.21530029155
101	1.20541035857
102	1.44615873016
103	1.23357009346
104	1.27938634238
105	1.86955444555
106	1.43253069307
107	1.79302297702
108	1.41323809524
109	1.30982018349
110	1.79871683168
111	1.5476
112	1.62985814186
113	1.69408191808
114	1.65458998145
115	1.22315294118
116	1.01576047904
117	0.872208092486
118	0.573763106796
119	0.429176470588
120	0.400918811881
121	0.849350649351
122	1.81180852916
123	2.04793663366
124	1.28603564356
125	1.21478058252
126	1.53062937063
127	1.03727254708
128	1.24636963037
129	1.07834920635
130	1.25077241379
131	1.30876747967
132	1.35741788618
133	1.40906206897
134	1.05013798573
135	0.900118811881
136	1.15961149653
137	1.25405309735
138	1.28453479853
139	1.52701639344
140	1.40780952381
141	1.48448316832
142	1.06667722772
143	1.24876153846
144	1.44114059406
145	1.10984215784
146	1.00431318137
147	1.22701359223
148	1.47364752475
149	1.0984950495
150	1.13078295342
151	1.41946930693
152	1.2315727003
153	1.20052747253
154	1.17004805302
155	1.64701782178
156	1.35860939061
157	1.65949653122
158	1.25612685828
159	1.53542457542
160	1.57519127849
161	1.70716994022
162	2.21941258741
163	1.68962065541
164	1.68808880666
165	1.97047920792
166	1.99222178218
167	1.80833300297
168	1.86399209486
169	2.00908730159
170	1.99052947053
171	2.04962537166
172	2.0163960396
173	2.11226901521
174	2.54486227545
175	1.83172194638
176	2.06891508492
177	1.81041117764
178	1.66726984127
179	1.70941481481
180	1.89910588235
181	1.17632507433
182	1.54057857143
183	1.9593115727
184	1.49279041916
185	1.9170564663
186	2.45994005994
187	1.84588305253
188	2.3404990099
189	2.04448351648
190	1.30972888016
191	1.84205940594
192	1.38130980392
193	1.55103270565
194	0.872514851485
195	1.08237362637
196	1.21371655104
197	0.631129411765
198	1.7896531219
199	1.08827722772
200	1.10633102081
201	0.684811188811
202	0.866851485149
203	0.857617443013
204	0.743448551449
205	0.459831932773
206	0.472610505451
207	0.491988011988
208	0.505769911504
209	0.248973293769
210	0.1995
211	0.428083250743
212	0.754381618382
213	0.364831758034
214	0.454646884273
215	0.823508910891
216	0.552800792864
217	0.173027667984
218	1.06081268583
219	1.18411188811
220	1.04143508424
221	0.883163528246
222	1.02170524233
223	1.19606739346
224	0.648566440349
225	1.14672527473
226	0.820604735883
227	0.437343482398
228	0.354418056919
229	0.49843960396
230	0.82396003996
231	0.749026759167
232	0.737318681319
233	0.861068999028
234	0.88202997003
235	0.796773307164
236	0.96180667237
237	0.800542372881
238	0.616862973761
239	0.559738613861
240	0.673476923077
241	0.563453465347
242	0.52963960396
243	0.622803883495
244	0.704316831683
245	0.585545098039
246	0.641701285856
247	0.51252892562
248	0.479120792079
249	0.675952941176
250	0.567746534653
251	0.612522772277
252	0.688468965517
253	0.807075409836
254	0.159378640777
255	0.61626407767
256	0.527183349851
257	0.551240759241
258	0.588166037736
259	0.748400396432
260	0.471554463554
261	0.573946481665
262	0.67785014985
263	0.411716814159
264	0.605638834951
265	0.499073267327
266	0.682645544554
267	0.57779009901
268	0.590455445545
269	0.528430188679
270	0.696466666667
271	0.748281224152
272	0.802105263158
273	0.772388118812
274	0.744935579782
275	0.765314685315
276	0.68209468599
277	0.704398406375
278	0.656565870911
279	0.877687128713
280	0.710876227898
281	0.670045222465
282	1.10633102081
283	0.349994123408
284	0.31298379409
285	0.0636896217265
286	0.00249563878912
287	0.0
288	3.0226013986
289	2.23176581681
290	1.59173626374
291	1.24253568119
292	2.66861938062
293	2.29955203171
294	2.22866733267
295	3.37106093906
296	3.38216257089
297	3.24778802748
298	3.24812787213
299	3.14280358923
300	4.40786413586
301	3.23062288557
302	3.15017782218
303	3.38396186845
304	4.21825519288
305	3.38382574257
306	3.33895384615
307	4.17021960784
308	3.36593006993
309	3.25342914172
310	3.30770866142
311	3.61839207921
312	3.32594576271
313	3.82692336449
314	1.54870799104
315	2.79561238761
316	2.78368932039
317	3.09969126378
318	3.80462116716
