0	2.9674005994
1	3.00107936508
2	1.27860594059
3	1.02406342914
4	2.0371009901
5	1.67153313551
6	2.22687969201
7	2.05877227723
8	1.24906666667
9	1.66868910891
10	1.50915924827
11	1.79357016683
12	1.7100979021
13	1.52507163886
14	1.28944158416
15	0.867385229541
16	1.292
17	1.13832727273
18	1.27860594059
19	1.25411165524
20	0.817172277228
21	0.987020812686
22	1.06189306931
23	1.63356643357
24	1.75061040236
25	1.46731089109
26	1.5196963037
27	1.18225569871
28	0.990542574257
29	1.13774257426
30	1.54455888224
31	1.59688715953
32	1.58983416583
33	1.72457482656
34	2.70500699301
35	3.39942120912
36	3.28445954046
37	3.43752247752
38	3.20792807193
39	3.25402184707
40	2.53007792208
41	1.98488800793
42	2.25675124875
43	3.0985974026
44	1.78662937063
45	2.86691052114
46	2.95192807193
47	2.520864222
48	2.35583366337
49	3.196995005
50	3.59058541459
51	2.61754245754
52	3.3409652433
53	3.25166033966
54	2.58594251734
55	2.37247552448
56	3.26926461843
57	3.10953046953
58	2.7538842002
59	2.63756039604
60	2.51913686314
61	2.56559440559
62	2.44015873016
63	2.40981418581
64	1.92875924076
65	2.44285714286
66	2.48634565435
67	2.02715684316
68	2.47652173913
69	3.0418041543
70	2.42074725275
71	1.98050793651
72	2.13468503214
73	2.86446353646
74	2.33328271728
75	2.27139742319
76	2.47747869177
77	2.50367232767
78	1.96155844156
79	2.54101098901
80	2.51885714286
81	2.23488511489
82	2.16293359762
83	2.3449980198
84	2.99566033966
85	2.33416237624
86	1.99435764236
87	2.31257142857
88	2.48586138614
89	2.19115284715
90	2.45354645355
91	2.92507936508
92	2.82073126873
93	2.42324677899
94	2.95646753247
95	3.64525074925
96	3.92783316783
97	2.80815034619
98	2.92218037661
99	2.67220779221
100	3.25166033966
101	3.05536507937
102	2.55194405594
103	2.89761584158
104	2.7224420218
105	2.59567632368
106	2.1435893386
107	2.67246169154
108	2.53659607843
109	2.31781018981
110	2.58653504442
111	2.16938369781
112	2.613002997
113	2.25831287129
114	2.65923960396
115	2.15208721506
116	2.75513286713
117	2.31249108911
118	2.25675124875
119	2.67220779221
120	2.59107845084
121	2.80365578635
122	2.86885114885
123	1.63180563654
124	3.66711688312
125	3.40472327672
126	3.87349354518
127	3.57965234765
128	3.2876990099
129	3.1641958042
130	2.84713686314
131	2.93885203575
132	3.51405394605
133	4.41056543457
134	3.70445554446
135	3.56919165839
136	2.81402307692
137	3.24435643564
138	3.62338461538
139	4.08257342657
140	4.30123476523
141	4.34496703297
142	4.15271128871
143	4.27322587065
144	3.0985974026
145	3.95137662338
146	3.79581785064
147	4.18705742574
148	4.46523076923
149	4.04827915519
150	4.33403396603
151	1.86310513036
152	2.42718415842
153	2.8362037962
154	2.520864222
155	3.61245954046
156	2.20631912785
157	2.18661338661
158	1.76161744301
159	2.44261338661
160	3.50788503469
161	4.23563636364
162	4.11537262737
163	3.86879694948
164	4.18097102897
165	3.66711688312
166	4.1591048951
167	4.1919040959
168	3.79860696517
169	4.22048702595
170	4.64050793651
171	4.02151448551
172	4.53082917083
173	3.80924675325
174	3.99510889111
175	2.39071481943
176	4.4214985015
177	3.44280673935
178	2.87594455446
179	2.29081980198
180	4.67295904096
181	4.52296237624
182	3.68100667302
183	4.2575024975
184	3.50312087912
185	3.6055024777
186	3.76551448551
187	2.89538033764
188	2.37701498501
189	2.48832507433
190	2.940995005
191	3.43752247752
192	3.09248
193	3.083898017
194	2.4290585619
195	2.30687712288
196	2.27634331337
197	2.54760675273
198	2.55549381541
199	2.83090584737
200	2.49727872128
201	4.02790809191
202	3.84658541459
203	4.90706838454
204	4.43529588015
205	4.60736063936
206	4.5526953047
207	3.81123387873
208	4.74581206726
209	4.6537905468
210	4.5526953047
211	4.21377022977
212	4.09446502836
213	4.83682717283
214	2.27876923077
215	2.96058788481
216	3.73271528472
217	3.51405394605
218	3.59058541459
219	3.04089421158
220	3.32214173228
221	2.55340336967
222	3.0001998002
223	3.20418632309
224	2.89965587419
225	4.23634194831
226	2.77060539461
227	2.53350318471
228	2.93286708296
229	3.14629672447
230	3.03407407407
231	2.91912887113
232	1.82669573835
233	2.71594005994
234	2.51914485514
235	2.79936462094
236	3.23618781219
237	2.92366833167
238	2.79479365079
239	2.75691816367
240	2.64279365079
241	2.71322954092
242	2.62107936508
243	3.05032567433
244	3.14974814815
245	3.97324275724
246	3.38285714286
247	3.34850793651
248	3.79831368631
249	3.08766433566
250	3.27575769613
251	2.72687312687
252	2.78153846154
253	2.86446353646
254	2.79756901688
255	2.92366833167
256	2.90181018981
257	3.45938861139
258	3.81915392254
259	3.29210379242
260	3.13136507937
261	3.18606193806
262	3.10953046953
263	3.99510889111
264	2.93885203575
265	3.44913873874
266	3.66694653465
267	3.61245154845
268	2.67257904762
269	2.88632967033
270	2.06327128713
271	2.03808991009
272	2.19314285714
273	1.86316083916
274	2.26055104063
275	2.83166433566
276	2.09785530228
277	2.71594005994
278	2.55194405594
279	2.54879377432
280	2.95192807193
281	2.55194405594
282	2.53421428571
283	2.36260920666
284	2.5820451423
285	2.78476039604
286	2.59308582834
287	2.02393650794
288	2.35583366337
289	2.7114005994
290	2.46663230922
291	2.59421782178
292	2.22580594059
293	2.12378613861
294	1.99435764236
295	2.19547274529
296	2.66766833167
297	2.57381018981
298	2.31707936508
299	2.29081980198
300	2.59113686314
301	2.21716551041
302	2.18246336634
303	2.31781018981
304	2.27139742319
305	2.69173861386
306	2.63756039604
307	2.60645754246
308	2.57059266601
309	1.04487128713
310	2.78111683168
311	2.50096303696
312	2.36050793651
313	2.63940859141
314	2.55194405594
315	2.49166633955
316	2.56287712288
317	2.54255698712
318	2.3690148662
