0	4.97757442557
1	4.54620634921
2	4.52913968548
3	4.77044714687
4	4.56098285714
5	2.2188129285
6	2.52313277311
7	3.11592407592
8	2.72145454545
9	4.78390419162
10	4.76168631369
11	4.68938507463
12	4.62295548961
13	4.74474325674
14	4.27029821074
15	4.79984815185
16	4.97454545455
17	3.72178740157
18	2.16558866856
19	2.44702222222
20	3.38925074925
21	2.71211089109
22	1.92237168142
23	1.85632149533
24	2.34632384691
25	1.52082235529
26	2.23111719418
27	2.14301176471
28	2.47939260739
29	1.79887272727
30	1.84787964602
31	1.7548962963
32	1.82960740741
33	1.99063652174
34	2.60843956044
35	1.80095387293
36	2.13223845508
37	2.36756843157
38	1.76567690783
39	2.11284715285
40	1.56183151635
41	1.82004485981
42	1.32213069307
43	1.3271245283
44	1.7310738523
45	1.51355844156
46	1.80968253968
47	2.08861843409
48	1.40673267327
49	1.70012592593
50	1.89628108108
51	2.34397602398
52	1.71478170837
53	1.94800360036
54	2.20354045954
55	1.69510769231
56	1.79102477701
57	1.91722677323
58	1.64454017094
59	1.45451047324
60	1.26343050847
61	1.10642735043
62	1.69297102897
63	1.29956701031
64	2.10001135289
65	1.90998802395
66	1.9859020979
67	1.74516683317
68	1.93806786427
69	1.49671499503
70	1.53034165834
71	1.66403996004
72	1.53405009634
73	1.21647850467
74	1.2881980198
75	1.30132267732
76	1.12308649174
77	1.54484715285
78	1.03267902439
79	1.06833466135
80	0.934113886114
81	0.902384158416
82	0.894761238761
83	0.664872150644
84	0.588854368932
85	0.813546453546
86	1.3032007992
87	1.27972249752
88	1.60361238761
89	1.68123686819
90	0.921948514851
91	1.17406846847
92	1.21026973027
93	1.12141038198
94	1.07495238095
95	1.2676579658
96	1.41808547009
97	1.4097769003
98	0.580838133069
99	0.505568627451
100	0.599310891089
101	0.921417142857
102	1.472999001
103	0.87987047619
104	1.04290841121
105	1.56966233766
106	3.30468186323
107	2.05500972591
108	2.65304295704
109	1.40057142857
110	1.36797602398
111	1.51284705882
112	1.99865734266
113	2.82704495504
114	2.99876923077
115	2.5950347567
116	1.96626666667
117	1.69462537463
118	1.93989210789
119	1.96319524281
120	0.977243564356
121	1.12690693069
122	0.934579365079
123	1.36526946108
124	0.798023529412
125	1.36663336663
126	1.6442997003
127	1.669
128	1.35579781962
129	0.87580990099
130	1.86508912831
131	0.673149653122
132	0.428243478261
133	0.49843960396
134	1.05786213786
135	1.92699300699
136	1.20909490509
137	1.09657142857
138	0.436450648056
139	0.701068520357
140	0.533419983753
141	1.84584431138
142	1.77678571429
143	1.89049350649
144	1.57560356789
145	1.82038811881
146	1.51570829171
147	1.27721188119
148	1.26902675917
149	1.1556011846
150	1.46716981132
151	1.19565234765
152	2.08044356436
153	1.64930139721
154	1.78156385069
155	1.65238761239
156	1.79518885988
157	1.88353709199
158	1.25907631318
159	1.62902697303
160	1.38511297852
161	1.89811694747
162	1.30293861386
163	1.86955444555
164	1.49783016983
165	1.26821218075
166	1.90235364635
167	1.97888511489
168	1.79083316683
169	1.73251587302
170	1.19922477522
171	1.5820039604
172	1.75335864136
173	1.83951635282
174	1.56802105263
175	2.08921068249
176	1.11984142716
177	1.66868910891
178	1.51373426573
179	1.9415024777
180	1.48714624506
181	2.03355044955
182	1.14540077821
183	0.351090742438
184	0.152645239539
185	0.994909090909
186	0.785875810936
187	1.23543656344
188	1.07206336634
189	1.25818037661
190	0.869898039216
191	0.800358301158
192	1.69708151093
193	1.21592079208
194	1.45874925075
195	1.35011576846
196	1.40621251241
197	1.32072903226
198	0.732515484515
199	0.891415112856
200	0.696615384615
201	1.00856470588
202	1.06549450549
203	1.00294653465
204	1.48329142857
205	1.5616333003
206	1.32597224792
207	1.17883508772
208	1.92421978022
209	2.10618037661
210	2.14134665335
211	1.63563924678
212	1.52866333666
213	1.32980534022
214	1.9415024777
215	1.50487112887
216	1.38429048086
217	1.59815384615
218	1.59371764706
219	1.58951128557
220	0.431128712871
221	1.02836795252
222	1.12787326733
223	1.14413103448
224	1.36529108911
225	0.678745098039
226	0.834344554455
227	0.537850980392
228	0.863712287712
229	0.370957383548
230	0.338925074925
231	0.639302970297
232	0.93022977023
233	0.364485908649
234	0.491988011988
235	0.265889212828
236	0.281726732673
237	0.0846196150321
238	0.332285994123
239	0.282005946482
240	0.468506930693
241	0.552617821782
242	0.370558415842
243	0.725988118812
244	0.372447082097
245	0.845232903865
246	0.800053794428
247	0.531262135922
248	0.171670588235
249	0.360478431373
250	0.759592156863
251	0.602807843137
252	0.812673267327
253	0.733843137255
254	0.42488627451
255	0.524787212787
256	0.579452547453
257	0.304491089109
258	0.219079162875
259	1.28635692921
260	2.08688911089
261	1.72037390458
262	0.797102362205
263	0.242398713826
264	0.736823762376
265	0.47813592233
266	0.57539009901
267	0.778513333333
268	0.699716283716
269	0.420923076923
270	0.0405333333333
271	1.2267012987
272	1.2133037694
273	1.36785614386
274	1.65949653122
275	1.4788379513
276	1.57112213039
277	1.36445053869
278	1.29954724041
279	1.76965468887
280	1.72322669284
281	1.81722264151
282	1.68943213988
283	2.45128245788
284	2.12058341658
285	1.2691147541
286	1.96436363636
287	1.84563272411
288	1.65227299703
289	2.16474725275
290	1.44240210711
291	2.39531668332
292	2.06282656095
293	1.78455910267
294	2.21163243243
295	2.15249010368
296	2.33942857143
297	1.8636969697
298	1.95819449541
299	1.89375438596
300	1.62902697303
301	1.13345054945
302	1.96609712587
303	1.91984015984
304	2.05234798877
305	2.14110604559
306	2.05678321678
307	2.36397224975
308	2.66021386139
309	2.6054025974
310	2.36786521308
311	2.66146785361
312	2.70948251748
313	2.78370634921
314	2.68723960396
315	2.27226321037
316	1.84830188679
317	2.19535329341
318	1.89773015873
