0	1.78239841427
1	1.79153313551
2	1.69823771224
3	1.89724583741
4	1.41104158416
5	1.4757002997
6	1.75885714286
7	1.44957442557
8	1.82038811881
9	1.97888511489
10	1.56628571429
11	1.84768831169
12	1.58304158416
13	1.96125148515
14	1.85945098039
15	2.46840718563
16	1.98058730159
17	2.7955960396
18	2.19745816733
19	2.38384158416
20	1.65890618762
21	2.72514285714
22	2.06248951049
23	3.32494364852
24	2.91529270729
25	2.98372027972
26	1.94607142857
27	2.94262537463
28	2.79559004975
29	2.65701498501
30	0.920758096761
31	5.79977777778
32	2.35997837838
33	2.79886513487
34	2.30711377246
35	2.97379420579
36	2.31919920714
37	2.64736863137
38	2.96286113886
39	2.09212698413
40	2.40800799201
41	2.715249501
42	2.89864811133
43	3.25249150849
44	2.73926190476
45	2.23308691309
46	2.01869573835
47	2.07094796594
48	2.71165634366
49	2.11880272109
50	2.34900890208
51	2.411567889
52	2.18910016978
53	2.19068123862
54	2.26314485514
55	2.51611904762
56	1.90101757632
57	2.11857425743
58	2.19093069307
59	2.37834455446
60	2.40348275862
61	2.75513286713
62	2.26261738262
63	1.95865873016
64	2.39579285714
65	2.62393606394
66	2.05987710605
67	2.38340859141
68	1.69622377622
69	1.68727777778
70	1.63868364349
71	2.19096927651
72	1.33953617443
73	1.62254328358
74	1.11424950495
75	1.46281188119
76	1.46281188119
77	1.24012673267
78	1.60716083916
79	1.74929070929
80	1.51198412698
81	1.80776261128
82	2.10211485149
83	1.50633663366
84	1.85473141724
85	1.32890207715
86	0.256
87	1.16530139721
88	1.47545688801
89	1.33941386139
90	1.82173416149
91	1.63958852621
92	2.5002749274
93	1.32674353877
94	1.56671683168
95	1.33935664336
96	1.47854202077
97	2.01373826174
98	2.16967032967
99	1.8478001998
100	1.90244598612
101	1.91995471698
102	2.1975249501
103	2.09764285714
104	1.91429370629
105	2.7371028971
106	2.32670811744
107	2.3367992008
108	2.54238728898
109	1.70758841159
110	2.03343856144
111	3.152
112	3.36388411588
113	2.92734596211
114	3.60826373626
115	2.81723752495
116	3.21661904762
117	3.02407992008
118	2.62253746254
119	2.75404595405
120	2.82522277722
121	2.31376984127
122	2.11722677323
123	2.0982891326
124	2.79886513487
125	2.22686223984
126	2.08465469062
127	2.73134865135
128	2.48563168317
129	2.67309637489
130	2.77467722772
131	2.74413478692
132	2.21904158416
133	2.09218217822
134	2.85032567433
135	2.77353046953
136	3.04622222222
137	2.7526970297
138	1.85306772908
139	2.56509090909
140	2.42606937562
141	2.42319280719
142	2.82139147671
143	3.12968756219
144	2.93002997003
145	2.23345391904
146	2.80114285714
147	2.28875247525
148	2.8912318408
149	2.29287920792
150	2.5259901088
151	2.21050434783
152	2.63567096135
153	1.70932267732
154	2.02513379584
155	2.2858817652
156	2.88228118812
157	2.84975024975
158	2.79416451933
159	3.44745654346
160	3.9000753221
161	3.42257742258
162	2.50952929494
163	1.86549450549
164	2.09823587711
165	2.20344380952
166	2.39434165834
167	2.56291708292
168	2.56118929633
169	2.48255841584
170	2.99645954046
171	2.45272222222
172	2.23115284715
173	2.46038761239
174	2.50471442591
175	2.43718999073
176	2.97379420579
177	2.66077623762
178	2.4113966034
179	2.58378592666
180	2.24915643564
181	1.97717482517
182	2.60313181368
183	1.9977245509
184	2.47087312687
185	2.20858671952
186	3.13779020979
187	1.03519524281
188	1.98959764475
189	2.47052673267
190	1.94157042957
191	2.11877106046
192	2.53554059406
193	1.95706719368
194	2.51386930693
195	2.01985628743
196	2.25005555556
197	2.66234895314
198	2.78088888889
199	2.29895221239
200	2.42828645384
201	1.88048751249
202	1.63670679612
203	0.0977419835943
204	3.98584309831
205	2.01605588822
206	2.1544047619
207	2.62098701299
208	2.55974628345
209	2.29394263106
210	3.06648712871
211	2.65657254902
212	2.71169200395
213	2.18643892751
214	2.01022857143
215	2.20576744186
216	1.74765510406
217	1.76302874133
218	2.08044356436
219	1.75807392607
220	1.82665889213
221	2.86060990099
222	2.42827572428
223	2.9953006993
224	2.56188095238
225	2.62328783383
226	3.22753174603
227	2.66731668332
228	2.93233966034
229	2.88216343724
230	3.17484356436
231	2.10853946054
232	2.21420812686
233	2.65673526474
234	1.44872150644
235	1.50615445545
236	1.13789410589
237	1.67034291378
238	2.00566633367
239	2.2711043771
240	2.65673526474
241	2.24361188119
242	2.22949454906
243	3.20603773585
244	1.6995960396
245	1.98488800793
246	1.47155244755
247	1.7896531219
248	1.43513248283
249	1.72502184236
250	1.78819502488
251	1.80981102362
252	1.58508366534
253	1.65705660377
254	2.02261738262
255	1.78498217822
256	1.87642418236
257	0.219173770492
258	5.73123902439
259	1.62501818182
260	1.54988514851
261	1.69524705882
262	1.52396788582
263	2.55974628345
264	2.16054074074
265	2.03858823529
266	1.86691764706
267	1.41169108911
268	1.8528950495
269	1.4180652819
270	1.9367690783
271	2.45316363636
272	2.23171764706
273	1.84603396603
274	2.02778021978
275	2.35905482042
276	2.63387586207
277	2.60900262927
278	2.64105580159
279	2.51563430726
280	2.62793206793
281	2.26097661366
282	2.52495504496
283	2.88619380619
284	2.57253946054
285	2.21035153923
286	2.38563883495
287	2.60260539461
288	2.18218613861
289	2.13724828263
290	1.0893254902
291	1.38833696729
292	1.3557002997
293	1.12231287129
294	2.40527472527
295	2.57059266601
296	2.09383762376
297	2.1036460177
298	2.02626534653
299	1.86710889111
300	2.19754645355
301	2.36703174603
302	2.60484315684
303	2.10924275724
304	2.02504761905
305	2.66537462537
306	2.70046753247
307	0.680541602067
308	5.51753784861
309	3.1156039604
310	3.28676923077
311	2.70273726274
312	2.56937388193
313	3.37832567433
314	3.66718881119
315	3.20816148024
316	2.48002996255
317	3.18152247752
318	2.5279344859
