0	2.5474045954
1	1.80976808722
2	1.88981818182
3	2.44885544554
4	2.02306349206
5	2.55833766234
6	1.88804795205
7	2.40811001965
8	2.67905649158
9	0.185456401531
10	4.91148518205
11	1.27028571429
12	1.88048751249
13	2.12101498501
14	1.91901684836
15	2.45994005994
16	1.73087809713
17	2.07520958084
18	1.46156349206
19	2.49273926074
20	1.87369672944
21	1.89727072927
22	1.88539735099
23	2.38340859141
24	1.90197002997
25	2.49466798811
26	1.82757227723
27	2.76606593407
28	2.04947747748
29	2.02788679245
30	2.22940518962
31	3.04
32	2.48382160555
33	0.459409462825
34	4.53918373729
35	1.82582217782
36	2.12101498501
37	1.84042429427
38	2.63486913087
39	2.87714285714
40	2.48533066933
41	3.35000399202
42	2.48998609732
43	1.37612673267
44	0.536273684211
45	0.389672727273
46	0.109330669331
47	1.56693609672
48	2.85788152078
49	3.13460455897
50	2.52632066116
51	3.36195804196
52	1.88348412698
53	1.72742457542
54	1.48706493506
55	2.27323564356
56	1.87706640238
57	1.85653333333
58	2.21047128713
59	1.20903762376
60	1.40169430569
61	1.98685714286
62	1.55149700599
63	1.64861843409
64	1.55988461538
65	1.99762904809
66	1.76379405941
67	1.84454653465
68	1.91509396637
69	1.61370069376
70	1.81344158416
71	1.88552871287
72	1.61627722772
73	1.67433366633
74	1.38701935484
75	2.35503797468
76	1.83657028913
77	1.91805940594
78	2.07344875622
79	2.05585614386
80	2.22250549451
81	2.12304495504
82	2.02224975025
83	1.99480995025
84	2.02554863078
85	2.95990419162
86	2.31669130869
87	2.50269676153
88	2.83166433566
89	2.33801387512
90	2.26563346614
91	2.47474925075
92	2.60631292517
93	2.89726273726
94	2.01446184341
95	2.04043650794
96	2.11345454545
97	2.27273049645
98	2.70046753247
99	1.91703496503
100	1.9326031746
101	2.19963564356
102	2.05102097902
103	2.2385173439
104	2.59582017982
105	2.48211020777
106	2.12751115422
107	2.197764804
108	2.83166433566
109	0.765687128713
110	2.31942493176
111	2.55833766234
112	2.3339960396
113	2.68990287413
114	1.66726873127
115	2.13869314796
116	1.80163960396
117	1.84548392702
118	2.24127872128
119	1.85985475957
120	1.88045042017
121	1.96479292035
122	2.55578443114
123	2.00257342657
124	1.85714399206
125	1.85128712871
126	1.85683960396
127	1.7701483871
128	0.12295684803
129	3.72655776892
130	1.7184975025
131	1.57690386521
132	1.62292107892
133	2.0627229115
134	2.24849527085
135	2.30957371525
136	2.5474045954
137	1.78938354807
138	1.71355514019
139	1.7896531219
140	1.3789254902
141	1.36263529412
142	1.21359207921
143	0.700987012987
144	1.06505660377
145	1.84584431138
146	1.49483433134
147	1.76971428571
148	1.61194005994
149	2.27407792208
150	1.67685232904
151	2.44885544554
152	1.48523564356
153	2.03911992071
154	1.2579020979
155	1.38711377246
156	1.12764137931
157	1.4212987013
158	1.42228571429
159	0.843226229508
160	0.760586510264
161	0.537940370669
162	0.888727272727
163	1.4314370664
164	1.26066306306
165	1.41071577262
166	1.09927413127
167	1.19683152709
168	0.623833498513
169	0.721582417582
170	0.63473152479
171	0.246534769833
172	0.134345609065
173	0.0655984015984
174	0.0132493946731
175	1.6016984127
176	1.3181254902
177	1.2801506442
178	1.09974956522
179	1.23456573705
180	1.05486282306
181	0.93702970297
182	0.91801980198
183	1.3164662096
184	1.22590287413
185	1.45488866995
186	1.24006299213
187	0.987428571429
188	0.997246153846
189	0.987020812686
190	0.390895575221
191	0.0079737704918
192	0.000536102674635
193	0.361258252427
194	0.54659862069
195	0.411754455446
196	0.293426865672
197	0.290180376611
198	0.392752667313
199	0.175655725748
200	0.363403887689
201	0.177188571429
202	0.0676599690881
203	0.0343934632307
204	0.0115870831128
205	0.00406688963211
206	0.110149197356
207	0.126276923077
208	0.105230769231
209	0.101333333333
210	0.00744489795918
211	0.0870504672897
212	0.107396603397
213	0.42959764475
214	0.47434965035
215	0.529871186441
216	0.83055862069
217	0.864836036036
218	0.866340966921
219	0.89670961718
220	0.855525423729
221	0.934104504505
222	1.12402753196
223	0.646953046953
224	0.548396116505
225	0.412162537166
226	0.435988011988
227	0.801300297324
228	0.881116831683
229	1.13541386139
230	1.13646725664
231	1.45567232767
232	1.37208358209
233	1.28195643564
234	1.71777425743
235	1.9593115727
236	1.41184690873
237	1.53237735849
238	1.1606374502
239	1.47950695825
240	0.960188976378
241	0.716711462451
242	1.13703896104
243	0.894772881356
244	1.16983816184
245	1.23526336634
246	0.950763131814
247	1.2901018981
248	1.30557961783
249	1.70555844156
250	1.35953873874
251	1.8528950495
252	1.46666138614
253	1.58061782178
254	1.97888511489
255	1.28031431244
256	1.22611494253
257	1.53349347258
258	1.09940918164
259	1.25427360308
260	1.63618217822
261	1.33060594059
262	1.34557623762
263	1.48533069307
264	1.56012341198
265	1.65028571429
266	1.10908225966
267	1.24636963037
268	0.795552031715
269	1.12658823529
270	0.812266666667
271	1.33383416583
272	1.53302675917
273	0.1128957795
274	3.50655621302
275	1.30438341014
276	1.3229010989
277	0.963639246779
278	0.971766567755
279	1.12802378593
280	0.76347826087
281	1.00072727273
282	1.2288991009
283	1.56187908821
284	1.04065612648
285	1.04228571429
286	0.952982178218
287	1.24636963037
288	0.28842814668
289	0.895117241379
290	1.35164940239
291	1.39852225021
292	1.86619405941
293	1.80666138614
294	1.85103174603
295	2.18601197605
296	2.16855944056
297	1.48609329941
298	1.73405940594
299	1.74884315684
300	1.85741129832
301	1.93484915085
302	2.09289581624
303	2.27407792208
304	1.77985332012
305	2.37805185185
306	2.36908291991
307	2.65203125
308	2.55264751958
309	1.96465134865
310	1.90993006993
311	2.72233366633
312	2.50881918082
313	2.69864811133
314	2.88282917083
315	2.80544255744
316	2.43340901503
317	3.07219180819
318	2.71864935065
