0	1.49379228487
1	1.14919480519
2	1.48215873016
3	1.38681980198
4	1.54178210806
5	1.80940363636
6	1.73242033898
7	2.0242611276
8	1.51687301587
9	1.52851434224
10	1.49286818632
11	1.72116320475
12	1.26061938062
13	1.16604955401
14	1.43172249752
15	1.03816923077
16	1.08356435644
17	0.725270029674
18	0.0933561253561
19	1.08378325123
20	0.595013592233
21	0.942700990099
22	0.71151372549
23	0.47813592233
24	0.357576237624
25	0.289359773371
26	0.120467400508
27	0.553165510406
28	1.0670019802
29	0.769129411765
30	0.916137389598
31	0.59596039604
32	0.571341176471
33	0.39556626506
34	0.16188372093
35	0.867710604559
36	0.537972277228
37	0.287351152074
38	0.87722962963
39	0.815435294118
40	0.876698039216
41	1.25410589411
42	0.837048086359
43	0.790298305085
44	0.761521568627
45	0.626095867769
46	0.67180990099
47	0.570674579624
48	0.835171456888
49	0.56841980198
50	0.748400396432
51	0.500817127565
52	0.751795878312
53	0.36057029703
54	0.492972972973
55	0.53572027972
56	0.500237623762
57	0.476296735905
58	0.598352748154
59	0.718870588235
60	0.675952941176
61	0.254758095238
62	0.326215384615
63	0.118382680675
64	0.868650793651
65	0.495906796117
66	0.30883047619
67	0.295192807193
68	0.173852263701
69	0.177734653465
70	0.147323076923
71	0.0774796460177
72	0.0491865168539
73	0.0519601196411
74	0.181749259625
75	0.315754330709
76	0.509275247525
77	0.539841584158
78	0.609489108911
79	0.4965
80	0.585299009901
81	0.641291089109
82	0.418861083744
83	0.595397044335
84	0.491332038835
85	0.407717647059
86	0.263667326733
87	0.34288627451
88	0.325069306931
89	0.4734
90	0.520636893204
91	0.214754782609
92	0.242030769231
93	0.441091901729
94	0.480827586207
95	0.317609815951
96	0.17024
97	0.196166037736
98	0.142876923077
99	0.148753398058
100	0.240618434093
101	0.0838628795299
102	0.245508196721
103	0.12836302521
104	0.238384158416
105	0.286881553398
106	0.215401151631
107	0.320100156495
108	0.433425742574
109	0.241942517344
110	0.336414985591
111	0.281726732673
112	0.295952941176
113	0.398368932039
114	0.379917566241
115	0.386825591586
116	0.406849122807
117	0.503976214073
118	0.368069565217
119	0.362268656716
120	0.16519245283
121	0.17337029703
122	0.17109396637
123	0.324266666667
124	0.374035928144
125	0.488198609732
126	0.481242334322
127	0.432478431373
128	0.544792864222
129	0.494978217822
130	0.422338883448
131	0.514558415842
132	0.43207135778
133	0.304672639559
134	0.61153617443
135	0.668451548452
136	0.616756756757
137	0.668308910891
138	0.66377029703
139	0.734350842418
140	0.627377081293
141	0.395430814524
142	0.718166503428
143	0.596534864643
144	0.409210434783
145	0.0484017725258
146	1.09440313112
147	0.453749259625
148	0.257374379345
149	0.346740594059
150	0.324450485437
151	0.315692307692
152	0.225317647059
153	0.241215686275
154	0.317182300885
155	0.46380990099
156	0.305144370861
157	0.18112392638
158	0.357269230769
159	0.299270588235
160	0.137402985075
161	0.281726732673
162	0.261090196078
163	0.253709803922
164	0.347261538462
165	0.175441587068
166	0.323350826045
167	0.287160349854
168	0.195332667333
169	0.226925541942
170	0.17016909621
171	0.247788679245
172	0.135160784314
173	0.231507692308
174	0.202075801749
175	0.160783545544
176	0.0821923076923
177	0.135626310772
178	0.203659157689
179	0.111026086957
180	0.0694876033058
181	0.278691478942
182	0.262495049505
183	0.32539147671
184	0.211437623762
185	0.303398019802
186	0.237719626168
187	0.31975871819
188	0.209963235294
189	0.354070588235
190	0.288439215686
191	0.333884745763
192	0.229291743119
193	0.332611764706
194	0.326746506986
195	0.469475691134
196	0.383254170756
197	0.350023529412
198	0.27625631068
199	0.290154455446
200	0.275720930233
201	0.133213483146
202	0.113530371714
203	0.197146014207
204	0.250598019802
205	0.357071038251
206	0.451882037534
207	0.457313761468
208	0.383587628866
209	0.502796039604
210	0.798576459685
211	0.835272727273
212	1.02732743363
213	1.05112978525
214	1.28448702595
215	1.33835948361
216	0.97342962963
217	1.17773947111
218	1.33010109019
219	1.21610969638
220	1.65949653122
221	1.37273126873
222	1.2638493558
223	1.32845940594
224	1.31613333333
225	1.61291394659
226	1.43615803336
227	2.17568031968
228	1.73434126984
229	1.62373861386
230	1.36508291708
231	1.29087809713
232	1.3567952048
233	1.44190287413
234	1.44427353816
235	1.39263366337
236	1.44258941059
237	1.27585361029
238	1.45806352262
239	1.75361727184
240	1.50422970297
241	1.24152347826
242	1.77583366337
243	1.7393006993
244	1.58298501499
245	1.65823182711
246	1.66109514563
247	2.36451139742
248	1.93327058824
249	1.78788118812
250	1.69203567889
251	1.5069010989
252	1.66868910891
253	1.5265697446
254	1.18886713287
255	1.35981035996
256	1.6886884273
257	1.16840436075
258	1.22564122894
259	0.988147572816
260	0.663074074074
261	0.606796039604
262	0.699017964072
263	1.11434126984
264	1.09334870317
265	0.847651268705
266	1.25289110889
267	1.17609277431
268	1.46281188119
269	1.13944895937
270	1.56961424332
271	1.26931219029
272	1.59622777223
273	1.20757185332
274	1.26772571429
275	1.41036563437
276	1.25619821606
277	1.33314909091
278	1.50466468843
279	1.10262178218
280	1.26348363636
281	1.3557002997
282	0.205670965221
283	1.13887016848
284	1.28665734266
285	1.30680673935
286	1.39247952048
287	1.44026957384
288	1.25741302409
289	1.9577029703
290	1.38133565217
291	1.7636107507
292	2.46650698603
293	1.6776
294	1.77735054618
295	1.75107418398
296	1.94157623762
297	2.30687712288
298	1.75623809524
299	1.86240949555
300	1.89142057942
301	1.42735841584
302	1.51253546454
303	2.20181565907
304	1.69871952428
305	1.53479215686
306	1.59824594852
307	2.11295049505
308	1.69468503937
309	1.6906374502
310	1.53118055556
311	1.89142057942
312	1.34790049751
313	1.55785229541
314	1.90896333003
315	1.394785645
316	1.672
317	1.72742457542
318	1.15734390486
