0	0.104765832106
1	0.0636196721311
2	0.115976878613
3	0.0873191489362
4	0.0452622314264
5	0.0210935005701
6	0.390083168317
7	0.435074003795
8	0.526360591133
9	0.422440744368
10	0.465493692178
11	0.432997032641
12	0.266922772277
13	0.147464870067
14	0.17150244858
15	0.174178217822
16	0.368411881188
17	0.322423529412
18	0.3648
19	0.384704950495
20	0.604399604352
21	0.48635235732
22	0.5472
23	0.612125490196
24	0.780660731949
25	0.557359783589
26	0.677080118694
27	0.405145688801
28	0.764357281553
29	0.824047524752
30	0.859236399604
31	0.107374953271
32	0.0556474576271
33	0.240527472527
34	0.354418056919
35	0.346740594059
36	0.357576237624
37	0.223175059952
38	0.371883495146
39	0.109226666667
40	0.555454367026
41	0.300129285015
42	0.250841918295
43	0.310703277236
44	0.34300489716
45	0.329702623907
46	0.277607920792
47	0.360791208791
48	0.277033009709
49	0.361258252427
50	0.287937254902
51	0.3648
52	0.279145631068
53	0.166739622642
54	0.368411881188
55	0.246205825243
56	0.266078431373
57	0.247555136664
58	0.352306182532
59	0.065984496124
60	0.331827111984
61	0.274726213592
62	0.275691089109
63	0.368411881188
64	0.28217468106
65	0.240007079646
66	0.258838931955
67	0.343238469087
68	0.357576237624
69	0.210439276486
70	0.337680872151
71	0.2892736
72	0.3648
73	0.165350135014
74	0.365661050545
75	0.286117647059
76	0.287896927651
77	0.211873612297
78	0.331673675357
79	0.360791208791
80	0.275084241824
81	0.276701273262
82	0.361258252427
83	0.271114563107
84	0.278760784314
85	0.354418056919
86	0.17611988012
87	0.361258252427
88	0.243862295082
89	0.125904424779
90	0.0708349514563
91	0.0451632970451
92	0.536997055937
93	0.0074906673485
94	0.461817468106
95	0.329166516652
96	0.446260194175
97	0.526257114818
98	0.470979228487
99	0.631384615385
100	0.552023762376
101	0.650114851485
102	0.516553846154
103	0.845663366337
104	0.548714754098
105	0.866015638575
106	0.769419226957
107	0.459823076923
108	0.210452336449
109	0.151699009901
110	0.162534653465
111	0.108275862069
112	0.162534653465
113	0.0626721266721
114	0.244613313388
115	0.168369230769
116	0.220984615385
117	0.289694117647
118	0.295741429971
119	0.534119521912
120	0.384182178218
121	0.519921568627
122	0.497483495146
123	0.201683802134
124	0.767888999009
125	0.929321463897
126	0.712666005946
127	0.854264730999
128	0.94380990099
129	0.752431876607
130	1.17024950495
131	0.615360639361
132	0.722843564356
133	0.718596078431
134	0.832366899302
135	0.847287128713
136	0.844182178218
137	0.614732673267
138	0.673043137255
139	0.769721115538
140	0.687564356436
141	0.638431683168
142	0.581774193548
143	0.597088888889
144	0.89676039604
145	0.843120792079
146	0.960372277228
147	1.08798415842
148	0.836186206897
149	1.41018981019
150	1.46109018831
151	1.28212413793
152	1.30209491525
153	1.44141176471
154	1.47888736533
155	1.39530201342
156	2.48237924152
157	2.51047619048
158	1.92245354645
159	2.08842814668
160	1.98053518335
161	1.85450549451
162	1.84628118812
163	2.35060939061
164	2.3692765114
165	2.52940659341
166	1.94835282458
167	2.81726732673
168	2.18867532468
169	2.45140931615
170	2.40079207921
171	2.68953446553
172	2.12456689792
173	2.02293123772
174	2.23156814159
175	2.49989500423
176	2.64424207493
177	2.62742857143
178	1.89770634921
179	1.86529108911
180	1.80093465347
181	1.89623762376
182	1.25944554455
183	1.10098782609
184	1.08356435644
185	1.28944158416
186	0.972697029703
187	1.58529470529
188	0.750895273401
189	0.718870588235
190	0.418726956522
191	1.26777029703
192	1.31007905138
193	1.6379334638
194	1.69708151093
195	1.55428571429
196	1.57276323676
197	1.20755992141
198	1.08776470588
199	1.21596491228
200	1.28941402498
201	1.31781818182
202	1.34270874662
203	1.75537425743
204	1.38316083916
205	1.9
206	1.53576023976
207	1.2992
208	1.74427037773
209	1.30021760633
210	1.12310009911
211	1.59622777223
212	1.2199592215
213	1.75321791045
214	1.29270819672
215	1.32194851485
216	1.34117647059
217	1.07795643564
218	1.48595441031
219	1.1075009901
220	1.28018217822
221	1.34368186227
222	1.70765063788
223	1.50400799201
224	1.39059033989
225	1.72742457542
226	1.44283845391
227	2.19745994065
228	1.4593254902
229	1.80624902724
230	2.43807392607
231	1.9071968032
232	2.49902362205
233	2.33967330677
234	2.18661338661
235	1.29464554455
236	1.54018632309
237	1.52509306931
238	2.17350898204
239	1.37315520629
240	1.66182617383
241	1.25232111001
242	1.90235364635
243	1.50138888889
244	1.66182617383
245	1.34958431373
246	1.34361980198
247	0.91737029703
248	1.14857821782
249	1.26777029703
250	0.831657711443
251	0.964372277228
252	0.600847058824
253	0.392481553398
254	0.400918811881
255	0.3099375
256	0.244380582524
257	0.147891891892
258	0.00785783521809
259	0.32721955261
260	0.65966033966
261	0.796122893954
262	0.799213559322
263	1.19528471528
264	1.04263492063
265	1.28404366079
266	1.77813861386
267	1.46281188119
268	1.9177980198
269	1.74266138614
270	1.68170196078
271	1.29543396226
272	1.71617804154
273	1.827
274	1.78929070929
275	1.75655896928
276	1.6451588785
277	1.80633766234
278	1.6347078926
279	1.80955247525
280	1.51281584158
281	1.56575841584
282	1.43481188119
283	1.62268146883
284	1.8655777998
285	1.412995005
286	1.60725674326
287	1.98685714286
288	1.58277722278
289	1.52220176991
290	1.8655777998
291	1.6474011976
292	2.25828571429
293	1.4372027972
294	1.40196435644
295	1.34566213592
296	1.69203567889
297	1.12324516129
298	1.95234886026
299	1.69926546906
300	1.84205940594
301	1.34481437126
302	1.99771428571
303	1.72886336634
304	1.65551248751
305	1.98444400396
306	1.95544554455
307	1.87905882353
308	2.42714085914
309	1.88649355798
310	2.11504459861
311	1.8593006993
312	2.33197224975
313	2.14429306931
314	2.71159563925
315	0.588537549407
316	2.40089154229
317	2.41512253642
318	2.66458471761
