0	2.91146453546
1	4.55234365634
2	2.9050952381
3	3.8199000999
4	3.61367432567
5	1.21471403611
6	6.19241205053
7	2.41634851485
8	2.4682113659
9	2.40098823529
10	2.94538232373
11	3.30434817013
12	3.35590714286
13	4.01014185814
14	4.22372827173
15	4.31221428571
16	3.75490693069
17	3.48502970297
18	2.71116039604
19	2.76035964036
20	3.46579020979
21	3.67794240318
22	3.13471145564
23	3.07450049456
24	3.4506481665
25	3.37766336634
26	2.92013706041
27	3.57946053946
28	3.73801398601
29	3.68015873016
30	1.40462574257
31	2.68953446553
32	2.43869177403
33	2.66297804391
34	2.58785344057
35	3.71146453546
36	3.70623569024
37	4.47132067932
38	4.21551587302
39	3.60792472198
40	4.01147652348
41	4.27367032967
42	3.92452380952
43	3.38340769231
44	4.01743056943
45	3.38102675917
46	3.57891929825
47	3.5206552381
48	3.90796694215
49	2.57143529412
50	4.98547852148
51	4.29458870168
52	3.57901082431
53	4.24237125749
54	4.29158041958
55	4.37403383085
56	3.58692857143
57	4.45815784216
58	4.6087992008
59	4.38519080919
60	3.58555599214
61	3.76483516484
62	3.0941984127
63	4.12385214785
64	2.94734065934
65	2.57196825397
66	2.14247279215
67	2.36026190476
68	2.84871128871
69	3.31633966034
70	2.80574539069
71	3.06636039604
72	2.58143904856
73	0.0237707653246
74	0.703772831926
75	1.85120792079
76	1.41537254902
77	2.03355044955
78	1.98354806739
79	2.06772427572
80	2.05789990186
81	2.21036091725
82	2.58602163225
83	2.940995005
84	2.6246953047
85	2.7060734856
86	2.33429691877
87	2.51228148148
88	3.16533333333
89	3.61884515485
90	2.92061843409
91	2.78437562438
92	2.44210109019
93	1.67704285714
94	1.80213333333
95	1.69111074651
96	2.39519207921
97	2.65744655345
98	2.97345054945
99	1.5644035964
100	2.48252547453
101	2.50553326713
102	1.95295841584
103	1.8886496695
104	2.3489395441
105	1.42701176471
106	1.05714285714
107	1.96811100099
108	2.7077002997
109	2.18961904762
110	2.76606593407
111	2.27775424575
112	2.33397026759
113	3.31271928072
114	2.60645084409
115	2.70856343656
116	2.15325272547
117	2.24127872128
118	1.64564519326
119	1.79435514019
120	0.631726829268
121	2.56365384615
122	1.83122376238
123	1.66286732673
124	0.975207920792
125	0.88827961165
126	1.84768831169
127	1.45844752475
128	1.87144055944
129	2.36685714286
130	1.63454258121
131	1.90707326733
132	2.55833766234
133	1.80259375
134	1.84364577114
135	1.84038095238
136	2.54889990089
137	2.33109290709
138	2.12415873016
139	2.23278321678
140	2.59171343284
141	0.495186440678
142	1.23543656344
143	1.44390147783
144	1.96430769231
145	0.912825396825
146	0.974243323442
147	1.09548463826
148	0.801511374876
149	1.1605629336
150	1.07211333333
151	1.53866138614
152	1.13797037037
153	1.2901018981
154	1.07485714286
155	0.85764122894
156	1.32586356073
157	1.63942857143
158	1.1367049505
159	1.479208619
160	1.33410505451
161	1.12421178821
162	1.12802378593
163	1.03864135864
164	0.0594430839002
165	2.66698007968
166	1.15941386139
167	0.808239520958
168	0.923634936212
169	0.856864222002
170	0.607397423191
171	0.528737254902
172	0.877687128713
173	0.67180990099
174	0.815435294118
175	1.33747472745
176	1.66868910891
177	1.10747722772
178	1.7337029703
179	2.08557842158
180	1.98439840637
181	1.98292277228
182	1.72273053892
183	2.09917460317
184	1.38379285714
185	1.14971655104
186	1.16
187	1.59758490566
188	0.650138613861
189	0.738930693069
190	0.890541176471
191	0.642859405941
192	1.24636963037
193	1.03816474756
194	0.975207920792
195	0.836894117647
196	1.00777622378
197	1.08473405299
198	1.03782970297
199	1.5494970297
200	1.72742457542
201	1.84451587302
202	2.00459405941
203	0.889934065934
204	0.640571428571
205	0.467057225994
206	0.393516034985
207	0.874645354645
208	0.856015841584
209	0.718337662338
210	1.05251422964
211	0.634278978389
212	0.415832167832
213	0.59596039604
214	0.397377821394
215	0.476768316832
216	0.307865612648
217	0.26333012512
218	0.240527472527
219	0.294646153846
220	0.357784615385
221	0.237464150943
222	0.191440233236
223	0.242030769231
224	0.108954280964
225	0.283505355404
226	0.233982507289
227	0.400918811881
228	0.292562376238
229	0.257505882353
230	0.306052073288
231	0.00228738635176
232	0.0231211267606
233	0.0241411764706
234	0.0228
235	0.0237913043478
236	0.0187236954662
237	0.0352747784045
238	0.0342267396403
239	0.0248915845337
240	0.0195428571429
241	0.0195428571429
242	0.0195428571429
243	0.0304
244	0.0342
245	0.0228
246	0.0195428571429
247	0.0185491525424
248	0.0192
249	0.0185491525424
250	0.00102481505759
251	0.0260158478605
252	0.083400508044
253	0.0567728579643
254	0.0947988450433
255	0.0587484662577
256	0.115402460457
257	0.0965647058824
258	0.0810666666667
259	0.126520231214
260	0.111569972196
261	0.107031784841
262	0.0353103448276
263	0.393977859779
264	0.107677996422
265	0.0895048327138
266	0.107610619469
267	0.105332050048
268	0.0792405470636
269	0.139540983607
270	0.0874645354645
271	0.117572068039
272	0.128626836435
273	0.063535483871
274	0.0928331762488
275	0.048
276	0.0947988450433
277	0.039868852459
278	0.0709333333333
279	0.0390160427807
280	0.0158608695652
281	0.04804214223
282	0.000736102236422
283	0.00814285714286
284	0.24795
285	0.22162391514
286	0.0447058823529
287	0.00223559852921
288	0.422172106825
289	0.373550539745
290	0.802632309217
291	0.771761018609
292	0.852203796204
293	1.07144055944
294	1.75502097902
295	2.01624678663
296	2.24127872128
297	1.53155203171
298	2.24127872128
299	1.49571511068
300	1.45152306353
301	1.44114059406
302	1.52933994054
303	1.85106231454
304	1.82038811881
305	1.4524039604
306	1.93515284715
307	2.10502845927
308	1.89623762376
309	0.189523624595
310	5.26612277228
311	0.708141176471
312	1.47596403596
313	1.14387426326
314	0.07904
315	0.557586413586
316	1.10633102081
317	0.912
318	0.67180990099
