0	1.09330669331
1	1.23834509804
2	1.53866138614
3	1.38210589411
4	1.37619161677
5	1.29456858847
6	1.13140594059
7	1.37612673267
8	1.17437762238
9	1.11607128713
10	1.12802378593
11	1.05411388611
12	1.29071952428
13	1.32064094955
14	1.05555643564
15	1.18225569871
16	1.15708571429
17	1.31196803197
18	1.38833696729
19	1.0988990099
20	1.44316483516
21	1.29522299306
22	1.48448316832
23	1.52782574257
24	1.21810989011
25	1.27987314172
26	1.17396078431
27	1.08237362637
28	1.32325867195
29	1.10973465347
30	1.46281188119
31	1.31561188119
32	1.30027722772
33	0.986043564356
34	0.910194059406
35	0.665473267327
36	0.606796039604
37	0.715152475248
38	0.769330693069
39	0.665473267327
40	0.769330693069
41	0.830913086913
42	0.846017839445
43	0.795500990099
44	0.823508910891
45	0.697411764706
46	0.49843960396
47	0.669390291262
48	0.762994059406
49	0.933458823529
50	1.07272871287
51	0.893021782178
52	1.12610589411
53	1.26902675917
54	1.0988990099
55	1.15941386139
56	1.31111287129
57	0.958035643564
58	1.06189306931
59	1.10523564356
60	0.72692815534
61	1.04957442557
62	1.0087135778
63	1.04957442557
64	0.969823587711
65	1.10512941176
66	1.0944
67	0.762994059406
68	1.11585882353
69	1.04022178218
70	0.893021782178
71	1.04075294118
72	0.824325074331
73	0.704316831683
74	0.599865479723
75	0.607397423191
76	0.877687128713
77	1.01677522478
78	0.660523476523
79	1.32325867195
80	1.20275643564
81	0.904753221011
82	1.11476591577
83	1.18139352306
84	0.911984015984
85	1.24583316977
86	1.30981602374
87	1.18558415842
88	1.2364876115
89	1.03388514851
90	1.35434730539
91	1.34249263984
92	1.13064535465
93	1.24583316977
94	1.33542857143
95	0.979706930693
96	1.10523564356
97	0.953536633663
98	0.730487128713
99	0.929310689311
100	0.846017839445
101	0.899358415842
102	0.708815841584
103	1.00856470588
104	0.888522772277
105	0.650138613861
106	0.427089108911
107	0.541782178218
108	0.509275247525
109	0.314233663366
110	0.265631067961
111	0.400918811881
112	0.552617821782
113	0.358704761905
114	0.769330693069
115	0.736823762376
116	0.758495049505
117	0.59596039604
118	0.311164912281
119	0.0865339534884
120	0.639302970297
121	0.574289108911
122	0.439905882353
123	0.315692307692
124	0.265631067961
125	0.390469772052
126	0.356305084746
127	0.67180990099
128	0.579388235294
129	0.648139805825
130	0.42259009901
131	0.263309021113
132	0.380126984127
133	0.400957801766
134	0.617631683168
135	1.07144055944
136	1.41620758483
137	1.11558730159
138	1.05105742574
139	0.732515484515
140	0.35573540856
141	0.563453465347
142	0.617631683168
143	0.423008919722
144	0.0207589483687
145	1.6851023622
146	0.414384466019
147	0.390083168317
148	0.244380582524
149	0.268235294118
150	0.595013592233
151	0.606796039604
152	0.467510679612
153	0.315615686275
154	0.42259009901
155	0.314233663366
156	0.354070588235
157	0.429176470588
158	0.403759223301
159	0.238384158416
160	0.321882352941
161	0.425864220183
162	0.694168483647
163	0.733410589411
164	0.605908910891
165	0.650138613861
166	0.536104672897
167	0.47813592233
168	0.541782178218
169	1.06050749251
170	1.10633102081
171	0.988515484515
172	1.1246798419
173	1.02158490566
174	0.546281188119
175	0.84518019802
176	0.758495049505
177	0.765314685315
178	0.713295387635
179	0.944188235294
180	0.996879207921
181	0.922729411765
182	0.783889218595
183	1.05209910803
184	0.986043564356
185	0.863078450844
186	0.949280159521
187	0.942700990099
188	0.552512621359
189	0.390083168317
190	0.401443137255
191	0.650138613861
192	0.504777232581
193	0.39359040959
194	0.382508737864
195	0.525741176471
196	0.492102970297
197	0.92102970297
198	1.06221176471
199	1.09835130435
200	1.27860594059
201	1.09330669331
202	0.850198473282
203	0.929310689311
204	1.12690693069
205	1.11717740337
206	0.890117882118
207	0.910194059406
208	0.835171456888
209	0.797649363369
210	0.584388349515
211	0.574289108911
212	0.526257114818
213	0.505107692308
214	0.0566720368239
215	0.092920754717
216	0.0965647058824
217	0.092920754717
218	0.0985945945946
219	0.102376052385
220	0.0955344325897
221	0.095627184466
222	0.427089108911
223	1.08356435644
224	1.11585882353
225	0.901050949051
226	0.824325074331
227	0.912
228	0.786267961165
229	0.611295049505
230	0.751058823529
231	0.84518019802
232	0.0481089052751
233	0.754381618382
234	1.88502697303
235	2.53422222222
236	2.01168431568
237	2.41001188119
238	1.47961149653
239	1.80955247525
240	2.65033366633
241	2.7187250996
242	2.56356616915
243	2.7088
244	3.05032567433
245	2.91273526474
246	2.74050793651
247	2.69407392607
248	1.98939147671
249	2.77126037736
250	2.98472727273
251	2.74591683168
252	2.85806993007
253	2.56746245059
254	2.51750298211
255	2.29715643564
256	1.4348039604
257	1.38696237624
258	1.65543256743
259	2.24297821782
260	2.20631912785
261	2.44261338661
262	2.14124083251
263	2.32966336634
264	2.21301898102
265	2.16507936508
266	2.51460539461
267	1.89596003996
268	1.87321687929
269	2.63306138614
270	2.35583366337
271	2.42074725275
272	2.29309018831
273	1.70765063788
274	1.68823176823
275	2.45128245788
276	1.59733861386
277	1.63996003996
278	1.21929831516
279	1.70385628743
280	1.52299702676
281	2.05132875368
282	1.5461018981
283	1.66539130435
284	1.54775769613
285	1.79871683168
286	1.38062574257
287	1.54156243756
288	1.20845193261
289	1.37619161677
290	0.0324507042254
291	0.0233431878896
292	0.0784960220018
293	0.405694117647
294	0.682645544554
295	0.487603960396
296	0.402586640852
297	0.0242257885999
298	0.536470588235
299	1.06907722772
300	0.92918019802
301	0.986043564356
302	1.3229010989
303	1.12168087215
304	0.996879207921
305	0.910194059406
306	0.901050949051
307	1.13661721068
308	0.640571428571
309	0.718870588235
310	0.583843137255
311	0.791001980198
312	0.736823762376
313	0.84434421365
314	0.472380952381
315	0.0207666034156
316	1.33278415842
317	1.36529108911
318	0.69798019802
