0	2.12632857143
1	2.01704
2	1.87698348624
3	1.78610782609
4	1.76880614859
5	2.192864222
6	1.88644155844
7	2.1713816047
8	2.82846918489
9	2.33593625498
10	2.22239363817
11	2.7114005994
12	1.90719367589
13	3.44899100899
14	0.513179982441
15	1.28108691309
16	1.55408960915
17	1.35599608227
18	1.69601568627
19	2.3819960396
20	2.55181261261
21	3.25875724276
22	4.35092907093
23	2.50137634409
24	3.16808791209
25	4.16202197802
26	3.15526660059
27	3.10630969031
28	4.21163708873
29	3.27666157761
30	4.18711688312
31	3.34107722772
32	3.36273263559
33	3.69984931507
34	3.7988128031
35	3.25887712288
36	3.66339543058
37	3.43304561404
38	3.59068109908
39	3.40311992446
40	3.57160727273
41	3.458
42	3.48046017699
43	3.3322997003
44	3.1025952381
45	3.51088164026
46	3.52495588235
47	3.81621578422
48	4.41698301698
49	3.15554768928
50	3.46441043478
51	4.19024175824
52	3.29685714286
53	4.29916483516
54	3.15135264735
55	3.22227237354
56	3.61443636364
57	3.86687141536
58	3.27356487026
59	3.21713486513
60	3.2027833002
61	4.30961038961
62	3.36761904762
63	3.2120239521
64	4.46573982125
65	3.05258741259
66	2.70404757185
67	1.6888
68	2.22473663366
69	2.25898602794
70	2.95126190476
71	4.11847352647
72	3.22996031746
73	3.04476039604
74	3.83487016848
75	2.84411881188
76	3.19459009901
77	4.7535777998
78	3.49716593503
79	4.04267722772
80	2.95008991009
81	3.35424836601
82	3.47887179487
83	4.06111683168
84	3.30085914086
85	3.08891451292
86	3.87583616384
87	3.29789063948
88	4.26733266733
89	3.24066333666
90	3.74208534323
91	4.25787812188
92	3.50355643564
93	4.41780594059
94	3.42515084915
95	2.98598201798
96	3.22491360477
97	4.25545654346
98	3.34543056943
99	4.23510009911
100	4.23069436202
101	3.39261146497
102	4.10734530938
103	3.08450099404
104	3.18916923077
105	4.07240759241
106	3.54379220779
107	3.08880952381
108	3.31247152847
109	3.06956243756
110	3.29802380952
111	2.92687312687
112	4.31220634921
113	4.0868502994
114	3.04835749752
115	0.0132075775897
116	1.33042657343
117	0.0405708989805
118	0.0370983050847
119	0.0370983050847
120	0.0202666666667
121	0.04804214223
122	0.0415594936709
123	0.0304
124	0.0260778395552
125	0.0214588235294
126	0.0260571428571
127	0.0596945454545
128	0.047513748191
129	0.374728709394
130	0.393133980583
131	0.201566594672
132	0.335904950495
133	0.285247610773
134	0.444701684836
135	0.361258252427
136	0.290951456311
137	0.361258252427
138	0.327992007992
139	0.39359040959
140	0.279512770138
141	0.247625396825
142	0.2736
143	0.270891089109
144	0.193970149254
145	0.333265225933
146	0.286881553398
147	0.361258252427
148	0.3648
149	0.279803921569
150	0.289086792453
151	0.429176470588
152	0.33038490566
153	0.379623389495
154	0.278964705882
155	0.275988360815
156	0.2736
157	0.329702623907
158	0.179804195804
159	0.275720930233
160	0.269026548673
161	0.361258252427
162	0.364442703232
163	0.365157998037
164	0.353723800196
165	0.361258252427
166	0.361609329446
167	0.360791208791
168	0.27897939156
169	0.360791208791
170	0.365157998037
171	0.361258252427
172	0.26472207328
173	0.341390374332
174	0.404544747082
175	0.368411881188
176	0.257512871287
177	0.346740594059
178	0.270891089109
179	0.27625631068
180	0.205965714286
181	0.270088845015
182	0.24726129666
183	0.300718351325
184	0.280087128713
185	0.3648
186	0.361258252427
187	0.212221428571
188	0.402656603774
189	0.396988235294
190	0.24693968254
191	0.368411881188
192	0.329382524272
193	0.393133980583
194	0.280586138614
195	0.361258252427
196	0.331028414299
197	0.393516034985
198	0.283500990099
199	0.361258252427
200	0.368411881188
201	0.314133333333
202	0.403759223301
203	0.173362376238
204	0.3648
205	0.368411881188
206	0.335904950495
207	0.308546534653
208	0.3648
209	0.3648
210	0.301211009174
211	0.350469565217
212	0.300718351325
213	0.275988360815
214	0.271159563925
215	0.247214596003
216	0.0122960450444
217	0.0228
218	0.0422140790743
219	0.0437322677323
220	0.0448524590164
221	0.0618887841659
222	0.0346548448385
223	0.0436886227545
224	0.0158723712835
225	0.0372244897959
226	0.0288
227	0.0383663453111
228	0.00129481081849
229	0.0145338645418
230	0.0756248766041
231	0.0161415929204
232	0.0761102497847
233	0.0390160427807
234	0.0498360655738
235	0.0472538860104
236	0.0593170731707
237	0.0399416058394
238	0.0567782101167
239	0.0391696492484
240	0.0
241	0.452722986248
242	0.0778932384342
243	0.917396449704
244	0.34000776699
245	0.487603960396
246	0.552617821782
247	0.550980392157
248	0.403759223301
249	0.310028328612
250	0.292562376238
251	0.262511304348
252	0.270891089109
253	0.220984615385
254	0.22251497006
255	0.0982994011976
256	0.0120207123804
257	0.402502970297
258	1.33010109019
259	1.47345098039
260	1.45352473327
261	1.65007327971
262	2.80991008991
263	2.61322193211
264	2.86655588526
265	2.942001998
266	2.92332869911
267	2.14248380952
268	2.62988638413
269	2.61503296703
270	2.20112266928
271	0.804991517436
272	2.72857142857
273	1.73485714286
274	1.97377943925
275	3.3816983017
276	2.73363726462
277	2.29380350877
278	2.74712487512
279	2.84825371655
280	2.40642909091
281	2.70450420168
282	3.02862574257
283	2.65937425743
284	2.01065988126
285	2.61475324675
286	3.28193267327
287	2.73387722772
288	2.93854814815
289	3.62002797203
290	2.77740518962
291	2.7697045658
292	3.83132606541
293	2.28675072745
294	2.99921678322
295	2.71741066417
296	3.16911888112
297	2.24332467532
298	2.82850431779
299	4.07750649351
300	2.24681746032
301	2.66068331668
302	3.44648712871
303	2.70713181368
304	1.61894610778
305	1.89986417657
306	3.08535445545
307	2.41371620487
308	2.76474925669
309	3.25141258741
310	2.61605555556
311	2.63178421578
312	2.42534744947
313	2.67112887113
314	2.30787612388
315	2.53168253968
316	2.1166132542
317	1.50378592666
318	1.6509429324
