0	1.11651973051
1	0.597988118812
2	0.863712287712
3	0.563453465347
4	1.14116435644
5	2.21379420579
6	2.54465534466
7	2.43112087912
8	1.95553174603
9	2.85433766234
10	2.98016383616
11	1.60937671233
12	3.10359345392
13	3.40265868263
14	2.94535418583
15	2.76844268775
16	2.09506442022
17	2.75858682635
18	2.48382160555
19	1.75040740741
20	2.23214257426
21	1.73438575668
22	1.713728444
23	1.86373069307
24	1.19327308448
25	1.52910179641
26	1.15774850299
27	0.210085732036
28	4.96864094955
29	0.232835703776
30	0.697411764706
31	1.90518694362
32	1.25366605505
33	1.22325748503
34	1.79872222222
35	1.55022749753
36	1.25818037661
37	0.953862137862
38	0.935930029155
39	0.373544554455
40	0.422172106825
41	0.425422740525
42	0.289086792453
43	0.0333455210238
44	1.60758017493
45	1.29604747774
46	1.07878431373
47	1.20156676558
48	1.13352941176
49	1.33405299313
50	1.29533465347
51	1.22560776699
52	0.530746847721
53	0.289978410206
54	0.202192997438
55	1.4263853211
56	1.89561681329
57	1.93608730159
58	2.00827172827
59	1.77668118812
60	1.80981354269
61	1.59071936759
62	2.33296660118
63	1.999256182
64	1.91958366693
65	1.82038811881
66	0.858352941176
67	0.966753246753
68	1.66894705295
69	2.63928871129
70	2.37601587302
71	2.50420758483
72	2.80452347652
73	1.15643088656
74	2.18415984016
75	2.53156097561
76	2.84977425743
77	2.57137262737
78	2.3903670265
79	1.11294915254
80	1.91221011673
81	2.23423291627
82	2.56887042532
83	2.35707869142
84	2.66938354807
85	2.94503896104
86	4.01554896142
87	3.81083052527
88	3.13681665015
89	2.32018039216
90	2.04686513487
91	1.8854019802
92	1.28584554455
93	0.888522772277
94	0.863712287712
95	0.514901625321
96	0.470121878122
97	1.32325867195
98	1.19943256743
99	1.3884995005
100	1.2364876115
101	0.792422700587
102	0.640571428571
103	0.552512621359
104	0.619852147852
105	1.09548463826
106	0.874645354645
107	0.767078095238
108	0.944188235294
109	0.47091222031
110	0.60143670265
111	0.380019588639
112	0.911096134787
113	1.02688316832
114	1.1700039604
115	1.11395294118
116	1.31497527201
117	0.832404360753
118	1.04203796204
119	1.14426930693
120	1.07379187314
121	0.664768791627
122	0.96210989011
123	0.834439882698
124	0.46657480315
125	0.563453465347
126	0.489374625375
127	0.371297709924
128	0.550108803165
129	1.0605254902
130	0.643898039216
131	0.456885436893
132	0.246625352113
133	0.201732718894
134	0.140187873612
135	0.293376309428
136	0.822802278275
137	0.538114285714
138	0.594587654321
139	0.885578421578
140	0.671920792079
141	0.651853320119
142	0.96210989011
143	0.647016715831
144	0.592167979003
145	0.710649350649
146	0.590297029703
147	0.509779980178
148	0.42259009901
149	0.186969072165
150	0.579388235294
151	0.390083168317
152	0.377403921569
153	0.257505882353
154	0.281726732673
155	0.534119521912
156	0.478188679245
157	0.30443364486
158	0.705420689655
159	0.861417821782
160	0.852427722772
161	0.602368627451
162	0.776260869565
163	0.970869057548
164	1.04839663866
165	1.01442086957
166	1.02073269062
167	1.09548463826
168	0.695080919081
169	0.614319266055
170	0.889668952008
171	0.771789890981
172	0.765235643564
173	0.696165881244
174	0.336237859267
175	0.184205940594
176	0.873547619048
177	0.957298701299
178	0.520636893204
179	0.318827184466
180	0.455548067393
181	0.740198019802
182	1.09064535465
183	1.35627085378
184	0.631406666667
185	0.749391304348
186	0.77139707149
187	0.85784
188	0.928908737864
189	0.929005940594
190	1.36472871287
191	1.34116283716
192	1.77704554455
193	1.35523168317
194	1.39843921569
195	1.12061782178
196	1.57116831683
197	1.48522772277
198	1.09085714286
199	0.400918811881
200	0.606195845697
201	1.2901018981
202	1.19884241824
203	0.773968627451
204	0.855470844212
205	1.0944
206	0.874635294118
207	0.779394658754
208	0.781515384615
209	1.13774257426
210	0.614
211	0.326454545455
212	0.540711462451
213	0.783382789318
214	1.26524559778
215	1.38318481518
216	1.37371089109
217	1.58073926074
218	1.86108225966
219	1.73971478261
220	1.7057982018
221	1.85040792079
222	2.63830109671
223	1.85972887651
224	2.4086953047
225	2.17115254237
226	2.53527272727
227	3.35645154845
228	2.19704295704
229	2.122703667
230	4.01243556444
231	3.29873326673
232	3.47769030969
233	3.51088518155
234	3.24673396065
235	3.40700899101
236	2.80628971029
237	1.73559533074
238	1.85862137862
239	1.54655302279
240	1.95234886026
241	1.22430339321
242	1.76971428571
243	1.42639762611
244	1.38696237624
245	0.996879207921
246	0.758495049505
247	0.474943620178
248	0.835171456888
249	0.420923076923
250	1.77237962038
251	2.38064158416
252	0.7287375
253	1.22745687447
254	1.19621276596
255	1.08455460883
256	1.27615169661
257	1.27054617676
258	1.32199459946
259	1.65434482759
260	1.86166633367
261	0.658765048544
262	0.78730134357
263	1.20206554121
264	0.569050980392
265	0.914677322677
266	0.935349851338
267	0.964293069307
268	0.9405232358
269	1.37481954138
270	0.964931687243
271	1.23729108911
272	1.0857344
273	1.33175686275
274	1.32233663366
275	1.34253465347
276	1.45334665335
277	0.959707571802
278	1.48029019608
279	1.60314885115
280	1.22597882579
281	1.63072927073
282	1.34798898072
283	1.56291988131
284	1.71077106046
285	1.26172363636
286	1.34196239316
287	1.39862857143
288	1.2855936255
289	1.57802657219
290	1.47882807018
291	1.56166638442
292	1.56165853659
293	1.97249411765
294	1.3310702275
295	1.50879682854
296	1.18851727542
297	0.64940077821
298	0.980198412698
299	0.809741176471
300	0.520636893204
301	0.682645544554
302	0.563453465347
303	0.424466019417
304	0.693481188119
305	0.500411881188
306	0.665223529412
307	0.588205940594
308	0.907444555445
309	0.732987115956
310	0.901270588235
311	0.343678431373
312	0.425009708738
313	0.406945132743
314	0.5472
315	0.446260194175
316	0.297294117647
317	0.47813592233
318	0.286881553398
