0	1.57436163836
1	1.27860594059
2	0.730789915966
3	1.2573026973
4	1.20394846383
5	0.444261386139
6	1.00495049505
7	2.16474725275
8	2.24427353816
9	2.67485768143
10	2.87620758483
11	1.96617419355
12	2.68392982456
13	1.81170247934
14	1.190112
15	1.03880649926
16	1.1227893947
17	1.12447212456
18	1.16275324675
19	1.23754527163
20	1.32776903932
21	3.14872327672
22	0.3799000999
23	2.736
24	1.19534257426
25	1.20263736264
26	1.18225569871
27	1.4540979021
28	0.594003960396
29	0.737554013875
30	1.36529108911
31	1.73835764236
32	2.09127920792
33	2.33317882118
34	3.31671428571
35	2.63115284715
36	2.70891089109
37	2.21412987013
38	1.60902845927
39	1.44643731778
40	0.634397602398
41	2.02963672655
42	1.9192260274
43	2.20828486647
44	1.13507234886
45	0.425009708738
46	0.242263715111
47	0.450193927522
48	0.286227692308
49	0.898627565982
50	1.38025396825
51	2.07838575668
52	1.62597619048
53	1.71203168317
54	1.1615984016
55	1.45777081293
56	1.30563667233
57	1.50615445545
58	0.890541176471
59	0.634117882118
60	0.99584985563
61	1.01929411765
62	0.791001980198
63	0.699716283716
64	1.1405827552
65	1.77704554455
66	1.06923160763
67	0.943635282458
68	0.5472
69	1.79181176471
70	1.1348990099
71	1.78788118812
72	1.3517592233
73	2.0472358209
74	1.30674626866
75	1.21353846154
76	1.87271216617
77	1.37028380634
78	0.940243756244
79	0.0810755799451
80	4.70195862069
81	1.49783016983
82	1.51490848027
83	1.85473141724
84	1.91265534466
85	1.78154455446
86	1.5465515211
87	0.947242814668
88	1.02938613861
89	0.99702970297
90	1.92421978022
91	1.33367432567
92	1.85800981354
93	1.37612673267
94	0.927793855302
95	1.09544
96	1.56961424332
97	0.94060654113
98	1.3006
99	0.852779220779
100	1.78973826174
101	2.0268543112
102	1.59374389052
103	1.85931170108
104	1.90678019802
105	1.52782574257
106	0.491740740741
107	1.2901018981
108	1.46086025768
109	1.43742745098
110	1.52933994054
111	1.28973426573
112	1.4597002997
113	1.39074603175
114	1.45420979021
115	1.54547924528
116	1.7337029703
117	0.898700990099
118	1.26731305201
119	0.908931068931
120	1.0846382557
121	0.840455544456
122	0.888522772277
123	0.86221958457
124	0.988074582924
125	1.12548481881
126	1.10778021978
127	1.2573026973
128	1.38022641509
129	1.17470891089
130	1.2768
131	1.30103496503
132	1.08713450292
133	1.65851246261
134	1.12141176471
135	1.2042054155
136	1.53062937063
137	1.17013492063
138	1.07272871287
139	1.02938613861
140	0.910194059406
141	0.694849150849
142	0.846017839445
143	0.920118694362
144	0.707100099108
145	0.890541176471
146	0.869082352941
147	0.96210989011
148	1.01855049505
149	0.552311377246
150	0.703314508277
151	1.17674181818
152	0.904984615385
153	0.7296
154	0.511733333333
155	0.747659405941
156	0.423792592593
157	0.39359040959
158	0.542319127849
159	1.22689021956
160	1.76841147379
161	1.32028599801
162	1.63287660415
163	1.91085714286
164	1.29346283449
165	1.609998002
166	2.04996630327
167	1.42771628372
168	1.82094901961
169	1.35493306693
170	1.73987046124
171	1.28019180819
172	1.39918334985
173	1.11607128713
174	0.850409377818
175	1.19096470588
176	1.23543656344
177	0.814639455782
178	1.00584215784
179	0.660974257426
180	0.676720792079
181	1.53792592593
182	2.06960792079
183	1.54369660679
184	0.596239921337
185	0.512829511466
186	2.03123015873
187	1.5884990099
188	1.19106534653
189	1.28944158416
190	1.73300099701
191	1.3945183714
192	1.20811964108
193	1.0615049505
194	1.14499304866
195	1.55454257426
196	2.26088622754
197	1.85834920635
198	1.85503461919
199	1.79328444004
200	1.83690873786
201	2.15381418581
202	1.38654367026
203	0.476768316832
204	0.929310689311
205	1.37367615309
206	1.15941386139
207	0.686682352941
208	0.563453465347
209	0.793584158416
210	1.23252815534
211	0.715152475248
212	0.603252892562
213	0.504282352941
214	0.856015841584
215	0.862892307692
216	0.314233663366
217	0.368411881188
218	0.255700934579
219	0.17798019802
220	0.216712871287
221	0.238384158416
222	0.283850144092
223	0.303698711596
224	0.233755339806
225	0.0022644320298
226	0.107294117647
227	0.106252427184
228	0.101994408201
229	0.076331299041
230	0.0920523364486
231	0.00587085093543
232	1.04556954612
233	1.21108310502
234	2.19692427184
235	2.42345578231
236	1.97513857678
237	2.44314885115
238	2.73149206349
239	1.68737662338
240	1.19590666667
241	1.63202264151
242	1.33963636364
243	2.06365148515
244	2.2670049554
245	2.37683916084
246	2.8515009901
247	2.15237319763
248	2.4208031968
249	1.91690471607
250	2.21271111111
251	1.86982178218
252	0.951874074074
253	0.654494117647
254	0.214168297456
255	0.135755725191
256	0.150211764706
257	0.336414985591
258	0.122736448598
259	0.0763495145631
260	1.52782574257
261	1.57378621379
262	1.22480863592
263	1.57436163836
264	1.29414469772
265	1.34714985309
266	1.08356435644
267	0.997621407334
268	1.04022178218
269	0.930476360393
270	0.585124752475
271	0.1718390579
272	0.168369230769
273	0.214588235294
274	0.102280373832
275	0.476768316832
276	1.04057029703
277	1.31134736842
278	2.35193663366
279	2.00083802134
280	2.19996101365
281	1.90855854293
282	2.705998002
283	3.219004995
284	2.5446580773
285	2.94274525475
286	2.08123686819
287	1.68832767233
288	1.48465411298
289	1.59496503497
290	1.67146878097
291	2.40808791209
292	3.09862438057
293	2.36838019802
294	2.62393606394
295	2.18706093906
296	2.33013492063
297	2.91558041958
298	2.8892039604
299	2.3936379822
300	2.58749425287
301	1.80006674613
302	1.389544
303	1.48414
304	1.28707707608
305	2.7114005994
306	2.59057142857
307	2.10296903097
308	2.05281665332
309	3.01752647353
310	0.167904347826
311	2.59383272727
312	2.61291851852
313	1.80399125683
314	2.62393606394
315	0.53333509409
316	2.76606593407
317	0.632602576809
318	2.11295049505
