0	1.10451538462
1	1.36744055944
2	1.33262574257
3	1.12004030227
4	1.3935984016
5	1.54906693307
6	0.987989628349
7	1.0901760633
8	1.17138861139
9	0.909655629139
10	1.23935841584
11	0.969732979664
12	1.23405940594
13	0.867497142857
14	1.16287058824
15	0.489124752475
16	0.271603738318
17	1.05467857143
18	1.19426973027
19	1.41516153846
20	1.7925034965
21	1.53511501317
22	1.30612885154
23	0.689609065156
24	0.932448780488
25	0.948995196926
26	1.40541308411
27	1.40389243697
28	1.67402197802
29	1.37571825765
30	1.55749655172
31	1.42673207547
32	1.32842142857
33	1.33892531523
34	1.27060530973
35	1.71748251748
36	0.971297350343
37	1.23511111111
38	1.59772227772
39	0.878280597015
40	1.41180574827
41	1.24179020979
42	1.01823776224
43	0.770580645161
44	1.03803369673
45	1.21364193867
46	0.931524324324
47	1.15261176471
48	1.06111488511
49	1.25521506442
50	1.01735445545
51	1.1914223541
52	0.998059405941
53	1.25666534653
54	1.04145454545
55	1.38623781009
56	1.28327128713
57	0.798889256198
58	1.03713267327
59	1.00615499533
60	1.43784215784
61	1.11331389699
62	1.42702135922
63	1.46190654206
64	1.51161638362
65	0.976107692308
66	0.927552447552
67	0.942468832309
68	1.34807920792
69	0.921369369369
70	1.41897029703
71	1.5078041958
72	1.78016383616
73	1.85616666667
74	1.83248751249
75	1.54743333333
76	1.84557100881
77	2.20216738568
78	2.38927731092
79	1.98796831683
80	1.91095004897
81	2.35930196078
82	2.29108605341
83	1.93398612488
84	2.101256917
85	1.72392857143
86	1.96692215569
87	1.82985018727
88	2.15381418581
89	1.72418781219
90	1.52295191364
91	1.94403076923
92	2.75513286713
93	2.51184815185
94	2.41386507937
95	2.75513286713
96	1.97675924076
97	2.70074925669
98	2.75225346535
99	1.80839160839
100	2.18570964833
101	2.22130693069
102	1.53065882353
103	1.74453861386
104	1.54721278721
105	1.41946930693
106	0.737554013875
107	0.533722277722
108	0.332285994123
109	0.0214168297456
110	0.860884955752
111	0.458605714286
112	1.13801980198
113	2.15249851632
114	2.14667107438
115	1.91815934959
116	2.01542970297
117	0.620509803922
118	0.67180990099
119	0.879811764706
120	1.00850196078
121	1.33278415842
122	1.00959050445
123	1.21359207921
124	0.954265346535
125	1.29825882353
126	1.09272327672
127	2.12101498501
128	1.79027777778
129	1.47654814815
130	1.86955444555
131	1.58496633663
132	1.62072156863
133	2.17568031968
134	1.25053716551
135	1.33278415842
136	1.40584980237
137	0.915501472031
138	1.10523564356
139	0.608978417266
140	0.305448604493
141	0.0713739130435
142	0.21681509434
143	0.16519245283
144	0.0008691922802
145	0.00271002888981
146	0.268603636364
147	2.85353046953
148	4.049500998
149	4.28570858283
150	4.43439520958
151	4.17447657029
152	4.20786413586
153	4.34422956522
154	5.47746653347
155	4.10788411588
156	4.97757442557
157	4.54620634921
158	4.52913968548
159	4.77044714687
160	4.56098285714
161	2.2188129285
162	2.52313277311
163	3.11592407592
164	2.72145454545
165	4.78390419162
166	4.76168631369
167	4.68938507463
168	4.62295548961
169	4.74474325674
170	4.27029821074
171	4.79984815185
172	4.97454545455
173	3.72178740157
174	2.16558866856
175	2.44702222222
176	3.38925074925
177	2.71211089109
178	1.92237168142
179	1.85632149533
180	2.34632384691
181	1.52082235529
182	2.23111719418
183	2.14301176471
184	2.47939260739
185	1.79887272727
186	1.84787964602
187	1.7548962963
188	1.82960740741
189	1.99063652174
190	2.60843956044
191	1.80095387293
192	2.13223845508
193	2.36756843157
194	1.76567690783
195	2.11284715285
196	1.56183151635
197	1.82004485981
198	1.32213069307
199	1.3271245283
200	1.7310738523
201	1.51355844156
202	1.80968253968
203	2.08861843409
204	1.40673267327
205	1.70012592593
206	1.89628108108
207	2.34397602398
208	1.71478170837
209	1.94800360036
210	2.20354045954
211	1.69510769231
212	1.79102477701
213	1.91722677323
214	1.64454017094
215	1.45451047324
216	1.26343050847
217	1.10642735043
218	1.69297102897
219	1.29956701031
220	2.10001135289
221	1.90998802395
222	1.9859020979
223	1.74516683317
224	1.93806786427
225	1.49671499503
226	1.53034165834
227	1.66403996004
228	1.53405009634
229	1.21647850467
230	1.2881980198
231	1.30132267732
232	1.12308649174
233	1.54484715285
234	1.03267902439
235	1.06833466135
236	0.934113886114
237	0.902384158416
238	0.894761238761
239	0.664872150644
240	0.588854368932
241	0.813546453546
242	1.3032007992
243	1.27972249752
244	1.60361238761
245	1.68123686819
246	0.921948514851
247	1.17406846847
248	1.21026973027
249	1.12141038198
250	1.07495238095
251	1.2676579658
252	1.41808547009
253	1.4097769003
254	0.580838133069
255	0.505568627451
256	0.599310891089
257	0.921417142857
258	1.472999001
259	0.87987047619
260	1.04290841121
261	1.56966233766
262	3.30468186323
263	2.05500972591
264	2.65304295704
265	1.40057142857
266	1.36797602398
267	1.51284705882
268	1.99865734266
269	2.82704495504
270	2.99876923077
271	2.5950347567
272	1.96626666667
273	1.69462537463
274	1.93989210789
275	1.96319524281
276	0.977243564356
277	1.12690693069
278	0.934579365079
279	1.36526946108
280	0.798023529412
281	1.36663336663
282	1.6442997003
283	1.669
284	1.35579781962
285	0.87580990099
286	1.86508912831
287	0.673149653122
288	0.428243478261
289	0.49843960396
290	1.05786213786
291	1.92699300699
292	1.20909490509
293	1.09657142857
294	0.436450648056
295	0.701068520357
296	0.533419983753
297	1.84584431138
298	1.77678571429
299	1.89049350649
300	1.57560356789
301	1.82038811881
302	1.51570829171
303	1.27721188119
304	1.26902675917
305	1.1556011846
306	1.46716981132
307	1.19565234765
308	2.08044356436
309	1.64930139721
310	1.78156385069
311	1.65238761239
312	1.79518885988
313	1.88353709199
314	1.25907631318
315	1.62902697303
316	1.38511297852
317	1.89811694747
318	1.30293861386
