0	0.434538310413
1	0.258216484608
2	0.434522033898
3	0.41172231405
4	0.409982608696
5	0.487694117647
6	0.727516831683
7	0.707992079208
8	0.725498501499
9	0.621286666667
10	0.917019607843
11	0.625742885182
12	0.684446666667
13	0.960135864136
14	0.767706422018
15	1.27511758989
16	1.29436414566
17	1.16985454545
18	1.2392309217
19	1.07478019802
20	1.2755456
21	1.37624778761
22	0.616411067194
23	0.279289224953
24	0.162534653465
25	0.42259009901
26	0.824087128713
27	1.15474851485
28	1.10021178821
29	1.2325966634
30	1.25285114885
31	1.17095531281
32	0.9488
33	0.906297029703
34	0.926354104847
35	1.23698203593
36	0.966274353877
37	0.779671811535
38	1.0087135778
39	0.650138613861
40	0.675952941176
41	0.610253746254
42	0.644396467125
43	0.568658823529
44	0.617631683168
45	0.470428828829
46	0.546653346653
47	0.618243805748
48	0.398190735695
49	0.804705882353
50	0.523156035329
51	0.650138613861
52	0.300129285015
53	0.206596630327
54	0.207314057827
55	0.553714285714
56	0.449894945491
57	0.465471810089
58	0.0532
59	0.0603687943262
60	1.14632567433
61	0.97117938553
62	1.1592007992
63	1.3040692974
64	1.12511735537
65	0.572403883495
66	0.657139465875
67	0.889403369673
68	0.591619417476
69	0.606796039604
70	0.460047524752
71	0.659016781836
72	0.456361848574
73	0.532438938053
74	0.515011764706
75	0.332632411067
76	0.390083168317
77	0.257505882353
78	0.161615384615
79	0.350633009709
80	0.247504424779
81	0.260055445545
82	0.229188118812
83	0.177188571429
84	0.0985945945946
85	0.0975207920792
86	0.0530746847721
87	0.045674939952
88	0.347254324151
89	0.870611764706
90	0.756094545455
91	0.79139009901
92	0.608396432111
93	0.438401582591
94	0.384822722821
95	0.545774288518
96	0.697932673267
97	0.623841584158
98	0.917061386139
99	0.880603921569
100	0.95916039604
101	0.894465534466
102	1.05165510406
103	1.12690693069
104	0.875366336634
105	0.732154302671
106	0.867710604559
107	0.614433566434
108	0.923634936212
109	0.471825914936
110	0.795077526987
111	0.85078019802
112	0.905424332344
113	0.884265696087
114	1.09221556886
115	0.984649180328
116	1.40057142857
117	1.38641113841
118	1.98292277228
119	1.81520792079
120	1.61611100099
121	1.06693780849
122	1.57266141732
123	0.557586413586
124	0.964372277228
125	0.737173652695
126	1.0944
127	0.912894995093
128	0.525698301698
129	0.698096172718
130	0.492689655172
131	0.37701068999
132	0.49843960396
133	0.694857142857
134	0.71500998004
135	1.12690693069
136	0.74577254902
137	0.7296
138	0.552512621359
139	0.383271287129
140	0.823508910891
141	0.343341176471
142	0.180572477064
143	0.33038490566
144	0.223130097087
145	0.200497297297
146	0.104228571429
147	0.523427586207
148	0.768410632447
149	0.727516681695
150	1.01547722772
151	0.901266106443
152	1.28330122757
153	1.43832079208
154	1.26172227772
155	1.1733015873
156	1.36255049505
157	1.8478001998
158	1.26540659341
159	2.19091445428
160	2.11597202797
161	2.24575049505
162	2.3852039604
163	2.24939405941
164	2.01181481481
165	2.71961676647
166	2.06906090373
167	2.37300594059
168	0.0699423692636
169	5.98029423459
170	2.41335
171	3.45619180819
172	2.02877669903
173	2.98961584158
174	2.8759000999
175	3.17879441118
176	3.63113233831
177	4.37322677323
178	2.26044796829
179	2.67111462451
180	0.7300562249
181	4.8768627451
182	1.97404162537
183	1.7869112662
184	2.05336526946
185	1.55960278054
186	1.67341016949
187	2.27407792208
188	1.89214638971
189	2.38296134787
190	2.3479049505
191	2.45725913043
192	2.17807058824
193	1.80281318681
194	2.6465173439
195	2.32075294118
196	2.11607128713
197	2.39434165834
198	1.5864975223
199	1.79871683168
200	1.42044710579
201	2.01064539007
202	2.13776633663
203	1.98185229541
204	1.72206349206
205	1.8816
206	1.96951848152
207	1.67622374877
208	1.71407792208
209	1.53394648167
210	1.72138261738
211	1.76418230563
212	1.77704554455
213	1.24561838162
214	1.48023414634
215	1.71311888112
216	1.55029568411
217	1.67304380952
218	2.15166467066
219	1.79902380952
220	2.0933518335
221	1.59306293706
222	1.53054945055
223	1.68880872151
224	1.76066468843
225	1.61143762376
226	2.0371009901
227	1.51020990099
228	1.39455302279
229	1.46992941176
230	1.32477168142
231	1.92421978022
232	1.71411485149
233	2.06004705882
234	1.73715884116
235	1.83496531219
236	2.47087312687
237	1.56505094905
238	1.5633968254
239	1.28751683168
240	1.45072941176
241	1.76796035679
242	1.24064735265
243	1.95041584158
244	2.03052673267
245	1.76788910891
246	1.8801752381
247	2.27210967742
248	3.03232767233
249	2.67905649158
250	1.83272727273
251	1.5421574344
252	0.349682242991
253	1.83122376238
254	1.04022178218
255	0.622431372549
256	1.93002561576
257	2.26931468531
258	2.1041447619
259	2.32874325674
260	1.22871428571
261	1.61809390609
262	1.40369474727
263	1.21359207921
264	1.15826706231
265	1.15693465347
266	1.5820039604
267	0.84
268	1.58529470529
269	1.08219623389
270	1.41002973241
271	0.537487636004
272	1.3762111437
273	1.27606433302
274	1.39457943925
275	1.45499159664
276	1.71203168317
277	1.46816470588
278	1.61103366337
279	1.60958461538
280	1.3977980198
281	1.05283168317
282	1.43063336663
283	1.46269803922
284	1.85887016848
285	1.4022055336
286	1.5161984127
287	1.64581018981
288	1.50425907753
289	1.57116831683
290	1.30582178218
291	1.83595384615
292	1.99966433566
293	1.6956987116
294	2.12027972028
295	2.07766005177
296	2.75513286713
297	2.51008919722
298	2.43564071856
299	1.93590262172
300	2.45725816024
301	1.72062574257
302	2.56927072927
303	2.16923876124
304	2.17035948361
305	2.24365128205
306	2.01542970297
307	1.64887128713
308	2.00075124875
309	1.53133795837
310	2.27548514851
311	1.78228672566
312	2.10419821606
313	1.81488911089
314	1.36883960396
315	1.84205940594
316	1.40265882353
317	1.89724583741
318	1.90283693517
