0	3.60792472198
1	4.01147652348
2	4.27367032967
3	3.92452380952
4	3.38340769231
5	4.01743056943
6	3.38102675917
7	3.57891929825
8	3.5206552381
9	3.90796694215
10	2.57143529412
11	4.98547852148
12	4.29458870168
13	3.57901082431
14	4.24237125749
15	4.29158041958
16	4.37403383085
17	3.58692857143
18	4.45815784216
19	4.6087992008
20	4.38519080919
21	3.58555599214
22	3.76483516484
23	3.0941984127
24	4.12385214785
25	2.94734065934
26	2.57196825397
27	2.14247279215
28	2.36026190476
29	2.84871128871
30	3.31633966034
31	2.80574539069
32	3.06636039604
33	2.58143904856
34	0.0237707653246
35	0.703772831926
36	1.85120792079
37	1.41537254902
38	2.03355044955
39	1.98354806739
40	2.06772427572
41	2.05789990186
42	2.21036091725
43	2.58602163225
44	2.940995005
45	2.6246953047
46	2.7060734856
47	2.33429691877
48	2.51228148148
49	3.16533333333
50	3.61884515485
51	2.92061843409
52	2.78437562438
53	2.44210109019
54	1.67704285714
55	1.80213333333
56	1.69111074651
57	2.39519207921
58	2.65744655345
59	2.97345054945
60	1.5644035964
61	2.48252547453
62	2.50553326713
63	1.95295841584
64	1.8886496695
65	2.3489395441
66	1.42701176471
67	1.05714285714
68	1.96811100099
69	2.7077002997
70	2.18961904762
71	2.76606593407
72	2.27775424575
73	2.33397026759
74	3.31271928072
75	2.60645084409
76	2.70856343656
77	2.15325272547
78	2.24127872128
79	1.64564519326
80	1.79435514019
81	0.631726829268
82	2.56365384615
83	1.83122376238
84	1.66286732673
85	0.975207920792
86	0.88827961165
87	1.84768831169
88	1.45844752475
89	1.87144055944
90	2.36685714286
91	1.63454258121
92	1.90707326733
93	2.55833766234
94	1.80259375
95	1.84364577114
96	1.84038095238
97	2.54889990089
98	2.33109290709
99	2.12415873016
100	2.23278321678
101	2.59171343284
102	0.495186440678
103	1.23543656344
104	1.44390147783
105	1.96430769231
106	0.912825396825
107	0.974243323442
108	1.09548463826
109	0.801511374876
110	1.1605629336
111	1.07211333333
112	1.53866138614
113	1.13797037037
114	1.2901018981
115	1.07485714286
116	0.85764122894
117	1.32586356073
118	1.63942857143
119	1.1367049505
120	1.479208619
121	1.33410505451
122	1.12421178821
123	1.12802378593
124	1.03864135864
125	0.0594430839002
126	2.66698007968
127	1.15941386139
128	0.808239520958
129	0.923634936212
130	0.856864222002
131	0.607397423191
132	0.528737254902
133	0.877687128713
134	0.67180990099
135	0.815435294118
136	1.33747472745
137	1.66868910891
138	1.10747722772
139	1.7337029703
140	2.08557842158
141	1.98439840637
142	1.98292277228
143	1.72273053892
144	2.09917460317
145	1.38379285714
146	1.14971655104
147	1.16
148	1.59758490566
149	0.650138613861
150	0.738930693069
151	0.890541176471
152	0.642859405941
153	1.24636963037
154	1.03816474756
155	0.975207920792
156	0.836894117647
157	1.00777622378
158	1.08473405299
159	1.03782970297
160	1.5494970297
161	1.72742457542
162	1.84451587302
163	2.00459405941
164	0.889934065934
165	0.640571428571
166	0.467057225994
167	0.393516034985
168	0.874645354645
169	0.856015841584
170	0.718337662338
171	1.05251422964
172	0.634278978389
173	0.415832167832
174	0.59596039604
175	0.397377821394
176	0.476768316832
177	0.307865612648
178	0.26333012512
179	0.240527472527
180	0.294646153846
181	0.357784615385
182	0.237464150943
183	0.191440233236
184	0.242030769231
185	0.108954280964
186	0.283505355404
187	0.233982507289
188	0.400918811881
189	0.292562376238
190	0.257505882353
191	0.306052073288
192	0.00228738635176
193	0.0231211267606
194	0.0241411764706
195	0.0228
196	0.0237913043478
197	0.0187236954662
198	0.0352747784045
199	0.0342267396403
200	0.0248915845337
201	0.0195428571429
202	0.0195428571429
203	0.0195428571429
204	0.0304
205	0.0342
206	0.0228
207	0.0195428571429
208	0.0185491525424
209	0.0192
210	0.0185491525424
211	0.00102481505759
212	0.0260158478605
213	0.083400508044
214	0.0567728579643
215	0.0947988450433
216	0.0587484662577
217	0.115402460457
218	0.0965647058824
219	0.0810666666667
220	0.126520231214
221	0.111569972196
222	0.107031784841
223	0.0353103448276
224	0.393977859779
225	0.107677996422
226	0.0895048327138
227	0.107610619469
228	0.105332050048
229	0.0792405470636
230	0.139540983607
231	0.0874645354645
232	0.117572068039
233	0.128626836435
234	0.063535483871
235	0.0928331762488
236	0.048
237	0.0947988450433
238	0.039868852459
239	0.0709333333333
240	0.0390160427807
241	0.0158608695652
242	0.04804214223
243	0.000736102236422
244	0.00814285714286
245	0.24795
246	0.22162391514
247	0.0447058823529
248	0.00223559852921
249	0.422172106825
250	0.373550539745
251	0.802632309217
252	0.771761018609
253	0.852203796204
254	1.07144055944
255	1.75502097902
256	2.01624678663
257	2.24127872128
258	1.53155203171
259	2.24127872128
260	1.49571511068
261	1.45152306353
262	1.44114059406
263	1.52933994054
264	1.85106231454
265	1.82038811881
266	1.4524039604
267	1.93515284715
268	2.10502845927
269	1.89623762376
270	0.189523624595
271	5.26612277228
272	0.708141176471
273	1.47596403596
274	1.14387426326
275	0.07904
276	0.557586413586
277	1.10633102081
278	0.912
279	0.67180990099
280	0.606796039604
281	1.16770847458
282	2.32874325674
283	1.63568141593
284	1.76839880359
285	2.50367232767
286	1.9208206839
287	1.83303865213
288	1.52480632411
289	1.54171428571
290	1.55984815185
291	2.17568031968
292	1.3977980198
293	1.0560952381
294	1.33278415842
295	1.85676646707
296	0.0865475551888
297	4.49911538462
298	0.681970326409
299	0.615407685098
300	0.00959158632778
301	1.14971655104
302	0.567385842473
303	0.512673040153
304	0.413918305598
305	0.12584376157
306	0.699017964072
307	1.52330108588
308	0.543692307692
309	0.618243805748
310	0.259221317543
311	0.100515337423
312	0.700007246377
313	0.175728813559
314	0.865921830315
315	0.563453465347
316	1.4417245509
317	1.45115679443
318	1.32194851485
