0	2.22533592233
1	0.0342
2	0.244380582524
3	0.103636363636
4	0.553435527502
5	0.224439215686
6	0.274221778222
7	0.343100952381
8	0.119310208127
9	0.375529411765
10	0.434308196721
11	0.363020487805
12	0.506766502463
13	0.678697674419
14	0.633656526006
15	0.389728585178
16	0.476768316832
17	0.427089108911
18	0.530946534653
19	0.326215384615
20	0.310240469208
21	0.404544747082
22	0.553049562682
23	0.487121661721
24	0.254294881589
25	0.587733333333
26	0.354070588235
27	0.419184236453
28	0.885469950739
29	0.990542574257
30	0.665223529412
31	1.07272871287
32	0.585124752475
33	0.559876447876
34	0.297927209705
35	0.951176823177
36	2.1692765114
37	2.34419180819
38	1.80502675917
39	2.33763018868
40	2.6458021978
41	2.14170755643
42	2.30048351648
43	2.07165906838
44	1.73189019608
45	1.35445544554
46	0.828007920792
47	1.19192079208
48	1.60526461843
49	1.19624375624
50	2.28509906542
51	2.5474045954
52	2.34732210109
53	2.51836831683
54	2.37699100899
55	2.48382160555
56	1.95493861386
57	2.01258252427
58	2.24297821782
59	2.10870168484
60	2.14742057942
61	1.89623762376
62	1.77068514851
63	1.94608591409
64	2.10951128557
65	1.91612464589
66	1.89910588235
67	1.15342100769
68	1.3229010989
69	1.65028571429
70	0.729764589515
71	0.536997055937
72	0.368307692308
73	0.900387855044
74	1.4362259663
75	1.3229010989
76	1.42498461538
77	1.56793846154
78	0.735367588933
79	1.04783316783
80	0.650138613861
81	0.611576470588
82	0.603806896552
83	1.12380460829
84	1.93515284715
85	1.79756243756
86	1.91328671329
87	1.06956901688
88	1.0944
89	1.37612673267
90	0.351412844037
91	0.433631372549
92	0.761788235294
93	0.541782178218
94	0.654675972084
95	0.630339622642
96	0.356696774194
97	1.4868971029
98	1.95685232904
99	2.19754645355
100	1.77654955839
101	1.98292277228
102	1.4022970297
103	1.39943256743
104	1.65543256743
105	2.21485714286
106	1.51065346535
107	1.0944
108	0.749762831858
109	1.35445544554
110	1.79871683168
111	1.46957042957
112	1.6113201581
113	1.43907845084
114	1.84205940594
115	1.60817425743
116	1.74453861386
117	1.48898217822
118	1.23526336634
119	0.988515484515
120	1.33410505451
121	1.53062937063
122	1.52299702676
123	1.5820039604
124	1.13140594059
125	1.06050749251
126	1.04177428852
127	0.979706930693
128	1.14917369971
129	0.671145400593
130	0.0622669833729
131	0.8596875
132	0.399876923077
133	0.869082352941
134	0.429176470588
135	0.583968379447
136	0.487959933222
137	0.67180990099
138	0.509275247525
139	0.530421364985
140	1.21479484638
141	0.548428849903
142	0.356648044693
143	0.780166336634
144	1.00584215784
145	0.926445986125
146	0.265631067961
147	0.552512621359
148	0.59596039604
149	0.611640718563
150	1.04125272547
151	0.690460333007
152	0.890285714286
153	1.49783016983
154	1.85022222222
155	1.54034495413
156	1.73198813056
157	2.10870168484
158	2.30687712288
159	1.76476323676
160	1.79004580153
161	1.85862137862
162	1.56638255699
163	2.42714085914
164	2.15835364635
165	2.05650793651
166	2.50367232767
167	2.44261338661
168	2.52336507937
169	2.25831287129
170	1.98292277228
171	1.81405148515
172	2.40527472527
173	2.14124876115
174	1.5865029703
175	1.45565825243
176	0.718870588235
177	0.580571428571
178	1.86955444555
179	1.98939147671
180	2.06960792079
181	2.18021978022
182	1.80500297324
183	1.95275294118
184	1.50657254902
185	2.03355044955
186	1.77246382557
187	1.74453861386
188	0.681075564279
189	0.617020771513
190	1.42701176471
191	1.40397202797
192	2.04996630327
193	2.45354645355
194	1.80500297324
195	2.5474045954
196	1.47022222222
197	2.20098991751
198	2.48136237624
199	1.88314570858
200	2.29536507937
201	2.26088622754
202	2.43650793651
203	2.68314085914
204	1.75061040236
205	2.43168031968
206	1.55707936508
207	2.19754645355
208	2.71586813187
209	3.92958241758
210	2.79202378593
211	3.17512887113
212	3.02279365079
213	3.12046353646
214	3.0985974026
215	3.23228599801
216	2.32234965035
217	2.78476039604
218	2.92366833167
219	3.51405394605
220	2.76222222222
221	2.58474325674
222	2.9004876115
223	3.51405394605
224	3.33912487512
225	2.93302675917
226	2.58594251734
227	2.31478295342
228	2.73326673327
229	3.44845554446
230	3.34518929633
231	2.6483960396
232	2.5057005988
233	2.04705697446
234	2.56
235	3.12066534653
236	2.40740918164
237	2.61848166501
238	2.51914485514
239	2.841040715
240	3.49218781219
241	3.33434291378
242	2.45335445545
243	2.72233366633
244	2.58474325674
245	3.62338461538
246	4.01910125362
247	3.43752247752
248	3.13127308066
249	2.9880754717
250	3.08312487512
251	2.9257232581
252	2.38794805195
253	2.84713686314
254	3.39193650794
255	3.25166033966
256	2.9764122894
257	2.12618001978
258	2.54889990089
259	2.32234965035
260	2.05446977205
261	2.36154245754
262	1.98939607843
263	1.40540306583
264	1.5196963037
265	1.50764717542
266	1.38854901961
267	1.65949653122
268	2.29992842942
269	2.74868855721
270	2.05995604396
271	2.18012289395
272	1.8158493558
273	1.91601186944
274	1.99628090999
275	3.05486513487
276	2.27590863952
277	2.43807392607
278	1.26103238469
279	1.30898823529
280	1.19641980198
281	1.22442772277
282	1.28944158416
283	1.36444271845
284	1.38711377246
285	1.4362259663
286	2.25317647059
287	1.50130426165
288	1.31196803197
289	1.37114767096
290	2.7441998002
291	3.04394005994
292	2.61848166501
293	2.72687312687
294	2.86779781962
295	2.03546923077
296	3.09936637512
297	3.17381535471
298	3.1067537092
299	2.54835212661
300	2.37798626104
301	2.49727872128
302	2.61754245754
303	3.21886113886
304	2.79305660377
305	2.56287712288
306	2.72694549058
307	3.39379020979
308	4.18094705295
309	3.78237328094
310	4.30123476523
311	3.71084915085
312	4.1591048951
313	3.74669032831
314	4.13723876124
315	4.13697522299
316	3.52222222222
317	2.42074725275
318	2.68314085914
