0	1.55093706294
1	1.48888306829
2	1.19074183976
3	0.284382849718
4	2.13648316832
5	1.2791048951
6	1.55103270565
7	1.34634223541
8	1.24066600595
9	0.89222970297
10	0.834344554455
11	0.982330769231
12	1.16983816184
13	0.724564585115
14	1.08129341317
15	0.447626043406
16	0.227548514851
17	0.206501607717
18	0.253610894942
19	0.0198500604595
20	0.0607493755204
21	0.415466666667
22	0.399876923077
23	0.439905882353
24	0.29299009901
25	0.295310632384
26	0.536411473788
27	0.347823702253
28	0.133192697769
29	0.0485201137749
30	0.601189504373
31	1.03801798202
32	0.870866204163
33	0.971881188119
34	0.808564705882
35	0.846318644068
36	0.908705882353
37	0.650138613861
38	0.758146534653
39	1.15316666667
40	0.5686
41	1.10650545094
42	1.0934025974
43	0.962579310345
44	1.08002376238
45	1.09789221557
46	0.988981132075
47	0.360915254237
48	0.00841199077633
49	0.00321977052074
50	0.00403703567081
51	0.000197342084859
52	0.00193562079943
53	0.00251933701657
54	0.000436581230677
55	0.375529411765
56	0.919144554455
57	0.395090196078
58	0.55254017094
59	0.924539460539
60	1.0221475827
61	1.52863136863
62	1.61805351833
63	1.78405594406
64	2.25450549451
65	2.15214299901
66	2.18301879327
67	2.21072527473
68	3.0637265625
69	2.82796410768
70	3.00418285714
71	2.87986427146
72	3.06752447552
73	3.23404595405
74	2.92742743539
75	2.74317009346
76	3.49957242757
77	4.14277722278
78	3.75550519358
79	4.36192607393
80	3.99048478901
81	3.99286313686
82	3.40100699301
83	3.47395238095
84	4.05499332698
85	4.87121661721
86	1.2369047014
87	7.23026467662
88	4.59188811189
89	3.84219560878
90	4.28900598802
91	3.16918685446
92	3.18152247752
93	2.61346653347
94	4.16501090188
95	3.62375224775
96	3.34761904762
97	4.20427586207
98	5.19320679321
99	3.99697902098
100	3.67685402185
101	0.373090909091
102	6.4191142006
103	4.08085459941
104	3.98061176471
105	3.35280719281
106	3.63650933786
107	4.76681718282
108	2.86925668979
109	3.29133445378
110	4.60282117882
111	3.83366501487
112	3.6737245509
113	3.94851948052
114	3.91166732673
115	1.70640559441
116	2.80893903549
117	3.20517431193
118	3.27336380952
119	2.37065875371
120	2.17516039604
121	3.59015262636
122	1.9404995005
123	0.376953133823
124	6.25493123772
125	2.7114005994
126	3.06615445545
127	3.44533866134
128	3.03774603175
129	2.25520683761
130	3.51445354645
131	3.51923960396
132	3.60045508982
133	3.18033463035
134	3.26299300699
135	4.59188811189
136	2.9688182721
137	2.940995005
138	2.8782017982
139	4.65309811695
140	3.96032767233
141	1.30842718447
142	6.40053546454
143	2.41077259186
144	2.54382417582
145	2.58957057314
146	3.48764835165
147	1.95223448276
148	3.42711287129
149	2.82319304348
150	2.9081958042
151	1.95929435084
152	1.72851485149
153	1.27987314172
154	1.11408110781
155	1.25105367793
156	1.06990891089
157	0.899358415842
158	0.545278721279
159	0.871269902913
160	1.03407874016
161	0.571945098039
162	0.617631683168
163	0.325069306931
164	0.877687128713
165	1.1575021097
166	1.32852537313
167	0.90701369863
168	1.10852830189
169	0.60838019802
170	1.51004163197
171	2.15629306931
172	1.81297102897
173	2.23775396825
174	1.79209495549
175	1.65196432111
176	1.73193206793
177	2.62393606394
178	2.51774625375
179	2.53094905095
180	3.31165873016
181	3.15338261738
182	2.43246031746
183	1.72922627737
184	2.86446353646
185	2.49834825871
186	3.42745688801
187	2.63101782178
188	3.08815841584
189	0.144
190	6.65848959366
191	2.60756043956
192	2.60451932607
193	1.53282200153
194	2.4921980198
195	2.03590809191
196	1.66749143372
197	2.31781018981
198	1.43418037661
199	1.71649150849
200	1.41205946482
201	2.06960792079
202	1.86607524752
203	2.32874325674
204	2.07981618382
205	1.93576214073
206	1.94973451327
207	2.47052673267
208	1.63011298315
209	1.81178821179
210	2.07165906838
211	1.58991408591
212	2.03911992071
213	0.757419607843
214	0.801837623762
215	0.996879207921
216	0.927952987267
217	1.12658823529
218	0.719576054956
219	0.832846601942
220	0.976174430129
221	0.574289108911
222	0.791001980198
223	0.515134182174
224	0.49843960396
225	0.418037218413
226	0.415782646801
227	0.747659405941
228	0.575263366337
229	0.446260194175
230	0.34266927593
231	0.297218234724
232	0.212286979628
233	0.252553846154
234	0.255005825243
235	0.239725714286
236	0.150105982906
237	0.147323076923
238	0.000119127443724
239	1.42637362637
240	2.00658077304
241	1.3131184466
242	1.5363036963
243	1.17282502444
244	1.18710436433
245	1.41872205737
246	1.27988878591
247	1.52692869565
248	1.78642157842
249	1.81931417245
250	2.09222551929
251	2.14718415842
252	2.62257742258
253	2.68742120912
254	3.97565634366
255	2.0504278607
256	1.5812990099
257	1.64902970297
258	1.5820039604
259	1.48632167832
260	1.31809751244
261	1.39062857143
262	1.73835764236
263	1.42824975223
264	1.55399804114
265	1.84487978629
266	1.88727056492
267	1.54191408591
268	1.67157227723
269	2.68594605395
270	2.93804985045
271	2.28425384615
272	2.46434365634
273	2.05094952951
274	2.19737512243
275	2.20469130869
276	2.5398041958
277	2.94437562438
278	2.09812326044
279	3.01560839161
280	2.87252694611
281	2.57357842158
282	2.92185414585
283	2.3623016983
284	2.5842939424
285	2.6144
286	2.68632967033
287	3.38578221778
288	3.52393650794
289	3.82542574257
290	3.69106772908
291	3.08366290182
292	2.82419439252
293	2.8097982018
294	2.15195242815
295	1.96792007992
296	1.87691743119
297	2.57888316832
298	2.11328981207
299	2.4435964036
300	2.7317480315
301	1.20394846383
302	1.1438828596
303	2.19754645355
304	1.97085552408
305	2.62291161867
306	2.04131868132
307	2.052
308	1.5836963037
309	1.8854019802
310	1.56901397206
311	2.21941258741
312	2.40131485149
313	1.49043756244
314	2.64914285714
315	2.14915484515
316	1.99034565435
317	2.2961980198
318	2.77392475248
