0	0.841846153846
1	0.446260194175
2	0.624332673267
3	0.412627249357
4	0.644407185629
5	0.317853465347
6	0.649495548961
7	0.555926852743
8	0.761788235294
9	0.510217782218
10	0.824325074331
11	0.56806330366
12	0.480090322581
13	0.965647058824
14	0.595504459861
15	0.673140905209
16	0.799753846154
17	0.669169474727
18	0.84518019802
19	0.758495049505
20	0.432768932039
21	0.509275247525
22	0.476296735905
23	0.4168125
24	0.524569154229
25	1.06189306931
26	0.718336633663
27	0.912
28	0.219856603774
29	0.155111811024
30	0.396988235294
31	0.538677227723
32	1.0824925816
33	1.11651333333
34	1.15707163886
35	1.01340392157
36	0.864055063913
37	1.00485742772
38	0.958923636364
39	1.40863366337
40	0.709354455446
41	0.675952941176
42	0.403759223301
43	0.418447058824
44	0.661584466019
45	0.634748514851
46	0.29184
47	0.747659405941
48	0.620133858268
49	0.655685823755
50	0.890541176471
51	0.744126732673
52	0.719880099917
53	0.747774033697
54	0.819857425743
55	0.897118881119
56	1.33587314172
57	0.780166336634
58	0.622017629775
59	0.408427480916
60	0.476768316832
61	0.487603960396
62	1.14497692308
63	1.66009190809
64	1.52681070367
65	1.29912871287
66	1.41315484515
67	1.41486162905
68	1.41538461538
69	1.68597026759
70	1.98002797203
71	2.07947670961
72	2.00741658342
73	1.55210723861
74	1.80512092131
75	2.05174603175
76	2.76881503462
77	2.92976623377
78	2.33435364635
79	0.751527305282
80	2.15381418581
81	2.13227353816
82	2.29490509491
83	2.10372249752
84	1.63523355577
85	1.54796439169
86	0.967980148883
87	1.56342857143
88	1.6630048216
89	2.09705389222
90	1.72000799201
91	2.14545742574
92	1.37884705882
93	1.12802378593
94	0.525482726424
95	0.888522772277
96	1.49444598612
97	1.89142057942
98	1.58638415842
99	1.41958841159
100	1.73381532417
101	2.13462178218
102	1.12167920792
103	0.681002629273
104	1.00255867769
105	0.988074582924
106	1.16839160839
107	1.61994896958
108	1.84314885115
109	2.53718273646
110	2.33035014837
111	2.4188638413
112	2.50706893107
113	2.52606238532
114	2.08768732126
115	2.13194805195
116	1.88346221786
117	1.54105894106
118	1.89811694747
119	1.23297308076
120	0.807984111221
121	1.36663336663
122	1.62916947473
123	1.98981818182
124	1.75537425743
125	1.34361264822
126	1.1403082637
127	1.32194851485
128	0.631384615385
129	0.422237037037
130	1.05001780415
131	2.21963387511
132	2.44885544554
133	2.15573226773
134	2.45944651619
135	2.30779571664
136	1.865187251
137	2.73003796204
138	1.61341526264
139	1.26502279485
140	1.58888311688
141	1.45263366337
142	1.06256143856
143	1.65561149653
144	1.80893090909
145	2.12233366633
146	2.33204360753
147	2.79843356643
148	2.36541428571
149	2.44257425743
150	1.76471351351
151	2.91427772228
152	2.48986213786
153	2.11643650794
154	1.81634365634
155	1.84434489594
156	1.70555844156
157	1.68714485514
158	1.82956590684
159	1.53968849558
160	1.22442772277
161	0.933914018692
162	1.17024950495
163	0.865890909091
164	1.2901018981
165	0.999762376238
166	1.63618217822
167	1.52426930693
168	1.21649108911
169	1.5524955045
170	1.85424175824
171	1.89238453915
172	1.90675724276
173	2.02909018831
174	1.48531092437
175	2.19963564356
176	2.00408391608
177	1.50615445545
178	1.03976842105
179	1.57272547076
180	1.19022577423
181	1.15877647059
182	0.714987610619
183	1.30103496503
184	1.60399603568
185	1.66080316518
186	1.86243168317
187	1.34495143707
188	1.49258951533
189	2.02739009901
190	2.01488666667
191	2.76606593407
192	2.6302017982
193	3.34596603397
194	2.61242063492
195	2.5536950495
196	2.53994856578
197	1.94091089109
198	2.40527472527
199	1.1878015873
200	1.65089310689
201	1.54793273986
202	1.804996633
203	2.8097982018
204	1.70801198801
205	1.55801798202
206	2.65736372646
207	1.9027960396
208	1.86244155844
209	2.09127920792
210	2.12408391608
211	2.10628571429
212	1.93891708292
213	1.75223762376
214	1.85680071492
215	2.45969108911
216	1.73457742258
217	2.02261738262
218	1.61190882061
219	2.39434165834
220	2.4500998004
221	2.26941858142
222	2.27417892644
223	2.61867457962
224	2.63924528302
225	2.07520958084
226	1.60088888889
227	1.84118281718
228	2.41874331021
229	1.82323514212
230	2.03530566038
231	2.14123447637
232	2.12101498501
233	2.32954245754
234	2.14188211788
235	2.33508730159
236	2.21091485149
237	2.0686993007
238	2.96286113886
239	2.38934390486
240	2.41137262737
241	2.26212091179
242	2.4177009009
243	2.6083036963
244	2.14288111888
245	1.79131268731
246	2.46457142857
247	1.89038961039
248	1.95234886026
249	1.53745454545
250	1.99573439049
251	1.24210841121
252	1.59622777223
253	1.8772990099
254	2.19952941176
255	2.0509010989
256	1.79337958375
257	2.30799207921
258	1.8219079334
259	2.51386930693
260	1.95857566766
261	1.46426164519
262	1.34377254902
263	1.37336470588
264	1.17024950495
265	0.766785214785
266	1.09330669331
267	1.20394846383
268	0.863207065751
269	1.27734124629
270	0.941544554455
271	1.0944
272	1.05714851485
273	1.30027722772
274	0.934732673267
275	0.890113207547
276	0.863712287712
277	0.728683760684
278	1.19192079208
279	0.911145098039
280	1.47364752475
281	1.72572673267
282	2.05416513761
283	2.24127872128
284	1.79197623762
285	2.60206993007
286	1.85571456888
287	2.9745980198
288	2.66906693307
289	2.89902574257
290	1.98275520317
291	2.33779009901
292	2.35060939061
293	1.67146878097
294	1.65053346653
295	2.1692765114
296	1.8995952381
297	2.29297360704
298	2.30799207921
299	1.68247920792
300	2.32839160839
301	2.20181565907
302	1.54091881188
303	1.5196963037
304	1.30245730028
305	1.41036563437
306	1.27987314172
307	0.886538001708
308	0.783247058824
309	1.00771485149
310	0.704316831683
311	0.411754455446
312	0.308132038835
313	0.343341176471
314	0.332798486282
315	0.305211155378
316	0.284123076923
317	0.220984615385
318	0.216712871287
