0	1.67620740741
1	2.04793663366
2	1.68807992008
3	1.89856031904
4	1.25572166998
5	2.08821578422
6	2.0720553907
7	2.17593650794
8	2.45994005994
9	2.03076435644
10	2.24690196078
11	2.38340859141
12	2.05995604396
13	2.17809731877
14	2.17568031968
15	2.11462137862
16	2.79479365079
17	3.0001998002
18	2.74322939424
19	2.13040316206
20	1.44563960396
21	2.56927072927
22	2.54101098901
23	2.94553446553
24	2.28043781095
25	2.06247992165
26	2.53647152847
27	2.30048351648
28	2.35816848365
29	2.58594251734
30	2.70046753247
31	2.35583366337
32	2.14995643564
33	2.47967661213
34	1.89142057942
35	1.59892170466
36	2.15416023739
37	2.11462137862
38	2.14336507937
39	2.20847952048
40	1.55553617443
41	1.65785346535
42	1.73196403596
43	1.89142057942
44	1.68736507937
45	2.37701498501
46	1.82219226957
47	1.71043137255
48	1.92421978022
49	1.98342457542
50	2.11155992141
51	1.96795204795
52	1.80848751249
53	1.91085714286
54	1.81761277445
55	2.22571428571
56	1.90689310689
57	2.00529070929
58	2.36451139742
59	2.23617254902
60	1.90689310689
61	1.93508840864
62	1.62263336663
63	2.01168431568
64	1.96965079365
65	1.78154455446
66	2.44900699301
67	1.9676987116
68	1.88048751249
69	1.45791873142
70	1.68369230769
71	1.4477042957
72	1.78458153242
73	1.4022970297
74	1.56342857143
75	1.27353022795
76	1.27860594059
77	1.0944
78	0.868251748252
79	1.11717740337
80	1.03040634291
81	0.573058941059
82	1.06189306931
83	1.04022178218
84	0.568658823529
85	0.372910891089
86	0.611576470588
87	0.493552941176
88	0.595370919881
89	0.310028328612
90	0.239954242135
91	0.262320230105
92	0.229740458015
93	0.0035580601463
94	0.231426415094
95	0.863712287712
96	1.04125272547
97	0.931865346535
98	1.04472079208
99	1.21359207921
100	1.20275643564
101	0.991560784314
102	1.21242352941
103	1.13774257426
104	0.752158415842
105	0.866851485149
106	0.682645544554
107	0.255170984456
108	0.862222222222
109	0.666917082917
110	0.758495049505
111	1.12610589411
112	0.885134445535
113	0.846017839445
114	1.07144055944
115	1.19641980198
116	1.37065631068
117	1.4212987013
118	1.02131468531
119	1.216
120	1.15422001982
121	1.11496735905
122	1.23526336634
123	0.852914622179
124	1.22442772277
125	1.28944158416
126	1.5789010989
127	1.65785346535
128	1.01221386139
129	1.2364876115
130	1.67275924076
131	1.14157842158
132	0.848455348381
133	0.824325074331
134	0.852078431373
135	1.25693465347
136	1.20275643564
137	0.769854145854
138	1.0310343474
139	0.899358415842
140	0.834628571429
141	1.12627572816
142	0.740329411765
143	0.725988118812
144	0.587244859813
145	0.701266019417
146	0.682645544554
147	0.536470588235
148	0.655984015984
149	0.676979187314
150	0.906538922156
151	0.904902723735
152	0.996879207921
153	0.884266666667
154	1.07272871287
155	1.01677522478
156	0.850521308226
157	0.834344554455
158	0.704316831683
159	0.675952941176
160	0.735283349562
161	0.631091806515
162	0.908395256917
163	0.933714285714
164	0.682220155039
165	1.5494970297
166	1.51487433628
167	1.8902296369
168	1.32417254902
169	1.57436163836
170	1.48595441031
171	1.29394059406
172	1.65785346535
173	1.17592071358
174	1.70555844156
175	1.31519361277
176	1.30285714286
177	1.06294549058
178	0.589623762376
179	0.765314685315
180	0.90024975223
181	0.798113886114
182	0.872190287413
183	1.1917042957
184	1.20275643564
185	1.04577998018
186	1.20275643564
187	1.02770829171
188	1.01221386139
189	0.953536633663
190	0.931865346535
191	1.13252725471
192	1.22442772277
193	1.26823576424
194	1.02304950495
195	1.28944158416
196	1.29071952428
197	1.18558415842
198	1.5196963037
199	1.59892170466
200	1.45054005935
201	1.25183746283
202	1.23543656344
203	1.17140931615
204	1.19541960784
205	1.97888511489
206	1.28437661051
207	1.37612673267
208	1.23693980583
209	1.27860594059
210	1.40863366337
211	1.30555044955
212	1.37749058474
213	1.20727920792
214	2.28501098901
215	1.72103096903
216	2.14971428571
217	1.28370829171
218	1.56187908821
219	1.15307722772
220	1.65232941176
221	1.47812277228
222	1.78208991009
223	2.00026164519
224	1.72742457542
225	1.11082656095
226	1.54503529412
227	1.47814653465
228	1.48065882353
229	1.2573026973
230	0.659595682041
231	1.18839091807
232	1.0545840708
233	0.654637623762
234	0.639302970297
235	0.791001980198
236	0.666917082917
237	0.660046692607
238	0.718939663699
239	0.830913086913
240	0.824325074331
241	1.18108514851
242	1.23976237624
243	1.47510802775
244	1.81942857143
245	2.08494257426
246	1.91790891089
247	1.24300093545
248	0.869082352941
249	0.541782178218
250	0.45644228904
251	0.541782178218
252	1.14289303238
253	1.37756643357
254	1.46503096903
255	1.75383016983
256	1.5542504817
257	1.84205940594
258	1.37506796117
259	1.47510802775
260	1.0944
261	1.34930669331
262	1.56033267327
263	1.08914172448
264	1.353115727
265	1.17140931615
266	0.893021782178
267	1.24636963037
268	1.09548463826
269	0.734054901961
270	0.685338551859
271	1.08579960707
272	0.622305882353
273	0.62268852459
274	0.279025495751
275	0.171297391304
276	0.0383663453111
277	0.425422740525
278	0.0911309613929
279	0.579956820412
280	0.525741176471
281	0.654494117647
282	0.286881553398
283	0.0829693693694
284	0.0435272727273
285	0.758495049505
286	1.2901018981
287	1.12610589411
288	1.30736507937
289	1.37612673267
290	0.784665346535
291	1.34361980198
292	1.48852869565
293	1.67786350148
294	1.06050749251
295	0.829650793651
296	1.94608591409
297	2.01622377622
298	2.00857142857
299	2.00909306931
300	2.40740918164
301	2.33879365079
302	2.33967632368
303	2.14124083251
304	2.48634565435
305	2.44955996549
306	2.95192807193
307	1.41453320119
308	2.26768431568
309	2.57762874251
310	2.51250793651
311	2.71609910803
312	3.08182178218
313	3.0001998002
314	2.96868302257
315	3.0657982018
316	3.41026759167
317	3.20101386139
318	3.42658941059
