0	1.7748156638
1	1.62958693564
2	1.76616360601
3	1.77746759721
4	0.910361359571
5	1.55793806194
6	1.65416651076
7	1.13848551449
8	1.24732888465
9	1.45219650291
10	1.41539257981
11	1.52636491228
12	1.9508403526
13	1.92987908821
14	1.51528829686
15	2.69034965035
16	1.99947252747
17	2.0845954046
18	1.62294459103
19	2.01816583417
20	1.55771428571
21	1.67612774451
22	1.73630828516
23	1.59526336634
24	1.48115643564
25	1.37365544554
26	1.46301782178
27	1.17387155963
28	1.13014736842
29	1.22451148851
30	1.71180178394
31	1.29442105263
32	1.62913086913
33	1.42178107607
34	1.55646666667
35	1.50775327103
36	1.60455445545
37	1.53846321526
38	1.37010086957
39	1.72917482517
40	1.84070634921
41	1.32363921569
42	1.17175221239
43	1.25692561983
44	1.26632583258
45	1.18408101266
46	1.48161053622
47	2.05859823009
48	2.11053746254
49	2.03611089109
50	1.55780376611
51	1.54472079208
52	1.9858898226
53	1.76002885482
54	1.75922068966
55	1.60350442478
56	1.79091525424
57	1.42689174312
58	1.54717335945
59	1.09562437562
60	1.51502874133
61	1.24933459001
62	1.39087795993
63	1.49060539461
64	1.39744217687
65	1.43310781405
66	1.66458431019
67	2.01496103896
68	1.15058218549
69	1.65779980178
70	1.64281142857
71	1.68420729367
72	1.60678787879
73	1.61577843719
74	1.65483316683
75	1.02131533269
76	1.68957966102
77	1.37225174825
78	1.31061891644
79	1.29211262489
80	1.43344301288
81	1.33423716814
82	1.58834782609
83	1.35358497011
84	1.48860938884
85	1.54516036036
86	1.46132806324
87	1.41793314231
88	1.57950769231
89	1.71677122877
90	1.77426860565
91	1.43749902913
92	1.57846153846
93	1.31804444444
94	2.05138095238
95	1.73268910891
96	1.3657982906
97	1.36929824561
98	1.57752647353
99	1.23033587786
100	1.81378043912
101	1.30481518482
102	1.58670634921
103	1.45270545455
104	1.44564921947
105	1.66876646707
106	1.55399000999
107	1.54944618215
108	1.4205682243
109	1.62945098039
110	1.45147975883
111	1.22535728543
112	1.03568619662
113	0.968754005655
114	1.05990261497
115	1.32767232767
116	1.22790172884
117	1.63023984143
118	1.13618086957
119	1.5326033966
120	1.14437823372
121	1.86103968254
122	1.65603171457
123	0.986475665748
124	1.47387012987
125	1.41421176471
126	1.63207407407
127	1.79694705295
128	1.08271428571
129	1.07603361345
130	0.843024485798
131	0.219058639562
132	1.0895024975
133	1.27806848112
134	1.27423624887
135	1.51062537463
136	1.19385034014
137	1.3892137931
138	1.33239633639
139	1.48404395604
140	1.07996108949
141	1.30858666667
142	1.6052027972
143	1.74763131814
144	1.32586930693
145	1.39470980019
146	1.11832478632
147	1.19073843248
148	1.13062745098
149	1.31571636364
150	1.7170989011
151	1.56189494549
152	1.22265882353
153	1.08210989011
154	1.0070543572
155	1.34891881188
156	1.05900990099
157	1.27377137714
158	1.28079293425
159	1.49963495146
160	1.69355444555
161	1.25664864865
162	1.35863797942
163	1.67746086957
164	1.90776423576
165	1.37116352825
166	1.45765434565
167	1.25468105986
168	1.26350508475
169	1.33291508492
170	1.13712054329
171	1.36842818912
172	1.17740338983
173	1.37725272547
174	1.34749700599
175	1.1959047619
176	0.993007407407
177	1.43817782218
178	1.12136372646
179	1.28688727273
180	1.67880919081
181	1.22097699115
182	1.31831912785
183	0.469825711821
184	0.246264626463
185	0.943336339044
186	1.51288711289
187	1.02489227836
188	1.21124303554
189	1.12264827586
190	1.29185815603
191	1.54093906094
192	1.19171111111
193	1.06686740804
194	1.48305788423
195	1.50177205154
196	1.18438676845
197	1.70538261738
198	1.08810477081
199	1.74213786214
200	1.22995643564
201	1.35151864407
202	1.45253174603
203	1.24315307058
204	1.51022745098
205	1.75025711482
206	1.2122037962
207	1.34853146853
208	1.3347789891
209	1.34322376238
210	1.43118496538
211	1.50384126984
212	1.76317928287
213	1.16299801193
214	1.14924363636
215	1.32225333333
216	1.4378109811
217	2.76818823529
218	3.73325074925
219	0.0237664551224
220	0.60483925113
221	0.360677966102
222	0.583815028902
223	0.743056943057
224	1.13450542118
225	1.29644444444
226	1.63919301649
227	2.14549026877
228	2.62103496503
229	2.95454145854
230	2.32212533098
231	2.34260960699
232	2.83868744271
233	3.41561767358
234	3.0095984016
235	3.10342405619
236	4.01588811189
237	3.0224222002
238	2.35468514851
239	2.2962957043
240	2.43843137255
241	2.79527672328
242	2.66508658744
243	2.82306586826
244	2.30947244094
245	1.67725074925
246	3.23739460539
247	3.87745054945
248	3.72730952381
249	3.0084955045
250	3.77638095238
251	3.58677045908
252	3.85116483516
253	2.58989264414
254	2.09686313686
255	2.13673736373
256	1.46594205794
257	1.7814302554
258	2.39434165834
259	2.59398609732
260	3.47204795205
261	3.20740377358
262	3.6152967033
263	3.87729070929
264	4.71715179393
265	3.21815445545
266	2.27535575221
267	3.05277922078
268	3.52597002997
269	3.28542857143
270	2.98358811881
271	2.99872927073
272	2.74411950791
273	2.6176293578
274	3.24552247752
275	3.19960839161
276	3.72401526718
277	3.14273392681
278	3.17813977567
279	3.22578221778
280	3.48668131868
281	2.19996825397
282	2.1893493014
283	2.77798035363
284	3.70630969031
285	2.12559440559
286	2.98715873016
287	2.39462745098
288	3.13679120879
289	3.8267965812
290	3.46813186813
291	3.60014385614
292	4.04491269841
293	4.06228971029
294	2.99263177227
295	3.33287512488
296	2.69807524752
297	2.07625174825
298	2.17949825784
299	3.44391608392
300	1.46905054509
301	1.95880353982
302	2.63306138614
303	2.00716883117
304	2.77798003992
305	2.26464950495
306	0.810377777778
307	2.06634965035
308	1.99403187251
309	1.68956175299
310	1.58529470529
311	1.7579960396
312	2.20301782178
313	1.85097029703
314	1.9939020979
315	2.05424975025
316	1.86133862959
317	2.34826347305
318	1.99616253717
