0	3.05957049486
1	5.44920679321
2	4.34101587302
3	4.61829370629
4	4.35013592233
5	3.86198811881
6	4.5135024975
7	5.25241158841
8	4.59528897716
9	4.64015984016
10	4.08711288711
11	4.49802997003
12	4.81083348666
13	4.81508891109
14	4.53193650794
15	3.1220652819
16	3.52246605505
17	3.88577822178
18	4.09358969277
19	3.87484515485
20	3.96230969031
21	4.84758483034
22	5.35639121756
23	4.74599800995
24	4.43243156843
25	3.76819821606
26	3.75912087912
27	3.99109780439
28	3.14631984586
29	4.73855744256
30	3.36604373757
31	3.54685314685
32	3.62382728165
33	3.452995005
34	4.62922677323
35	4.7660654113
36	3.86845154845
37	3.96230969031
38	3.31593650794
39	4.01697502498
40	4.18097102897
41	3.76558730159
42	5.43827372627
43	4.98362437562
44	5.39454145854
45	3.66691595845
46	5.27427772228
47	4.60096703297
48	5.16555932203
49	4.61821956088
50	5.35080919081
51	4.7102977023
52	5.3236247505
53	4.14295029821
54	5.25241158841
55	5.10388811189
56	5.73346653347
57	5.00206882989
58	4.69293457944
59	4.72762437562
60	4.63703213958
61	3.80147326733
62	4.65109290709
63	4.45534225621
64	5.42734065934
65	4.81479441118
66	4.75947980296
67	4.88639680957
68	5.29822704837
69	4.70089730808
70	5.50915308151
71	4.91802597403
72	5.14618397626
73	2.5192967033
74	4.5463016983
75	4.96144313725
76	4.08969429098
77	4.43243156843
78	5.22161347869
79	3.94498301698
80	5.3951555996
81	4.06524675325
82	4.50896303696
83	4.02388822355
84	4.64007185629
85	4.96420717131
86	4.44077623762
87	5.11028171828
88	4.90217165669
89	5.56393612774
90	4.84758483034
91	4.87688845015
92	4.84149450549
93	4.82602197802
94	4.12619103314
95	4.93535264735
96	3.41224750499
97	5.06015584416
98	4.65109290709
99	4.79627192118
100	4.5198961039
101	5.11822222222
102	4.66210505451
103	5.19477227723
104	4.70559680639
105	4.99001798202
106	4.4151048951
107	5.19774625375
108	4.65098602794
109	5.13400372439
110	5.38360839161
111	4.7758961039
112	5.646001998
113	4.7430969031
114	5.30178043912
115	5.06015584416
116	5.04342744324
117	5.33987612388
118	4.4230343474
119	5.40064950495
120	4.88522677323
121	5.53667132867
122	4.9273015873
123	5.03187181904
124	5.19774625375
125	4.95987301587
126	5.64600999001
127	5.09295504496
128	5.06956454721
129	5.46013986014
130	4.7929740519
131	5.35080919081
132	4.9044612326
133	5.09425948104
134	4.57987301587
135	4.73855744256
136	4.6446993007
137	5.32894305694
138	4.06985826772
139	5.14887025948
140	4.44492857143
141	2.74614770459
142	5.10971656687
143	5.36731337325
144	4.97467860697
145	4.8416950495
146	5.62413586414
147	4.99455744256
148	5.5804035964
149	4.5791008991
150	5.36174225774
151	5.0886374502
152	5.15855344655
153	5.44920679321
154	4.89615184815
155	5.42734065934
156	4.96973359841
157	4.92298039216
158	5.28521078921
159	5.16676435644
160	5.48200599401
161	4.84758483034
162	5.10009172483
163	4.70559680639
164	5.10543238095
165	4.96815184815
166	4.82602197802
167	3.86845154845
168	4.64015984016
169	4.41551145038
170	4.67921756487
171	2.1889652433
172	4.92441958042
173	4.43322837707
174	5.08333732535
175	4.39415213358
176	5.28521078921
177	4.55723476523
178	5.32450793651
179	4.52443556444
180	5.04807135778
181	4.55191364082
182	4.81028343313
183	4.74168083097
184	5.29614385614
185	4.35261657033
186	5.17588011988
187	4.37339720559
188	4.6119000999
189	4.69945580933
190	4.43697102897
191	5.27427772228
192	4.3193015873
193	5.40547452547
194	4.04296438884
195	5.25241158841
196	4.60097502498
197	5.2253253493
198	4.58265472637
199	4.8432363996
200	4.67295904096
201	4.44346506986
202	4.39963236763
203	4.32397345972
204	4.65109290709
205	4.4214985015
206	4.38885429142
207	5.05561638362
208	4.37560199005
209	3.08777692308
210	3.80924675325
211	5.1731009901
212	4.51662574257
213	5.04468331668
214	4.81962837163
215	5.05561638362
216	4.74928542914
217	5.46562549801
218	4.83056143856
219	4.01368712871
220	4.39007970343
221	4.81508891109
222	4.8645592233
223	4.83695504496
224	4.31878642715
225	3.60818150087
226	4.58549450549
227	5.12575424575
228	4.95045391477
229	4.5199389313
230	4.97908491508
231	4.70518058252
232	4.66202597403
233	4.83041347053
234	5.23054545455
235	4.3862552381
236	4.03884115884
237	5.19774625375
238	4.61073558648
239	4.65109290709
240	5.34440759241
241	5.37823552894
242	4.86698709037
243	4.8958778626
244	4.68389210789
245	4.81508891109
246	3.50452815534
247	5.21954045954
248	4.34281285444
249	4.01646065259
250	5.44912524085
251	5.07748251748
252	4.4772173913
253	4.88673852295
254	4.6142160555
255	4.7758961039
256	5.15401398601
257	3.98273015873
258	5.24147852148
259	4.1504627451
260	4.80105733722
261	4.62956590684
262	5.12121478521
263	4.26843556444
264	4.98362437562
265	5.04468331668
266	4.64634895314
267	5.21961238761
268	4.45438722555
269	4.99001798202
270	4.76584554455
271	4.88155142018
272	4.6015952381
273	4.78228971029
274	4.42215976901
275	5.12468447082
276	3.92820363636
277	5.55851348651
278	3.8504765343
279	3.13722958694
280	5.30707692308
281	4.9786506986
282	4.73322834646
283	4.91311776447
284	5.46013986014
285	4.87429370629
286	5.07748251748
287	4.60096703297
288	4.01296606786
289	4.77135664336
290	4.14856686627
291	5.11028171828
292	4.61871952428
293	5.27427772228
294	4.4126382557
295	5.03375024975
296	3.89282235529
297	4.86336063936
298	4.9413493014
299	3.02149553933
300	3.97778221778
301	4.72762437562
302	4.52443556444
303	4.94450793651
304	4.91802597403
305	5.02281718282
306	4.39882330468
307	4.20456577646
308	5.27370888469
309	4.95721878122
310	4.68700096061
311	4.75051089109
312	4.70755472404
313	5.06654945055
314	4.57456143856
315	4.65098602794
316	5.26334465534
317	4.79776223776
318	4.9304139265
