0	4.41479004975
1	4.30589452736
2	3.77594013096
3	4.01697502498
4	4.46878415842
5	4.35913822688
6	4.71669130869
7	4.74077330716
8	4.65563236763
9	4.73967524752
10	3.35931565441
11	3.40689108911
12	4.5198961039
13	4.39963236763
14	3.72411131725
15	3.99510889111
16	4.34496703297
17	3.98417582418
18	3.36270109235
19	3.86198811881
20	3.50766033966
21	3.24757185332
22	4.34496703297
23	3.72112475248
24	3.34850793651
25	3.37104648863
26	3.47032967033
27	3.40279365079
28	3.39379020979
29	4.00679484638
30	4.48072727273
31	4.46523076923
32	3.36099100899
33	3.67064811133
34	1.83572277228
35	1.0944
36	0.741322772277
37	1.28944158416
38	1.03864135864
39	0.0782086707956
40	0.795500990099
41	0.693481188119
42	0.660974257426
43	0.622305882353
44	0.631384615385
45	0.281726732673
46	0.294149019608
47	0.390083168317
48	0.222933333333
49	0.823508910891
50	0.650138613861
51	0.877687128713
52	0.611295049505
53	0.606796039604
54	1.00771485149
55	0.227236436705
56	1.57564356436
57	2.69978152929
58	3.35005794206
59	3.48125474525
60	3.42450793651
61	3.21883716284
62	3.23354455446
63	2.99809712587
64	2.9263777336
65	2.68602390438
66	2.73508118812
67	2.3449980198
68	3.43409181637
69	3.77644755245
70	3.42790863952
71	3.12046353646
72	2.6727135778
73	2.59567632368
74	3.56871928072
75	2.71879365079
76	2.25381386139
77	1.98939607843
78	1.80748190476
79	1.56033267327
80	1.48448316832
81	1.21929831516
82	1.5494970297
83	1.95298120673
84	1.91956923077
85	2.5247049505
86	2.20413465347
87	2.85806993007
88	3.90764435564
89	3.13136507937
90	2.72687312687
91	2.52336507937
92	2.84977425743
93	2.07088911089
94	2.26768431568
95	2.26279365079
96	2.14288111888
97	2.09275524476
98	2.63940859141
99	2.74685714286
100	2.49727872128
101	3.29422222222
102	3.57965234765
103	2.42074725275
104	2.04565079365
105	2.36154245754
106	0.0233431878896
107	0.0638183753104
108	0.986139079334
109	3.25166033966
110	4.16951437066
111	4.23140918164
112	3.5547463838
113	3.27352647353
114	4.1591048951
115	3.92951048951
116	4.22127507448
117	3.66619436876
118	4.33221010902
119	4.1919040959
120	4.08257342657
121	3.79192007992
122	3.81388397247
123	3.86391208791
124	3.88365940594
125	3.95258671952
126	3.60151848152
127	3.59915956392
128	3.79831368631
129	4.07164035964
130	3.79365079365
131	4.03078763709
132	3.86706653426
133	3.71813972056
134	4.04336507937
135	4.14817182817
136	4.23563636364
137	3.99343670265
138	3.88577822178
139	3.99510889111
140	3.69960675273
141	4.07535686275
142	4.11126546906
143	4.04977422577
144	4.17779543198
145	3.7417271028
146	4.10034331337
147	4.12218762475
148	4.01477656405
149	3.86005588822
150	2.72605590062
151	3.83707936508
152	2.4640587156
153	2.95926552655
154	2.77392475248
155	1.8158493558
156	2.39680316518
157	2.12589098117
158	1.84129470529
159	2.10741960784
160	2.67084369748
161	3.24757185332
162	3.71084915085
163	1.84388503469
164	1.29464135864
165	1.42087611497
166	1.50251089109
167	1.46085429142
168	1.77164202335
169	1.62695738355
170	1.50725748503
171	1.83036163836
172	2.15652173913
173	2.54922105263
174	2.15843012884
175	2.89761584158
176	2.50570858283
177	2.69707936508
178	2.73058217822
179	3.032999001
180	3.29095738355
181	3.37192407592
182	2.31141658342
183	1.95879365079
184	2.40740918164
185	2.98571428571
186	2.78153846154
187	2.89086913087
188	2.95646753247
189	2.65628599801
190	2.24357684631
191	2.60571428571
192	2.2317964775
193	2.32793650794
194	2.8362037962
195	3.79831368631
196	2.01236879433
197	1.84768831169
198	1.85172914622
199	2.40527472527
200	2.04565079365
201	1.34476723277
202	1.18675916749
203	1.58529470529
204	1.13140594059
205	1.20263736264
206	1.24857142857
207	0.578215628091
208	0.397377821394
209	0.688783216783
210	0.977334641806
211	0.764787401575
212	0.582247011952
213	1.13703896104
214	1.4303049505
215	1.39539704433
216	0.913813121272
217	0.47906614786
218	0.317058941059
219	0.488087215064
220	0.122407207207
221	0.24921980198
222	0.433425742574
223	0.525741176471
224	0.53572027972
225	0.47813592233
226	0.629090188305
227	0.355044660194
228	0.666917082917
229	1.0336
230	0.867837462834
231	0.298958155423
232	1.20845193261
233	0.397768172888
234	0.371353293413
235	0.396988235294
236	0.300423529412
237	0.354070588235
238	0.357222551929
239	0.19585617104
240	0.340709433962
241	0.0643134182174
242	0.145488921713
243	0.629714285714
244	1.21239169139
245	1.83754212091
246	2.3449980198
247	2.33967632368
248	2.20623274162
249	1.91400199402
250	1.85491525424
251	1.52299702676
252	1.70555844156
253	1.30399214917
254	1.82582217782
255	1.47961149653
256	1.61809390609
257	2.04902297702
258	2.5474045954
259	2.10202184707
260	2.10661386139
261	2.43165634366
262	2.88632967033
263	2.41481746032
264	2.58474325674
265	2.10870168484
266	2.81726732673
267	2.30048351648
268	2.02193062438
269	2.10296470588
270	1.9224
271	2.56171089109
272	2.07031028037
273	1.70129454545
274	1.95298120673
275	1.70288206145
276	0.911096134787
277	0.332531468531
278	0.596551040634
279	1.69462537463
280	2.49727872128
281	2.11954806739
282	2.42484705882
283	1.18675916749
284	1.78434782609
285	1.57879365079
286	1.94848664688
287	1.58824750499
288	1.78233962264
289	1.31650749251
290	1.47364752475
291	1.21809108911
292	1.46503096903
293	1.21926915521
294	1.3434251497
295	1.35579781962
296	0.917354268891
297	1.02938613861
298	0.563453465347
299	0.611576470588
300	0.893021782178
301	1.61647904192
302	1.85923488603
303	1.4540979021
304	1.27479365079
305	2.78793206793
306	2.10661386139
307	1.83754212091
308	1.12658823529
309	1.85222777223
310	1.85618823529
311	1.55553617443
312	2.02261738262
313	1.69916483516
314	2.46457142857
315	2.09275524476
316	2.25831287129
317	1.72457482656
318	1.45863736264
