0	2.49808695652
1	1.85022222222
2	2.13960784314
3	2.26017391304
4	1.96965079365
5	1.94848664688
6	1.48107936508
7	1.69951335312
8	1.41593650794
9	1.92421978022
10	1.56328387735
11	1.34628571429
12	0.980831372549
13	0.686682352941
14	1.90229314831
15	2.08664150943
16	1.05715107914
17	1.61771428571
18	1.62662450593
19	1.78057142857
20	1.7756963037
21	1.6886884273
22	1.56793650794
23	1.81488911089
24	1.54011067194
25	1.70626415094
26	1.17126949654
27	0.70641509434
28	0.919209486166
29	1.24857142857
30	0.868251748252
31	0.552071216617
32	0.987020812686
33	1.11496735905
34	0.525650793651
35	0.461364705882
36	0.302798418972
37	0.510285714286
38	1.22080157947
39	0.406625620655
40	1.6237388724
41	1.48511372549
42	1.87828571429
43	1.62706467662
44	1.68285714286
45	1.40647467726
46	1.65294373149
47	1.46716981132
48	1.29464935065
49	0.959235059761
50	0.770857142857
51	1.21085203575
52	1.34476723277
53	1.02475368008
54	1.49138823529
55	1.60972951629
56	1.48255014896
57	1.65542857143
58	1.14517670286
59	0.804226415094
60	0.908395256917
61	0.79172027972
62	1.00955446516
63	0.214588235294
64	0.749142857143
65	0.884266666667
66	1.2245034965
67	1.19074183976
68	0.909258964143
69	1.77676494024
70	0.752164948454
71	0.826371541502
72	1.79886614173
73	1.05314285714
74	0.626146914789
75	0.595370919881
76	0.611576470588
77	1.15085714286
78	0.814752221125
79	1.70765063788
80	1.48365915769
81	1.60845283019
82	1.34412635735
83	0.600847058824
84	0.784015701668
85	0.726707631318
86	0.547707136237
87	0.664158102767
88	0.653373134328
89	0.709232303091
90	0.384912547529
91	0.607397423191
92	0.333214081827
93	0.319365079365
94	0.439905882353
95	0.486640316206
96	0.564571428571
97	0.323
98	0.542319127849
99	0.465471810089
100	0.449650793651
101	0.583968379447
102	0.705714285714
103	0.615069767442
104	0.813478691774
105	0.599272727273
106	0.697411764706
107	0.782490566038
108	0.854324110672
109	0.666793650794
110	0.743448551449
111	0.746919881306
112	0.754381618382
113	0.483297350343
114	0.338645333333
115	0.532
116	0.675952941176
117	0.667446272991
118	0.64120754717
119	0.665223529412
120	0.498007843137
121	0.622305882353
122	0.622305882353
123	0.735367588933
124	0.564011892963
125	0.616635917566
126	0.645050949051
127	0.79021958457
128	0.688783216783
129	0.586285714286
130	0.426245059289
131	0.479532619279
132	0.456
133	0.568658823529
134	0.675952941176
135	0.664571988247
136	0.450097318769
137	0.836894117647
138	0.772517647059
139	0.786384995064
140	0.669743793446
141	0.681296442688
142	0.825142857143
143	0.777855873643
144	0.809954857704
145	0.710649350649
146	0.782490566038
147	0.73464165844
148	0.869433962264
149	0.760734452122
150	0.684679245283
151	0.648853754941
152	0.885578421578
153	0.70005958292
154	0.742325581395
155	0.425836575875
156	0.583968379447
157	0.651428571429
158	0.437122302158
159	0.2736
160	0.249714285714
161	0.311152941176
162	0.318139534884
163	0.0837017208413
164	0.142797494781
165	0.981438735178
166	0.674141858142
167	0.457774319066
168	0.461364705882
169	1.11184063745
170	1.07393721973
171	0.976376470588
172	1.00473050346
173	1.19213346418
174	0.824519480519
175	1.23894339623
176	1.06839590444
177	0.901142857143
178	0.604465116279
179	0.526153846154
180	0.673142857143
181	0.884266666667
182	1.39641543027
183	1.39109433962
184	0.90118065153
185	1.03245283019
186	0.761042115573
187	0.870488625124
188	1.10423976024
189	0.891415112856
190	0.918377622378
191	0.712596078431
192	1.05418867925
193	0.731752212389
194	0.370983050847
195	0.220984615385
196	0.171670588235
197	0.101818181818
198	0.38
199	0.443383399209
200	0.386258823529
201	0.493552941176
202	0.878556987116
203	0.542061457419
204	0.972319842053
205	1.17373584906
206	0.955112727273
207	0.549413533835
208	0.934641509434
209	0.675290891283
210	0.64120754717
211	0.718229249012
212	0.770093161546
213	0.855169139466
214	0.718870588235
215	0.734054901961
216	0.708141176471
217	0.803428571429
218	0.724553359684
219	0.871083969466
220	0.885578421578
221	0.973280632411
222	0.814285714286
223	0.8854471387
224	1.16983816184
225	1.17257142857
226	0.816363996044
227	0.566820717131
228	0.795729083665
229	0.896694965449
230	0.895682224429
231	0.976376470588
232	0.983123395854
233	1.03245283019
234	0.593147410359
235	1.292
236	0.19352195122
237	0.75212749004
238	0.33472611465
239	0.227139622642
240	0.660046692607
241	0.840188976378
242	0.893039370079
243	0.192371493067
244	0.164108716026
245	0.000377483443709
246	0.0739459459459
247	0.0838620689655
248	0.0864
249	0.0882580645161
250	0.0994909090909
251	0.0709333333333
252	0.107189030362
253	0.0796651501365
254	0.0754108527132
255	0.0556946564885
256	0.0327664670659
257	0.036972972973
258	0.0288
259	0.0347208121827
260	0.0436015936255
261	0.0383663453111
262	0.0299835616438
263	0.0347428571429
264	0.0245243697479
265	0.0473766233766
266	0.0470103092784
267	0.0392258064516
268	0.0467359430605
269	0.00506666666667
270	0.0598967943706
271	0.00238098465411
272	0.0159337334934
273	0.000897049180328
274	0.0076
275	0.00721899736148
276	0.0268894348894
277	0.0168498845266
278	0.01824
279	0.0224109215017
280	0.00517878967081
281	0.00962857142857
282	0.0179733333333
283	0.02022
284	0.0182162162162
285	0.0183401360544
286	0.0224666666667
287	0.0323196803197
288	0.0183922683343
289	0.0283789473684
290	0.0234434782609
291	0.0244905374716
292	0.0252159002338
293	0.0167107438017
294	0.0283789473684
295	0.00625522041763
296	0.0123954022989
297	0.00917006802721
298	0.0260064308682
299	0.0149777777778
300	0.0149673837613
301	0.0173935483871
302	0.0117536784741
303	0.0185931034483
304	0.00855873015873
305	0.0202516431925
306	0.0203471698113
307	0.0183557446809
308	0.00632492668622
309	0.0141988150099
310	0.0177368421053
311	0.0299555555556
312	0.00537855361596
313	0.0199827053737
314	0.0153947180585
315	0.0121853107345
316	0.0206590038314
317	0.0262864107252
318	0.00998981009727
