0	2.36154245754
1	1.71043137255
2	2.19096927651
3	1.23976237624
4	1.71649150849
5	1.57722893954
6	1.7337029703
7	1.72907829534
8	1.96600979432
9	1.95041584158
10	1.53232475248
11	2.07520958084
12	1.94600594648
13	2.32793650794
14	1.80395604396
15	1.34495143707
16	0.811930097087
17	0.193699115044
18	1.60716083916
19	1.7428971029
20	1.76971428571
21	1.39303896104
22	1.59441823588
23	1.64285828343
24	1.9
25	1.63356643357
26	1.86334618916
27	1.78611275964
28	1.48750939664
29	1.35714285714
30	1.57116831683
31	1.22904295704
32	1.63996003996
33	1.28377210216
34	1.34361980198
35	0.856015841584
36	1.48898217822
37	1.97788571429
38	1.18077122877
39	1.87849420161
40	3.14629672447
41	2.41620779221
42	1.70738553023
43	1.98785389931
44	1.91726713009
45	2.03808991009
46	2.60313181368
47	1.98742178218
48	2.35279840319
49	2.18443113772
50	2.23465606362
51	2.62847552448
52	2.92218037661
53	2.1708964253
54	2.21266204163
55	1.61421520237
56	1.38817699115
57	1.38062574257
58	2.13194805195
59	1.7428971029
60	2.42958969277
61	1.88314570858
62	2.67220779221
63	3.36854384236
64	4.01587250996
65	3.77267864271
66	3.49748616601
67	2.869002997
68	2.97736915423
69	3.06189141165
70	3.59058541459
71	4.16019085487
72	3.17934257426
73	3.20792807193
74	3.48125474525
75	3.85374581281
76	3.33970887338
77	3.15867692308
78	3.10164528302
79	3.13779020979
80	3.35005794206
81	3.032999001
82	2.54758291956
83	2.66165481353
84	3.7648142999
85	3.06015049505
86	2.98926673327
87	3.62338461538
88	3.37022222222
89	3.31725874126
90	2.97833366633
91	3.10965079365
92	3.57965234765
93	3.10656888008
94	3.02764356436
95	2.82980019782
96	2.57765079365
97	2.22360435213
98	2.74141782178
99	3.12046353646
100	3.77963426372
101	4.12630569431
102	3.87666204163
103	3.33912487512
104	3.47032167832
105	2.56934260179
106	3.22979420579
107	3.60151848152
108	3.377728444
109	3.5295777998
110	2.9674005994
111	2.27139742319
112	0.364488471392
113	1.76796035679
114	2.09275524476
115	1.80500297324
116	1.82582217782
117	1.5880753221
118	1.92421978022
119	1.37114767096
120	1.33383416583
121	1.76476323676
122	1.54171428571
123	1.08377475728
124	0.859752727273
125	1.57436163836
126	1.40368681863
127	1.58529470529
128	1.51849355798
129	1.29394059406
130	1.44847058824
131	0.824527472527
132	1.07144055944
133	1.3124122894
134	1.27353022795
135	1.20275643564
136	1.3210240616
137	1.5196963037
138	1.22442772277
139	1.37114767096
140	1.51548961424
141	1.14337363726
142	0.620861538462
143	0.787180819181
144	1.50521904762
145	1.88048751249
146	1.57722893954
147	0.770093161546
148	1.31196803197
149	1.97249150849
150	2.10419821606
151	1.62263336663
152	1.84838850347
153	1.7896531219
154	1.7100979021
155	2.11008191808
156	1.9676987116
157	2.09758446602
158	2.18012289395
159	1.68235806133
160	2.26464950495
161	1.92875924076
162	2.18681335953
163	2.5189609446
164	2.3211258672
165	1.81942857143
166	2.13194805195
167	1.87008126858
168	1.75077106046
169	2.28501098901
170	2.22801189296
171	1.73110458716
172	1.91790891089
173	1.89406786427
174	1.95428571429
175	1.60817425743
176	1.93958019802
177	1.69318298714
178	1.65949653122
179	1.66636563437
180	1.89811694747
181	1.53232475248
182	1.66496512724
183	1.83652993131
184	1.53363672655
185	2.03911992071
186	1.73358979392
187	2.12378613861
188	1.89930348259
189	1.77509551657
190	1.93065609514
191	1.7100979021
192	1.95234886026
193	1.86822970297
194	2.05267522211
195	1.93900297915
196	1.92875924076
197	1.93065609514
198	1.69485940594
199	2.01542970297
200	1.8084955045
201	1.86875072185
202	2.06960792079
203	1.91782617383
204	2.04996630327
205	1.88299401198
206	1.45944913928
207	1.82582217782
208	1.80501090188
209	2.08821578422
210	1.57722893954
211	1.11607128713
212	0.100515337423
213	3.01029253731
214	2.12555444555
215	2.30682352941
216	1.76476323676
217	1.8158493558
218	2.07165906838
219	2.01622377622
220	2.32996923077
221	1.62902697303
222	1.88279365079
223	2.01168431568
224	2.00529070929
225	1.824
226	1.45863736264
227	2.01168431568
228	1.58965079365
229	1.98744760039
230	1.95234886026
231	0.562591658584
232	0.828828543112
233	0.791001980198
234	0.509275247525
235	0.585124752475
236	0.67180990099
237	0.477907692308
238	1.69293413174
239	1.82850793651
240	2.01168431568
241	1.55253438114
242	2.09914885115
243	2.08182217782
244	1.91346679881
245	2.32874325674
246	2.11954806739
247	2.01622377622
248	1.9415024777
249	1.53231683168
250	1.15941386139
251	0.780166336634
252	1.24906666667
253	2.78793206793
254	2.51001783944
255	2.37701498501
256	3.69991608392
257	2.87079365079
258	2.8000950495
259	2.8839248269
260	2.62585229541
261	2.9560754717
262	3.196995005
263	2.51914485514
264	3.52222222222
265	3.50312087912
266	2.94387314172
267	2.16957480315
268	2.44619123506
269	2.41554605263
270	3.13467455621
271	2.88662857143
272	2.51460539461
273	2.20631912785
274	2.85427326733
275	2.1610745098
276	2.83166433566
277	2.6727135778
278	2.58474325674
279	2.33647571853
280	2.44900699301
281	2.19547274529
282	1.98939147671
283	2.08921068249
284	2.10661386139
285	2.38834059406
286	2.57381018981
287	2.33056722277
288	2.09577821782
289	2.14995643564
290	2.11295049505
291	2.06531615461
292	1.93553688142
293	2.25604757185
294	2.39888111888
295	2.22395204795
296	2.65408383234
297	2.93885203575
298	2.0579001996
299	2.4606633565
300	2.44888972667
301	1.73046153846
302	2.1932990099
303	2.4449395441
304	2.56927072927
305	2.30047552448
306	2.36050793651
307	2.29735619048
308	2.45994005994
309	1.82669573835
310	2.09914885115
311	1.86316083916
312	2.07822222222
313	2.18661338661
314	1.92431318137
315	2.14742057942
316	2.37535777998
317	2.22395204795
318	2.31478295342
