0	0.195041584158
1	0.76286763285
2	0.0688041994751
3	0.204546534653
4	0.119192079208
5	0.0947988450433
6	0.214378060725
7	0.17337029703
8	0.140863366337
9	0.21888
10	0.253718811881
11	0.34000776699
12	0.336738461538
13	0.407717647059
14	0.357576237624
15	0.379247524752
16	0.399876923077
17	0.318757281553
18	0.260313181368
19	0.315996150144
20	0.218844323589
21	0.321567091087
22	0.319067055394
23	0.423428571429
24	0.370983050847
25	0.542319127849
26	0.600847058824
27	0.426666666667
28	0.47860058309
29	0.509516973812
30	0.600847058824
31	0.557929411765
32	0.509779980178
33	0.454646884273
34	0.359046711153
35	0.286603297769
36	0.217019830028
37	0.205673590504
38	0.206685552408
39	0.24921980198
40	0.257869934025
41	0.314857142857
42	0.315692307692
43	0.317058941059
44	0.368411881188
45	0.321598401598
46	0.397377821394
47	0.332285994123
48	0.271159563925
49	0.268235294118
50	0.257505882353
51	0.263076923077
52	0.240527472527
53	0.247018645731
54	0.246776470588
55	0.252553846154
56	0.216712871287
57	0.120123076923
58	0.177357483317
59	0.168207492795
60	0.203858823529
61	0.242030769231
62	0.2736
63	0.265631067961
64	0.258519685039
65	0.243435203095
66	0.205877227723
67	0.206490566038
68	0.246776470588
69	0.187790276454
70	0.169838991271
71	0.139482352941
72	0.108556190476
73	0.140863366337
74	0.156491897045
75	0.220984615385
76	0.257505882353
77	0.294363112392
78	0.297506796117
79	0.303398019802
80	0.332611764706
81	0.455097029703
82	0.389353846154
83	0.427089108911
84	0.693481188119
85	0.611576470588
86	0.682645544554
87	0.780166336634
88	0.546281188119
89	0.704316831683
90	0.725988118812
91	0.520110891089
92	0.611576470588
93	0.514283448959
94	0.863712287712
95	0.84518019802
96	0.682645544554
97	0.715152475248
98	0.709518334985
99	0.823508910891
100	0.940243756244
101	0.889403369673
102	0.756502291476
103	0.965328047572
104	1.07144055944
105	0.806336633663
106	0.954481665015
107	0.81998001998
108	0.736823762376
109	0.644440039643
110	0.787180819181
111	0.780939544103
112	0.725270029674
113	0.76375024777
114	0.686682352941
115	0.67180990099
116	0.718870588235
117	0.682645544554
118	0.687144554455
119	0.650138613861
120	0.954917647059
121	0.953536633663
122	0.957088031652
123	1.11939622642
124	1.27789221557
125	0.990542574257
126	1.02938613861
127	0.932788899901
128	0.999448551449
129	0.964372277228
130	1.13703896104
131	1.14337363726
132	1.32457142857
133	1.26697005988
134	1.04472079208
135	1.07272871287
136	0.977334641806
137	1.19624375624
138	1.13251343284
139	1.30674626866
140	1.17396078431
141	1.25818037661
142	1.23853610287
143	1.17024950495
144	1.23526336634
145	1.12279365079
146	1.43223176823
147	1.4477042957
148	1.713728444
149	1.38210589411
150	1.15941386139
151	1.01855049505
152	0.869082352941
153	0.9472
154	0.866851485149
155	0.867710604559
156	0.802653346653
157	0.92102970297
158	0.803428571429
159	0.756996047431
160	0.915599603568
161	0.801044510386
162	1.12737026239
163	1.26143366337
164	1.21357042957
165	1.04177428852
166	0.798431372549
167	1.3229010989
168	1.26777029703
169	0.979706930693
170	1.07399411187
171	1.20263736264
172	1.29953287537
173	1.13774257426
174	1.05555643564
175	1.13774257426
176	1.15877647059
177	1.2601859545
178	1.30156590684
179	1.08919332679
180	1.06050749251
181	0.942700990099
182	1.10973465347
183	1.00771485149
184	1.04022178218
185	0.772517647059
186	0.611287128713
187	0.682645544554
188	0.67180990099
189	0.701266019417
190	0.693481188119
191	0.632966336634
192	0.901270588235
193	1.01955996036
194	1.27277522478
195	1.04125272547
196	0.81735014549
197	0.846686567164
198	0.600173399015
199	0.783247058824
200	1.34249263984
201	1.09784615385
202	1.11607128713
203	0.980059701493
204	0.975842209073
205	1.24486646884
206	1.06221176471
207	0.968871287129
208	1.13690097087
209	1.06221176471
210	0.643801980198
211	0.899358415842
212	1.1605629336
213	1.15193669634
214	1.26607058824
215	0.954481665015
216	0.951176823177
217	1.31131650485
218	1.064
219	0.851928143713
220	0.588007619048
221	0.590696761531
222	0.013674302374
223	0.628467326733
224	0.113142857143
225	0.245333333333
226	0.661629335976
227	0.348029510396
228	0.791001980198
229	0.990992125984
230	1.58946995074
231	4.64835059761
232	0.13067996012
233	0.369892725937
234	0.60143670265
235	0.358877330716
236	0.643134182174
237	1.20263736264
238	1.2460990099
239	0.893906838454
240	0.654494117647
241	1.52507163886
242	1.49833432245
243	2.01542970297
244	2.06327128713
245	1.93515956392
246	2.40527472527
247	2.21716551041
248	2.16928671329
249	2.16734117647
250	1.5898015873
251	2.07073726274
252	2.42714085914
253	2.07822222222
254	1.99435764236
255	2.36154245754
256	2.33647571853
257	2.44261338661
258	2.42084752475
259	2.70880318091
260	2.53752720079
261	2.3418762475
262	2.43168031968
263	2.72514285714
264	2.95646753247
265	3.77644755245
266	3.14893422307
267	3.24712087912
268	2.6635364486
269	2.78117740337
270	2.55805490196
271	2.60352502453
272	2.38794805195
273	2.70381176471
274	2.66127472527
275	3.42790863952
276	3.4013253493
277	3.64527524752
278	2.71594005994
279	2.75675247525
280	3.17479365079
281	2.84713686314
282	2.79247152847
283	2.10211485149
284	0.200452830189
285	1.68693641618
286	2.51663073852
287	2.70513034826
288	2.81963708873
289	3.19245554446
290	2.92123529412
291	3.72632167832
292	3.45938861139
293	3.27352647353
294	3.42790863952
295	3.27352647353
296	2.55833766234
297	2.2383670265
298	2.16928671329
299	2.11008191808
300	2.23158714703
301	2.44262137862
302	2.62847552448
303	2.45994005994
304	2.01786081983
305	2.03479365079
306	2.39888111888
307	2.66766833167
308	2.21301898102
309	2.02393650794
310	2.55833766234
311	2.09577821782
312	1.47218991098
313	0.721121019108
314	1.01855049505
315	0.994909090909
316	0.568515361744
317	0.994909090909
318	0.998857142857
