0	0.867710604559
1	0.586809651475
2	0.688783216783
3	1.00137821782
4	1.15941386139
5	1.26823576424
6	0.934513833992
7	0.982994011976
8	1.18696119403
9	0.784665346535
10	0.780166336634
11	0.763284872299
12	0.895616766467
13	0.671456543457
14	0.963418397626
15	0.924542239686
16	0.888522772277
17	0.795500990099
18	1.02938613861
19	0.552071216617
20	0.848455348381
21	0.709518334985
22	0.682645544554
23	0.471631733595
24	0.455548067393
25	0.454646884273
26	0.504777232581
27	0.102937062937
28	0.192711770158
29	1.15890509491
30	1.18077122877
31	0.731936507937
32	1.02901469148
33	0.866851485149
34	0.965328047572
35	0.624604373757
36	1.18721893491
37	1.11607128713
38	0.857318681319
39	1.22442772277
40	1.33410505451
41	0.857318681319
42	0.946565597668
43	0.869082352941
44	0.944785964912
45	1.2901018981
46	1.34361980198
47	0.841349019608
48	1.38696237624
49	1.51699009901
50	1.15422001982
51	1.31111287129
52	1.0988990099
53	1.0824925816
54	1.03864135864
55	0.662285714286
56	0.528798403194
57	0.705714285714
58	0.877687128713
59	0.0872069194943
60	2.00447269116
61	0.877687128713
62	1.00771485149
63	0.766243137255
64	1.08154990215
65	1.09657142857
66	0.769866666667
67	1.00771485149
68	1.12548481881
69	0.954481665015
70	0.0496534412955
71	0.0206490566038
72	0.541887378641
73	0.986043564356
74	0.931865346535
75	0.63751372549
76	0.986043564356
77	1.06050749251
78	1.09548463826
79	0.970101960784
80	1.31196803197
81	1.25090909091
82	1.292
83	1.23267384917
84	1.05697350343
85	1.13774257426
86	1.13774257426
87	0.970101960784
88	1.23526336634
89	1.33542857143
90	1.13998418972
91	1.22442772277
92	0.504282352941
93	0.731211100099
94	0.654494117647
95	0.396599412341
96	0.178892307692
97	0.204058881256
98	0.132964485981
99	0.128752941176
100	0.0356772616137
101	0.601550626808
102	0.279238469087
103	0.184132484076
104	0.206490566038
105	0.203858823529
106	0.20187961165
107	0.216610744581
108	0.159533527697
109	0.171670588235
110	0.182875247525
111	0.181933980583
112	0.307833171678
113	0.200130895091
114	0.255005825243
115	0.203858823529
116	0.268356435644
117	0.27854953271
118	0.117131034483
119	0.0788756756757
120	0.00202018213143
121	0.626889320388
122	0.530946534653
123	0.195041584158
124	0.736823762376
125	0.947963302752
126	1.2460990099
127	0.953536633663
128	0.441776146789
129	0.268235294118
130	0.37627184466
131	0.75439223301
132	0.682645544554
133	0.622305882353
134	0.562896142433
135	0.390469772052
136	0.124675229358
137	0.0977142857143
138	0.300423529412
139	0.0595244755245
140	2.37352698724
141	0.380797374897
142	1.76022377622
143	1.81942857143
144	2.33428571429
145	1.84129470529
146	1.50285042017
147	0.660769811321
148	0.2736
149	0.212711370262
150	0.390083168317
151	0.929310689311
152	0.785466798811
153	0.520110891089
154	0.325069306931
155	0.486906930693
156	0.41615984016
157	0.547736997056
158	0.574289108911
159	0.369247058824
160	0.254758486906
161	0.195234886026
162	0.1718390579
163	0.109330669331
164	0.413371104816
165	0.0412981132075
166	0.0408739495798
167	0.0183795484232
168	1.4868971029
169	0.278163621922
170	0.336736532811
171	0.520110891089
172	0.444701684836
173	0.42638961039
174	0.297795918367
175	0.238148367953
176	0.287160349854
177	0.203858823529
178	0.307833171678
179	0.227541747573
180	0.252796920115
181	0.254758486906
182	0.386258823529
183	0.51050728863
184	0.303398019802
185	0.336738461538
186	0.437834165834
187	0.482794896958
188	0.365330669331
189	0.542319127849
190	0.545882352941
191	0.542575667656
192	0.557786064769
193	0.510695145631
194	0.419996003996
195	0.412162537166
196	0.378830769231
197	0.308132038835
198	0.400918811881
199	0.0304181944767
200	1.2846556741
201	0.223207619048
202	0.210461538462
203	0.225096963761
204	0.238620416254
205	0.314233663366
206	0.472094117647
207	0.407717647059
208	0.525741176471
209	0.513854145854
210	0.466276741904
211	0.520131910766
212	0.536997055937
213	0.563453465347
214	0.525741176471
215	0.541782178218
216	0.328461016949
217	0.493552941176
218	0.472094117647
219	0.520110891089
220	0.452738461538
221	0.343090196078
222	0.26848627451
223	0.131862068966
224	0.0256214046823
225	0.345280249805
226	0.0620056657224
227	0.121250693802
228	0.19330733519
229	0.224876712329
230	0.297506796117
231	0.265631067961
232	0.147891891892
233	0.0865994065282
234	0.130156590684
235	0.227139622642
236	0.217209160305
237	0.214588235294
238	0.1064
239	0.850410958904
240	1.04177428852
241	1.14971655104
242	0.939433009709
243	1.02938613861
244	0.84434421365
245	0.921942517344
246	1.07598001998
247	1.35579781962
248	0.877687128713
249	0.461297087379
250	0.386258823529
251	0.693481188119
252	1.23404154303
253	0.787180819181
254	0.351936507937
255	0.1824
256	0.0962012578616
257	0.0768750733138
258	0.726540487805
259	0.252553846154
260	0.163505976096
261	0.641844930417
262	0.79172027972
263	1.34495143707
264	1.13703896104
265	1.05660257681
266	1.43971513353
267	1.28526184093
268	1.4540979021
269	1.40475223881
270	0.941022885572
271	1.06294549058
272	1.06084272997
273	0.730487128713
274	0.888522772277
275	0.954481665015
276	0.876818991098
277	0.49849656526
278	0.263076923077
279	0.195041584158
280	0.171670588235
281	0.0935384615385
282	0.000291723310676
283	0.633656526006
284	0.546693802035
285	0.244380582524
286	0.257505882353
287	0.190766972477
288	0.0118313513514
289	0.087552
290	0.138262390671
291	0.14199819982
292	0.214588235294
293	0.205877227723
294	0.1718390579
295	0.116877669903
296	0.00104837628125
297	0.0808006562756
298	0.0625371428571
299	0.73609495549
300	0.869082352941
301	0.636027586207
302	0.113944794189
303	0.474887573964
304	0.365788617886
305	0.743448551449
306	0.066273236441
307	0.493552941176
308	0.666917082917
309	0.847623529412
310	1.23976237624
311	1.06371588785
312	0.780166336634
313	0.904966897614
314	1.38696237624
315	1.4540979021
316	1.33860852329
317	1.61611100099
318	1.50236963037
