0	0.67371258672
1	0.051250221491
2	5.33533666334
3	0.887560353288
4	1.71649150849
5	1.35579781962
6	1.08129341317
7	1.54784508441
8	1.35190588235
9	1.33278415842
10	1.10609912536
11	0.434121974831
12	1.29544990177
13	1.21359207921
14	1.26777029703
15	1.5494970297
16	1.27916883117
17	1.07489328063
18	1.3176358209
19	0.929310689311
20	0.77327576055
21	0.81998001998
22	1.02900297324
23	1.39918334985
24	0.855169139466
25	0.715861248761
26	0.721582417582
27	0.792571428571
28	0.01438101963
29	3.49087483871
30	0.986043564356
31	0.823508910891
32	1.09331750742
33	1.14
34	0.954917647059
35	0.674555885262
36	0.840209912536
37	1.2245034965
38	1.74929070929
39	1.2995451895
40	0.997835294118
41	0.719576054956
42	0.541887378641
43	0.774111405836
44	1.35714285714
45	0.739174119886
46	0.536997055937
47	0.161190697674
48	0.261089463221
49	0.713739130435
50	1.63996003996
51	1.51817964072
52	1.25965873016
53	1.824
54	1.64538872404
55	1.22034596696
56	1.16909198813
57	0.810276923077
58	0.676616290481
59	0.476768316832
60	0.515011764706
61	0.793198824682
62	1.25657311089
63	1.13483022571
64	1.73835764236
65	1.67952475248
66	1.3124122894
67	0.0542378947368
68	5.26701960784
69	0.954917647059
70	1.37612673267
71	1.59283960396
72	1.40765423729
73	1.49383976261
74	1.672
75	1.33736637168
76	1.59622777223
77	1.68118929633
78	1.62534653465
79	1.13292850147
80	0.90024975223
81	0.783247058824
82	0.0311113220983
83	5.29268389662
84	1.74929070929
85	1.27086844708
86	1.73714285714
87	1.67786350148
88	1.04331746032
89	0.713276264591
90	0.609814925373
91	0.667185840708
92	1.5196963037
93	0.254700832799
94	6.00996226415
95	1.14575841584
96	1.76022377622
97	1.8655777998
98	1.54505346535
99	1.19310208127
100	1.23509322866
101	0.856015841584
102	0.874645354645
103	0.675374545455
104	0.607397423191
105	1.2901018981
106	1.83122376238
107	1.76796035679
108	1.36111088911
109	1.59051395573
110	1.4540979021
111	1.28114285714
112	1.46503096903
113	1.41637928007
114	1.58529470529
115	0.209212920237
116	5.20110891089
117	0.964372277228
118	0.112970322581
119	0.894321678322
120	0.997867195243
121	0.841846153846
122	0.396988235294
123	0.658126091174
124	0.661629335976
125	0.530946534653
126	0.42875612145
127	0.633656526006
128	0.847623529412
129	1.15941386139
130	1.19170866142
131	1.56186826347
132	1.56342857143
133	1.48595441031
134	1.39943256743
135	1.17382539683
136	1.48448316832
137	1.53430588235
138	1.30635247525
139	1.50211764706
140	1.26523564356
141	1.3113442623
142	1.53866138614
143	1.29370629371
144	1.73542120912
145	1.3076990099
146	1.61623785927
147	1.72411531532
148	1.57116831683
149	0.841030723489
150	1.10423976024
151	0.997132673267
152	1.49531881188
153	1.22286162905
154	1.5196963037
155	1.68118929633
156	0.870225742574
157	1.64701782178
158	1.14115294118
159	1.48448316832
160	1.30156590684
161	1.13711088911
162	1.21479484638
163	0.896511488511
164	0.926922772277
165	1.0087135778
166	1.17991691395
167	1.4069296333
168	1.63996003996
169	1.4164955045
170	1.68452830189
171	1.35576885406
172	1.61809390609
173	1.28927308448
174	1.32614876033
175	1.80955247525
176	1.54735664336
177	1.68118929633
178	1.42544950495
179	1.25377822178
180	1.43172249752
181	1.36103659743
182	1.30156590684
183	1.63996003996
184	1.19244749755
185	1.72286732673
186	1.3056
187	1.32194851485
188	1.34878415842
189	1.53616633663
190	1.50595087719
191	1.79871683168
192	1.59283960396
193	1.07497029703
194	1.80955247525
195	1.41081318681
196	1.84768831169
197	1.31853932584
198	1.76022377622
199	1.31436273538
200	1.51699009901
201	1.34229080119
202	1.57272547076
203	1.24
204	1.61451089109
205	1.83122376238
206	1.52051148851
207	1.59441823588
208	1.19436
209	1.59283960396
210	1.49531881188
211	1.22726336634
212	1.5820039604
213	1.00966792453
214	1.5524955045
215	1.50307951356
216	1.62534653465
217	1.7011960396
218	1.63552156863
219	1.49883845391
220	1.69563363863
221	2.20847952048
222	1.67873141724
223	2.11450652742
224	2.73834165834
225	2.40926147705
226	1.61949458484
227	1.49241958042
228	1.7513797841
229	2.0114625789
230	2.49207361963
231	2.82946906188
232	2.76698473282
233	2.89937684943
234	2.25402352941
235	2.93735311573
236	2.57092366412
237	2.77436638655
238	2.84428309742
239	2.13508118812
240	3.40776071785
241	2.97779928315
242	3.67689110889
243	3.10825174825
244	3.93231568432
245	3.06330883813
246	3.20598811881
247	3.24794405594
248	3.5174351145
249	3.40319304348
250	4.13444955045
251	3.23234851485
252	3.61655445545
253	3.38226573427
254	3.03068253968
255	3.33688275862
256	3.74168231768
257	3.2517962038
258	3.20561867704
259	3.68177864078
260	3.77395404595
261	2.97997230465
262	3.38872327672
263	3.20542601787
264	2.51855344655
265	2.96181565907
266	2.81280792079
267	2.09372673267
268	2.3014025974
269	2.83894549058
270	2.66350291262
271	3.77082117882
272	3.06883921569
273	3.27932867133
274	2.66038888889
275	2.22288111888
276	2.4971988012
277	3.4130989011
278	3.02788972431
279	3.0186122449
280	2.31849913941
281	3.59998414272
282	3.43626773227
283	1.63187301587
284	2.62236163836
285	2.59557777778
286	3.19550588235
287	3.53902097902
288	3.03813972056
289	2.63565714286
290	2.76404173913
291	3.41400999001
292	2.7563956044
293	3.58517482517
294	3.10053490328
295	3.72440832507
296	3.98062737263
297	3.01347076313
298	3.4141620591
299	3.39818817652
300	4.08683448959
301	2.83073726274
302	2.98167199327
303	4.14916283716
304	3.30340859141
305	4.0596043956
306	3.0946835443
307	3.34940777667
308	2.55560611205
309	3.77950891089
310	3.52627372627
311	2.82193733214
312	3.60761638362
313	2.40652947053
314	2.23026756497
315	2.28354820937
316	2.940995005
317	0.0207523749208
318	0.305326504481
