0	2.70381176471
1	2.66127472527
2	3.42790863952
3	3.4013253493
4	3.64527524752
5	2.71594005994
6	2.75675247525
7	3.17479365079
8	2.84713686314
9	2.79247152847
10	2.10211485149
11	0.200452830189
12	1.68693641618
13	2.51663073852
14	2.70513034826
15	2.81963708873
16	3.19245554446
17	2.92123529412
18	3.72632167832
19	3.45938861139
20	3.27352647353
21	3.42790863952
22	3.27352647353
23	2.55833766234
24	2.2383670265
25	2.16928671329
26	2.11008191808
27	2.23158714703
28	2.44262137862
29	2.62847552448
30	2.45994005994
31	2.01786081983
32	2.03479365079
33	2.39888111888
34	2.66766833167
35	2.21301898102
36	2.02393650794
37	2.55833766234
38	2.09577821782
39	1.47218991098
40	0.721121019108
41	1.01855049505
42	0.994909090909
43	0.568515361744
44	0.994909090909
45	0.998857142857
46	0.404377358491
47	0.687825569871
48	2.23034565435
49	3.57965234765
50	3.54137524558
51	3.72215873016
52	4.73382834331
53	4.69732460243
54	4.70575824176
55	5.10660539461
56	4.37504895105
57	5.03375024975
58	3.67516500994
59	4.62922677323
60	4.65109290709
61	4.51969381747
62	4.79322277722
63	4.17601570167
64	4.65106893107
65	5.00097502498
66	3.90827944112
67	4.01987637089
68	5.07241516966
69	4.49163636364
70	5.26334465534
71	4.37137262737
72	5.51480519481
73	4.45883716284
74	5.36196211366
75	3.74071385842
76	5.54137549407
77	4.93496207585
78	5.47107292707
79	5.04503585657
80	4.68548989413
81	5.06654945055
82	5.01141716567
83	5.19774625375
84	4.50256943057
85	4.47616383616
86	4.79457627119
87	5.13156087824
88	5.15855344655
89	5.34546906188
90	4.38502297702
91	4.53825049702
92	4.94628571429
93	3.96684915085
94	4.62460678643
95	4.79567395626
96	5.25241158841
97	5.42645908184
98	5.43827372627
99	4.4807032967
100	4.61829370629
101	3.91387064677
102	4.21740336967
103	4.77135664336
104	4.30488714426
105	4.91348651349
106	4.92895904096
107	5.19774625375
108	4.40302868069
109	5.16494705295
110	3.01113286713
111	5.07108891109
112	5.07748251748
113	4.47383057449
114	5.11028171828
115	4.37776623377
116	4.78682917083
117	5.02050793651
118	3.45148522402
119	3.63085262117
120	5.46566336634
121	4.66190818363
122	5.05561638362
123	3.84711111111
124	4.85882117882
125	4.97269130869
126	4.4214985015
127	4.4214985015
128	4.50834558093
129	5.15401398601
130	4.09330589336
131	5.43827372627
132	4.52443556444
133	3.45938861139
134	4.53005964215
135	4.57008502773
136	5.25241158841
137	5.01642357642
138	5.04136779324
139	4.53536863137
140	5.05390891089
141	4.74417425743
142	5.06654945055
143	4.5463016983
144	4.65596027805
145	4.81554851485
146	3.49596862745
147	3.53844839858
148	5.45988636364
149	5.20867932068
150	4.23563636364
151	4.79091161867
152	4.89162037962
153	4.78682917083
154	4.72762437562
155	3.87618720153
156	4.86975424575
157	4.53082917083
158	4.21830969031
159	4.86489421158
160	4.7430969031
161	4.50190646766
162	4.65760158573
163	3.66798403194
164	5.84205782652
165	4.59003396603
166	4.76659481038
167	4.38885429142
168	4.76969080235
169	5.03587301587
170	4.91348651349
171	4.68379781962
172	5.56947052947
173	4.8086953047
174	5.49837924152
175	4.98957285429
176	4.55840549828
177	3.96124833492
178	5.5180563654
179	5.11610379242
180	4.71651896208
181	4.81639880359
182	4.95353446553
183	4.47991217565
184	4.43243156843
185	4.62498217822
186	5.00159368836
187	4.21388768473
188	3.32834365634
189	4.22374628345
190	5.47107292707
191	5.07108891109
192	4.44491280148
193	5.23811485149
194	4.49495445545
195	5.46013986014
196	4.76496303696
197	5.04468331668
198	4.48553785644
199	5.03223762376
200	4.86336633663
201	4.78228971029
202	4.52749181906
203	5.28521078921
204	4.45593650794
205	4.5463016983
206	5.18163672655
207	4.66049652433
208	4.97908491508
209	4.29484115884
210	5.17822794846
211	4.43697102897
212	4.31216783217
213	4.20283716284
214	3.8682589372
215	5.26540850643
216	4.65563236763
217	4.51659861249
218	4.59881188119
219	3.77005394605
220	5.49293906094
221	4.81872222222
222	5.47107292707
223	4.6119000999
224	5.41100199601
225	4.81481836327
226	5.1033256705
227	5.18393663366
228	4.62283316683
229	4.93535264735
230	4.63923591213
231	5.5804035964
232	5.06015584416
233	5.19774625375
234	4.61244444444
235	5.07748251748
236	4.26204195804
237	4.3559000999
238	4.75388672238
239	5.12468447082
240	4.72718334985
241	4.7180039604
242	4.70936380952
243	5.11028171828
244	4.91644444444
245	5.30707692308
246	4.58545309381
247	4.26843556444
248	4.62922677323
249	3.78738861139
250	4.81612749004
251	4.14369108911
252	4.33288627451
253	4.96815184815
254	4.5198961039
255	4.53084231537
256	4.81316845878
257	3.28784950495
258	3.70714570858
259	5.23243607532
260	4.83058541459
261	4.31878642715
262	4.6464510978
263	4.53084231537
264	5.11027372627
265	4.16164426877
266	5.01188411588
267	3.87831618335
268	4.91348651349
269	4.58900374532
270	5.14308091908
271	4.5993870334
272	4.91912318138
273	4.23976721629
274	4.52443556444
275	4.83695504496
276	4.43697102897
277	4.95824526421
278	4.30123476523
279	4.81655281343
280	4.81161481481
281	5.01188411588
282	4.67295904096
283	4.6774985015
284	5.11527093596
285	3.82471928072
286	4.0766649789
287	5.31382857143
288	4.77135664336
289	4.11561493124
290	3.88577822178
291	5.14308091908
292	4.00811001965
293	5.07749050949
294	4.48756143667
295	2.20847952048
296	4.16936284889
297	4.83241147379
298	4.6708539114
299	5.38360839161
300	4.95082517483
301	5.12330486594
302	4.64401568627
303	5.19774625375
304	4.90709290709
305	4.95330677291
306	4.61821956088
307	5.14052277228
308	4.80876723277
309	5.30707692308
310	4.3953015873
311	5.08841558442
312	4.5708039604
313	5.27427772228
314	4.60787314172
315	5.2833254902
316	4.97172277228
317	4.78843912176
318	4.60096703297
