0	1.56216583417
1	1.59554410307
2	1.54628011753
3	1.5308
4	1.50188305253
5	1.60986262266
6	1.64572797263
7	1.52536945071
8	2.15166467066
9	1.49170267592
10	1.64050196078
11	1.56698501499
12	1.52854761905
13	1.59991627022
14	1.557248
15	1.44224273504
16	1.74889411765
17	1.31113663366
18	1.57722352941
19	1.21668910891
20	1.24241000962
21	1.54796439169
22	1.15817254902
23	0.948675603217
24	1.2579960396
25	1.28233220339
26	1.64538872404
27	1.16131615461
28	1.49783016983
29	1.09212573674
30	1.4303049505
31	1.05246290801
32	1.60526461843
33	1.08897425743
34	1.18911683168
35	1.35445544554
36	0.810421364985
37	0.986043564356
38	1.15991364082
39	0.550566336634
40	1.10261333333
41	1.63456379822
42	1.27202376238
43	1.90896333003
44	1.19684786325
45	1.37067457962
46	1.32194851485
47	1.07483052527
48	1.10349357072
49	1.13146481665
50	1.08806101695
51	0.986043564356
52	0.859333333333
53	1.50615445545
54	0.674524770642
55	1.14857821782
56	1.26651632047
57	0.851781962339
58	1.17024950495
59	0.928007920792
60	1.14804705882
61	0.929940594059
62	1.09330669331
63	0.892233894945
64	1.06755701395
65	0.963418397626
66	0.81893877551
67	0.427810909091
68	0.530421364985
69	1.19208721506
70	1.2354421365
71	1.69036039604
72	0.370146534653
73	1.31012091179
74	1.29888031652
75	1.41960628619
76	2.17568031968
77	1.62507829534
78	1.58335412844
79	1.86691764706
80	1.32240553907
81	1.48765957447
82	1.97013649852
83	1.45724630113
84	1.57569930762
85	2.14758374628
86	1.35859340659
87	1.50996233895
88	1.40929470529
89	1.371165524
90	1.50506876228
91	1.20431936128
92	1.61771428571
93	1.21878536103
94	1.52330108588
95	1.56498113208
96	1.0453518335
97	1.25693465347
98	1.18108514851
99	0.715152475248
100	0.612549019608
101	0.617631683168
102	0.434752941176
103	0.509275247525
104	0.574289108911
105	0.772712871287
106	0.761042115573
107	0.173126331811
108	1.6875913556
109	0.982882235529
110	0.991301960784
111	1.38013004926
112	0.568346116028
113	0.533057654076
114	0.563453465347
115	0.344443125618
116	1.01855049505
117	1.01813907933
118	1.05154410307
119	1.21242352941
120	0.845386138614
121	0.612245363766
122	0.0126886956522
123	1.11775609756
124	0.354940540541
125	0.0786997026759
126	0.168207492795
127	0.160783545544
128	0.153564078578
129	0.0664587341772
130	0.0180148148148
131	0.351446153846
132	0.320362606232
133	0.254716618636
134	0.347261538462
135	0.314580392157
136	0.527651485149
137	0.429974781765
138	0.440770137525
139	0.250698318497
140	0.318757281553
141	0.191976237624
142	0.255005825243
143	0.236047058824
144	0.174258503401
145	0.487603960396
146	0.202007407407
147	0.294929740135
148	0.292562376238
149	0.445762237762
150	0.51630952381
151	0.377418217434
152	0.17337029703
153	0.114948571429
154	0.0705193578848
155	0.189730496454
156	0.156342857143
157	0.0546420950533
158	0.0759246778989
159	0.189415384615
160	0.174805970149
161	0.488287099903
162	0.218846153846
163	0.250148571429
164	0.268498527969
165	0.234988235294
166	0.382657342657
167	0.213215234721
168	0.371883495146
169	0.241798270893
170	0.146767735666
171	0.208457142857
172	0.205673590504
173	0.209865970409
174	0.244380582524
175	0.220560460653
176	0.24726129666
177	0.15591372549
178	0.364442703232
179	0.213665107577
180	0.343341176471
181	0.332027695351
182	0.392222723853
183	0.478656838657
184	0.467965014577
185	0.368164544564
186	0.483722772277
187	0.313736936937
188	0.675171456888
189	0.860383778437
190	0.551427642276
191	0.743026496565
192	0.464277227723
193	0.305479723046
194	0.279238469087
195	0.179855855856
196	0.415456543457
197	0.382706448508
198	0.703857425743
199	0.432132038835
200	0.220247301276
201	0.357784615385
202	0.332611764706
203	0.00153133822699
204	0.334983118173
205	0.227548514851
206	0.167643564356
207	0.081539047619
208	0.117257142857
209	0.216712871287
210	0.0983193277311
211	0.185841509434
212	0.184205940594
213	0.119192079208
214	0.0961885714286
215	0.0293601609658
216	0.297354462052
217	0.395529411765
218	0.2101248
219	0.34593867458
220	0.26333012512
221	0.164098092643
222	0.132196721311
223	0.240527472527
224	0.206081268583
225	0.132831372549
226	0.1056
227	0.191254368932
228	0.205877227723
229	0.118976923077
230	0.255005825243
231	0.2432
232	0.144326213592
233	0.220984615385
234	0.104228571429
235	0.0811340659341
236	0.420822695035
237	0.425905838041
238	0.389728585178
239	0.15279223301
240	0.0493256767842
241	0.112861759425
242	0.0977142857143
243	0.0561230769231
244	0.100403669725
245	0.114
246	0.170884462151
247	0.255005825243
248	0.229145098039
249	0.260571428571
250	0.212501960784
251	0.368777006938
252	0.206494117647
253	0.265711304348
254	0.216712871287
255	0.25835694051
256	0.10300630063
257	0.128752941176
258	0.258275728155
259	0.324329411765
260	0.339677982541
261	0.235155599604
262	0.249902362205
263	0.181371428571
264	0.257505882353
265	0.152
266	0.0142807017544
267	0.352352795031
268	0.40176
269	0.654273267327
270	1.04017582418
271	0.915383709519
272	0.994501498501
273	1.2630969031
274	1.23574603175
275	1.27133531157
276	1.31345383104
277	1.37833366633
278	1.37311488511
279	1.54896575342
280	1.31643556444
281	1.39010505451
282	1.28046732673
283	1.2528991009
284	1.07669375619
285	1.22712941176
286	1.22044355644
287	1.34097125867
288	1.4352950495
289	1.51517677199
290	1.97404162537
291	1.66471856287
292	2.33428571429
293	1.72924675325
294	1.61944554455
295	1.7191048951
296	1.53813752456
297	1.91328671329
298	1.58475124875
299	1.73692063492
300	1.78185945946
301	2.09914885115
302	1.62444400396
303	2.20847952048
304	1.86066204163
305	2.56670658683
306	1.90998612488
307	2.02827353816
308	1.99850348259
309	2.11641791045
310	2.37247552448
311	1.99701090188
312	1.62440677966
313	1.93656405164
314	1.99453090909
315	1.95792542373
316	2.15787636364
317	2.44900699301
318	1.62104261645
