0	0.491988011988
1	0.265889212828
2	0.281726732673
3	0.0846196150321
4	0.332285994123
5	0.282005946482
6	0.468506930693
7	0.552617821782
8	0.370558415842
9	0.725988118812
10	0.372447082097
11	0.845232903865
12	0.800053794428
13	0.531262135922
14	0.171670588235
15	0.360478431373
16	0.759592156863
17	0.602807843137
18	0.812673267327
19	0.733843137255
20	0.42488627451
21	0.524787212787
22	0.579452547453
23	0.304491089109
24	0.219079162875
25	1.28635692921
26	2.08688911089
27	1.72037390458
28	0.797102362205
29	0.242398713826
30	0.736823762376
31	0.47813592233
32	0.57539009901
33	0.778513333333
34	0.699716283716
35	0.420923076923
36	0.0405333333333
37	1.2267012987
38	1.2133037694
39	1.36785614386
40	1.65949653122
41	1.4788379513
42	1.57112213039
43	1.36445053869
44	1.29954724041
45	1.76965468887
46	1.72322669284
47	1.81722264151
48	1.68943213988
49	2.45128245788
50	2.12058341658
51	1.2691147541
52	1.96436363636
53	1.84563272411
54	1.65227299703
55	2.16474725275
56	1.44240210711
57	2.39531668332
58	2.06282656095
59	1.78455910267
60	2.21163243243
61	2.15249010368
62	2.33942857143
63	1.8636969697
64	1.95819449541
65	1.89375438596
66	1.62902697303
67	1.13345054945
68	1.96609712587
69	1.91984015984
70	2.05234798877
71	2.14110604559
72	2.05678321678
73	2.36397224975
74	2.66021386139
75	2.6054025974
76	2.36786521308
77	2.66146785361
78	2.70948251748
79	2.78370634921
80	2.68723960396
81	2.27226321037
82	1.84830188679
83	2.19535329341
84	1.89773015873
85	1.8985773399
86	1.79063964758
87	2.63486913087
88	1.94890782953
89	2.09748910891
90	1.83931803279
91	2.42718415842
92	1.8920950495
93	1.7952
94	2.18661338661
95	1.66642616452
96	2.06960792079
97	1.84339009901
98	2.24734257426
99	2.44882376238
100	2.90750849151
101	2.34281863231
102	1.47841758242
103	1.8385173439
104	2.36217029703
105	1.48020594059
106	1.80955247525
107	1.51258341658
108	1.81307784431
109	1.62398409543
110	1.04456742557
111	1.78254112983
112	3.25488911089
113	2.47138949455
114	2.55239254171
115	3.22525474525
116	2.37917282717
117	2.11855698712
118	2.41379640719
119	2.12337301587
120	1.96177425743
121	1.86476952381
122	2.3404990099
123	1.83803564356
124	2.115004995
125	1.96613177648
126	2.84739622642
127	1.73946161515
128	1.95920733945
129	1.18225569871
130	1.17104495504
131	1.31111287129
132	0.997671287129
133	0.877687128713
134	0.558476938175
135	0.89913271028
136	0.733141747573
137	0.775642718447
138	0.509275247525
139	0.47892038835
140	0.617631683168
141	0.568658823529
142	0.490547972305
143	0.644396467125
144	0.563453465347
145	0.215568627451
146	0.1824
147	0.171670588235
148	0.160941176471
149	0.016082292432
150	0.000202351897049
151	0.865994065282
152	0.551807692308
153	1.31038255699
154	1.08841527914
155	1.25052673267
156	1.36400395648
157	1.14858647937
158	2.02496703297
159	1.57989482612
160	2.1059009901
161	1.70781367691
162	1.15007892527
163	0.691806848112
164	0.969932673267
165	1.75543656344
166	1.92777232581
167	1.50737560976
168	2.63230069238
169	2.20955294118
170	2.03467988107
171	2.69807524752
172	1.5128951049
173	2.28668387097
174	2.22431855748
175	2.77209910803
176	2.97794594595
177	3.38778821179
178	2.57942039356
179	3.20561038961
180	2.39311793855
181	2.40399310345
182	2.4464
183	3.17058941059
184	2.90665334665
185	2.08405153617
186	2.35312136752
187	2.98372389381
188	3.26152871287
189	2.65071728272
190	1.89494444444
191	1.6733986014
192	2.63486913087
193	2.13399206349
194	2.50367232767
195	1.57112388503
196	1.83122376238
197	1.55442136499
198	2.25221178821
199	2.0385697446
200	1.8115960396
201	1.82081584158
202	1.80296237624
203	2.57443356643
204	2.51345887017
205	2.62393606394
206	1.8846382557
207	2.26314485514
208	1.89334029591
209	2.21941258741
210	1.77154845155
211	1.83485714286
212	1.59976470588
213	0.113866666667
214	5.34883516484
215	2.08354857704
216	1.83122376238
217	1.02160792079
218	2.24244705882
219	2.35677122877
220	2.85190645463
221	2.32804771372
222	1.58980876494
223	1.87968316832
224	2.27548514851
225	1.83005341246
226	2.81983233533
227	2.36931082423
228	2.1436872285
229	2.42865150136
230	2.34744150943
231	2.34004775023
232	2.32492823858
233	2.29072222222
234	2.13236575875
235	1.80215568862
236	1.33693465347
237	1.25479561316
238	1.2075387674
239	1.07718681319
240	1.78664292779
241	2.06503865213
242	2.55061876248
243	3.30057142857
244	2.01798201798
245	3.15629732408
246	2.90430188679
247	2.81737188435
248	2.50494545455
249	2.97379420579
250	2.56944655345
251	2.23932539683
252	2.37163636364
253	2.937562316
254	3.20109490509
255	3.22881918082
256	3.3058148457
257	3.07934693878
258	3.03530869131
259	2.96625396825
260	1.73242502483
261	1.89666932271
262	1.23725668979
263	1.02539099099
264	1.15826706231
265	1.2598515962
266	1.92421978022
267	1.49528712871
268	2.28543703704
269	1.97165900667
270	1.34476723277
271	1.66770230967
272	1.84768831169
273	0.664806504065
274	1.2245034965
275	1.16877700694
276	2.06682701203
277	2.25432308905
278	2.17291367456
279	2.66157966102
280	3.52718481518
281	3.06989597645
282	3.21432167832
283	3.8012990099
284	2.20834886026
285	2.24643356643
286	2.23257086224
287	2.35592407592
288	3.11592407592
289	2.20817582418
290	2.32573584906
291	1.88345254745
292	1.35747692308
293	1.6512
294	0.47761238855
295	0.585525291829
296	0.631384615385
297	0.725988118812
298	0.865900990099
299	1.67952475248
300	0.947863063063
301	0.343341176471
302	0.396988235294
303	0.697411764706
304	0.834344554455
305	1.53334653465
306	2.50235247525
307	1.81004595405
308	1.65084975124
309	1.64262151394
310	1.42168483647
311	1.64351648352
312	1.89622970297
313	1.92476831683
314	1.59782970297
315	1.6085034965
316	2.30554269972
317	2.41634851485
318	2.08766285714
