0	0.229521448999
1	0.0841846153846
2	0.0332067620286
3	0.0757370242215
4	0.057135042735
5	0.227323442136
6	0.194448045758
7	0.189415384615
8	0.081528358209
9	0.118023529412
10	0.00265345848776
11	0.00687005649718
12	0.0160704845815
13	0.038433713784
14	0.0314352941176
15	0.0440782978723
16	0.00693005380477
17	0.0360236998025
18	0.0408663181479
19	0.0419712368169
20	0.0405333333333
21	0.0575495179667
22	0.0463728813559
23	0.0279518072289
24	0.0506666666667
25	0.0538671041838
26	0.0421328200192
27	0.0479579316389
28	0.0471724137931
29	0.0518181818182
30	0.0496101541251
31	0.0497907188353
32	0.03315
33	0.0331385314156
34	0.0673181019332
35	0.048
36	0.0497907188353
37	0.0437322677323
38	0.0364496253122
39	0.0401762114537
40	0.0490322580645
41	0.039652173913
42	0.0244504021448
43	0.0332770927969
44	0.0378031088083
45	0.036602006689
46	0.0179852095316
47	0.0228158443363
48	0.0297122171946
49	0.0253333333333
50	0.00839585730725
51	0.10032
52	0.174580259222
53	0.072349726776
54	0.163832335329
55	0.0059278518037
56	0.565698301698
57	1.27533465347
58	1.35170664024
59	1.13643156843
60	1.49841403509
61	1.98625374625
62	2.19294849368
63	2.42465014866
64	2.51902497502
65	1.5935984252
66	0.849332027424
67	0.791001980198
68	1.66942115768
69	1.73714285714
70	1.17438888889
71	2.0371009901
72	1.38321584158
73	1.79871683168
74	2.07346067416
75	1.4265884653
76	1.36394065282
77	1.2371031746
78	1.03235294118
79	1.25693465347
80	1.1998974359
81	1.77122077922
82	1.94957042957
83	1.617021611
84	1.76796035679
85	1.33774328358
86	1.73835764236
87	1.46567930029
88	1.44302097902
89	1.53772627373
90	1.51039048563
91	1.55938949455
92	1.57056543457
93	1.72431538462
94	1.64136336925
95	1.78845862413
96	1.91502574257
97	1.59487304348
98	2.10211485149
99	1.64190891089
100	2.06664334305
101	2.08664150943
102	1.55685544554
103	1.79302297702
104	1.50035282458
105	1.52269888476
106	1.75147514911
107	1.38043564356
108	1.73085217391
109	2.56726473526
110	1.82026560951
111	2.04971828172
112	1.6549754386
113	2.06960792079
114	1.75763960396
115	1.65432437442
116	2.07728271728
117	1.78239841427
118	1.79153313551
119	1.69823771224
120	1.89724583741
121	1.41104158416
122	1.4757002997
123	1.75885714286
124	1.44957442557
125	1.82038811881
126	1.97888511489
127	1.56628571429
128	1.84768831169
129	1.58304158416
130	1.96125148515
131	1.85945098039
132	2.46840718563
133	1.98058730159
134	2.7955960396
135	2.19745816733
136	2.38384158416
137	1.65890618762
138	2.72514285714
139	2.06248951049
140	3.32494364852
141	2.91529270729
142	2.98372027972
143	1.94607142857
144	2.94262537463
145	2.79559004975
146	2.65701498501
147	0.920758096761
148	5.79977777778
149	2.35997837838
150	2.79886513487
151	2.30711377246
152	2.97379420579
153	2.31919920714
154	2.64736863137
155	2.96286113886
156	2.09212698413
157	2.40800799201
158	2.715249501
159	2.89864811133
160	3.25249150849
161	2.73926190476
162	2.23308691309
163	2.01869573835
164	2.07094796594
165	2.71165634366
166	2.11880272109
167	2.34900890208
168	2.411567889
169	2.18910016978
170	2.19068123862
171	2.26314485514
172	2.51611904762
173	1.90101757632
174	2.11857425743
175	2.19093069307
176	2.37834455446
177	2.40348275862
178	2.75513286713
179	2.26261738262
180	1.95865873016
181	2.39579285714
182	2.62393606394
183	2.05987710605
184	2.38340859141
185	1.69622377622
186	1.68727777778
187	1.63868364349
188	2.19096927651
189	1.33953617443
190	1.62254328358
191	1.11424950495
192	1.46281188119
193	1.46281188119
194	1.24012673267
195	1.60716083916
196	1.74929070929
197	1.51198412698
198	1.80776261128
199	2.10211485149
200	1.50633663366
201	1.85473141724
202	1.32890207715
203	0.256
204	1.16530139721
205	1.47545688801
206	1.33941386139
207	1.82173416149
208	1.63958852621
209	2.5002749274
210	1.32674353877
211	1.56671683168
212	1.33935664336
213	1.47854202077
214	2.01373826174
215	2.16967032967
216	1.8478001998
217	1.90244598612
218	1.91995471698
219	2.1975249501
220	2.09764285714
221	1.91429370629
222	2.7371028971
223	2.32670811744
224	2.3367992008
225	2.54238728898
226	1.70758841159
227	2.03343856144
228	3.152
229	3.36388411588
230	2.92734596211
231	3.60826373626
232	2.81723752495
233	3.21661904762
234	3.02407992008
235	2.62253746254
236	2.75404595405
237	2.82522277722
238	2.31376984127
239	2.11722677323
240	2.0982891326
241	2.79886513487
242	2.22686223984
243	2.08465469062
244	2.73134865135
245	2.48563168317
246	2.67309637489
247	2.77467722772
248	2.74413478692
249	2.21904158416
250	2.09218217822
251	2.85032567433
252	2.77353046953
253	3.04622222222
254	2.7526970297
255	1.85306772908
256	2.56509090909
257	2.42606937562
258	2.42319280719
259	2.82139147671
260	3.12968756219
261	2.93002997003
262	2.23345391904
263	2.80114285714
264	2.28875247525
265	2.8912318408
266	2.29287920792
267	2.5259901088
268	2.21050434783
269	2.63567096135
270	1.70932267732
271	2.02513379584
272	2.2858817652
273	2.88228118812
274	2.84975024975
275	2.79416451933
276	3.44745654346
277	3.9000753221
278	3.42257742258
279	2.50952929494
280	1.86549450549
281	2.09823587711
282	2.20344380952
283	2.39434165834
284	2.56291708292
285	2.56118929633
286	2.48255841584
287	2.99645954046
288	2.45272222222
289	2.23115284715
290	2.46038761239
291	2.50471442591
292	2.43718999073
293	2.97379420579
294	2.66077623762
295	2.4113966034
296	2.58378592666
297	2.24915643564
298	1.97717482517
299	2.60313181368
300	1.9977245509
301	2.47087312687
302	2.20858671952
303	3.13779020979
304	1.03519524281
305	1.98959764475
306	2.47052673267
307	1.94157042957
308	2.11877106046
309	2.53554059406
310	1.95706719368
311	2.51386930693
312	2.01985628743
313	2.25005555556
314	2.66234895314
315	2.78088888889
316	2.29895221239
317	2.42828645384
318	1.88048751249
