0	0.0646299212598
1	0.0317217391304
2	0.0259727024568
3	0.00883137254902
4	0.0483819628647
5	0.163648598131
6	1.0545300813
7	0.992047524752
8	0.936530693069
9	1.16248551449
10	1.06884931507
11	1.33157242757
12	1.25586521308
13	1.36788879235
14	1.51413861386
15	1.07322174288
16	1.50876323676
17	1.2953029703
18	1.75711397423
19	1.30273726274
20	1.32075333333
21	1.71203168317
22	1.44732934132
23	1.56364647468
24	1.7464950495
25	1.63575624376
26	1.17026190476
27	0.901270588235
28	0.611805748266
29	0.642583486239
30	0.590729270729
31	1.33745887017
32	1.47364752475
33	1.25715884116
34	1.18986719524
35	1.07950891089
36	1.12579228487
37	0.918231912785
38	1.05261674009
39	1.21720754717
40	0.418485436893
41	0.643764705882
42	0.620102970297
43	0.821362376238
44	0.530946534653
45	0.885108910891
46	1.38560639361
47	1.82854653465
48	1.06285714286
49	1.04587980296
50	0.613401980198
51	0.736823762376
52	0.966419161677
53	1.73923015873
54	1.2046970297
55	1.48448316832
56	0.00640624390244
57	0.797317365269
58	0.575503394762
59	0.697608355091
60	0.532699029126
61	0.388138181818
62	0.0212504854369
63	0.871671028037
64	0.841758415842
65	0.794011881188
66	0.561301960784
67	0.390083168317
68	0.162162768943
69	0.427673786408
70	0.408117762512
71	0.499364635365
72	0.392725123153
73	0.622289655172
74	0.470489719626
75	0.220712906058
76	0.185854996734
77	0.363905882353
78	0.781108910891
79	0.784754716981
80	0.739853320119
81	0.392658178257
82	0.449965048544
83	0.571837462834
84	0.441782857143
85	0.378437383178
86	0.538645544554
87	0.435374257426
88	0.465932673267
89	0.158565765766
90	0.00174281391831
91	0.315692307692
92	0.432679245283
93	0.817838461538
94	1.20867932068
95	1.23683687943
96	1.39900096061
97	1.31192871287
98	1.25274576271
99	1.25681746032
100	1.34434365634
101	1.52765634366
102	2.08323676324
103	1.84942647059
104	2.48775224775
105	2.34488888889
106	0.816586123241
107	0.609329852045
108	0.032729136998
109	0.273326673327
110	0.639302970297
111	0.590426229508
112	1.04397202797
113	0.936491575818
114	1.10211485149
115	1.13259405941
116	0.848833057851
117	1.68828543112
118	1.05701886792
119	1.09929270729
120	1.01929411765
121	0.52510604559
122	1.00956987116
123	1.44584215784
124	1.29071698113
125	0.813478691774
126	0.0162915326902
127	0.0383327495622
128	0.0609693593315
129	0.0358819672131
130	0.0370983050847
131	0.0556474576271
132	0.0552294617564
133	0.0184495837188
134	0.0370983050847
135	0.0566068965517
136	0.046570212766
137	0.696631368631
138	1.1361506442
139	0.354070588235
140	0.412360814743
141	0.757683347006
142	1.13843921569
143	0.0977870439315
144	0.488594648167
145	1.10980594059
146	1.57863762376
147	1.57941258741
148	1.89566761095
149	2.26030891089
150	2.11843660629
151	2.57217804154
152	1.77181016949
153	1.86651748252
154	1.72761072493
155	1.45798201798
156	1.24153815659
157	1.30192293578
158	1.37826012059
159	1.45348104956
160	1.07144055944
161	1.01029019608
162	1.26731305201
163	0.582978217822
164	1.19096470588
165	0.766075247525
166	1.07144055944
167	1.12919722498
168	0.985068249258
169	0.826164705882
170	0.633165510406
171	1.25693465347
172	1.09684715285
173	1.62695738355
174	1.11365434565
175	0.533144375554
176	0.699716283716
177	0.709811694747
178	1.04022178218
179	0.76879338843
180	1.36394065282
181	0.809530227948
182	0.585124752475
183	0.931865346535
184	0.114735483871
185	0.00311942992874
186	0.0578537444934
187	0.0516226415094
188	0.0191496062992
189	0.0339875776398
190	0.0374473909324
191	0.0312685714286
192	0.0535945151812
193	0.0566557377049
194	0.0397963636364
195	0.0370983050847
196	0.0363890274314
197	0.0365714285714
198	0.0353032258065
199	0.0293142857143
200	0.048
201	0.0660413793103
202	0.0434285714286
203	0.0336738461538
204	0.0605198156682
205	0.0469296740995
206	0.0213897978826
207	0.289694117647
208	0.361258252427
209	0.268323076923
210	0.238431496063
211	0.306125874126
212	0.224862973761
213	0.308132038835
214	0.231049056604
215	0.303398019802
216	0.357576237624
217	0.279722772277
218	0.294679365079
219	0.357222551929
220	0.275716229349
221	0.325655545537
222	0.21991372549
223	0.433425742574
224	0.269429126214
225	0.314233663366
226	0.21257704918
227	0.27281303931
228	0.207979966611
229	0.276524781341
230	0.114651428571
231	0.111993939394
232	0.201661233168
233	0.155854862119
234	0.0455241264559
235	0.329702623907
236	0.161721784777
237	0.316605593057
238	0.204308256881
239	0.361609329446
240	0.204147614761
241	0.404151603499
242	0.233175792507
243	0.305169230769
244	0.23939172281
245	0.303398019802
246	0.25457254902
247	0.269784371909
248	0.3648
249	0.2776
250	0.228887272727
251	0.42959764475
252	0.27520776699
253	0.279165517241
254	0.284856423174
255	0.370135426889
256	0.362138613861
257	0.277074509804
258	0.210539345712
259	0.446693877551
260	0.274733980583
261	0.305169230769
262	0.337988118812
263	0.268451851852
264	0.368411881188
265	0.283681553398
266	0.280375747225
267	0.370044703596
268	0.3648
269	0.23848627451
270	0.29404534005
271	0.346053518335
272	0.334919891989
273	0.282527968597
274	0.284870175439
275	0.192
276	0.160387734916
277	0.00204204503048
278	0.00454862842893
279	0.0119280653951
280	0.0176944219887
281	0.0184708860759
282	0.0195778175313
283	0.03648
284	0.0316300578035
285	0.0234514285714
286	0.0308064743139
287	0.0199344262295
288	0.0147792032411
289	0.0256901408451
290	0.0202666666667
291	0.0288
292	0.0219026017345
293	0.0288
294	0.0309443920829
295	0.0298744313012
296	0.0327992007992
297	0.0256700547303
298	0.02736
299	0.0254288518155
300	0.00681907645723
301	0.06384
302	0.131196803197
303	0.0748856304985
304	0.14226183844
305	0.0575495179667
306	0.08591952895
307	0.0469887278583
308	0.0996721311475
309	0.120263736264
310	0.113784499055
311	0.088115942029
312	0.117257142857
313	0.0613293502614
314	0.0945077720207
315	0.035793949305
316	0.0128828722778
317	0.0225882352941
318	0.0390160427807
