0	1.66868910891
1	1.65543256743
2	1.93194995188
3	1.4303049505
4	1.56033267327
5	0.228598151169
6	0.184205940594
7	1.46281188119
8	1.06294549058
9	0.573137254902
10	1.20275643564
11	1.37756643357
12	1.31558811881
13	1.20169411765
14	0.994909090909
15	1.13255104063
16	1.25818037661
17	0.84518019802
18	1.06504695305
19	1.4303049505
20	0.887721100917
21	0.862892307692
22	0.776247752248
23	0.889403369673
24	0.874394504416
25	1.26823576424
26	1.21359207921
27	1.00237066402
28	0.758495049505
29	0.935021359223
30	1.08035538006
31	1.54329990167
32	3.14232967033
33	2.60505346535
34	2.49917145689
35	2.51460539461
36	2.2084106614
37	1.76235387674
38	2.02715684316
39	2.9674005994
40	3.00107936508
41	1.27860594059
42	1.02406342914
43	2.0371009901
44	1.67153313551
45	2.22687969201
46	2.05877227723
47	1.24906666667
48	1.66868910891
49	1.50915924827
50	1.79357016683
51	1.7100979021
52	1.52507163886
53	1.28944158416
54	0.867385229541
55	1.292
56	1.13832727273
57	1.27860594059
58	1.25411165524
59	0.817172277228
60	0.987020812686
61	1.06189306931
62	1.63356643357
63	1.75061040236
64	1.46731089109
65	1.5196963037
66	1.18225569871
67	0.990542574257
68	1.13774257426
69	1.54455888224
70	1.59688715953
71	1.58983416583
72	1.72457482656
73	2.70500699301
74	3.39942120912
75	3.28445954046
76	3.43752247752
77	3.20792807193
78	3.25402184707
79	2.53007792208
80	1.98488800793
81	2.25675124875
82	3.0985974026
83	1.78662937063
84	2.86691052114
85	2.95192807193
86	2.520864222
87	2.35583366337
88	3.196995005
89	3.59058541459
90	2.61754245754
91	3.3409652433
92	3.25166033966
93	2.58594251734
94	2.37247552448
95	3.26926461843
96	3.10953046953
97	2.7538842002
98	2.63756039604
99	2.51913686314
100	2.56559440559
101	2.44015873016
102	2.40981418581
103	1.92875924076
104	2.44285714286
105	2.48634565435
106	2.02715684316
107	2.47652173913
108	3.0418041543
109	2.42074725275
110	1.98050793651
111	2.13468503214
112	2.86446353646
113	2.33328271728
114	2.27139742319
115	2.47747869177
116	2.50367232767
117	1.96155844156
118	2.54101098901
119	2.51885714286
120	2.23488511489
121	2.16293359762
122	2.3449980198
123	2.99566033966
124	2.33416237624
125	1.99435764236
126	2.31257142857
127	2.48586138614
128	2.19115284715
129	2.45354645355
130	2.92507936508
131	2.82073126873
132	2.42324677899
133	2.95646753247
134	3.64525074925
135	3.92783316783
136	2.80815034619
137	2.92218037661
138	2.67220779221
139	3.25166033966
140	3.05536507937
141	2.55194405594
142	2.89761584158
143	2.7224420218
144	2.59567632368
145	2.1435893386
146	2.67246169154
147	2.53659607843
148	2.31781018981
149	2.58653504442
150	2.16938369781
151	2.613002997
152	2.25831287129
153	2.65923960396
154	2.15208721506
155	2.75513286713
156	2.31249108911
157	2.25675124875
158	2.67220779221
159	2.59107845084
160	2.80365578635
161	2.86885114885
162	1.63180563654
163	3.66711688312
164	3.40472327672
165	3.87349354518
166	3.57965234765
167	3.2876990099
168	3.1641958042
169	2.84713686314
170	2.93885203575
171	3.51405394605
172	4.41056543457
173	3.70445554446
174	3.56919165839
175	2.81402307692
176	3.24435643564
177	3.62338461538
178	4.08257342657
179	4.30123476523
180	4.34496703297
181	4.15271128871
182	4.27322587065
183	3.0985974026
184	3.95137662338
185	3.79581785064
186	4.18705742574
187	4.46523076923
188	4.04827915519
189	4.33403396603
190	1.86310513036
191	2.42718415842
192	2.8362037962
193	2.520864222
194	3.61245954046
195	2.20631912785
196	2.18661338661
197	1.76161744301
198	2.44261338661
199	3.50788503469
200	4.23563636364
201	4.11537262737
202	3.86879694948
203	4.18097102897
204	3.66711688312
205	4.1591048951
206	4.1919040959
207	3.79860696517
208	4.22048702595
209	4.64050793651
210	4.02151448551
211	4.53082917083
212	3.80924675325
213	3.99510889111
214	2.39071481943
215	4.4214985015
216	3.44280673935
217	2.87594455446
218	2.29081980198
219	4.67295904096
220	4.52296237624
221	3.68100667302
222	4.2575024975
223	3.50312087912
224	3.6055024777
225	3.76551448551
226	2.89538033764
227	2.37701498501
228	2.48832507433
229	2.940995005
230	3.43752247752
231	3.09248
232	3.083898017
233	2.4290585619
234	2.30687712288
235	2.27634331337
236	2.54760675273
237	2.55549381541
238	2.83090584737
239	2.49727872128
240	4.02790809191
241	3.84658541459
242	4.90706838454
243	4.43529588015
244	4.60736063936
245	4.5526953047
246	3.81123387873
247	4.74581206726
248	4.6537905468
249	4.5526953047
250	4.21377022977
251	4.09446502836
252	4.83682717283
253	2.27876923077
254	2.96058788481
255	3.73271528472
256	3.51405394605
257	3.59058541459
258	3.04089421158
259	3.32214173228
260	2.55340336967
261	3.0001998002
262	3.20418632309
263	2.89965587419
264	4.23634194831
265	2.77060539461
266	2.53350318471
267	2.93286708296
268	3.14629672447
269	3.03407407407
270	2.91912887113
271	1.82669573835
272	2.71594005994
273	2.51914485514
274	2.79936462094
275	3.23618781219
276	2.92366833167
277	2.79479365079
278	2.75691816367
279	2.64279365079
280	2.71322954092
281	2.62107936508
282	3.05032567433
283	3.14974814815
284	3.97324275724
285	3.38285714286
286	3.34850793651
287	3.79831368631
288	3.08766433566
289	3.27575769613
290	2.72687312687
291	2.78153846154
292	2.86446353646
293	2.79756901688
294	2.92366833167
295	2.90181018981
296	3.45938861139
297	3.81915392254
298	3.29210379242
299	3.13136507937
300	3.18606193806
301	3.10953046953
302	3.99510889111
303	2.93885203575
304	3.44913873874
305	3.66694653465
306	3.61245154845
307	2.67257904762
308	2.88632967033
309	2.06327128713
310	2.03808991009
311	2.19314285714
312	1.86316083916
313	2.26055104063
314	2.83166433566
315	2.09785530228
316	2.71594005994
317	2.55194405594
318	2.54879377432
