0	0.759137487636
1	1.01677522478
2	0.782630350195
3	0.692966336634
4	0.983860869565
5	0.914592307692
6	1.04721584158
7	1.4109010989
8	1.41479747975
9	1.29616955684
10	1.19215347722
11	1.99762904809
12	1.8028834476
13	1.25522820037
14	1.38711377246
15	1.13514285714
16	1.1820990099
17	1.1812987013
18	1.14852436975
19	1.2768
20	0.636352824579
21	0.515011764706
22	0.27625631068
23	0.199938461538
24	0.132840336134
25	0.0993103448276
26	0.0931844843898
27	0.131196803197
28	0.120595041322
29	0.00182674011017
30	0.0125537065053
31	0.00322691481747
32	0.0451857968621
33	0.42959764475
34	0.507204747774
35	0.235028741328
36	0.253304918033
37	0.201488372093
38	0.139236641221
39	0.115479905437
40	0.0650138613861
41	0.396590284143
42	1.03204757185
43	0.718765048544
44	0.673806193806
45	0.654483809524
46	0.994719546742
47	1.07883564356
48	0.797074684772
49	0.943776447106
50	0.969803376365
51	1.22434886026
52	0.723457085828
53	0.900202180377
54	0.986043564356
55	0.576431372549
56	0.57485827552
57	0.358023529412
58	0.8256
59	0.908693424424
60	1.08505882353
61	0.835588118812
62	0.903112605042
63	1.23526336634
64	0.896641584158
65	0.732110891089
66	0.874645354645
67	0.693998037291
68	0.613921311475
69	0.0951652173913
70	0.0470456743686
71	0.851630662021
72	1.11592079208
73	1.0493986014
74	0.840476272649
75	1.04482264151
76	0.504282352941
77	0.343296969697
78	0.237913043478
79	0.375529411765
80	0.492776470588
81	0.473538461538
82	0.248396521739
83	0.611576470588
84	0.418225742574
85	0.472580530973
86	0.534652043868
87	0.56711817279
88	0.639302970297
89	0.437710891089
90	0.368411881188
91	0.188527131783
92	0.210305882353
93	0.232626086957
94	0.0315692307692
95	0.374257742258
96	0.781988118812
97	0.902558415842
98	0.82193625498
99	1.01810344828
100	0.99420990099
101	0.724907829534
102	0.887643916914
103	0.264282352941
104	0.178892307692
105	0.648045283019
106	0.980909090909
107	0.922729411765
108	0.669037623762
109	0.9488
110	1.3299020979
111	1.45966303271
112	0.912823529412
113	1.41009230769
114	1.3850703667
115	1.59622777223
116	1.28873736373
117	1.28815042735
118	1.63996003996
119	1.03986521308
120	1.15941386139
121	1.45021562809
122	1.83122376238
123	1.56877932406
124	1.60573895976
125	2.02261738262
126	1.26069375619
127	1.32752662722
128	0.598200995025
129	1.06189306931
130	1.17458039216
131	1.65089310689
132	1.19168596663
133	1.69524705882
134	1.00429170829
135	0.987020812686
136	0.861481049563
137	0.397203960396
138	0.809046953047
139	0.725988118812
140	0.761788235294
141	0.326334226988
142	0.432997032641
143	0.715152475248
144	0.866851485149
145	0.558015384615
146	0.963418397626
147	0.810469428008
148	0.926533864542
149	0.658301698302
150	0.553165510406
151	0.375529411765
152	0.497454545455
153	0.403193737769
154	0.555207804878
155	0.426036363636
156	0.715152475248
157	0.568403960396
158	0.759246778989
159	0.626690196078
160	0.632776470588
161	0.690867326733
162	0.686526732673
163	0.730315996075
164	0.447425800194
165	0.547736997056
166	0.426420950533
167	0.633035294118
168	0.581309381238
169	0.458220058423
170	0.342015686275
171	0.3436781158
172	0.300423529412
173	0.154101898102
174	0.314233663366
175	0.116877669903
176	0.0459831932773
177	0.000391468331382
178	0.0162073306183
179	0.0269778142975
180	0.0241057268722
181	0.0228158443363
182	0.0142314694408
183	0.0297660924751
184	0.014409479921
185	0.0180594059406
186	0.0317217391304
187	0.00516307595534
188	0.142199740597
189	0.0331887793783
190	0.0405333333333
191	0.0378031088083
192	0.0642504892368
193	0.00951031935694
194	0.0795204359673
195	0.104765832106
196	0.0636196721311
197	0.115976878613
198	0.0873191489362
199	0.0452622314264
200	0.0210935005701
201	0.390083168317
202	0.435074003795
203	0.526360591133
204	0.422440744368
205	0.465493692178
206	0.432997032641
207	0.266922772277
208	0.147464870067
209	0.17150244858
210	0.174178217822
211	0.368411881188
212	0.322423529412
213	0.3648
214	0.384704950495
215	0.604399604352
216	0.48635235732
217	0.5472
218	0.612125490196
219	0.780660731949
220	0.557359783589
221	0.677080118694
222	0.405145688801
223	0.764357281553
224	0.824047524752
225	0.859236399604
226	0.107374953271
227	0.0556474576271
228	0.240527472527
229	0.354418056919
230	0.346740594059
231	0.357576237624
232	0.223175059952
233	0.371883495146
234	0.109226666667
235	0.555454367026
236	0.300129285015
237	0.250841918295
238	0.310703277236
239	0.34300489716
240	0.329702623907
241	0.277607920792
242	0.360791208791
243	0.277033009709
244	0.361258252427
245	0.287937254902
246	0.3648
247	0.279145631068
248	0.166739622642
249	0.368411881188
250	0.246205825243
251	0.266078431373
252	0.247555136664
253	0.352306182532
254	0.065984496124
255	0.331827111984
256	0.274726213592
257	0.275691089109
258	0.368411881188
259	0.28217468106
260	0.240007079646
261	0.258838931955
262	0.343238469087
263	0.357576237624
264	0.210439276486
265	0.337680872151
266	0.2892736
267	0.3648
268	0.165350135014
269	0.365661050545
270	0.286117647059
271	0.287896927651
272	0.211873612297
273	0.331673675357
274	0.360791208791
275	0.275084241824
276	0.276701273262
277	0.361258252427
278	0.271114563107
279	0.278760784314
280	0.354418056919
281	0.17611988012
282	0.361258252427
283	0.243862295082
284	0.125904424779
285	0.0708349514563
286	0.0451632970451
287	0.536997055937
288	0.0074906673485
289	0.461817468106
290	0.329166516652
291	0.446260194175
292	0.526257114818
293	0.470979228487
294	0.631384615385
295	0.552023762376
296	0.650114851485
297	0.516553846154
298	0.845663366337
299	0.548714754098
300	0.866015638575
301	0.769419226957
302	0.459823076923
303	0.210452336449
304	0.151699009901
305	0.162534653465
306	0.108275862069
307	0.162534653465
308	0.0626721266721
309	0.244613313388
310	0.168369230769
311	0.220984615385
312	0.289694117647
313	0.295741429971
314	0.534119521912
315	0.384182178218
316	0.519921568627
317	0.497483495146
318	0.201683802134
