0	1.51666600199
1	2.14288111888
2	1.99991243781
3	2.47087312687
4	1.15051460886
5	2.42354716981
6	1.43788514851
7	1.42683378747
8	1.67034291378
9	1.26285148515
10	1.73316334661
11	1.79987276342
12	1.97617443013
13	2.0371009901
14	0.466133333333
15	1.20275643564
16	1.23915247525
17	1.46281188119
18	1.04188701685
19	1.12416383616
20	1.69950769231
21	1.94414371257
22	1.57068253968
23	2.08821578422
24	1.88830339321
25	1.87078481013
26	1.99875449102
27	1.93755956679
28	2.95813069307
29	0.971801513877
30	1.89142057942
31	1.63780376611
32	0.886265346535
33	0.166448669202
34	0.0695409054805
35	0.794755642787
36	0.045057408044
37	2.88505682951
38	1.05209910803
39	1.24733399405
40	0.67276039604
41	1.04179453346
42	0.940243756244
43	1.12672927073
44	1.43314285714
45	1.3977980198
46	1.38500594059
47	1.63618217822
48	1.57436163836
49	1.30907646475
50	1.74929070929
51	1.18751683168
52	1.65785346535
53	1.39884241824
54	1.73835764236
55	1.5123567889
56	1.4180652819
57	0.878556987116
58	0.942843564356
59	1.14682634731
60	0.878556987116
61	0.730315996075
62	0.542131736527
63	0.720282907662
64	1.17758736426
65	1.06611530815
66	0.865194856578
67	1.36664420218
68	1.50091508492
69	1.51849355798
70	0.666917082917
71	0.143873794917
72	0.0635104311544
73	0.127502912621
74	0.400522255193
75	0.531472745292
76	0.643764705882
77	0.986043564356
78	0.67371258672
79	0.051250221491
80	5.33533666334
81	0.887560353288
82	1.71649150849
83	1.35579781962
84	1.08129341317
85	1.54784508441
86	1.35190588235
87	1.33278415842
88	1.10609912536
89	0.434121974831
90	1.29544990177
91	1.21359207921
92	1.26777029703
93	1.5494970297
94	1.27916883117
95	1.07489328063
96	1.3176358209
97	0.929310689311
98	0.77327576055
99	0.81998001998
100	1.02900297324
101	1.39918334985
102	0.855169139466
103	0.715861248761
104	0.721582417582
105	0.792571428571
106	0.01438101963
107	3.49087483871
108	0.986043564356
109	0.823508910891
110	1.09331750742
111	1.14
112	0.954917647059
113	0.674555885262
114	0.840209912536
115	1.2245034965
116	1.74929070929
117	1.2995451895
118	0.997835294118
119	0.719576054956
120	0.541887378641
121	0.774111405836
122	1.35714285714
123	0.739174119886
124	0.536997055937
125	0.161190697674
126	0.261089463221
127	0.713739130435
128	1.63996003996
129	1.51817964072
130	1.25965873016
131	1.824
132	1.64538872404
133	1.22034596696
134	1.16909198813
135	0.810276923077
136	0.676616290481
137	0.476768316832
138	0.515011764706
139	0.793198824682
140	1.25657311089
141	1.13483022571
142	1.73835764236
143	1.67952475248
144	1.3124122894
145	0.0542378947368
146	5.26701960784
147	0.954917647059
148	1.37612673267
149	1.59283960396
150	1.40765423729
151	1.49383976261
152	1.672
153	1.33736637168
154	1.59622777223
155	1.68118929633
156	1.62534653465
157	1.13292850147
158	0.90024975223
159	0.783247058824
160	0.0311113220983
161	5.29268389662
162	1.74929070929
163	1.27086844708
164	1.73714285714
165	1.67786350148
166	1.04331746032
167	0.713276264591
168	0.609814925373
169	0.667185840708
170	1.5196963037
171	0.254700832799
172	6.00996226415
173	1.14575841584
174	1.76022377622
175	1.8655777998
176	1.54505346535
177	1.19310208127
178	1.23509322866
179	0.856015841584
180	0.874645354645
181	0.675374545455
182	0.607397423191
183	1.2901018981
184	1.83122376238
185	1.76796035679
186	1.36111088911
187	1.59051395573
188	1.4540979021
189	1.28114285714
190	1.46503096903
191	1.41637928007
192	1.58529470529
193	0.209212920237
194	5.20110891089
195	0.964372277228
196	0.112970322581
197	0.894321678322
198	0.997867195243
199	0.841846153846
200	0.396988235294
201	0.658126091174
202	0.661629335976
203	0.530946534653
204	0.42875612145
205	0.633656526006
206	0.847623529412
207	1.15941386139
208	1.19170866142
209	1.56186826347
210	1.56342857143
211	1.48595441031
212	1.39943256743
213	1.17382539683
214	1.48448316832
215	1.53430588235
216	1.30635247525
217	1.50211764706
218	1.26523564356
219	1.3113442623
220	1.53866138614
221	1.29370629371
222	1.73542120912
223	1.3076990099
224	1.61623785927
225	1.72411531532
226	1.57116831683
227	0.841030723489
228	1.10423976024
229	0.997132673267
230	1.49531881188
231	1.22286162905
232	1.5196963037
233	1.68118929633
234	0.870225742574
235	1.64701782178
236	1.14115294118
237	1.48448316832
238	1.30156590684
239	1.13711088911
240	1.21479484638
241	0.896511488511
242	0.926922772277
243	1.0087135778
244	1.17991691395
245	1.4069296333
246	1.63996003996
247	1.4164955045
248	1.68452830189
249	1.35576885406
250	1.61809390609
251	1.28927308448
252	1.32614876033
253	1.80955247525
254	1.54735664336
255	1.68118929633
256	1.42544950495
257	1.25377822178
258	1.43172249752
259	1.36103659743
260	1.30156590684
261	1.63996003996
262	1.19244749755
263	1.72286732673
264	1.3056
265	1.32194851485
266	1.34878415842
267	1.53616633663
268	1.50595087719
269	1.79871683168
270	1.59283960396
271	1.07497029703
272	1.80955247525
273	1.41081318681
274	1.84768831169
275	1.31853932584
276	1.76022377622
277	1.31436273538
278	1.51699009901
279	1.34229080119
280	1.57272547076
281	1.24
282	1.61451089109
283	1.83122376238
284	1.52051148851
285	1.59441823588
286	1.19436
287	1.59283960396
288	1.49531881188
289	1.22726336634
290	1.5820039604
291	1.00966792453
292	1.5524955045
293	1.50307951356
294	1.62534653465
295	1.7011960396
296	1.63552156863
297	1.49883845391
298	1.69563363863
299	2.20847952048
300	1.67873141724
301	2.11450652742
302	2.73834165834
303	2.40926147705
304	1.61949458484
305	1.49241958042
306	1.7513797841
307	2.0114625789
308	2.49207361963
309	2.82946906188
310	2.76698473282
311	2.89937684943
312	2.25402352941
313	2.93735311573
314	2.57092366412
315	2.77436638655
316	2.84428309742
317	2.13508118812
318	3.40776071785
