0	0.929940594059
1	1.51087524752
2	1.87116039604
3	1.7350405771
4	1.26902675917
5	1.23543656344
6	0.721206793207
7	0.726869971936
8	1.72742457542
9	0.674051485149
10	1.32416153846
11	1.44256888008
12	0.809272727273
13	0.504138195777
14	0.576572564612
15	0.411749019608
16	0.520110891089
17	0.654494117647
18	0.435699009901
19	0.824316518299
20	1.07399411187
21	0.454681318681
22	0.608
23	0.52047761194
24	0.0314482758621
25	0.075475862069
26	0.0864893177119
27	0.166390670554
28	0.0650138613861
29	0.0452543073742
30	0.0493417493237
31	0.0774111405836
32	0.124011331445
33	0.107294117647
34	0.0818242990654
35	0.0858352941176
36	0.118023529412
37	0.135497142857
38	0.0965647058824
39	0.0607437557817
40	0.0825962264151
41	0.0995732009926
42	0.42638961039
43	0.432997032641
44	0.301401709402
45	0.194372200772
46	0.1216
47	0.195234886026
48	0.0286192468619
49	0.0930084985836
50	0.0811417979611
51	0.0293142857143
52	0.0416517602284
53	0.057650570676
54	0.0285495652174
55	0.0608
56	0.0912
57	0.0448524590164
58	0.020080733945
59	0.0246857142857
60	0.0208457142857
61	0.0471603960396
62	0.0626306306306
63	0.0454439541041
64	0.0189712601326
65	0.0256901408451
66	0.0613682242991
67	0.0198981818182
68	0.0293142857143
69	0.0197189189189
70	0.0157467625899
71	0.032442687747
72	0.0430019646365
73	0.0357
74	0.0288
75	0.042959764475
76	0.0649220338983
77	0.0488571428571
78	0.0411428571429
79	0.0620056657224
80	0.0865994065282
81	0.05985
82	0.0252553846154
83	0.0254741200828
84	0.0432997032641
85	0.0531262135922
86	0.0516226415094
87	0.0358819672131
88	0.0145232132964
89	0.601970089731
90	0.218858789625
91	0.321882352941
92	0.26656379822
93	0.162534653465
94	0.148753398058
95	0.0298821052632
96	0.757680830973
97	0.888641584158
98	0.66535
99	0.670747274529
100	0.804483516484
101	0.729463126844
102	0.464253358925
103	0.303781818182
104	0.122279329609
105	0.355929961089
106	0.741697329377
107	0.74013712047
108	0.926857142857
109	0.628553846154
110	0.596462745098
111	0.745121568627
112	0.81603996004
113	0.828269306931
114	0.755187314172
115	0.842209371884
116	0.948686998395
117	1.07405148515
118	0.911096134787
119	0.747307616222
120	1.43863105836
121	1.20699072356
122	1.29914796748
123	0.943635282458
124	0.896411650485
125	0.7296
126	0.872316518299
127	0.770093161546
128	0.540082758621
129	0.704316831683
130	0.628467326733
131	0.281747572816
132	0.552617821782
133	0.889329376855
134	1.17022001982
135	1.2708971029
136	0.86015049505
137	1.19876862745
138	1.16217382617
139	0.895920634921
140	1.0893026973
141	1.2992047952
142	1.26852724077
143	1.63539009901
144	1.51941946903
145	1.74453861386
146	1.12914965312
147	1.41944664032
148	1.48388095238
149	1.5500627451
150	1.64701782178
151	1.24377448071
152	1.3846970297
153	1.45428158845
154	1.59622777223
155	1.23138949455
156	1.45593688363
157	1.8512238806
158	1.36881584158
159	1.37518334985
160	1.46117082917
161	1.61869803922
162	1.5770317757
163	2.14288111888
164	1.59625174825
165	2.07475916749
166	2.09652694611
167	1.98823575639
168	2.47542857143
169	1.71802967359
170	1.70396003996
171	2.25604757185
172	1.82204195804
173	2.41634851485
174	2.02931468531
175	2.01009316155
176	1.98254427295
177	1.41448330059
178	1.44928
179	1.59283960396
180	1.31974555659
181	1.56033267327
182	1.3557002997
183	0.80864950495
184	1.5196963037
185	1.12317460317
186	1.4868971029
187	1.00316388616
188	1.26777029703
189	1.06050749251
190	0.896222001982
191	1.15151248751
192	0.941055937193
193	0.710649350649
194	0.737861386139
195	1.19106620209
196	1.02002330097
197	0.652929772502
198	1.16015986678
199	1.42322743682
200	2.05541658342
201	1.45538156591
202	1.39583875969
203	2.05541658342
204	1.3831049505
205	1.48402775025
206	1.74865004985
207	1.76137574553
208	2.03355044955
209	1.65848166501
210	1.79630769231
211	2.08250545094
212	2.26088622754
213	0.387484515485
214	1.73886792453
215	1.33659140859
216	1.56187908821
217	1.12047105788
218	1.68285714286
219	0.859738613861
220	1.39803592814
221	1.04145525292
222	1.18488188976
223	1.23297308076
224	0.798574257426
225	0.954917647059
226	1.08260920666
227	1.10491816367
228	1.24868817204
229	1.50876323676
230	1.22562376238
231	1.25603996004
232	1.24381746032
233	1.57279041916
234	1.23081889764
235	1.2370144648
236	1.59145816733
237	1.1703468781
238	1.23181978452
239	1.48595441031
240	1.20552247752
241	1.53732023576
242	1.24289395441
243	1.39918334985
244	1.27916883117
245	0.730031858407
246	1.08356435644
247	1.12690693069
248	0.986043564356
249	0.467377601586
250	0.611576470588
251	0.473538461538
252	0.481533333333
253	1.32335664336
254	0.437352363961
255	1.11939622642
256	1.02312437811
257	1.48437014925
258	1.71767765568
259	0.722375
260	1.61255445545
261	1.7381978022
262	1.59544444444
263	1.53734520277
264	1.22185178056
265	0.207048648649
266	0.341386138614
267	0.715152475248
268	0.650138613861
269	0.11250256996
270	0.479908484271
271	0.27625631068
272	0.418867326733
273	1.02902857143
274	1.16757597173
275	0.970505660377
276	1.35843650794
277	1.10261134632
278	1.79575624376
279	1.5934826561
280	1.73789119683
281	1.89684920635
282	1.30523636364
283	0.84796125908
284	0.72727340824
285	1.33725901639
286	1.79347852148
287	1.45214285714
288	1.32180594059
289	1.94608591409
290	1.39081070367
291	1.75537425743
292	1.87562037962
293	1.8306013986
294	2.15843012884
295	1.77705201178
296	1.94856237624
297	2.32874325674
298	2.29085714286
299	1.72592475248
300	2.2339077527
301	1.47119280719
302	2.25604757185
303	1.62434365634
304	1.76156339371
305	2.44900699301
306	1.89426984127
307	1.83724383021
308	2.52519563059
309	1.8292990099
310	1.94618981019
311	2.05089329556
312	2.65477844311
313	2.09511377246
314	2.00566202783
315	1.99711776447
316	1.84513492063
317	1.98968231768
318	1.65288253968
