0	2.10419821606
1	1.81488911089
2	1.36883960396
3	1.84205940594
4	1.40265882353
5	1.89724583741
6	1.90283693517
7	1.47468235294
8	2.13194805195
9	1.80566336634
10	2.08509090909
11	2.5802037962
12	2.13453974485
13	1.97150727449
14	2.29943310208
15	1.88551448551
16	2.15495531281
17	2.05965714286
18	2.48180619381
19	2.01892507493
20	1.77608635918
21	2.17568031968
22	1.55466138614
23	1.78208991009
24	2.23435480674
25	2.03466133866
26	1.95535329341
27	2.70046753247
28	1.74854761905
29	1.77480919081
30	2.24935968379
31	1.92516385303
32	1.75989734189
33	2.08044356436
34	0.374720647773
35	5.36484496124
36	1.57877134446
37	1.7896531219
38	2.09127920792
39	1.22442772277
40	1.12329365079
41	1.58529470529
42	2.23034565435
43	1.52974459725
44	1.79871683168
45	1.17205153617
46	1.50615445545
47	1.44148910891
48	1.84768831169
49	1.39888206145
50	1.69036039604
51	1.25960714286
52	1.7337029703
53	1.51076123876
54	1.97812804328
55	2.39434165834
56	1.78260392157
57	1.96454311199
58	1.67156043956
59	1.65488
60	1.76971428571
61	1.30306493506
62	1.81303394256
63	2.32735905045
64	2.02500584795
65	2.41744655345
66	2.24926273726
67	2.5885508982
68	2.02965815324
69	1.84118281718
70	1.76218490246
71	1.96125148515
72	1.36270769231
73	1.60367524752
74	1.89142057942
75	1.16283564356
76	1.3124122894
77	1.14857821782
78	1.55093706294
79	1.48888306829
80	1.19074183976
81	0.284382849718
82	2.13648316832
83	1.2791048951
84	1.55103270565
85	1.34634223541
86	1.24066600595
87	0.89222970297
88	0.834344554455
89	0.982330769231
90	1.16983816184
91	0.724564585115
92	1.08129341317
93	0.447626043406
94	0.227548514851
95	0.206501607717
96	0.253610894942
97	0.0198500604595
98	0.0607493755204
99	0.415466666667
100	0.399876923077
101	0.439905882353
102	0.29299009901
103	0.295310632384
104	0.536411473788
105	0.347823702253
106	0.133192697769
107	0.0485201137749
108	0.601189504373
109	1.03801798202
110	0.870866204163
111	0.971881188119
112	0.808564705882
113	0.846318644068
114	0.908705882353
115	0.650138613861
116	0.758146534653
117	1.15316666667
118	0.5686
119	1.10650545094
120	1.0934025974
121	0.962579310345
122	1.08002376238
123	1.09789221557
124	0.988981132075
125	0.360915254237
126	0.00841199077633
127	0.00321977052074
128	0.00403703567081
129	0.000197342084859
130	0.00193562079943
131	0.00251933701657
132	0.000436581230677
133	0.375529411765
134	0.919144554455
135	0.395090196078
136	0.55254017094
137	0.924539460539
138	1.0221475827
139	1.52863136863
140	1.61805351833
141	1.78405594406
142	2.25450549451
143	2.15214299901
144	2.18301879327
145	2.21072527473
146	3.0637265625
147	2.82796410768
148	3.00418285714
149	2.87986427146
150	3.06752447552
151	3.23404595405
152	2.92742743539
153	2.74317009346
154	3.49957242757
155	4.14277722278
156	3.75550519358
157	4.36192607393
158	3.99048478901
159	3.99286313686
160	3.40100699301
161	3.47395238095
162	4.05499332698
163	4.87121661721
164	1.2369047014
165	7.23026467662
166	4.59188811189
167	3.84219560878
168	4.28900598802
169	3.16918685446
170	3.18152247752
171	2.61346653347
172	4.16501090188
173	3.62375224775
174	3.34761904762
175	4.20427586207
176	5.19320679321
177	3.99697902098
178	3.67685402185
179	0.373090909091
180	6.4191142006
181	4.08085459941
182	3.98061176471
183	3.35280719281
184	3.63650933786
185	4.76681718282
186	2.86925668979
187	3.29133445378
188	4.60282117882
189	3.83366501487
190	3.6737245509
191	3.94851948052
192	3.91166732673
193	1.70640559441
194	2.80893903549
195	3.20517431193
196	3.27336380952
197	2.37065875371
198	2.17516039604
199	3.59015262636
200	1.9404995005
201	0.376953133823
202	6.25493123772
203	2.7114005994
204	3.06615445545
205	3.44533866134
206	3.03774603175
207	2.25520683761
208	3.51445354645
209	3.51923960396
210	3.60045508982
211	3.18033463035
212	3.26299300699
213	4.59188811189
214	2.9688182721
215	2.940995005
216	2.8782017982
217	4.65309811695
218	3.96032767233
219	1.30842718447
220	6.40053546454
221	2.41077259186
222	2.54382417582
223	2.58957057314
224	3.48764835165
225	1.95223448276
226	3.42711287129
227	2.82319304348
228	2.9081958042
229	1.95929435084
230	1.72851485149
231	1.27987314172
232	1.11408110781
233	1.25105367793
234	1.06990891089
235	0.899358415842
236	0.545278721279
237	0.871269902913
238	1.03407874016
239	0.571945098039
240	0.617631683168
241	0.325069306931
242	0.877687128713
243	1.1575021097
244	1.32852537313
245	0.90701369863
246	1.10852830189
247	0.60838019802
248	1.51004163197
249	2.15629306931
250	1.81297102897
251	2.23775396825
252	1.79209495549
253	1.65196432111
254	1.73193206793
255	2.62393606394
256	2.51774625375
257	2.53094905095
258	3.31165873016
259	3.15338261738
260	2.43246031746
261	1.72922627737
262	2.86446353646
263	2.49834825871
264	3.42745688801
265	2.63101782178
266	3.08815841584
267	0.144
268	6.65848959366
269	2.60756043956
270	2.60451932607
271	1.53282200153
272	2.4921980198
273	2.03590809191
274	1.66749143372
275	2.31781018981
276	1.43418037661
277	1.71649150849
278	1.41205946482
279	2.06960792079
280	1.86607524752
281	2.32874325674
282	2.07981618382
283	1.93576214073
284	1.94973451327
285	2.47052673267
286	1.63011298315
287	1.81178821179
288	2.07165906838
289	1.58991408591
290	2.03911992071
291	0.757419607843
292	0.801837623762
293	0.996879207921
294	0.927952987267
295	1.12658823529
296	0.719576054956
297	0.832846601942
298	0.976174430129
299	0.574289108911
300	0.791001980198
301	0.515134182174
302	0.49843960396
303	0.418037218413
304	0.415782646801
305	0.747659405941
306	0.575263366337
307	0.446260194175
308	0.34266927593
309	0.297218234724
310	0.212286979628
311	0.252553846154
312	0.255005825243
313	0.239725714286
314	0.150105982906
315	0.147323076923
316	0.000119127443724
317	1.42637362637
318	2.00658077304
