0	1.27606433302
1	1.39457943925
2	1.45499159664
3	1.71203168317
4	1.46816470588
5	1.61103366337
6	1.60958461538
7	1.3977980198
8	1.05283168317
9	1.43063336663
10	1.46269803922
11	1.85887016848
12	1.4022055336
13	1.5161984127
14	1.64581018981
15	1.50425907753
16	1.57116831683
17	1.30582178218
18	1.83595384615
19	1.99966433566
20	1.6956987116
21	2.12027972028
22	2.07766005177
23	2.75513286713
24	2.51008919722
25	2.43564071856
26	1.93590262172
27	2.45725816024
28	1.72062574257
29	2.56927072927
30	2.16923876124
31	2.17035948361
32	2.24365128205
33	2.01542970297
34	1.64887128713
35	2.00075124875
36	1.53133795837
37	2.27548514851
38	1.78228672566
39	2.10419821606
40	1.81488911089
41	1.36883960396
42	1.84205940594
43	1.40265882353
44	1.89724583741
45	1.90283693517
46	1.47468235294
47	2.13194805195
48	1.80566336634
49	2.08509090909
50	2.5802037962
51	2.13453974485
52	1.97150727449
53	2.29943310208
54	1.88551448551
55	2.15495531281
56	2.05965714286
57	2.48180619381
58	2.01892507493
59	1.77608635918
60	2.17568031968
61	1.55466138614
62	1.78208991009
63	2.23435480674
64	2.03466133866
65	1.95535329341
66	2.70046753247
67	1.74854761905
68	1.77480919081
69	2.24935968379
70	1.92516385303
71	1.75989734189
72	2.08044356436
73	0.374720647773
74	5.36484496124
75	1.57877134446
76	1.7896531219
77	2.09127920792
78	1.22442772277
79	1.12329365079
80	1.58529470529
81	2.23034565435
82	1.52974459725
83	1.79871683168
84	1.17205153617
85	1.50615445545
86	1.44148910891
87	1.84768831169
88	1.39888206145
89	1.69036039604
90	1.25960714286
91	1.7337029703
92	1.51076123876
93	1.97812804328
94	2.39434165834
95	1.78260392157
96	1.96454311199
97	1.67156043956
98	1.65488
99	1.76971428571
100	1.30306493506
101	1.81303394256
102	2.32735905045
103	2.02500584795
104	2.41744655345
105	2.24926273726
106	2.5885508982
107	2.02965815324
108	1.84118281718
109	1.76218490246
110	1.96125148515
111	1.36270769231
112	1.60367524752
113	1.89142057942
114	1.16283564356
115	1.3124122894
116	1.14857821782
117	1.55093706294
118	1.48888306829
119	1.19074183976
120	0.284382849718
121	2.13648316832
122	1.2791048951
123	1.55103270565
124	1.34634223541
125	1.24066600595
126	0.89222970297
127	0.834344554455
128	0.982330769231
129	1.16983816184
130	0.724564585115
131	1.08129341317
132	0.447626043406
133	0.227548514851
134	0.206501607717
135	0.253610894942
136	0.0198500604595
137	0.0607493755204
138	0.415466666667
139	0.399876923077
140	0.439905882353
141	0.29299009901
142	0.295310632384
143	0.536411473788
144	0.347823702253
145	0.133192697769
146	0.0485201137749
147	0.601189504373
148	1.03801798202
149	0.870866204163
150	0.971881188119
151	0.808564705882
152	0.846318644068
153	0.908705882353
154	0.650138613861
155	0.758146534653
156	1.15316666667
157	0.5686
158	1.10650545094
159	1.0934025974
160	0.962579310345
161	1.08002376238
162	1.09789221557
163	0.988981132075
164	0.360915254237
165	0.00841199077633
166	0.00321977052074
167	0.00403703567081
168	0.000197342084859
169	0.00193562079943
170	0.00251933701657
171	0.000436581230677
172	0.375529411765
173	0.919144554455
174	0.395090196078
175	0.55254017094
176	0.924539460539
177	1.0221475827
178	1.52863136863
179	1.61805351833
180	1.78405594406
181	2.25450549451
182	2.15214299901
183	2.18301879327
184	2.21072527473
185	3.0637265625
186	2.82796410768
187	3.00418285714
188	2.87986427146
189	3.06752447552
190	3.23404595405
191	2.92742743539
192	2.74317009346
193	3.49957242757
194	4.14277722278
195	3.75550519358
196	4.36192607393
197	3.99048478901
198	3.99286313686
199	3.40100699301
200	3.47395238095
201	4.05499332698
202	4.87121661721
203	1.2369047014
204	7.23026467662
205	4.59188811189
206	3.84219560878
207	4.28900598802
208	3.16918685446
209	3.18152247752
210	2.61346653347
211	4.16501090188
212	3.62375224775
213	3.34761904762
214	4.20427586207
215	5.19320679321
216	3.99697902098
217	3.67685402185
218	0.373090909091
219	6.4191142006
220	4.08085459941
221	3.98061176471
222	3.35280719281
223	3.63650933786
224	4.76681718282
225	2.86925668979
226	3.29133445378
227	4.60282117882
228	3.83366501487
229	3.6737245509
230	3.94851948052
231	3.91166732673
232	1.70640559441
233	2.80893903549
234	3.20517431193
235	3.27336380952
236	2.37065875371
237	2.17516039604
238	3.59015262636
239	1.9404995005
240	0.376953133823
241	6.25493123772
242	2.7114005994
243	3.06615445545
244	3.44533866134
245	3.03774603175
246	2.25520683761
247	3.51445354645
248	3.51923960396
249	3.60045508982
250	3.18033463035
251	3.26299300699
252	4.59188811189
253	2.9688182721
254	2.940995005
255	2.8782017982
256	4.65309811695
257	3.96032767233
258	1.30842718447
259	6.40053546454
260	2.41077259186
261	2.54382417582
262	2.58957057314
263	3.48764835165
264	1.95223448276
265	3.42711287129
266	2.82319304348
267	2.9081958042
268	1.95929435084
269	1.72851485149
270	1.27987314172
271	1.11408110781
272	1.25105367793
273	1.06990891089
274	0.899358415842
275	0.545278721279
276	0.871269902913
277	1.03407874016
278	0.571945098039
279	0.617631683168
280	0.325069306931
281	0.877687128713
282	1.1575021097
283	1.32852537313
284	0.90701369863
285	1.10852830189
286	0.60838019802
287	1.51004163197
288	2.15629306931
289	1.81297102897
290	2.23775396825
291	1.79209495549
292	1.65196432111
293	1.73193206793
294	2.62393606394
295	2.51774625375
296	2.53094905095
297	3.31165873016
298	3.15338261738
299	2.43246031746
300	1.72922627737
301	2.86446353646
302	2.49834825871
303	3.42745688801
304	2.63101782178
305	3.08815841584
306	0.144
307	6.65848959366
308	2.60756043956
309	2.60451932607
310	1.53282200153
311	2.4921980198
312	2.03590809191
313	1.66749143372
314	2.31781018981
315	1.43418037661
316	1.71649150849
317	1.41205946482
318	2.06960792079
