0	3.30609693373
1	3.25546666667
2	3.37646353646
3	3.78613861386
4	3.54922787194
5	5.49732671301
6	5.01643521266
7	4.91802597403
8	5.47107292707
9	4.27297502498
10	4.84788811189
11	4.69610146341
12	5.25241158841
13	4.97665014866
14	5.06474455446
15	4.53380811078
16	5.38981386139
17	5.23508491508
18	5.14650381679
19	5.08717786561
20	4.52131021195
21	4.88068731269
22	4.65461132075
23	3.20495387635
24	4.84788811189
25	4.62336237257
26	4.97908491508
27	4.67341947927
28	5.12121478521
29	4.53802502406
30	4.08274331021
31	4.89162037962
32	4.4151048951
33	4.96815184815
34	4.2806805293
35	4.61829370629
36	4.58622222222
37	4.38230569431
38	4.94450793651
39	4.1739184466
40	4.72762437562
41	4.64015984016
42	4.11991208791
43	4.81028343313
44	4.51459121951
45	5.11028171828
46	4.36574814815
47	4.72762437562
48	4.37776623377
49	3.96494935452
50	4.54176223776
51	5.18681318681
52	3.61815384615
53	5.02282517483
54	4.28849805447
55	4.78773439049
56	4.89164435564
57	4.31655544456
58	2.75151587302
59	3.97324275724
60	3.88577822178
61	4.18450793651
62	3.92066534653
63	4.02790809191
64	4.8915964036
65	4.16529931305
66	4.80415584416
67	4.53774531835
68	4.61831768232
69	4.77630708661
70	4.18807577268
71	4.43243156843
72	4.778
73	4.31607185629
74	4.3559000999
75	4.33403396603
76	3.79192007992
77	4.70412723658
78	4.02790809191
79	4.21830969031
80	4.41898116947
81	4.14817182817
82	3.92661293346
83	4.53082917083
84	4.60736063936
85	3.33912487512
86	3.84793650794
87	4.09804595405
88	4.6901407334
89	4.24815810277
90	4.65136507937
91	4.19374085064
92	4.4807032967
93	4.64347064677
94	4.44541575274
95	3.93404995005
96	4.95721878122
97	4.36343289225
98	5.20867932068
99	4.82574051896
100	5.31334393638
101	4.75402997003
102	5.38915768463
103	4.68843156843
104	5.33454690619
105	4.24638423645
106	5.12121478521
107	4.3193015873
108	5.23054545455
109	4.03882745826
110	4.30123476523
111	4.88068731269
112	4.06524675325
113	4.48850793651
114	4.24116435644
115	4.08264535465
116	3.92311688312
117	4.03651241311
118	4.12630569431
119	4.10443956044
120	3.98962933598
121	4.53082917083
122	4.07164035964
123	3.56723396567
124	4.28034025717
125	3.87484515485
126	3.64888800793
127	3.97324275724
128	3.64525074925
129	3.95408142999
130	4.37129458128
131	4.39952286282
132	3.74817982018
133	4.34290584737
134	2.41255104063
135	3.80924675325
136	3.35005794206
137	3.80073736373
138	4.18097102897
139	3.32349653122
140	3.21503270565
141	2.05995604396
142	3.30632567433
143	3.68507936508
144	4.15455049505
145	3.90285827552
146	3.20181960784
147	3.1311847619
148	4.93535264735
149	4.33221010902
150	3.64527524752
151	3.19153918791
152	3.16876849183
153	3.07067169811
154	3.12685714286
155	1.89365079365
156	2.66127472527
157	3.14683564356
158	2.45354645355
159	1.90235364635
160	1.92880157171
161	2.19754645355
162	1.88279365079
163	1.61086732673
164	1.26551848152
165	1.49783016983
166	1.75077106046
167	1.90235364635
168	1.25029244357
169	2.25675124875
170	2.80114285714
171	1.52148910891
172	2.03231372549
173	2.07728271728
174	1.63146085233
175	2.17568031968
176	1.8854375
177	2.1889652433
178	3.01828571429
179	2.21301898102
180	2.08182217782
181	1.81311923688
182	2.32600195886
183	2.31249108911
184	2.19547274529
185	2.13194805195
186	2.03808991009
187	2.41257367387
188	2.72233366633
189	2.58594251734
190	2.40981418581
191	2.73780619381
192	2.63193650794
193	2.86613972056
194	2.76857142857
195	2.45354645355
196	2.62672475248
197	2.78117740337
198	2.43168031968
199	2.97379420579
200	3.14222222222
201	3.30174814815
202	3.21432167832
203	2.48832507433
204	2.51836831683
205	3.14683564356
206	3.24072727273
207	2.63755247525
208	2.66127472527
209	2.80620596728
210	3.22525474525
211	2.64279365079
212	3.23749301397
213	3.53307936508
214	2.9674005994
215	2.92366833167
216	2.75658939096
217	3.75458141858
218	3.94532604736
219	4.10034331337
220	5.15401398601
221	3.98871528472
222	4.39515392254
223	3.42316966068
224	3.42450793651
225	3.37692246521
226	3.75426294821
227	3.33104158416
228	3.76551448551
229	3.60056977863
230	4.56362837163
231	4.26713181368
232	4.06403079885
233	3.84204595405
234	4.01697502498
235	2.99016290481
236	4.57456143856
237	1.67275924076
238	1.84838850347
239	2.85353046953
240	2.28224380575
241	1.96155844156
242	2.38620416254
243	2.47541258741
244	1.99134838077
245	2.38794805195
246	2.39434165834
247	2.26279365079
248	2.35279840319
249	2.47153128103
250	1.4212987013
251	2.21497029703
252	2.7441998002
253	2.21716551041
254	1.52148910891
255	2.27548514851
256	2.07088911089
257	2.3690148662
258	2.20618867925
259	2.33954137587
260	2.24581818182
261	2.56171089109
262	2.62482457879
263	2.45335445545
264	2.00909306931
265	2.47087312687
266	2.01108424182
267	2.03076435644
268	2.26314485514
269	2.10946418057
270	2.44263736264
271	2.28224380575
272	2.53303264095
273	2.38872620216
274	2.36666930693
275	2.46447952048
276	2.47542857143
277	2.12555444555
278	2.37844378109
279	2.56617931034
280	2.32102868447
281	2.58594251734
282	2.07088911089
283	2.3211258672
284	2.60400798403
285	2.5630805501
286	2.32234965035
287	2.32342857143
288	1.81942857143
289	2.14995643564
290	2.40527472527
291	2.16293359762
292	1.94600594648
293	1.92421978022
294	1.33728316832
295	1.63618217822
296	1.56638255699
297	2.05541658342
298	1.79756243756
299	2.32342857143
300	2.52670227498
301	2.65923168317
302	2.57951372549
303	2.6483960396
304	2.7404876115
305	2.34789210789
306	2.49727872128
307	2.47993650794
308	2.49727872128
309	2.51885714286
310	2.24581818182
311	2.23885827552
312	2.41620779221
313	2.33416237624
314	2.62932804757
315	2.65034165834
316	2.55194405594
317	2.48382160555
318	2.28224380575
