0	3.44357665678
1	3.88007935077
2	4.27800790514
3	4.35549250749
4	3.41151640112
5	3.34695738355
6	3.53744569939
7	3.91257542458
8	3.23076923077
9	3.27730250482
10	3.5580672994
11	4.62724151697
12	3.13561111111
13	4.07604478898
14	4.12141458541
15	3.10589410589
16	4.14529365079
17	3.28258141858
18	2.99478310666
19	3.19371028971
20	3.18957842158
21	4.27732267732
22	3.89764243615
23	3.75043356643
24	2.86738095238
25	3.55200798403
26	4.50442357642
27	3.19907177974
28	3.18768431568
29	2.83992063492
30	2.61966467066
31	2.57444400786
32	2.59100917431
33	2.43159397304
34	3.22467460317
35	3.84248551449
36	3.46482758621
37	4.0763956044
38	2.89291784703
39	2.91146453546
40	4.55234365634
41	2.9050952381
42	3.8199000999
43	3.61367432567
44	1.21471403611
45	6.19241205053
46	2.41634851485
47	2.4682113659
48	2.40098823529
49	2.94538232373
50	3.30434817013
51	3.35590714286
52	4.01014185814
53	4.22372827173
54	4.31221428571
55	3.75490693069
56	3.48502970297
57	2.71116039604
58	2.76035964036
59	3.46579020979
60	3.67794240318
61	3.13471145564
62	3.07450049456
63	3.4506481665
64	3.37766336634
65	2.92013706041
66	3.57946053946
67	3.73801398601
68	3.68015873016
69	1.40462574257
70	2.68953446553
71	2.43869177403
72	2.66297804391
73	2.58785344057
74	3.71146453546
75	3.70623569024
76	4.47132067932
77	4.21551587302
78	3.60792472198
79	4.01147652348
80	4.27367032967
81	3.92452380952
82	3.38340769231
83	4.01743056943
84	3.38102675917
85	3.57891929825
86	3.5206552381
87	3.90796694215
88	2.57143529412
89	4.98547852148
90	4.29458870168
91	3.57901082431
92	4.24237125749
93	4.29158041958
94	4.37403383085
95	3.58692857143
96	4.45815784216
97	4.6087992008
98	4.38519080919
99	3.58555599214
100	3.76483516484
101	3.0941984127
102	4.12385214785
103	2.94734065934
104	2.57196825397
105	2.14247279215
106	2.36026190476
107	2.84871128871
108	3.31633966034
109	2.80574539069
110	3.06636039604
111	2.58143904856
112	0.0237707653246
113	0.703772831926
114	1.85120792079
115	1.41537254902
116	2.03355044955
117	1.98354806739
118	2.06772427572
119	2.05789990186
120	2.21036091725
121	2.58602163225
122	2.940995005
123	2.6246953047
124	2.7060734856
125	2.33429691877
126	2.51228148148
127	3.16533333333
128	3.61884515485
129	2.92061843409
130	2.78437562438
131	2.44210109019
132	1.67704285714
133	1.80213333333
134	1.69111074651
135	2.39519207921
136	2.65744655345
137	2.97345054945
138	1.5644035964
139	2.48252547453
140	2.50553326713
141	1.95295841584
142	1.8886496695
143	2.3489395441
144	1.42701176471
145	1.05714285714
146	1.96811100099
147	2.7077002997
148	2.18961904762
149	2.76606593407
150	2.27775424575
151	2.33397026759
152	3.31271928072
153	2.60645084409
154	2.70856343656
155	2.15325272547
156	2.24127872128
157	1.64564519326
158	1.79435514019
159	0.631726829268
160	2.56365384615
161	1.83122376238
162	1.66286732673
163	0.975207920792
164	0.88827961165
165	1.84768831169
166	1.45844752475
167	1.87144055944
168	2.36685714286
169	1.63454258121
170	1.90707326733
171	2.55833766234
172	1.80259375
173	1.84364577114
174	1.84038095238
175	2.54889990089
176	2.33109290709
177	2.12415873016
178	2.23278321678
179	2.59171343284
180	0.495186440678
181	1.23543656344
182	1.44390147783
183	1.96430769231
184	0.912825396825
185	0.974243323442
186	1.09548463826
187	0.801511374876
188	1.1605629336
189	1.07211333333
190	1.53866138614
191	1.13797037037
192	1.2901018981
193	1.07485714286
194	0.85764122894
195	1.32586356073
196	1.63942857143
197	1.1367049505
198	1.479208619
199	1.33410505451
200	1.12421178821
201	1.12802378593
202	1.03864135864
203	0.0594430839002
204	2.66698007968
205	1.15941386139
206	0.808239520958
207	0.923634936212
208	0.856864222002
209	0.607397423191
210	0.528737254902
211	0.877687128713
212	0.67180990099
213	0.815435294118
214	1.33747472745
215	1.66868910891
216	1.10747722772
217	1.7337029703
218	2.08557842158
219	1.98439840637
220	1.98292277228
221	1.72273053892
222	2.09917460317
223	1.38379285714
224	1.14971655104
225	1.16
226	1.59758490566
227	0.650138613861
228	0.738930693069
229	0.890541176471
230	0.642859405941
231	1.24636963037
232	1.03816474756
233	0.975207920792
234	0.836894117647
235	1.00777622378
236	1.08473405299
237	1.03782970297
238	1.5494970297
239	1.72742457542
240	1.84451587302
241	2.00459405941
242	0.889934065934
243	0.640571428571
244	0.467057225994
245	0.393516034985
246	0.874645354645
247	0.856015841584
248	0.718337662338
249	1.05251422964
250	0.634278978389
251	0.415832167832
252	0.59596039604
253	0.397377821394
254	0.476768316832
255	0.307865612648
256	0.26333012512
257	0.240527472527
258	0.294646153846
259	0.357784615385
260	0.237464150943
261	0.191440233236
262	0.242030769231
263	0.108954280964
264	0.283505355404
265	0.233982507289
266	0.400918811881
267	0.292562376238
268	0.257505882353
269	0.306052073288
270	0.00228738635176
271	0.0231211267606
272	0.0241411764706
273	0.0228
274	0.0237913043478
275	0.0187236954662
276	0.0352747784045
277	0.0342267396403
278	0.0248915845337
279	0.0195428571429
280	0.0195428571429
281	0.0195428571429
282	0.0304
283	0.0342
284	0.0228
285	0.0195428571429
286	0.0185491525424
287	0.0192
288	0.0185491525424
289	0.00102481505759
290	0.0260158478605
291	0.083400508044
292	0.0567728579643
293	0.0947988450433
294	0.0587484662577
295	0.115402460457
296	0.0965647058824
297	0.0810666666667
298	0.126520231214
299	0.111569972196
300	0.107031784841
301	0.0353103448276
302	0.393977859779
303	0.107677996422
304	0.0895048327138
305	0.107610619469
306	0.105332050048
307	0.0792405470636
308	0.139540983607
309	0.0874645354645
310	0.117572068039
311	0.128626836435
312	0.063535483871
313	0.0928331762488
314	0.048
315	0.0947988450433
316	0.039868852459
317	0.0709333333333
318	0.0390160427807
