0	0.433206660137
1	1.40895808383
2	1.71759920239
3	2.11467729084
4	2.28955044955
5	2.39070763132
6	2.13194805195
7	2.10368831169
8	1.96155925563
9	3.07366067864
10	1.89930348259
11	2.07974451098
12	2.06285714286
13	2.5250329013
14	3.23749301397
15	1.48550049751
16	4.31216783217
17	4.43893013972
18	3.84146613546
19	3.41149592022
20	3.09132075472
21	3.15076923077
22	3.12685714286
23	2.42074725275
24	1.99136507937
25	2.70500699301
26	2.90845148515
27	3.02984175405
28	3.56500598802
29	2.99037301587
30	3.03913352007
31	4.01697502498
32	4.19303631011
33	4.4542977023
34	3.94802791625
35	2.90612878788
36	5.08841558442
37	4.27850973123
38	4.65109290709
39	4.58269322709
40	3.71323791103
41	3.71084915085
42	2.83540931615
43	4.04977422577
44	5.28521078921
45	1.79771996028
46	1.55575181305
47	2.00658077304
48	1.47961149653
49	1.79302297702
50	1.49979405941
51	2.50367232767
52	3.09574628345
53	2.05243564356
54	2.11954806739
55	2.25221178821
56	1.7428971029
57	2.15382058546
58	2.41620779221
59	2.42564285714
60	4.77751696607
61	4.32332135729
62	4.60621868787
63	3.89671128871
64	3.44845554446
65	3.38107936508
66	3.66072327672
67	4.47616383616
68	3.89835480674
69	3.9092011893
70	3.15326273726
71	3.00107936508
72	3.78239366963
73	3.45938861139
74	3.21886113886
75	3.28336507937
76	3.37888316832
77	3.60193267327
78	2.89761584158
79	2.93006193806
80	2.54507936508
81	2.44261338661
82	1.72847451344
83	2.05541658342
84	1.97658613861
85	2.71340990099
86	2.08250545094
87	1.97052295409
88	2.19756385069
89	2.56927072927
90	1.77246382557
91	2.17162772277
92	2.69777245509
93	2.34965079365
94	1.8084955045
95	2.72233366633
96	2.46419009901
97	2.9346013986
98	2.59936507937
99	2.75967232767
100	2.66186719524
101	2.47087312687
102	2.12555444555
103	1.93900297915
104	1.8528950495
105	1.85037924152
106	1.976
107	1.41313267327
108	1.63996003996
109	1.38749452736
110	1.8857689243
111	1.65151683168
112	1.86955444555
113	1.62061446977
114	1.71203168317
115	1.08705974535
116	0.878556987116
117	0.998814524043
118	0.729755368814
119	0.672475718533
120	1.06084272997
121	1.00771485149
122	1.20725544554
123	1.45341526264
124	0.732515484515
125	0.69798019802
126	1.28752941176
127	0.378437383178
128	0.743045586809
129	0.39481533101
130	1.3977980198
131	0.754381618382
132	0.632415279138
133	0.623365079365
134	0.660974257426
135	0.230928440367
136	1.23543656344
137	2.20413465347
138	1.99707492507
139	1.65910889111
140	1.42728998243
141	2.37247552448
142	1.01522939424
143	1.28816617211
144	1.4417245509
145	1.43907845084
146	1.12610589411
147	0.999743440233
148	0.470431683168
149	0.579388235294
150	0.493552941176
151	0.368411881188
152	0.439905882353
153	0.461364705882
154	0.379407633588
155	0.557586413586
156	0.268498527969
157	0.214588235294
158	0.281726732673
159	0.798113886114
160	1.53516883117
161	2.10628571429
162	1.13140594059
163	0.509275247525
164	0.401898305085
165	0.298085603113
166	0.639302970297
167	0.654494117647
168	0.648219607843
169	1.39503557312
170	1.50145383104
171	1.08087128713
172	1.75846706587
173	1.46653831041
174	1.91911724138
175	2.47849411765
176	1.59240784314
177	1.00955446516
178	0.610977473066
179	0.693274074074
180	0.856864222002
181	0.866851485149
182	1.39700363636
183	1.39918334985
184	1.63832335329
185	1.74165079365
186	1.28752941176
187	0.925528712871
188	1.80395604396
189	2.32234965035
190	1.87828571429
191	1.88502697303
192	1.89596003996
193	1.93065609514
194	1.56172736318
195	1.76762512463
196	1.49437806072
197	1.0944
198	1.19192079208
199	2.04362338949
200	1.78154455446
201	1.72742457542
202	1.55553617443
203	2.06634965035
204	2.37701498501
205	2.22781854043
206	2.60369825919
207	2.38597823937
208	2.48538567223
209	1.98144510978
210	2.65673526474
211	2.38222222222
212	2.27861738262
213	2.24107936508
214	2.30687712288
215	2.14742057942
216	2.04565079365
217	1.87764705882
218	2.01622377622
219	2.42030769231
220	3.08545063539
221	2.43892750745
222	4.23704055391
223	3.57296333003
224	3.75912087912
225	3.86391208791
226	3.84204595405
227	4.26050793651
228	4.05658722593
229	4.6464510978
230	4.06507936508
231	4.1919040959
232	4.03244755245
233	4.1591048951
234	4.21377022977
235	3.90533333333
236	4.00285148515
237	4.27934465534
238	4.50898701299
239	4.00444444444
240	4.14371485149
241	2.89183849765
242	2.81402587065
243	3.92951048951
244	3.69960675273
245	3.63431768232
246	3.29853465347
247	3.52498701299
248	3.77594013096
249	3.8944950495
250	4.07164035964
251	3.1313966034
252	3.17585854617
253	3.64525074925
254	3.77193650794
255	3.10953046953
256	3.02206593407
257	2.81433766234
258	3.20792807193
259	3.40955864811
260	3.38285714286
261	3.39379020979
262	2.16531237721
263	2.74873926074
264	2.91912887113
265	2.37986124876
266	2.78153846154
267	3.06534249264
268	2.3690148662
269	2.6764039604
270	2.70500699301
271	2.44242590775
272	2.20413465347
273	2.30665660377
274	2.12101498501
275	1.78662937063
276	1.94608591409
277	2.58851587302
278	2.869002997
279	2.34965079365
280	2.41988844622
281	2.72419880716
282	2.79247152847
283	2.65722473013
284	2.71594005994
285	2.27868064824
286	2.48180619381
287	1.72907829534
288	2.15381418581
289	1.77246382557
290	1.45358596491
291	1.91328671329
292	0.118832275612
293	2.53367330677
294	1.92421978022
295	1.57566732673
296	1.64701782178
297	1.29464135864
298	1.76796035679
299	1.97658613861
300	0.81814368932
301	0.969831516353
302	0.847623529412
303	0.866851485149
304	1.23039366963
305	0.950851485149
306	1.24388434696
307	1.32084294235
308	1.52631454006
309	1.54468979187
310	1.13661721068
311	0.987020812686
312	0.986138317757
313	1.14797202797
314	1.06294549058
315	0.801044510386
316	0.857318681319
317	1.30156590684
318	1.33331490622
