0	1.14971655104
1	1.41666403162
2	0.840507936508
3	1.18956521739
4	1.24981132075
5	1.09672727273
6	1.08367058824
7	1.00238596491
8	1.10423976024
9	1.02057142857
10	1.0814229249
11	1.07936507937
12	1.67866135458
13	1.23136507937
14	1.60685714286
15	1.28056916996
16	1.26067924528
17	1.2573026973
18	1.30167330677
19	1.40196226415
20	1.30736507937
21	1.49089042448
22	1.27154716981
23	0.209208237986
24	1.44831044776
25	1.52461274976
26	1.20514285714
27	1.11517282717
28	0.675952941176
29	0.391097154073
30	0.412571428571
31	0.465011857708
32	0.317058941059
33	1.29714741036
34	1.11747956132
35	0.273487914789
36	1.66540991345
37	1.02517854283
38	1.93633365664
39	2.5802037962
40	2.10202184707
41	2.26768431568
42	2.23854545455
43	1.4608142999
44	1.55571174729
45	0.579956820412
46	0.351630769231
47	0.217142857143
48	0.0770704225352
49	0.117105058366
50	0.212431146912
51	1.61208391608
52	1.55101850049
53	0.821237810945
54	1.099791133
55	1.50236963037
56	2.02747410359
57	1.74042167488
58	2.10877470356
59	1.87409390609
60	2.04565079365
61	2.49619123506
62	2.265040715
63	2.18021978022
64	2.20618867925
65	1.71934328358
66	2.05446977205
67	2.21691699605
68	2.04768222443
69	2.1543928924
70	2.26052830189
71	1.83028627838
72	2.09701519214
73	2.50367232767
74	2.02356820412
75	2.17593650794
76	2.1412173913
77	1.88501898102
78	2.26774180735
79	2.11196812749
80	2.04902297702
81	2.04827420737
82	2.62393606394
83	2.18896124031
84	2.10202184707
85	2.37535777998
86	2.09949351944
87	2.12555444555
88	2.31486792453
89	1.90450793651
90	2.32724975321
91	2.54309433962
92	2.05175721393
93	2.09993650794
94	2.41267924528
95	1.84108983218
96	1.82850793651
97	2.37628685259
98	2.31938033764
99	1.9178021978
100	2.14098113208
101	1.91785014985
102	1.82317068811
103	1.83472941176
104	1.60076723277
105	1.94848664688
106	1.62222222222
107	1.62014117647
108	1.09672727273
109	1.36263529412
110	1.4868971029
111	0.906622178606
112	0.542857142857
113	0.475826086957
114	0.901270588235
115	1.31473209028
116	1.47596403596
117	0.622305882353
118	0.572203892493
119	1.72742457542
120	1.59122939424
121	2.08508588351
122	1.65841020608
123	1.94342857143
124	1.57418326693
125	2.07371428571
126	1.44707234886
127	1.65621364985
128	1.29464135864
129	1.59758490566
130	1.51698321816
131	2.17358490566
132	1.91860869565
133	1.99435764236
134	1.17677419355
135	1.5227826087
136	1.63996003996
137	1.4356453029
138	1.672
139	1.54207751938
140	1.66114285714
141	1.48504911956
142	1.79302297702
143	1.62823343225
144	0.616843636364
145	1.61809390609
146	1.14564448858
147	1.39503557312
148	1.47657142857
149	1.34661615155
150	1.72628571429
151	1.65479365079
152	1.97749800797
153	2.23034565435
154	1.93574901961
155	2.04031255814
156	2.49808695652
157	1.85022222222
158	2.13960784314
159	2.26017391304
160	1.96965079365
161	1.94848664688
162	1.48107936508
163	1.69951335312
164	1.41593650794
165	1.92421978022
166	1.56328387735
167	1.34628571429
168	0.980831372549
169	0.686682352941
170	1.90229314831
171	2.08664150943
172	1.05715107914
173	1.61771428571
174	1.62662450593
175	1.78057142857
176	1.7756963037
177	1.6886884273
178	1.56793650794
179	1.81488911089
180	1.54011067194
181	1.70626415094
182	1.17126949654
183	0.70641509434
184	0.919209486166
185	1.24857142857
186	0.868251748252
187	0.552071216617
188	0.987020812686
189	1.11496735905
190	0.525650793651
191	0.461364705882
192	0.302798418972
193	0.510285714286
194	1.22080157947
195	0.406625620655
196	1.6237388724
197	1.48511372549
198	1.87828571429
199	1.62706467662
200	1.68285714286
201	1.40647467726
202	1.65294373149
203	1.46716981132
204	1.29464935065
205	0.959235059761
206	0.770857142857
207	1.21085203575
208	1.34476723277
209	1.02475368008
210	1.49138823529
211	1.60972951629
212	1.48255014896
213	1.65542857143
214	1.14517670286
215	0.804226415094
216	0.908395256917
217	0.79172027972
218	1.00955446516
219	0.214588235294
220	0.749142857143
221	0.884266666667
222	1.2245034965
223	1.19074183976
224	0.909258964143
225	1.77676494024
226	0.752164948454
227	0.826371541502
228	1.79886614173
229	1.05314285714
230	0.626146914789
231	0.595370919881
232	0.611576470588
233	1.15085714286
234	0.814752221125
235	1.70765063788
236	1.48365915769
237	1.60845283019
238	1.34412635735
239	0.600847058824
240	0.784015701668
241	0.726707631318
242	0.547707136237
243	0.664158102767
244	0.653373134328
245	0.709232303091
246	0.384912547529
247	0.607397423191
248	0.333214081827
249	0.319365079365
250	0.439905882353
251	0.486640316206
252	0.564571428571
253	0.323
254	0.542319127849
255	0.465471810089
256	0.449650793651
257	0.583968379447
258	0.705714285714
259	0.615069767442
260	0.813478691774
261	0.599272727273
262	0.697411764706
263	0.782490566038
264	0.854324110672
265	0.666793650794
266	0.743448551449
267	0.746919881306
268	0.754381618382
269	0.483297350343
270	0.338645333333
271	0.532
272	0.675952941176
273	0.667446272991
274	0.64120754717
275	0.665223529412
276	0.498007843137
277	0.622305882353
278	0.622305882353
279	0.735367588933
280	0.564011892963
281	0.616635917566
282	0.645050949051
283	0.79021958457
284	0.688783216783
285	0.586285714286
286	0.426245059289
287	0.479532619279
288	0.456
289	0.568658823529
290	0.675952941176
291	0.664571988247
292	0.450097318769
293	0.836894117647
294	0.772517647059
295	0.786384995064
296	0.669743793446
297	0.681296442688
298	0.825142857143
299	0.777855873643
300	0.809954857704
301	0.710649350649
302	0.782490566038
303	0.73464165844
304	0.869433962264
305	0.760734452122
306	0.684679245283
307	0.648853754941
308	0.885578421578
309	0.70005958292
310	0.742325581395
311	0.425836575875
312	0.583968379447
313	0.651428571429
314	0.437122302158
315	0.2736
316	0.249714285714
317	0.311152941176
318	0.318139534884
