0	1.80955247525
1	1.4529254902
2	0.6873562316
3	0.814285714286
4	0.0225403267412
5	0.152207633588
6	1.1917042957
7	3.62338461538
8	4.2247032967
9	4.24017582418
10	4.32337176938
11	4.73855744256
12	3.98871528472
13	4.02790809191
14	3.83111288711
15	4.05140357853
16	3.65618381618
17	3.86391208791
18	3.20339884393
19	3.7427960396
20	3.27686336634
21	2.95179405941
22	3.00895143707
23	3.12820551855
24	3.59465609514
25	3.43752247752
26	3.07707936508
27	3.27352647353
28	3.83111288711
29	3.94044355644
30	3.90222222222
31	3.92004757185
32	3.44845554446
33	3.29499332698
34	3.4719049505
35	4.03884115884
36	3.46504347826
37	3.28989264414
38	3.98417582418
39	3.91857742258
40	3.95709018831
41	4.4214985015
42	3.87484515485
43	4.26050793651
44	4.11991208791
45	4.16279365079
46	3.97324275724
47	3.41224750499
48	4.10171996028
49	3.47450980392
50	4.12630569431
51	4.06070729271
52	4.09765079365
53	3.61245154845
54	3.21670508475
55	4.3886993007
56	4.60793650794
57	3.98173689416
58	4.19120713578
59	4.59642757243
60	4.64990927022
61	4.8503721393
62	3.85297902098
63	3.82858039216
64	3.56871928072
65	3.28445954046
66	3.83111288711
67	4.54176223776
68	4.28411542289
69	3.61699100899
70	4.39963236763
71	4.31478571429
72	4.23594411178
73	4.56450793651
74	4.67295904096
75	4.36700998004
76	4.96028599801
77	4.46977022977
78	4.41479004975
79	4.30589452736
80	3.77594013096
81	4.01697502498
82	4.46878415842
83	4.35913822688
84	4.71669130869
85	4.74077330716
86	4.65563236763
87	4.73967524752
88	3.35931565441
89	3.40689108911
90	4.5198961039
91	4.39963236763
92	3.72411131725
93	3.99510889111
94	4.34496703297
95	3.98417582418
96	3.36270109235
97	3.86198811881
98	3.50766033966
99	3.24757185332
100	4.34496703297
101	3.72112475248
102	3.34850793651
103	3.37104648863
104	3.47032967033
105	3.40279365079
106	3.39379020979
107	4.00679484638
108	4.48072727273
109	4.46523076923
110	3.36099100899
111	3.67064811133
112	1.83572277228
113	1.0944
114	0.741322772277
115	1.28944158416
116	1.03864135864
117	0.0782086707956
118	0.795500990099
119	0.693481188119
120	0.660974257426
121	0.622305882353
122	0.631384615385
123	0.281726732673
124	0.294149019608
125	0.390083168317
126	0.222933333333
127	0.823508910891
128	0.650138613861
129	0.877687128713
130	0.611295049505
131	0.606796039604
132	1.00771485149
133	0.227236436705
134	1.57564356436
135	2.69978152929
136	3.35005794206
137	3.48125474525
138	3.42450793651
139	3.21883716284
140	3.23354455446
141	2.99809712587
142	2.9263777336
143	2.68602390438
144	2.73508118812
145	2.3449980198
146	3.43409181637
147	3.77644755245
148	3.42790863952
149	3.12046353646
150	2.6727135778
151	2.59567632368
152	3.56871928072
153	2.71879365079
154	2.25381386139
155	1.98939607843
156	1.80748190476
157	1.56033267327
158	1.48448316832
159	1.21929831516
160	1.5494970297
161	1.95298120673
162	1.91956923077
163	2.5247049505
164	2.20413465347
165	2.85806993007
166	3.90764435564
167	3.13136507937
168	2.72687312687
169	2.52336507937
170	2.84977425743
171	2.07088911089
172	2.26768431568
173	2.26279365079
174	2.14288111888
175	2.09275524476
176	2.63940859141
177	2.74685714286
178	2.49727872128
179	3.29422222222
180	3.57965234765
181	2.42074725275
182	2.04565079365
183	2.36154245754
184	0.0233431878896
185	0.0638183753104
186	0.986139079334
187	3.25166033966
188	4.16951437066
189	4.23140918164
190	3.5547463838
191	3.27352647353
192	4.1591048951
193	3.92951048951
194	4.22127507448
195	3.66619436876
196	4.33221010902
197	4.1919040959
198	4.08257342657
199	3.79192007992
200	3.81388397247
201	3.86391208791
202	3.88365940594
203	3.95258671952
204	3.60151848152
205	3.59915956392
206	3.79831368631
207	4.07164035964
208	3.79365079365
209	4.03078763709
210	3.86706653426
211	3.71813972056
212	4.04336507937
213	4.14817182817
214	4.23563636364
215	3.99343670265
216	3.88577822178
217	3.99510889111
218	3.69960675273
219	4.07535686275
220	4.11126546906
221	4.04977422577
222	4.17779543198
223	3.7417271028
224	4.10034331337
225	4.12218762475
226	4.01477656405
227	3.86005588822
228	2.72605590062
229	3.83707936508
230	2.4640587156
231	2.95926552655
232	2.77392475248
233	1.8158493558
234	2.39680316518
235	2.12589098117
236	1.84129470529
237	2.10741960784
238	2.67084369748
239	3.24757185332
240	3.71084915085
241	1.84388503469
242	1.29464135864
243	1.42087611497
244	1.50251089109
245	1.46085429142
246	1.77164202335
247	1.62695738355
248	1.50725748503
249	1.83036163836
250	2.15652173913
251	2.54922105263
252	2.15843012884
253	2.89761584158
254	2.50570858283
255	2.69707936508
256	2.73058217822
257	3.032999001
258	3.29095738355
259	3.37192407592
260	2.31141658342
261	1.95879365079
262	2.40740918164
263	2.98571428571
264	2.78153846154
265	2.89086913087
266	2.95646753247
267	2.65628599801
268	2.24357684631
269	2.60571428571
270	2.2317964775
271	2.32793650794
272	2.8362037962
273	3.79831368631
274	2.01236879433
275	1.84768831169
276	1.85172914622
277	2.40527472527
278	2.04565079365
279	1.34476723277
280	1.18675916749
281	1.58529470529
282	1.13140594059
283	1.20263736264
284	1.24857142857
285	0.578215628091
286	0.397377821394
287	0.688783216783
288	0.977334641806
289	0.764787401575
290	0.582247011952
291	1.13703896104
292	1.4303049505
293	1.39539704433
294	0.913813121272
295	0.47906614786
296	0.317058941059
297	0.488087215064
298	0.122407207207
299	0.24921980198
300	0.433425742574
301	0.525741176471
302	0.53572027972
303	0.47813592233
304	0.629090188305
305	0.355044660194
306	0.666917082917
307	1.0336
308	0.867837462834
309	0.298958155423
310	1.20845193261
311	0.397768172888
312	0.371353293413
313	0.396988235294
314	0.300423529412
315	0.354070588235
316	0.357222551929
317	0.19585617104
318	0.340709433962
