0	3.66619436876
1	4.33221010902
2	4.1919040959
3	4.08257342657
4	3.79192007992
5	3.81388397247
6	3.86391208791
7	3.88365940594
8	3.95258671952
9	3.60151848152
10	3.59915956392
11	3.79831368631
12	4.07164035964
13	3.79365079365
14	4.03078763709
15	3.86706653426
16	3.71813972056
17	4.04336507937
18	4.14817182817
19	4.23563636364
20	3.99343670265
21	3.88577822178
22	3.99510889111
23	3.69960675273
24	4.07535686275
25	4.11126546906
26	4.04977422577
27	4.17779543198
28	3.7417271028
29	4.10034331337
30	4.12218762475
31	4.01477656405
32	3.86005588822
33	2.72605590062
34	3.83707936508
35	2.4640587156
36	2.95926552655
37	2.77392475248
38	1.8158493558
39	2.39680316518
40	2.12589098117
41	1.84129470529
42	2.10741960784
43	2.67084369748
44	3.24757185332
45	3.71084915085
46	1.84388503469
47	1.29464135864
48	1.42087611497
49	1.50251089109
50	1.46085429142
51	1.77164202335
52	1.62695738355
53	1.50725748503
54	1.83036163836
55	2.15652173913
56	2.54922105263
57	2.15843012884
58	2.89761584158
59	2.50570858283
60	2.69707936508
61	2.73058217822
62	3.032999001
63	3.29095738355
64	3.37192407592
65	2.31141658342
66	1.95879365079
67	2.40740918164
68	2.98571428571
69	2.78153846154
70	2.89086913087
71	2.95646753247
72	2.65628599801
73	2.24357684631
74	2.60571428571
75	2.2317964775
76	2.32793650794
77	2.8362037962
78	3.79831368631
79	2.01236879433
80	1.84768831169
81	1.85172914622
82	2.40527472527
83	2.04565079365
84	1.34476723277
85	1.18675916749
86	1.58529470529
87	1.13140594059
88	1.20263736264
89	1.24857142857
90	0.578215628091
91	0.397377821394
92	0.688783216783
93	0.977334641806
94	0.764787401575
95	0.582247011952
96	1.13703896104
97	1.4303049505
98	1.39539704433
99	0.913813121272
100	0.47906614786
101	0.317058941059
102	0.488087215064
103	0.122407207207
104	0.24921980198
105	0.433425742574
106	0.525741176471
107	0.53572027972
108	0.47813592233
109	0.629090188305
110	0.355044660194
111	0.666917082917
112	1.0336
113	0.867837462834
114	0.298958155423
115	1.20845193261
116	0.397768172888
117	0.371353293413
118	0.396988235294
119	0.300423529412
120	0.354070588235
121	0.357222551929
122	0.19585617104
123	0.340709433962
124	0.0643134182174
125	0.145488921713
126	0.629714285714
127	1.21239169139
128	1.83754212091
129	2.3449980198
130	2.33967632368
131	2.20623274162
132	1.91400199402
133	1.85491525424
134	1.52299702676
135	1.70555844156
136	1.30399214917
137	1.82582217782
138	1.47961149653
139	1.61809390609
140	2.04902297702
141	2.5474045954
142	2.10202184707
143	2.10661386139
144	2.43165634366
145	2.88632967033
146	2.41481746032
147	2.58474325674
148	2.10870168484
149	2.81726732673
150	2.30048351648
151	2.02193062438
152	2.10296470588
153	1.9224
154	2.56171089109
155	2.07031028037
156	1.70129454545
157	1.95298120673
158	1.70288206145
159	0.911096134787
160	0.332531468531
161	0.596551040634
162	1.69462537463
163	2.49727872128
164	2.11954806739
165	2.42484705882
166	1.18675916749
167	1.78434782609
168	1.57879365079
169	1.94848664688
170	1.58824750499
171	1.78233962264
172	1.31650749251
173	1.47364752475
174	1.21809108911
175	1.46503096903
176	1.21926915521
177	1.3434251497
178	1.35579781962
179	0.917354268891
180	1.02938613861
181	0.563453465347
182	0.611576470588
183	0.893021782178
184	1.61647904192
185	1.85923488603
186	1.4540979021
187	1.27479365079
188	2.78793206793
189	2.10661386139
190	1.83754212091
191	1.12658823529
192	1.85222777223
193	1.85618823529
194	1.55553617443
195	2.02261738262
196	1.69916483516
197	2.46457142857
198	2.09275524476
199	2.25831287129
200	1.72457482656
201	1.45863736264
202	2.12378613861
203	2.63940859141
204	2.04565079365
205	2.30048351648
206	2.48382160555
207	2.31141658342
208	1.8084955045
209	2.47932934132
210	2.32168588469
211	1.96155844156
212	2.16474725275
213	1.90262041625
214	1.62408602151
215	2.23034565435
216	2.22801189296
217	1.15774850299
218	1.23997602398
219	2.4561509434
220	1.92875924076
221	2.04362338949
222	2.51386930693
223	2.73780619381
224	2.56287712288
225	2.3265697446
226	2.61170196078
227	2.28501098901
228	1.88092765114
229	2.29946407767
230	2.5474045954
231	2.21301898102
232	2.21936507937
233	2.65473267327
234	2.1932990099
235	1.80321584158
236	1.91328671329
237	1.84129470529
238	2.128
239	2.254499002
240	2.24107936508
241	1.98270769231
242	2.37300594059
243	2.40981418581
244	2.3690148662
245	2.67220779221
246	3.11592407592
247	2.72415169661
248	2.3239960199
249	2.33328271728
250	2.29715643564
251	2.50821178821
252	2.75948463826
253	2.96262970297
254	3.15326273726
255	2.70793650794
256	2.67221578422
257	2.52720713578
258	1.82853493014
259	2.19547274529
260	2.78476039604
261	2.869002997
262	3.44845554446
263	3.59866273353
264	3.57325874126
265	3.87484515485
266	3.57965234765
267	2.41240039643
268	2.71506788991
269	3.57296333003
270	2.85259861249
271	1.90968150346
272	1.82669573835
273	1.5400239521
274	1.91536507937
275	2.55446990291
276	3.19950339476
277	3.97324275724
278	3.17479365079
279	2.43606666667
280	2.68953446553
281	1.25198810704
282	2.32735905045
283	1.93515956392
284	1.79756243756
285	2.12589098117
286	1.90689310689
287	2.21266204163
288	2.01085490196
289	1.83572277228
290	2.01168431568
291	1.76161744301
292	2.04448351648
293	2.19115284715
294	2.23022222222
295	2.65034165834
296	2.55721188119
297	2.19115284715
298	2.77307936508
299	2.70826666667
300	2.71340990099
301	3.14995441031
302	3.02206593407
303	2.98174850299
304	3.41224750499
305	2.88737972167
306	2.33328271728
307	2.32562933598
308	2.45335445545
309	2.29594405594
310	1.64449150849
311	2.44482514735
312	2.47087312687
313	2.30393657086
314	3.27025948104
315	3.49494013739
316	4.41056543457
317	3.73672293942
318	4.3886993007
