0	0.0147096774194
1	0.250985308521
2	0.0301487603306
3	0.1368
4	0.1824
5	0.0850019417476
6	0.212504854369
7	0.184205940594
8	0.175516981132
9	0.0207403663929
10	0.361699716714
11	0.0464220572641
12	0.578769230769
13	0.32539147671
14	0.180629126214
15	0.19433271028
16	0.108954280964
17	0.276739562624
18	0.24921980198
19	0.157846153846
20	0.00303682042306
21	0.929310689311
22	1.36529108911
23	0.914693069307
24	0.748400396432
25	0.268235294118
26	0.846017839445
27	0.61662704565
28	0.973042957043
29	1.48742857143
30	1.23997602398
31	1.17024950495
32	0.146388443018
33	0.00552820340125
34	0.346740594059
35	0.982392079208
36	0.393943192948
37	0.572096805421
38	0.734974045802
39	0.993272365805
40	0.723052947053
41	2.38340859141
42	1.65315361744
43	2.01593904762
44	1.97888511489
45	1.21454820416
46	0.408920353982
47	0.0450884072927
48	2.96876190476
49	2.20181565907
50	1.28437661051
51	1.27916883117
52	1.64500197239
53	2.59171343284
54	2.33328271728
55	2.15828171828
56	2.39705054509
57	2.05797205589
58	2.17606286837
59	2.37247552448
60	2.05446977205
61	1.82488712871
62	2.6458021978
63	2.27365079365
64	2.21301898102
65	1.87456633663
66	1.57418326693
67	1.76235387674
68	1.33860852329
69	1.94848664688
70	2.08182217782
71	2.03430814524
72	2.23272727273
73	2.27407792208
74	1.74165079365
75	1.10512941176
76	0.747659405941
77	0.849679207921
78	0.740329411765
79	0.798113886114
80	1.52423576424
81	1.45485714286
82	0.392782547502
83	0.357930624381
84	0.628467326733
85	0.676308910891
86	1.06050749251
87	1.00856470588
88	1.10973465347
89	1.76796035679
90	1.41173491592
91	0.79178592666
92	0.866851485149
93	0.441969230769
94	0.407717647059
95	0.583992007992
96	0.644396467125
97	0.611640718563
98	0.574879377432
99	0.681970326409
100	1.21929831516
101	1.89142057942
102	1.62619038273
103	1.89142057942
104	1.45791873142
105	1.85676646707
106	1.20964285714
107	1.68956175299
108	1.32084294235
109	1.31196803197
110	1.30843088656
111	1.47364752475
112	0.67785014985
113	0.957625539258
114	0.31299408284
115	0.778666666667
116	0.0871489361702
117	3.85201191658
118	1.57566732673
119	1.26902675917
120	1.40724035608
121	1.23997602398
122	0.977334641806
123	1.13887016848
124	0.925528712871
125	0.901270588235
126	0.823508910891
127	0.884266666667
128	1.16983816184
129	1.53152186589
130	1.21810989011
131	1.14971655104
132	1.05666206897
133	0.875685572139
134	1.18077122877
135	1.42087611497
136	1.17474851485
137	1.45218461538
138	0.684427184466
139	1.3557002997
140	1.7896531219
141	1.07598001998
142	1.713728444
143	1.21810989011
144	0.423705382436
145	1.0944
146	1.06590106693
147	1.56494941634
148	0.715152475248
149	0.821657688966
150	0.85084548105
151	0.0963622641509
152	1.79302297702
153	1.30477623762
154	1.93065609514
155	1.60817425743
156	1.19096470588
157	1.07722772277
158	1.91601186944
159	1.50130426165
160	0.804705882353
161	0.942700990099
162	1.04794074074
163	1.30027722772
164	1.5400239521
165	1.18558415842
166	0.931404255319
167	1.10502524272
168	0.379984313725
169	1.05105742574
170	1.18108514851
171	0.936364356436
172	1.27860594059
173	1.22442772277
174	1.17474851485
175	1.20275643564
176	1.51799626168
177	2.54637623762
178	1.59418181818
179	2.17688235294
180	1.78788118812
181	2.33328271728
182	2.6727135778
183	2.18661338661
184	1.78662937063
185	1.98685714286
186	1.53876078431
187	1.41946930693
188	1.62263336663
189	2.11576840039
190	2.21497029703
191	1.71653069307
192	2.37247552448
193	2.10368831169
194	1.93515956392
195	2.5247049505
196	1.8917740337
197	1.72736633663
198	1.94608591409
199	2.07088911089
200	2.72687312687
201	1.84014159292
202	2.0380979021
203	2.26055104063
204	2.79886513487
205	2.26055104063
206	2.95646753247
207	2.48832507433
208	2.54003960396
209	2.21047128713
210	1.06504695305
211	1.86955444555
212	2.34421578422
213	2.49326713009
214	2.776999001
215	1.91346679881
216	1.88502697303
217	2.20847952048
218	2.09993650794
219	2.96443912176
220	2.71879365079
221	3.032999001
222	3.38283316683
223	3.3811031746
224	3.22657085828
225	2.58206498195
226	3.0691257485
227	2.63193650794
228	2.33024826216
229	2.69691633466
230	2.53007792208
231	2.60514770798
232	2.82883832335
233	2.9018021978
234	3.09100297915
235	2.42074725275
236	3.04074251497
237	2.00795326193
238	1.84768831169
239	2.94387314172
240	3.61245154845
241	3.27352647353
242	3.00107936508
243	2.59567632368
244	2.43409316155
245	2.72233366633
246	2.57381018981
247	2.65102081269
248	2.70500699301
249	2.37136507937
250	2.40551287129
251	1.11971228771
252	1.58357185332
253	1.85222777223
254	2.48180619381
255	2.36608191808
256	2.27590863952
257	2.73508118812
258	2.7297254902
259	3.76551448551
260	3.52498701299
261	2.46907936508
262	2.7441998002
263	2.45354645355
264	2.07822222222
265	2.13194805195
266	2.27861738262
267	2.42565079365
268	2.8362037962
269	2.50621011673
270	3.01075457875
271	2.76330538922
272	3.15011576846
273	3.58913179724
274	3.18152247752
275	1.95062537463
276	3.0985974026
277	3.25166033966
278	2.06059642147
279	2.21047128713
280	2.47502574257
281	2.71594005994
282	1.73105861136
283	2.21941258741
284	2.18462636274
285	1.83262704565
286	2.40789692765
287	1.89596003996
288	2.1846673209
289	2.59113686314
290	2.48634565435
291	2.77307936508
292	2.30048351648
293	2.99810505451
294	3.01752647353
295	2.28224380575
296	2.13648751249
297	2.08443709826
298	1.75537425743
299	1.65151683168
300	1.94608591409
301	2.03277700694
302	2.2339588785
303	2.40551287129
304	2.30165544554
305	2.35514885115
306	2.45144815149
307	2.99063762376
308	2.51339130435
309	2.83822222222
310	3.31726673327
311	3.15767128713
312	2.72687312687
313	2.51250793651
314	2.58971881188
315	2.01992871287
316	2.32234965035
317	2.22687969201
318	2.95192807193
