0	0.0118985915493
1	0.0931844843898
2	0.153062937063
3	0.100866359447
4	0.131855421687
5	0.107084148728
6	0.132196721311
7	0.139756385069
8	0.131065868263
9	0.128879293425
10	0.0994005449591
11	0.129691886964
12	0.0940206185567
13	0.141866666667
14	0.105433526012
15	0.0817937219731
16	0.152
17	0.0927457627119
18	0.100588235294
19	0.0133460951023
20	0.341294225481
21	0.0403093922652
22	0.0216492194674
23	0.0982013958126
24	0.12768
25	0.137195756991
26	0.152910179641
27	0.185862137862
28	0.119497725205
29	0.0643134182174
30	0.139619234544
31	0.0684
32	0.0176231884058
33	0.0567046632124
34	0.0750323212537
35	0.0516226415094
36	0.0587860340197
37	0.00115870831128
38	0.00268344912137
39	0.698028571429
40	1.73835764236
41	1.91065734266
42	2.22479365079
43	2.10517111771
44	2.36302874133
45	1.79941658342
46	1.80681863231
47	1.99074626866
48	2.25163492063
49	2.10264554455
50	2.1473980198
51	2.10480689655
52	1.67699104478
53	1.38885714286
54	1.84768831169
55	2.037
56	2.54637623762
57	1.91007392607
58	2.03911992071
59	1.92116683317
60	1.45341526264
61	1.20169411765
62	0.0933561253561
63	2.47069582505
64	1.45264670659
65	1.30176984127
66	1.62902697303
67	1.47843805748
68	1.64865014866
69	1.06595004995
70	0.961149700599
71	1.06097318769
72	0.368047477745
73	0.682645544554
74	0.84518019802
75	1.04190248756
76	0.952572533849
77	0.834344554455
78	0.944501960784
79	1.01855049505
80	0.954481665015
81	1.125775571
82	1.05148235294
83	0.552071216617
84	0.819966323667
85	1.38409411765
86	0.986043564356
87	0.780166336634
88	0.222661682243
89	0.205877227723
90	0.639302970297
91	0.404119760479
92	0.935292730845
93	0.321882352941
94	0.487603960396
95	1.10278931751
96	1.56187908821
97	1.11883316683
98	1.76796035679
99	1.01127920792
100	1.07272871287
101	1.02668263473
102	1.05396203796
103	1.05251422964
104	0.790011881188
105	1.27916883117
106	1.36672222222
107	1.46503096903
108	1.36248166501
109	1.0944
110	0.818645669291
111	0.784828685259
112	0.316031683168
113	0.53572027972
114	0.42959764475
115	0.260055445545
116	0.787180819181
117	1.01067195243
118	0.823508910891
119	0.386258823529
120	1.07272871287
121	0.91208627451
122	0.801837623762
123	0.435634951456
124	0.216712871287
125	0.273863330125
126	0.543578564941
127	0.596551040634
128	1.00856470588
129	1.11585882353
130	0.502419161677
131	0.313581661891
132	0.536567432567
133	0.574289108911
134	0.725988118812
135	0.768184615385
136	0.252553846154
137	0.189597690087
138	0.226925541942
139	0.0841846153846
140	0.0862653465347
141	0.304996721311
142	0.801837623762
143	0.49843960396
144	0.563685131195
145	0.191068865179
146	0.0488571428571
147	0.62352848723
148	0.754381618382
149	0.343341176471
150	0.233439865433
151	0.227548514851
152	0.239497621313
153	0.0906335403727
154	0.0965647058824
155	0.0134030045722
156	0.108571428571
157	0.110748850046
158	0.115420901246
159	0.112508411215
160	0.107294117647
161	0.119192079208
162	0.12048440367
163	0.108356435644
164	0.112613657624
165	0.115753846154
166	0.114542340628
167	0.00137729675308
168	0.838338835795
169	1.49217982018
170	2.23621978022
171	1.76458585859
172	2.04901132075
173	1.6074877193
174	1.72724779628
175	1.49155642787
176	1.87355401388
177	1.66087824351
178	2.80888095238
179	2.0126993007
180	2.85353846154
181	3.71363036963
182	4.10396003996
183	1.91627572428
184	2.90790049751
185	2.58218793274
186	2.74706182532
187	3.36608191808
188	2.44900699301
189	2.70824182359
190	1.71482630029
191	2.06769957806
192	2.81991397849
193	2.5474045954
194	2.15149206349
195	2.92272997033
196	3.10528316832
197	2.94965034965
198	3.30477777778
199	2.61234059406
200	3.28054345654
201	3.96672927073
202	4.03292063492
203	3.39574025974
204	3.75687824351
205	3.47503777336
206	3.65906586826
207	3.34153846154
208	3.66172908367
209	4.2651314741
210	3.52934795613
211	2.37874903475
212	4.98440759241
213	3.20390261497
214	4.47604395604
215	3.32464
216	4.04254145854
217	3.59189637306
218	3.95127272727
219	4.11389410589
220	3.17538668913
221	3.6321996008
222	3.03864420218
223	3.11514650934
224	1.77358325025
225	3.65683832335
226	3.47211177645
227	3.92998201798
228	3.62391752577
229	4.29879764244
230	4.78756087824
231	3.95469330669
232	4.2683107178
233	3.83281437126
234	3.07255144855
235	3.07293608653
236	3.4379241517
237	3.23224854369
238	4.62124275724
239	3.45354645355
240	2.9392239925
241	3.56266133866
242	3.39265534466
243	4.09287512488
244	3.99154013875
245	3.427996004
246	2.99346825397
247	4.05136463536
248	3.33907692308
249	4.19275516224
250	0.684
251	0.0637514563107
252	0.0643764705882
253	0.278908741595
254	2.7393006993
255	4.08544255744
256	3.16913059034
257	3.00198130841
258	2.5885508982
259	1.40048298009
260	2.18955053974
261	2.6458021978
262	1.93289990089
263	2.71749950544
264	3.71676511397
265	3.09010693069
266	2.5802037962
267	2.20540500463
268	3.02314455446
269	1.60797602398
270	2.5474045954
271	1.80185714286
272	2.88632967033
273	2.27709090909
274	2.98331746032
275	1.53436330275
276	2.14288111888
277	1.40417182817
278	2.30687712288
279	2.20823038729
280	2.26401598402
281	2.15841257367
282	2.68294105894
283	3.84441958042
284	3.64053546454
285	2.69185864374
286	3.89171628372
287	4.3565954046
288	4.66828371628
289	4.07059244533
290	3.11316391853
291	2.7278490566
292	2.96974225774
293	3.3488991009
294	2.1167372549
295	3.28871128871
296	3.8485958292
297	4.2353006993
298	3.2238970297
299	3.03559960357
300	4.19323076923
301	4.57603196803
302	4.29242063492
303	4.52593806194
304	3.90553480475
305	4.2493986014
306	3.89183616384
307	3.60656041131
308	4.410997003
309	4.29142057942
310	3.9366984127
311	3.35907418398
312	4.05852673267
313	3.58379607843
314	4.38133066933
315	3.48466733267
316	4.62033166833
317	3.50616367265
318	4.2236812749
