0	2.85993650794
1	2.66127472527
2	2.61493013972
3	2.67802184707
4	2.49700740741
5	2.91912887113
6	2.11462137862
7	2.25675124875
8	2.7649652433
9	3.01384215784
10	2.65402597403
11	2.58594251734
12	2.55194405594
13	2.39307936508
14	2.6438970297
15	2.30165544554
16	2.33328271728
17	2.28224380575
18	1.78498395722
19	1.71077656405
20	2.58971881188
21	2.33328271728
22	2.28132679097
23	2.24581818182
24	2.26689395441
25	2.14527744511
26	2.29536507937
27	2.33967632368
28	1.44707234886
29	1.48448316832
30	1.29266073195
31	1.11133462282
32	1.1216238806
33	1.38072654691
34	1.72628571429
35	1.68823176823
36	1.9415024777
37	1.84655841584
38	1.91782617383
39	2.02827353816
40	1.4477042957
41	1.77209028459
42	1.41313267327
43	1.78788118812
44	1.13252725471
45	1.7150244858
46	1.65543256743
47	1.67034291378
48	1.71822398414
49	2.16474725275
50	1.55703496503
51	2.08250545094
52	1.81942857143
53	1.99435764236
54	2.13885714286
55	1.65151683168
56	1.64865014866
57	1.35895445545
58	0.31625
59	1.56351842752
60	1.26902675917
61	1.68369230769
62	1.6772987013
63	1.81134588702
64	1.34811881188
65	1.50876323676
66	1.63470109235
67	1.90045508982
68	1.77422222222
69	1.7056950495
70	2.05802938296
71	1.86316083916
72	2.10709626719
73	2.03076435644
74	1.71653069307
75	1.80955247525
76	1.56796803197
77	1.80431010795
78	1.75383016983
79	1.77880673935
80	1.22892673267
81	1.37336470588
82	0.0179109046187
83	0.0440488643562
84	0.287160349854
85	0.262824207493
86	0.173876635514
87	0.104327931363
88	0.0608
89	0.0022893002824
90	0.520110891089
91	0.654594392523
92	0.793976470588
93	0.611295049505
94	0.552071216617
95	0.737554013875
96	0.901270588235
97	0.692236190476
98	0.715152475248
99	0.92102970297
100	0.964372277228
101	0.862222222222
102	1.15774850299
103	0.996879207921
104	0.990542574257
105	0.786267961165
106	0.877687128713
107	0.964372277228
108	0.854431067961
109	0.933458823529
110	0.888522772277
111	0.834344554455
112	0.69798019802
113	0.866851485149
114	0.805495583906
115	0.0817157107232
116	1.64582323734
117	0.867710604559
118	0.586809651475
119	0.688783216783
120	1.00137821782
121	1.15941386139
122	1.26823576424
123	0.934513833992
124	0.982994011976
125	1.18696119403
126	0.784665346535
127	0.780166336634
128	0.763284872299
129	0.895616766467
130	0.671456543457
131	0.963418397626
132	0.924542239686
133	0.888522772277
134	0.795500990099
135	1.02938613861
136	0.552071216617
137	0.848455348381
138	0.709518334985
139	0.682645544554
140	0.471631733595
141	0.455548067393
142	0.454646884273
143	0.504777232581
144	0.102937062937
145	0.192711770158
146	1.15890509491
147	1.18077122877
148	0.731936507937
149	1.02901469148
150	0.866851485149
151	0.965328047572
152	0.624604373757
153	1.18721893491
154	1.11607128713
155	0.857318681319
156	1.22442772277
157	1.33410505451
158	0.857318681319
159	0.946565597668
160	0.869082352941
161	0.944785964912
162	1.2901018981
163	1.34361980198
164	0.841349019608
165	1.38696237624
166	1.51699009901
167	1.15422001982
168	1.31111287129
169	1.0988990099
170	1.0824925816
171	1.03864135864
172	0.662285714286
173	0.528798403194
174	0.705714285714
175	0.877687128713
176	0.0872069194943
177	2.00447269116
178	0.877687128713
179	1.00771485149
180	0.766243137255
181	1.08154990215
182	1.09657142857
183	0.769866666667
184	1.00771485149
185	1.12548481881
186	0.954481665015
187	0.0496534412955
188	0.0206490566038
189	0.541887378641
190	0.986043564356
191	0.931865346535
192	0.63751372549
193	0.986043564356
194	1.06050749251
195	1.09548463826
196	0.970101960784
197	1.31196803197
198	1.25090909091
199	1.292
200	1.23267384917
201	1.05697350343
202	1.13774257426
203	1.13774257426
204	0.970101960784
205	1.23526336634
206	1.33542857143
207	1.13998418972
208	1.22442772277
209	0.504282352941
210	0.731211100099
211	0.654494117647
212	0.396599412341
213	0.178892307692
214	0.204058881256
215	0.132964485981
216	0.128752941176
217	0.0356772616137
218	0.601550626808
219	0.279238469087
220	0.184132484076
221	0.206490566038
222	0.203858823529
223	0.20187961165
224	0.216610744581
225	0.159533527697
226	0.171670588235
227	0.182875247525
228	0.181933980583
229	0.307833171678
230	0.200130895091
231	0.255005825243
232	0.203858823529
233	0.268356435644
234	0.27854953271
235	0.117131034483
236	0.0788756756757
237	0.00202018213143
238	0.626889320388
239	0.530946534653
240	0.195041584158
241	0.736823762376
242	0.947963302752
243	1.2460990099
244	0.953536633663
245	0.441776146789
246	0.268235294118
247	0.37627184466
248	0.75439223301
249	0.682645544554
250	0.622305882353
251	0.562896142433
252	0.390469772052
253	0.124675229358
254	0.0977142857143
255	0.300423529412
256	0.0595244755245
257	2.37352698724
258	0.380797374897
259	1.76022377622
260	1.81942857143
261	2.33428571429
262	1.84129470529
263	1.50285042017
264	0.660769811321
265	0.2736
266	0.212711370262
267	0.390083168317
268	0.929310689311
269	0.785466798811
270	0.520110891089
271	0.325069306931
272	0.486906930693
273	0.41615984016
274	0.547736997056
275	0.574289108911
276	0.369247058824
277	0.254758486906
278	0.195234886026
279	0.1718390579
280	0.109330669331
281	0.413371104816
282	0.0412981132075
283	0.0408739495798
284	0.0183795484232
285	1.4868971029
286	0.278163621922
287	0.336736532811
288	0.520110891089
289	0.444701684836
290	0.42638961039
291	0.297795918367
292	0.238148367953
293	0.287160349854
294	0.203858823529
295	0.307833171678
296	0.227541747573
297	0.252796920115
298	0.254758486906
299	0.386258823529
300	0.51050728863
301	0.303398019802
302	0.336738461538
303	0.437834165834
304	0.482794896958
305	0.365330669331
306	0.542319127849
307	0.545882352941
308	0.542575667656
309	0.557786064769
310	0.510695145631
311	0.419996003996
312	0.412162537166
313	0.378830769231
314	0.308132038835
315	0.400918811881
316	0.0304181944767
317	1.2846556741
318	0.223207619048
