0	3.43752247752
1	4.13723876124
2	3.64974319066
3	3.92951048951
4	3.88050793651
5	4.2903016983
6	4.08274331021
7	3.32429803922
8	4.04977422577
9	4.4214985015
10	4.00204391218
11	4.41491848907
12	3.89281437126
13	4.04977422577
14	3.46051241311
15	3.37192407592
16	3.90764435564
17	3.83565234765
18	3.58005958292
19	4.79322277722
20	3.73271528472
21	3.48224826216
22	2.78925940594
23	2.77842376238
24	2.72687312687
25	2.62932804757
26	2.6483960396
27	2.6458021978
28	2.24581818182
29	2.25191269841
30	2.55833766234
31	2.15211100099
32	2.05995604396
33	2.68355996036
34	2.4921980198
35	2.62672475248
36	2.74871528472
37	2.54103496503
38	2.16682352941
39	2.7143715415
40	2.19765079365
41	1.4908754717
42	1.65232941176
43	1.27428022418
44	1.78208991009
45	1.5539960396
46	2.78793206793
47	2.32562933598
48	1.7756963037
49	1.31371428571
50	1.41571588785
51	1.53062937063
52	1.45341526264
53	1.88502697303
54	3.50441188119
55	3.00299901088
56	3.10656888008
57	3.17512887113
58	3.79831368631
59	2.95765079365
60	1.7756963037
61	1.46206679764
62	1.89885657765
63	2.79886513487
64	1.85022222222
65	2.57000197824
66	2.29309018831
67	3.09405794206
68	2.8362037962
69	2.28450793651
70	1.99825742574
71	2.73326673327
72	2.20614720314
73	1.88803165183
74	2.39434165834
75	1.48803143418
76	2.25675124875
77	2.35366501487
78	1.97052295409
79	2.33879365079
80	2.37247552448
81	2.47747869177
82	2.67220779221
83	2.36372055888
84	2.61657142857
85	2.22580594059
86	2.33647571853
87	2.33328271728
88	2.49166633955
89	2.54101098901
90	2.33328271728
91	2.41479365079
92	2.57888316832
93	2.07410693069
94	2.15620758483
95	2.54776984127
96	2.71962437562
97	2.75948463826
98	2.56171089109
99	2.55087524752
100	2.98926673327
101	3.37192407592
102	2.90336507937
103	2.81255849057
104	3.02845954046
105	2.61848166501
106	2.66127472527
107	2.41240039643
108	2.45354645355
109	2.12101498501
110	2.29536507937
111	2.12828514851
112	2.74141782178
113	1.98742178218
114	2.09275524476
115	2.3211258672
116	1.97249150849
117	2.43168031968
118	2.67220779221
119	2.79305660377
120	2.59567632368
121	3.92592245266
122	5.12121478521
123	4.68389210789
124	3.67165634366
125	3.88577822178
126	3.23871840796
127	2.50821178821
128	2.57633234421
129	1.82850793651
130	3.20867260138
131	2.38794805195
132	2.17159921415
133	1.69916483516
134	2.00220183486
135	2.17350898204
136	2.09211406096
137	2.38597823937
138	2.38384158416
139	2.20208591409
140	2.88964122894
141	2.9004876115
142	2.32601121495
143	2.73326673327
144	1.98342457542
145	1.9026283449
146	1.97208712871
147	1.78728949951
148	2.15381418581
149	1.7756963037
150	1.92326782274
151	1.70555844156
152	1.51564190476
153	1.56342857143
154	1.63942857143
155	1.34930669331
156	1.24583316977
157	0.77382970297
158	1.22315294118
159	1.39482352941
160	0.687144554455
161	0.665223529412
162	0.643764705882
163	0.563453465347
164	0.499386407767
165	0.626889320388
166	0.307897029703
167	0.327992007992
168	0.249466798811
169	0.257505882353
170	0.242030769231
171	0.0738552147239
172	0.00451325556734
173	1.37756643357
174	1.13064535465
175	2.36685714286
176	2.10368831169
177	1.78662937063
178	2.61657142857
179	2.32234965035
180	2.39888111888
181	2.32234965035
182	2.66
183	2.40981418581
184	2.40155401388
185	2.38597823937
186	2.53209647495
187	2.57888316832
188	2.43409316155
189	2.15835364635
190	2.37201454545
191	2.62393606394
192	2.43168031968
193	2.33024826216
194	2.21304954128
195	0.635751037344
196	2.25172247919
197	1.66868910891
198	2.69173861386
199	3.58026138614
200	3.60193267327
201	2.32562933598
202	1.62496056091
203	2.32874325674
204	2.20631912785
205	2.18021978022
206	1.71542857143
207	1.56796803197
208	1.52933994054
209	1.50915924827
210	1.86373069307
211	1.66470259481
212	1.71713207547
213	1.64068118812
214	2.24996407186
215	2.42565079365
216	2.58474325674
217	2.10741960784
218	2.19096927651
219	2.14742057942
220	2.56287712288
221	2.27774033697
222	2.01107631318
223	1.85739405941
224	2.29715643564
225	1.75383016983
226	2.31882772277
227	1.84838850347
228	1.98742178218
229	1.83122376238
230	1.61900990099
231	2.21941258741
232	1.89596003996
233	2.28450793651
234	2.20847952048
235	2.16293359762
236	1.88502697303
237	2.75513286713
238	2.65365079365
239	2.54101098901
240	2.77842376238
241	2.520864222
242	2.36217029703
243	2.20398431373
244	2.22395204795
245	2.64017443013
246	2.85167407407
247	2.92571428571
248	2.62222574257
249	1.77070891089
250	2.68046307385
251	2.52971428571
252	2.0052987013
253	2.11954806739
254	2.94259481038
255	2.76122137405
256	2.61039520958
257	2.35882121807
258	2.40981418581
259	2.19492629663
260	3.14872327672
261	2.44261338661
262	2.65099702676
263	2.70503096903
264	2.28450793651
265	3.23352079208
266	2.5474045954
267	2.70500699301
268	2.71322954092
269	2.47644975124
270	2.20847952048
271	1.98742178218
272	1.95491485149
273	1.77209028459
274	1.30348565776
275	1.62173110893
276	1.28944158416
277	0.708815841584
278	1.74453861386
279	0.927365079365
280	2.12769690927
281	1.84655841584
282	2.2452231405
283	2.6786013986
284	1.77246382557
285	1.94656126482
286	0.981650793651
287	1.04022178218
288	1.60076723277
289	2.57888316832
290	2.02513373253
291	2.06941807349
292	2.63486913087
293	2.34421578422
294	2.74050793651
295	2.12555444555
296	2.41874331021
297	2.45109780439
298	2.55593650794
299	2.00328942116
300	2.7441998002
301	2.58021052632
302	2.51836831683
303	2.23488511489
304	1.47510802775
305	1.34361980198
306	1.09784615385
307	1.54018632309
308	1.48255014896
309	1.04748155533
310	0.27625631068
311	0.223130097087
312	0.437343482398
313	0.282285714286
314	0.14521859545
315	0.27625631068
316	0.202075801749
317	0.497946587537
318	0.697411764706
