0	3.58913179724
1	3.18152247752
2	1.95062537463
3	3.0985974026
4	3.25166033966
5	2.06059642147
6	2.21047128713
7	2.47502574257
8	2.71594005994
9	1.73105861136
10	2.21941258741
11	2.18462636274
12	1.83262704565
13	2.40789692765
14	1.89596003996
15	2.1846673209
16	2.59113686314
17	2.48634565435
18	2.77307936508
19	2.30048351648
20	2.99810505451
21	3.01752647353
22	2.28224380575
23	2.13648751249
24	2.08443709826
25	1.75537425743
26	1.65151683168
27	1.94608591409
28	2.03277700694
29	2.2339588785
30	2.40551287129
31	2.30165544554
32	2.35514885115
33	2.45144815149
34	2.99063762376
35	2.51339130435
36	2.83822222222
37	3.31726673327
38	3.15767128713
39	2.72687312687
40	2.51250793651
41	2.58971881188
42	2.01992871287
43	2.32234965035
44	2.22687969201
45	2.95192807193
46	2.84343762376
47	3.15326273726
48	3.66336507937
49	3.07673126873
50	2.79247152847
51	2.56287712288
52	2.841040715
53	2.04369454545
54	2.59113686314
55	2.60763528246
56	2.87309990109
57	2.89086913087
58	2.67536507937
59	2.45647407407
60	3.00623853211
61	3.1311847619
62	3.48125474525
63	3.90764435564
64	3.12360675273
65	3.59058541459
66	2.89086913087
67	3.76107936508
68	3.53592007992
69	3.25166033966
70	2.74050793651
71	2.09127920792
72	1.84129470529
73	2.82980019782
74	3.45707936508
75	3.02206593407
76	3.0657982018
77	2.36050793651
78	2.6786013986
79	2.59308582834
80	3.42658941059
81	3.96437375746
82	3.37880109991
83	3.72177422577
84	2.79479365079
85	3.24420594059
86	2.7770779661
87	3.08312487512
88	3.31394810379
89	3.12360675273
90	3.33260560748
91	3.97724233432
92	4.18097102897
93	4.13265225933
94	3.8944950495
95	3.27052673267
96	3.75458141858
97	3.9851258672
98	2.69407392607
99	3.26259340659
100	2.49957237465
101	3.00348304308
102	4.13723876124
103	3.68899100899
104	4.10850793651
105	3.70311992071
106	3.82017982018
107	3.30907392996
108	2.86446353646
109	1.56640319361
110	1.976
111	2.28955044955
112	1.87008126858
113	2.38102994012
114	3.13136507937
115	3.17307387387
116	3.69991608392
117	2.86794846383
118	3.68898301698
119	3.36099100899
120	3.35183316783
121	3.18606193806
122	3.73271528472
123	3.58380971259
124	3.68530139721
125	3.61993650794
126	3.34187722772
127	2.09577821782
128	1.98580527753
129	3.32819180819
130	3.21886113886
131	3.06529466791
132	3.56871928072
133	3.35603567889
134	3.20792807193
135	3.63431768232
136	3.53307936508
137	3.73271528472
138	4.41056543457
139	3.61640801457
140	4.17622178218
141	3.75458141858
142	4.01697502498
143	3.96898194946
144	3.78737262737
145	3.39379020979
146	3.64525074925
147	3.92783316783
148	3.65618381618
149	3.85496927651
150	3.41772673267
151	3.23641088674
152	3.09132075472
153	3.25197230465
154	3.48619226957
155	3.17512887113
156	3.01396923077
157	3.74364835165
158	3.63079365079
159	2.49476247505
160	3.3030499002
161	3.85558648111
162	3.25519207921
163	3.03847920792
164	3.05234489594
165	2.8425974026
166	2.35279840319
167	2.97936507937
168	2.8034045954
169	2.75967232767
170	2.97936507937
171	3.1641958042
172	2.92507936508
173	2.613002997
174	1.62263336663
175	2.47541258741
176	2.58564663024
177	3.1779900892
178	3.1641958042
179	3.43383816184
180	3.05465801668
181	3.51405394605
182	3.14232967033
183	3.17794637537
184	3.10569068204
185	3.01613944954
186	3.06952626363
187	1.72118281718
188	3.67804995005
189	4.03481037924
190	2.87650099404
191	2.31249108911
192	2.11954806739
193	2.747582198
194	2.92571428571
195	2.95473399459
196	3.28118163673
197	3.192
198	3.58419180819
199	3.53592007992
200	2.76222222222
201	3.08200571973
202	3.71806786427
203	3.38285714286
204	3.52222222222
205	4.03935777998
206	2.7350738523
207	2.07649857279
208	1.38022641509
209	1.73111192661
210	3.07219180819
211	2.9018021978
212	2.74050793651
213	3.0657982018
214	3.55778621379
215	3.02279365079
216	2.45354645355
217	2.63938461538
218	2.83824603175
219	3.01451497006
220	2.97833366633
221	3.39193650794
222	2.34732210109
223	2.10661386139
224	2.27997623762
225	2.95926552655
226	3.42658941059
227	3.95137662338
228	4.49802997003
229	3.45307355865
230	3.12046353646
231	3.50312087912
232	2.74050793651
233	2.37701498501
234	2.72965079365
235	2.31781018981
236	1.33621197252
237	1.46281188119
238	0.13067996012
239	1.72189870904
240	0.899358415842
241	0.815435294118
242	1.20851866405
243	1.94414371257
244	2.03958061325
245	2.21301898102
246	2.10628571429
247	1.52631454006
248	1.58529470529
249	1.30736507937
250	1.33278415842
251	1.12057029703
252	1.30027722772
253	1.36529108911
254	1.24443743842
255	1.54631641791
256	1.33837362637
257	1.30981602374
258	1.24857142857
259	1.00137821782
260	1.1917042957
261	1.01848378128
262	1.12690693069
263	1.19096470588
264	0.958035643564
265	0.975207920792
266	0.801837623762
267	0.866851485149
268	0.708815841584
269	0.718166503428
270	0.585704658077
271	0.482823529412
272	0.476768316832
273	0.414628115653
274	0.301525773196
275	0.292852329039
276	0.379247524752
277	0.357784615385
278	0.34932815534
279	0.443688161694
280	0.396988235294
281	0.339677982541
282	0.483297350343
283	0.415833827893
284	0.596551040634
285	0.439905882353
286	0.477672162949
287	0.457329446064
288	0.368411881188
289	0.390083168317
290	0.318417408506
291	0.499871720117
292	0.450635294118
293	0.39359040959
294	0.305246923708
295	0.62194217348
296	0.322831858407
297	0.467883495146
298	0.485210789211
299	0.542413994169
300	0.0174672083575
301	0.655984015984
302	1.11585882353
303	0.981793915604
304	1.30103496503
305	1.18558415842
306	1.27734124629
307	1.14
308	0.130549800797
309	1.33330149254
310	0.414384466019
311	0.515011764706
312	0.579452547453
313	0.68332210109
314	0.459596039604
315	0.568658823529
316	0.343341176471
317	0.24921980198
318	0.27625631068
