0	1.5820039604
1	1.49584313725
2	1.34096442688
3	1.07485714286
4	1.04472079208
5	1.28944158416
6	1.08356435644
7	0.806336633663
8	0.740329411765
9	0.866851485149
10	0.711891262136
11	0.599425242718
12	0.725988118812
13	0.954917647059
14	0.47813592233
15	0.30843148688
16	0.35744092219
17	0.284123076923
18	0.199540594059
19	0.308132038835
20	0.00839183360491
21	0.845964774951
22	2.14124083251
23	2.6786013986
24	2.20413465347
25	1.72103096903
26	2.64462082515
27	2.30048351648
28	2.54255698712
29	2.37701498501
30	2.67905649158
31	2.37461876248
32	2.42327056492
33	1.82850793651
34	1.51699009901
35	1.42253169347
36	2.25246753247
37	1.15193669634
38	1.55103270565
39	1.79238019802
40	2.01343620178
41	1.81773333333
42	2.25239246779
43	2.03084115884
44	2.24970465808
45	2.26797268293
46	2.68437735849
47	2.27365079365
48	2.17587238285
49	2.34501083032
50	2.58971881188
51	2.35583366337
52	2.40632373386
53	1.93339774557
54	2.613002997
55	2.46201996008
56	2.33879365079
57	2.41240039643
58	2.68458160237
59	2.40981418581
60	2.40155401388
61	2.38834059406
62	2.65673526474
63	2.00222222222
64	2.35117786561
65	2.44308614232
66	2.6458021978
67	2.37565490196
68	2.42074725275
69	2.31707142857
70	2.6458021978
71	2.10870168484
72	2.10368831169
73	2.29943310208
74	1.67318811881
75	1.60941176471
76	0.315303754266
77	4.06786534653
78	1.80955247525
79	1.4529254902
80	0.6873562316
81	0.814285714286
82	0.0225403267412
83	0.152207633588
84	1.1917042957
85	3.62338461538
86	4.2247032967
87	4.24017582418
88	4.32337176938
89	4.73855744256
90	3.98871528472
91	4.02790809191
92	3.83111288711
93	4.05140357853
94	3.65618381618
95	3.86391208791
96	3.20339884393
97	3.7427960396
98	3.27686336634
99	2.95179405941
100	3.00895143707
101	3.12820551855
102	3.59465609514
103	3.43752247752
104	3.07707936508
105	3.27352647353
106	3.83111288711
107	3.94044355644
108	3.90222222222
109	3.92004757185
110	3.44845554446
111	3.29499332698
112	3.4719049505
113	4.03884115884
114	3.46504347826
115	3.28989264414
116	3.98417582418
117	3.91857742258
118	3.95709018831
119	4.4214985015
120	3.87484515485
121	4.26050793651
122	4.11991208791
123	4.16279365079
124	3.97324275724
125	3.41224750499
126	4.10171996028
127	3.47450980392
128	4.12630569431
129	4.06070729271
130	4.09765079365
131	3.61245154845
132	3.21670508475
133	4.3886993007
134	4.60793650794
135	3.98173689416
136	4.19120713578
137	4.59642757243
138	4.64990927022
139	4.8503721393
140	3.85297902098
141	3.82858039216
142	3.56871928072
143	3.28445954046
144	3.83111288711
145	4.54176223776
146	4.28411542289
147	3.61699100899
148	4.39963236763
149	4.31478571429
150	4.23594411178
151	4.56450793651
152	4.67295904096
153	4.36700998004
154	4.96028599801
155	4.46977022977
156	4.41479004975
157	4.30589452736
158	3.77594013096
159	4.01697502498
160	4.46878415842
161	4.35913822688
162	4.71669130869
163	4.74077330716
164	4.65563236763
165	4.73967524752
166	3.35931565441
167	3.40689108911
168	4.5198961039
169	4.39963236763
170	3.72411131725
171	3.99510889111
172	4.34496703297
173	3.98417582418
174	3.36270109235
175	3.86198811881
176	3.50766033966
177	3.24757185332
178	4.34496703297
179	3.72112475248
180	3.34850793651
181	3.37104648863
182	3.47032967033
183	3.40279365079
184	3.39379020979
185	4.00679484638
186	4.48072727273
187	4.46523076923
188	3.36099100899
189	3.67064811133
190	1.83572277228
191	1.0944
192	0.741322772277
193	1.28944158416
194	1.03864135864
195	0.0782086707956
196	0.795500990099
197	0.693481188119
198	0.660974257426
199	0.622305882353
200	0.631384615385
201	0.281726732673
202	0.294149019608
203	0.390083168317
204	0.222933333333
205	0.823508910891
206	0.650138613861
207	0.877687128713
208	0.611295049505
209	0.606796039604
210	1.00771485149
211	0.227236436705
212	1.57564356436
213	2.69978152929
214	3.35005794206
215	3.48125474525
216	3.42450793651
217	3.21883716284
218	3.23354455446
219	2.99809712587
220	2.9263777336
221	2.68602390438
222	2.73508118812
223	2.3449980198
224	3.43409181637
225	3.77644755245
226	3.42790863952
227	3.12046353646
228	2.6727135778
229	2.59567632368
230	3.56871928072
231	2.71879365079
232	2.25381386139
233	1.98939607843
234	1.80748190476
235	1.56033267327
236	1.48448316832
237	1.21929831516
238	1.5494970297
239	1.95298120673
240	1.91956923077
241	2.5247049505
242	2.20413465347
243	2.85806993007
244	3.90764435564
245	3.13136507937
246	2.72687312687
247	2.52336507937
248	2.84977425743
249	2.07088911089
250	2.26768431568
251	2.26279365079
252	2.14288111888
253	2.09275524476
254	2.63940859141
255	2.74685714286
256	2.49727872128
257	3.29422222222
258	3.57965234765
259	2.42074725275
260	2.04565079365
261	2.36154245754
262	0.0233431878896
263	0.0638183753104
264	0.986139079334
265	3.25166033966
266	4.16951437066
267	4.23140918164
268	3.5547463838
269	3.27352647353
270	4.1591048951
271	3.92951048951
272	4.22127507448
273	3.66619436876
274	4.33221010902
275	4.1919040959
276	4.08257342657
277	3.79192007992
278	3.81388397247
279	3.86391208791
280	3.88365940594
281	3.95258671952
282	3.60151848152
283	3.59915956392
284	3.79831368631
285	4.07164035964
286	3.79365079365
287	4.03078763709
288	3.86706653426
289	3.71813972056
290	4.04336507937
291	4.14817182817
292	4.23563636364
293	3.99343670265
294	3.88577822178
295	3.99510889111
296	3.69960675273
297	4.07535686275
298	4.11126546906
299	4.04977422577
300	4.17779543198
301	3.7417271028
302	4.10034331337
303	4.12218762475
304	4.01477656405
305	3.86005588822
306	2.72605590062
307	3.83707936508
308	2.4640587156
309	2.95926552655
310	2.77392475248
311	1.8158493558
312	2.39680316518
313	2.12589098117
314	1.84129470529
315	2.10741960784
316	2.67084369748
317	3.24757185332
318	3.71084915085
