0	4.38786481113
1	4.2159040959
2	5.4883996004
3	4.37900199601
4	5.43388656716
5	3.67393406593
6	3.88252264808
7	4.71215184815
8	3.37954045954
9	4.00005588822
10	3.79538430983
11	4.2407440273
12	4.49349050949
13	3.90333666334
14	0.776939702428
15	6.7135024975
16	3.94974205607
17	5.16040759241
18	4.11920713578
19	4.53722277722
20	3.67341129832
21	5.00734465534
22	4.21778571429
23	0.0221517660977
24	5.59233063792
25	1.9458388998
26	3.78620937188
27	3.3032007992
28	3.761299339
29	4.14742857143
30	3.59858541459
31	4.28576223776
32	0.977111366246
33	5.71077534791
34	1.22978217822
35	1.25511428571
36	1.6678368932
37	1.63473326673
38	2.0036043956
39	1.89775875486
40	1.71603074295
41	2.08025907753
42	2.05189724771
43	1.92611388611
44	2.1252987013
45	1.52663576159
46	1.93402054155
47	1.78281980198
48	2.04168631369
49	1.8053253493
50	1.44205734767
51	1.86726666667
52	1.42772184133
53	1.74406393606
54	1.41403484321
55	1.71641158841
56	1.49312287712
57	0.950862706913
58	1.0574929312
59	1.4788
60	1.31156043956
61	1.33799621928
62	1.54878458844
63	1.50783746283
64	1.8093253493
65	1.31198606272
66	1.66277722278
67	1.70760655738
68	1.61921960415
69	1.70841481481
70	1.74082644628
71	1.57563428571
72	1.36592149533
73	1.55861396131
74	1.90447152847
75	1.69136463536
76	1.16943856144
77	1.76787225549
78	1.53600669456
79	1.96792015968
80	1.4071048951
81	1.64781120944
82	1.33137454545
83	1.60076455256
84	1.71077184054
85	2.38253746254
86	1.5623032491
87	1.92204595405
88	2.03858077304
89	1.13404363636
90	1.31451089109
91	0.839747285291
92	0.895062562066
93	1.11291108891
94	1.15044553484
95	1.86734530938
96	1.54522211809
97	1.74763696919
98	1.64937815126
99	1.70965090909
100	1.95326147705
101	1.52952647353
102	1.57609542744
103	1.58053146853
104	1.63233994334
105	1.56985414585
106	1.29161138371
107	1.88332467532
108	1.48006342914
109	1.41621428571
110	1.90415049505
111	1.80189158879
112	2.4028742515
113	2.09076190476
114	2.25318899083
115	2.32867747748
116	2.08886153846
117	2.67905649158
118	1.61281118881
119	1.76796035679
120	1.6488951049
121	1.86585530228
122	2.23027326733
123	1.97219425173
124	2.90146906188
125	2.89866933067
126	3.33645283019
127	2.76345254745
128	2.52987908821
129	2.14044356436
130	2.53805351833
131	1.9082997003
132	2.05494857143
133	2.47087312687
134	1.93681665015
135	2.48382160555
136	1.7724470821
137	2.3211258672
138	1.88290909091
139	2.24297821782
140	1.90893161546
141	2.09914885115
142	1.78358017493
143	0.00636279069767
144	5.68762735382
145	2.89726273726
146	2.34872347826
147	3.0985974026
148	3.19333464181
149	3.69552847153
150	2.60191008991
151	2.32467326733
152	2.1692765114
153	1.48908691309
154	1.54351635282
155	1.98981818182
156	1.55144499504
157	2.00075124875
158	1.60677106046
159	2.13194805195
160	1.91581367691
161	2.24265334665
162	2.25068780971
163	0.420359088879
164	1.20145101843
165	2.28501098901
166	2.05737958375
167	1.61116039604
168	1.86373069307
169	1.17697350343
170	1.50615445545
171	1.40932667333
172	1.86907492507
173	1.86742857143
174	1.06012289395
175	0.954481665015
176	0.0816647975078
177	1.45658382643
178	0.520131910766
179	0.57485827552
180	0.542946534653
181	0.798113886114
182	0.769330693069
183	0.653694117647
184	0.891415112856
185	0.48101665206
186	0.708836113837
187	0.758495049505
188	0.583395934172
189	0.542857142857
190	0.424626362735
191	0.465932673267
192	0.65568627451
193	0.439905882353
194	0.375897939156
195	0.268506930693
196	0.371883495146
197	0.308132038835
198	0.289694117647
199	0.239572815534
200	0.418447058824
201	0.329382524272
202	0.241491262136
203	0.209839773798
204	0.236278704612
205	0.195868694956
206	0.1632
207	0.210461538462
208	0.153095145631
209	0.15766779661
210	0.265631067961
211	0.188403960396
212	0.270891089109
213	0.252553846154
214	0.235326732673
215	0.278964705882
216	0.289694117647
217	0.161196039604
218	0.189415384615
219	0.138117647059
220	0.24921980198
221	0.377592079208
222	0.561893069307
223	0.487346788991
224	0.524547041707
225	0.406919765166
226	0.24999807136
227	0.244618075802
228	0.244143549952
229	0.228055445545
230	0.251460539461
231	0.322198233562
232	0.280776470588
233	0.284123076923
234	0.215401360544
235	0.317211881188
236	0.455097029703
237	0.57878019802
238	0.737679207921
239	0.692935289042
240	0.444261386139
241	0.37283960396
242	0.455548067393
243	0.386117647059
244	0.349725490196
245	0.3526875
246	0.173125925926
247	0.225317647059
248	0.214168297456
249	0.108140018921
250	0.178892307692
251	0.180453928225
252	0.188073858115
253	0.303097922849
254	0.231401360544
255	0.300423529412
256	0.198256603774
257	0.16954298993
258	0.018732597946
259	0.531112871287
260	0.669885148515
261	0.382508737864
262	0.255700934579
263	0.203858823529
264	0.520110891089
265	0.841005988024
266	0.668642384106
267	0.546653346653
268	0.46639444995
269	0.246776470588
270	0.0798832116788
271	0.00278154784598
272	0.0210461538462
273	0.0536470588235
274	0.0342
275	0.067258999122
276	0.0722035815269
277	0.0736615384615
278	0.0491129394166
279	0.118023529412
280	0.115753846154
281	0.0695409054805
282	0.0563639484979
283	0.0490322580645
284	0.0526660250241
285	0.0525648414986
286	0.000265414184202
287	2.48688111888
288	2.7616152381
289	1.6792007992
290	1.53615184815
291	1.77990882061
292	2.07000999001
293	1.63584257603
294	2.18672527473
295	2.07296729435
296	2.02433234421
297	1.19267393459
298	1.19192079208
299	0.368047477745
300	0.381401980198
301	0.869082352941
302	0.406753246753
303	0.390469772052
304	0.253333333333
305	0.352049122807
306	1.56333926805
307	1.24029335976
308	1.49783016983
309	1.37218217822
310	1.43633267327
311	1.65703896104
312	1.86654509415
313	0.791814814815
314	1.3688619001
315	1.05046580773
316	1.13703896104
317	0.934693069307
318	1.01219009901
