0	0.111673469388
1	0.0408256652574
2	0.0297931034483
3	0.065288590604
4	0.00294117647059
5	0.0843793369314
6	0.103333905579
7	0.0148493894166
8	0.0521142857143
9	0.03175856065
10	0.0897866909754
11	0.0654023904382
12	0.0860884955752
13	0.0965647058824
14	0.101847715736
15	0.0654349775785
16	0.0263393501805
17	0.0146859383754
18	0.629888584475
19	0.0619805825243
20	0.0204943820225
21	0.0618305084746
22	0.0685837063563
23	0.00943192248853
24	0.0456
25	0.0608
26	0.0644396467125
27	0.0597488626024
28	0.035793949305
29	0.0497907188353
30	0.0104847671968
31	0.0245197908887
32	0.00116653046722
33	0.00738461538462
34	0.0413761814745
35	0.0537348608838
36	0.0898522167488
37	0.0589575757576
38	0.103833017078
39	0.0390508474576
40	0.0585240641711
41	0.0829090909091
42	0.0261516360734
43	0.208700952381
44	0.0347428571429
45	0.055600338696
46	0.0506666666667
47	0.0377704918033
48	0.0370983050847
49	0.00388866516641
50	0.117677419355
51	0.0536470588235
52	0.0797538461538
53	0.0842226737099
54	0.0414859742229
55	0.0739459459459
56	0.0897866909754
57	0.0503172413793
58	0.0876298932384
59	0.104129400571
60	0.0546653346653
61	0.0412203389831
62	0.0299016393443
63	0.0241234386481
64	0.00684
65	0.00582127659574
66	0.0171267605634
67	0.0107294117647
68	0.00531520155415
69	0.00276363636364
70	0.0221538461538
71	0.0422140790743
72	0.0347153053132
73	0.0109276085871
74	0.0303718778908
75	0.0421328200192
76	0.123943962642
77	0.0710388170055
78	0.069897810219
79	0.00859363957597
80	0.142193979933
81	0.0526660250241
82	0.0849836065574
83	0.0751058823529
84	0.0820116569525
85	0.092920754717
86	0.08632427695
87	0.10944
88	0.092920754717
89	0.118023529412
90	0.049901369863
91	0.0738034682081
92	0.0595321849501
93	0.0608
94	0.050276946682
95	0.10876426799
96	0.0912
97	0.0810666666667
98	0.0585240641711
99	0.08591952895
100	0.0443376097232
101	0.0557892948173
102	0.0323875851628
103	0.0507136237257
104	0.0733793103448
105	0.106149369544
106	0.106818101154
107	0.141866666667
108	0.0548450433109
109	0.115301141352
110	0.0964701273262
111	0.0798103919781
112	0.0555532994924
113	0.00911240632806
114	0.0655984015984
115	0.0497907188353
116	0.010525
117	0.0245381165919
118	0.0364496253122
119	0.0282790697674
120	0.0391556350626
121	0.0376405846948
122	0.00292698582509
123	0.226237681159
124	0.0539113300493
125	0.0964701273262
126	0.0529548387097
127	0.0076
128	0.055600338696
129	0.0421328200192
130	0.0608563484708
131	0.0447608286252
132	0.0724768211921
133	0.0840552995392
134	0.0896232939035
135	0.0751058823529
136	0.0812170686456
137	0.0744495837188
138	0.00595170763541
139	0.0506666666667
140	0.0644396467125
141	0.0383663453111
142	0.02565
143	0.0247028423773
144	0.00276771225429
145	0.341007936508
146	1.46618181818
147	1.39619047619
148	0.334159585492
149	0.438463366337
150	0.473363809524
151	0.960998019802
152	1.48681980198
153	1.24352136752
154	1.67668148148
155	1.86372389381
156	1.82960683761
157	2.01199201597
158	1.15280836237
159	1.28944158416
160	1.23472222222
161	1.41449017933
162	1.86757242757
163	1.30643217961
164	1.63374117647
165	1.51276039604
166	2.42352475248
167	2.38558415842
168	1.77256752137
169	2.21164356436
170	2.24314570858
171	2.34012313803
172	2.12624446583
173	2.06634965035
174	0.828300990099
175	0.923634936212
176	0.491988011988
177	1.2460990099
178	1.04177428852
179	1.10025974026
180	2.42714085914
181	2.15957142857
182	1.65278733927
183	1.68631454006
184	1.85129038652
185	1.89159960357
186	1.98004395604
187	2.08250545094
188	1.66690405539
189	1.85167888999
190	1.92895936571
191	2.02434318398
192	0.472094117647
193	0.856015841584
194	1.78893106893
195	2.01071159564
196	2.45289197225
197	2.47341782178
198	2.15937848606
199	2.25476760563
200	2.508
201	1.83749606299
202	1.75204733728
203	1.62534653465
204	1.17723076923
205	1.29192585366
206	0.936501492537
207	1.53567556874
208	1.89629540918
209	2.09454761905
210	2.20774092247
211	2.55585132743
212	2.45994005994
213	1.80085629336
214	0.718870588235
215	0.482823529412
216	0.536997055937
217	0.13067996012
218	0.393867674858
219	0.420923076923
220	0.237913043478
221	1.6285229202
222	2.20847952048
223	1.06217641229
224	0.590117647059
225	0.954917647059
226	0.924403960396
227	0.975207920792
228	0.917461077844
229	0.421734104046
230	0.378872403561
231	0.419269155206
232	0.530946534653
233	0.747659405941
234	0.22696663489
235	0.180104549855
236	0.999849056604
237	0.583255813953
238	0.452015885624
239	0.461817468106
240	0.194848664688
241	0.411342574257
242	1.81327058824
243	1.06578456319
244	0.809046953047
245	1.12610589411
246	0.760389105058
247	0.414384466019
248	0.311458292444
249	0.513854145854
250	1.03788027478
251	1.5494970297
252	1.35069177403
253	1.46953046953
254	1.44989205103
255	1.29154851485
256	1.43256470588
257	1.47789812332
258	1.85862137862
259	1.57466005946
260	0.986334322453
261	1.30156590684
262	0.874851485149
263	1.4180652819
264	1.19924075924
265	1.20069087341
266	1.178703667
267	1.66868910891
268	1.49344255744
269	0.997904761905
270	0.76790877193
271	1.14857821782
272	1.10547326733
273	1.14609108911
274	1.05827772228
275	1.2364876115
276	1.33410505451
277	0.462962075848
278	1.28375366569
279	1.35909359606
280	2.07728271728
281	1.79498101898
282	1.04228571429
283	0.472094117647
284	0.799176823177
285	1.26902675917
286	0.317436464088
287	1.46833333333
288	2.6764039604
289	2.22984215784
290	2.06627326733
291	1.76022377622
292	1.79142857143
293	1.04818217822
294	2.47890801187
295	2.31124677899
296	2.47052673267
297	1.92312487512
298	1.55436273538
299	1.75537425743
300	1.56572673267
301	1.94197802198
302	2.08377504394
303	2.36217029703
304	2.00491089109
305	1.97844752475
306	2.81082117882
307	2.95314285714
308	2.47681437126
309	2.31001178782
310	2.24493906094
311	2.37042857143
312	2.73025263158
313	3.00559440559
314	2.54762338949
315	2.84561584158
316	2.89907692308
317	4.13443012884
318	3.32374025974
