0	2.88228118812
1	2.84975024975
2	2.79416451933
3	3.44745654346
4	3.9000753221
5	3.42257742258
6	2.50952929494
7	1.86549450549
8	2.09823587711
9	2.20344380952
10	2.39434165834
11	2.56291708292
12	2.56118929633
13	2.48255841584
14	2.99645954046
15	2.45272222222
16	2.23115284715
17	2.46038761239
18	2.50471442591
19	2.43718999073
20	2.97379420579
21	2.66077623762
22	2.4113966034
23	2.58378592666
24	2.24915643564
25	1.97717482517
26	2.60313181368
27	1.9977245509
28	2.47087312687
29	2.20858671952
30	3.13779020979
31	1.03519524281
32	1.98959764475
33	2.47052673267
34	1.94157042957
35	2.11877106046
36	2.53554059406
37	1.95706719368
38	2.51386930693
39	2.01985628743
40	2.25005555556
41	2.66234895314
42	2.78088888889
43	2.29895221239
44	2.42828645384
45	1.88048751249
46	1.63670679612
47	0.0977419835943
48	3.98584309831
49	2.01605588822
50	2.1544047619
51	2.62098701299
52	2.55974628345
53	2.29394263106
54	3.06648712871
55	2.65657254902
56	2.71169200395
57	2.18643892751
58	2.01022857143
59	2.20576744186
60	1.74765510406
61	1.76302874133
62	2.08044356436
63	1.75807392607
64	1.82665889213
65	2.86060990099
66	2.42827572428
67	2.9953006993
68	2.56188095238
69	2.62328783383
70	3.22753174603
71	2.66731668332
72	2.93233966034
73	2.88216343724
74	3.17484356436
75	2.10853946054
76	2.21420812686
77	2.65673526474
78	1.44872150644
79	1.50615445545
80	1.13789410589
81	1.67034291378
82	2.00566633367
83	2.2711043771
84	2.65673526474
85	2.24361188119
86	2.22949454906
87	3.20603773585
88	1.6995960396
89	1.98488800793
90	1.47155244755
91	1.7896531219
92	1.43513248283
93	1.72502184236
94	1.78819502488
95	1.80981102362
96	1.58508366534
97	1.65705660377
98	2.02261738262
99	1.78498217822
100	1.87642418236
101	0.219173770492
102	5.73123902439
103	1.62501818182
104	1.54988514851
105	1.69524705882
106	1.52396788582
107	2.55974628345
108	2.16054074074
109	2.03858823529
110	1.86691764706
111	1.41169108911
112	1.8528950495
113	1.4180652819
114	1.9367690783
115	2.45316363636
116	2.23171764706
117	1.84603396603
118	2.02778021978
119	2.35905482042
120	2.63387586207
121	2.60900262927
122	2.64105580159
123	2.51563430726
124	2.62793206793
125	2.26097661366
126	2.52495504496
127	2.88619380619
128	2.57253946054
129	2.21035153923
130	2.38563883495
131	2.60260539461
132	2.18218613861
133	2.13724828263
134	1.0893254902
135	1.38833696729
136	1.3557002997
137	1.12231287129
138	2.40527472527
139	2.57059266601
140	2.09383762376
141	2.1036460177
142	2.02626534653
143	1.86710889111
144	2.19754645355
145	2.36703174603
146	2.60484315684
147	2.10924275724
148	2.02504761905
149	2.66537462537
150	2.70046753247
151	0.680541602067
152	5.51753784861
153	3.1156039604
154	3.28676923077
155	2.70273726274
156	2.56937388193
157	3.37832567433
158	3.66718881119
159	3.20816148024
160	2.48002996255
161	3.18152247752
162	2.5279344859
163	3.24446753247
164	3.20505094905
165	3.13891774034
166	3.11482917083
167	3.18110689311
168	1.23615109344
169	1.82038811881
170	2.17392207792
171	2.5088255093
172	1.59622777223
173	1.82219226957
174	2.0652990099
175	3.16598219585
176	2.95135714286
177	3.18575763547
178	2.76293491124
179	2.24297821782
180	1.60661386139
181	1.95041584158
182	1.39114455446
183	1.61451089109
184	1.41628235294
185	1.70024554455
186	1.65232941176
187	1.12427924528
188	2.38340859141
189	2.4780654113
190	2.98373731343
191	2.11826467662
192	1.87765776459
193	1.54841188119
194	1.53387242395
195	2.01794851485
196	1.57531764706
197	1.27588910891
198	1.36176556777
199	1.9079246779
200	1.51699009901
201	0.948776699029
202	0.185631492619
203	1.28836887608
204	1.64834851485
205	2.06960792079
206	2.2349010989
207	2.34760339943
208	2.72459081836
209	2.4345952381
210	1.65867722772
211	2.12047152847
212	2.2232864222
213	2.96783233533
214	2.99223176823
215	2.03690627843
216	2.9081958042
217	1.90998612488
218	1.90715151515
219	2.32874325674
220	1.7934826561
221	2.23034565435
222	1.46553815659
223	1.49160034752
224	1.69036039604
225	1.52638616715
226	1.47231777557
227	1.73398425197
228	1.25371542289
229	1.46989513823
230	2.12378613861
231	1.92919080919
232	1.73171628372
233	1.65083693517
234	1.98488800793
235	1.51238361638
236	1.42086818632
237	1.34117647059
238	1.0945029703
239	1.24636963037
240	1.07751412429
241	1.27860594059
242	1.2573026973
243	0.990230508475
244	1.00331881188
245	1.3379960396
246	1.34920366972
247	1.73835764236
248	1.01250581846
249	1.24387612388
250	1.43235728155
251	1.55737302326
252	1.52830309073
253	1.62822970297
254	2.08044356436
255	1.55828118812
256	1.38087920792
257	0.990516192345
258	0.866851485149
259	0.986043564356
260	0.502075072185
261	0.81998001998
262	1.11184063745
263	1.08869803922
264	1.51136532811
265	1.19148412698
266	0.979786206897
267	1.38696237624
268	0.941164356436
269	0.910352475248
270	0.866851485149
271	0.76640959041
272	0.862929674099
273	1.03864135864
274	0.934493557978
275	0.904134520277
276	1.37612673267
277	0.748571428571
278	0.899081188119
279	0.963418397626
280	0.588357212954
281	0.811869436202
282	0.675992079208
283	0.774905094905
284	0.877260176991
285	1.06189306931
286	1.00333465347
287	1.12715294118
288	0.949010901883
289	1.09092430279
290	1.17906692161
291	1.62534653465
292	1.22071528472
293	2.00658077304
294	1.67741858142
295	1.43727524752
296	0.9997956778
297	0.662298039216
298	0.484061538462
299	0.308132038835
300	0.247788679245
301	0.255005825243
302	0.0927615003539
303	0.329686236766
304	0.166765714286
305	0.203659157689
306	0.461817468106
307	0.167884947267
308	0.103848175182
309	0.00033151330188
310	0.717119724376
311	1.46399207136
312	1.12607731092
313	1.68244555445
314	1.22960518999
315	1.78473526474
316	1.51933465347
317	1.86482352941
318	1.61221386139
