0	1.24733399405
1	0.67276039604
2	1.04179453346
3	0.940243756244
4	1.12672927073
5	1.43314285714
6	1.3977980198
7	1.38500594059
8	1.63618217822
9	1.57436163836
10	1.30907646475
11	1.74929070929
12	1.18751683168
13	1.65785346535
14	1.39884241824
15	1.73835764236
16	1.5123567889
17	1.4180652819
18	0.878556987116
19	0.942843564356
20	1.14682634731
21	0.878556987116
22	0.730315996075
23	0.542131736527
24	0.720282907662
25	1.17758736426
26	1.06611530815
27	0.865194856578
28	1.36664420218
29	1.50091508492
30	1.51849355798
31	0.666917082917
32	0.143873794917
33	0.0635104311544
34	0.127502912621
35	0.400522255193
36	0.531472745292
37	0.643764705882
38	0.986043564356
39	0.67371258672
40	0.051250221491
41	5.33533666334
42	0.887560353288
43	1.71649150849
44	1.35579781962
45	1.08129341317
46	1.54784508441
47	1.35190588235
48	1.33278415842
49	1.10609912536
50	0.434121974831
51	1.29544990177
52	1.21359207921
53	1.26777029703
54	1.5494970297
55	1.27916883117
56	1.07489328063
57	1.3176358209
58	0.929310689311
59	0.77327576055
60	0.81998001998
61	1.02900297324
62	1.39918334985
63	0.855169139466
64	0.715861248761
65	0.721582417582
66	0.792571428571
67	0.01438101963
68	3.49087483871
69	0.986043564356
70	0.823508910891
71	1.09331750742
72	1.14
73	0.954917647059
74	0.674555885262
75	0.840209912536
76	1.2245034965
77	1.74929070929
78	1.2995451895
79	0.997835294118
80	0.719576054956
81	0.541887378641
82	0.774111405836
83	1.35714285714
84	0.739174119886
85	0.536997055937
86	0.161190697674
87	0.261089463221
88	0.713739130435
89	1.63996003996
90	1.51817964072
91	1.25965873016
92	1.824
93	1.64538872404
94	1.22034596696
95	1.16909198813
96	0.810276923077
97	0.676616290481
98	0.476768316832
99	0.515011764706
100	0.793198824682
101	1.25657311089
102	1.13483022571
103	1.73835764236
104	1.67952475248
105	1.3124122894
106	0.0542378947368
107	5.26701960784
108	0.954917647059
109	1.37612673267
110	1.59283960396
111	1.40765423729
112	1.49383976261
113	1.672
114	1.33736637168
115	1.59622777223
116	1.68118929633
117	1.62534653465
118	1.13292850147
119	0.90024975223
120	0.783247058824
121	0.0311113220983
122	5.29268389662
123	1.74929070929
124	1.27086844708
125	1.73714285714
126	1.67786350148
127	1.04331746032
128	0.713276264591
129	0.609814925373
130	0.667185840708
131	1.5196963037
132	0.254700832799
133	6.00996226415
134	1.14575841584
135	1.76022377622
136	1.8655777998
137	1.54505346535
138	1.19310208127
139	1.23509322866
140	0.856015841584
141	0.874645354645
142	0.675374545455
143	0.607397423191
144	1.2901018981
145	1.83122376238
146	1.76796035679
147	1.36111088911
148	1.59051395573
149	1.4540979021
150	1.28114285714
151	1.46503096903
152	1.41637928007
153	1.58529470529
154	0.209212920237
155	5.20110891089
156	0.964372277228
157	0.112970322581
158	0.894321678322
159	0.997867195243
160	0.841846153846
161	0.396988235294
162	0.658126091174
163	0.661629335976
164	0.530946534653
165	0.42875612145
166	0.633656526006
167	0.847623529412
168	1.15941386139
169	1.19170866142
170	1.56186826347
171	1.56342857143
172	1.48595441031
173	1.39943256743
174	1.17382539683
175	1.48448316832
176	1.53430588235
177	1.30635247525
178	1.50211764706
179	1.26523564356
180	1.3113442623
181	1.53866138614
182	1.29370629371
183	1.73542120912
184	1.3076990099
185	1.61623785927
186	1.72411531532
187	1.57116831683
188	0.841030723489
189	1.10423976024
190	0.997132673267
191	1.49531881188
192	1.22286162905
193	1.5196963037
194	1.68118929633
195	0.870225742574
196	1.64701782178
197	1.14115294118
198	1.48448316832
199	1.30156590684
200	1.13711088911
201	1.21479484638
202	0.896511488511
203	0.926922772277
204	1.0087135778
205	1.17991691395
206	1.4069296333
207	1.63996003996
208	1.4164955045
209	1.68452830189
210	1.35576885406
211	1.61809390609
212	1.28927308448
213	1.32614876033
214	1.80955247525
215	1.54735664336
216	1.68118929633
217	1.42544950495
218	1.25377822178
219	1.43172249752
220	1.36103659743
221	1.30156590684
222	1.63996003996
223	1.19244749755
224	1.72286732673
225	1.3056
226	1.32194851485
227	1.34878415842
228	1.53616633663
229	1.50595087719
230	1.79871683168
231	1.59283960396
232	1.07497029703
233	1.80955247525
234	1.41081318681
235	1.84768831169
236	1.31853932584
237	1.76022377622
238	1.31436273538
239	1.51699009901
240	1.34229080119
241	1.57272547076
242	1.24
243	1.61451089109
244	1.83122376238
245	1.52051148851
246	1.59441823588
247	1.19436
248	1.59283960396
249	1.49531881188
250	1.22726336634
251	1.5820039604
252	1.00966792453
253	1.5524955045
254	1.50307951356
255	1.62534653465
256	1.7011960396
257	1.63552156863
258	1.49883845391
259	1.69563363863
260	2.20847952048
261	1.67873141724
262	2.11450652742
263	2.73834165834
264	2.40926147705
265	1.61949458484
266	1.49241958042
267	1.7513797841
268	2.0114625789
269	2.49207361963
270	2.82946906188
271	2.76698473282
272	2.89937684943
273	2.25402352941
274	2.93735311573
275	2.57092366412
276	2.77436638655
277	2.84428309742
278	2.13508118812
279	3.40776071785
280	2.97779928315
281	3.67689110889
282	3.10825174825
283	3.93231568432
284	3.06330883813
285	3.20598811881
286	3.24794405594
287	3.5174351145
288	3.40319304348
289	4.13444955045
290	3.23234851485
291	3.61655445545
292	3.38226573427
293	3.03068253968
294	3.33688275862
295	3.74168231768
296	3.2517962038
297	3.20561867704
298	3.68177864078
299	3.77395404595
300	2.97997230465
301	3.38872327672
302	3.20542601787
303	2.51855344655
304	2.96181565907
305	2.81280792079
306	2.09372673267
307	2.3014025974
308	2.83894549058
309	2.66350291262
310	3.77082117882
311	3.06883921569
312	3.27932867133
313	2.66038888889
314	2.22288111888
315	2.4971988012
316	3.4130989011
317	3.02788972431
318	3.0186122449
