0	2.29536507937
1	2.09914885115
2	1.64068118812
3	1.37198833819
4	0.879811764706
5	1.07616221563
6	1.37749058474
7	2.41001980198
8	1.92501960784
9	2.08821578422
10	2.06531615461
11	2.48634565435
12	2.71231881372
13	3.08312487512
14	2.55340336967
15	2.17162772277
16	2.8034045954
17	2.30555514019
18	2.36685714286
19	1.8899009901
20	2.40981418581
21	3.33912487512
22	2.82650834879
23	2.9056744186
24	3.30507936508
25	3.38762718447
26	3.80927072927
27	2.79202378593
28	2.32966336634
29	3.35005794206
30	3.6236039604
31	3.63169078295
32	3.64525074925
33	3.76551448551
34	4.49816895874
35	2.70500699301
36	3.19380439122
37	2.0368142999
38	2.68953446553
39	1.93707936508
40	1.59084818805
41	3.11330409914
42	3.16129230769
43	3.12076190476
44	3.24435643564
45	3.52498701299
46	2.82982974743
47	3.20285714286
48	2.04902297702
49	2.02715684316
50	2.20181565907
51	2.93167265469
52	1.84460963618
53	1.63996003996
54	1.379171737
55	2.08973913043
56	1.99762904809
57	1.34796007984
58	1.55882121807
59	1.54156243756
60	1.60076723277
61	1.73079365079
62	2.42714085914
63	2.03808991009
64	2.55593650794
65	3.43752247752
66	2.72679484638
67	1.81488911089
68	1.13791747147
69	1.09225831703
70	1.17140931615
71	1.18531068931
72	1.57428571429
73	1.45197623762
74	1.05411388611
75	0.997867195243
76	1.16983816184
77	1.0573372206
78	1.26777029703
79	1.16228343313
80	0.875087857848
81	0.463637438424
82	0.732515484515
83	1.44707234886
84	1.56033267327
85	1.17095849057
86	1.34476723277
87	1.46426164519
88	1.34930669331
89	1.718390579
90	1.56483168317
91	1.82038811881
92	1.54316039604
93	1.93958019802
94	1.73196403596
95	1.65949653122
96	1.25090909091
97	1.3124122894
98	0.865896987366
99	1.07037125749
100	1.55257142857
101	1.7056950495
102	1.63618217822
103	0.911984015984
104	0.846017839445
105	0.6487696793
106	0.929310689311
107	1.43677122877
108	1.80049950446
109	1.25090909091
110	1.32194851485
111	0.930100172712
112	0.491969465649
113	0.563453465347
114	1.2901018981
115	1.75987326733
116	2.06960792079
117	2.32332673267
118	1.95685232904
119	1.15877647059
120	0.929310689311
121	1.20506407767
122	1.34476723277
123	0.979882352941
124	2.7441998002
125	2.37701498501
126	3.81915392254
127	2.21301898102
128	1.57116831683
129	0.58441609421
130	0.350633009709
131	0.283692921236
132	0.923773584906
133	1.30627429609
134	3.05505706268
135	3.18888845781
136	2.96286113886
137	2.14124083251
138	2.62847552448
139	2.00585214008
140	1.69462537463
141	1.43172249752
142	1.2505980198
143	0.979256637168
144	1.04593291024
145	1.06084272997
146	1.45341526264
147	0.85208627451
148	0.890541176471
149	0.681970326409
150	1.07379187314
151	0.968871287129
152	1.2573026973
153	1.30885291558
154	1.27860594059
155	1.81127018943
156	1.9629813176
157	1.82488712871
158	2.21941258741
159	2.02193062438
160	1.81488911089
161	0.76375024777
162	1.31196803197
163	1.82669573835
164	2.52301796407
165	1.56936964981
166	1.5494970297
167	0.867985964912
168	1.80395604396
169	2.02513373253
170	0.306996209249
171	1.82850793651
172	1.81488911089
173	1.71823191278
174	2.39434165834
175	1.9596007984
176	1.67817279047
177	1.93065609514
178	1.90689310689
179	1.79142857143
180	1.51848221344
181	1.63780376611
182	1.52028290766
183	1.73662275449
184	1.59892170466
185	2.09914885115
186	1.79756243756
187	1.94414371257
188	1.77598411122
189	1.64068118812
190	2.00459405941
191	2.07088911089
192	2.43650793651
193	2.65673526474
194	2.60660939061
195	2.68355996036
196	2.69990108803
197	2.94679365079
198	2.80208423115
199	2.66766833167
200	2.38222222222
201	2.46419009901
202	2.31141658342
203	2.78793206793
204	2.69440634291
205	2.60763528246
206	2.81433766234
207	2.66186719524
208	2.46946796117
209	2.83166433566
210	2.51914485514
211	2.67536507937
212	2.74591683168
213	2.94553446553
214	2.64017443013
215	2.95813069307
216	2.67220779221
217	2.5642259663
218	2.20210989011
219	2.2452011893
220	1.10958431373
221	0.46646557377
222	1.99825742574
223	2.60206993007
224	2.55340336967
225	2.03076435644
226	2.0371009901
227	1.16391287129
228	2.10211485149
229	1.85222777223
230	1.91346679881
231	2.41620779221
232	2.45822222222
233	2.59165182987
234	2.39888111888
235	2.88632967033
236	2.39307936508
237	2.25831287129
238	2.43168031968
239	2.60206993007
240	2.36050793651
241	2.42074725275
242	2.24970465808
243	1.71203168317
244	1.69653914767
245	1.82221351616
246	1.51065346535
247	1.60526461843
248	1.31431058358
249	2.13673736373
250	1.73648269041
251	2.02261738262
252	1.76161744301
253	1.888
254	2.12101498501
255	1.98939147671
256	2.06960792079
257	1.91157227723
258	2.17162772277
259	1.98494117647
260	1.87906534653
261	2.09669019608
262	2.25381386139
263	1.72103096903
264	2.06081268583
265	1.77246382557
266	1.78436968577
267	2.13885714286
268	1.99435764236
269	2.29735619048
270	2.50551437066
271	2.12555444555
272	2.77033102081
273	2.38794805195
274	2.74685714286
275	2.47541258741
276	2.49728671329
277	2.70525272547
278	2.61848166501
279	1.59203659652
280	1.62296183206
281	1.93257142857
282	1.77978239367
283	2.04448351648
284	2.15865479723
285	2.33954137587
286	2.46515370019
287	1.81488911089
288	2.46447952048
289	2.59421782178
290	2.30687712288
291	1.92813505462
292	1.96155844156
293	2.42958969277
294	2.46419009901
295	2.49727872128
296	2.56171089109
297	2.8097982018
298	2.33328271728
299	2.06941807349
300	2.13194805195
301	2.520864222
302	2.39917623762
303	2.43168031968
304	2.53618885741
305	2.7114005994
306	2.31140859141
307	2.13039444995
308	2.34224113475
309	2.8097982018
310	2.35350346192
311	2.36724631992
312	2.39888111888
313	2.74413478692
314	2.49727872128
315	1.99435764236
316	2.4449395441
317	2.72233366633
318	2.60763528246
