0	0.205877227723
1	0.243435203095
2	0.258519685039
3	0.265631067961
4	0.2736
5	0.242030769231
6	0.203858823529
7	0.168207492795
8	0.177357483317
9	0.120123076923
10	0.216712871287
11	0.252553846154
12	0.246776470588
13	0.247018645731
14	0.240527472527
15	0.263076923077
16	0.257505882353
17	0.268235294118
18	0.271159563925
19	0.332285994123
20	0.397377821394
21	0.321598401598
22	0.368411881188
23	0.317058941059
24	0.315692307692
25	0.314857142857
26	0.257869934025
27	0.24921980198
28	0.206685552408
29	0.205673590504
30	0.217019830028
31	0.286603297769
32	0.359046711153
33	0.454646884273
34	0.509779980178
35	0.557929411765
36	0.600847058824
37	0.509516973812
38	0.47860058309
39	0.426666666667
40	0.600847058824
41	0.542319127849
42	0.370983050847
43	0.423428571429
44	0.319067055394
45	0.321567091087
46	0.218844323589
47	0.315996150144
48	0.260313181368
49	0.318757281553
50	0.399876923077
51	0.379247524752
52	0.357576237624
53	0.407717647059
54	0.336738461538
55	0.34000776699
56	0.253718811881
57	0.21888
58	0.140863366337
59	0.17337029703
60	0.214378060725
61	0.0947988450433
62	0.119192079208
63	0.204546534653
64	0.0688041994751
65	0.76286763285
66	0.195041584158
67	0.160941176471
68	0.118840366972
69	0.129787387387
70	0.107294117647
71	0.13812815534
72	0.0774796460177
73	0.0650148148148
74	0.000987666205403
75	0.585124752475
76	1.2460990099
77	2.45354645355
78	3.69622355289
79	4.20954091816
80	3.58216197183
81	4.01697502498
82	4.78228971029
83	4.22727236971
84	3.98417582418
85	4.17622178218
86	4.02264895636
87	3.35516500994
88	3.94498301698
89	4.40783513248
90	4.42982755203
91	3.97324275724
92	3.37646353646
93	3.96748969578
94	4.26843556444
95	4.30123476523
96	4.29484115884
97	4.4214985015
98	3.83764378109
99	4.1658762475
100	4.17815873016
101	4.58343818002
102	4.30417443013
103	4.31216783217
104	4.36683316683
105	4.22048702595
106	3.90361829026
107	3.70714570858
108	3.69991608392
109	3.56919165839
110	3.52498701299
111	3.94044355644
112	3.76551448551
113	3.16190063234
114	3.89671128871
115	3.97822222222
116	3.99510889111
117	4.21861625709
118	3.74364835165
119	3.41565634366
120	4.10443607532
121	4.2903016983
122	3.94782879377
123	4.47616383616
124	4.26843556444
125	4.24178814383
126	3.91857742258
127	3.65619180819
128	3.54685314685
129	3.07673126873
130	3.67796015936
131	4.15044114738
132	3.64525074925
133	3.20472654691
134	3.11583300199
135	3.12046353646
136	4.07888911089
137	3.32548251748
138	4.08942115768
139	4.0812749004
140	4.61368463074
141	3.80285314685
142	4.85882117882
143	3.78738061938
144	3.13759045726
145	2.22573465347
146	2.38801998002
147	2.50551437066
148	2.03756521739
149	2.07822222222
150	2.77567556874
151	2.41874331021
152	1.14224158416
153	2.00075124875
154	1.93515956392
155	1.51548961424
156	1.30557442557
157	1.56342857143
158	1.68823176823
159	1.72457482656
160	1.47814653465
161	2.16474725275
162	2.09785530228
163	1.91782617383
164	1.82582217782
165	1.64393650794
166	2.00261127596
167	1.96155844156
168	2.11714285714
169	2.04902297702
170	2.0720553907
171	2.31203748828
172	2.60206993007
173	2.03415897939
174	1.85754455446
175	2.55833766234
176	2.34421578422
177	2.77307936508
178	2.94553446553
179	3.4627124632
180	2.82176633663
181	3.51405394605
182	3.25841823588
183	3.01113286713
184	2.57822351798
185	2.71159563925
186	2.89086913087
187	2.35816848365
188	2.17162772277
189	2.74028679245
190	2.8425974026
191	2.77033102081
192	1.84129470529
193	2.32506693307
194	2.43171400199
195	2.13648751249
196	2.39888111888
197	2.39434165834
198	2.24330486594
199	2.23488511489
200	2.10138666667
201	2.51636075322
202	2.12555444555
203	2.29081980198
204	2.66821010902
205	2.19115284715
206	2.10870168484
207	2.91273526474
208	3.28445954046
209	2.64566153846
210	2.73982491582
211	4.18097102897
212	4.20283716284
213	3.90764435564
214	4.11991208791
215	4.43656915423
216	4.03078763709
217	3.25933732535
218	3.28989264414
219	3.2876990099
220	3.35005794206
221	3.54393650794
222	3.53592007992
223	3.75255199223
224	3.92558882236
225	3.3126580773
226	3.67804995005
227	3.39942120912
228	3.68898301698
229	3.85297902098
230	3.46051241311
231	2.68907616222
232	3.22979420579
233	3.05486513487
234	2.92798411122
235	2.9843009901
236	2.53007792208
237	2.7983666997
238	2.77060539461
239	3.89302697303
240	3.34732467532
241	3.04834815516
242	3.05957049486
243	3.20496172718
244	3.15522456814
245	4.11537262737
246	4.30820258193
247	3.57607984032
248	3.35936507937
249	3.40472327672
250	3.4719049505
251	3.33434291378
252	3.71055686275
253	3.56871928072
254	4.3559000999
255	5.07817075564
256	4.7180039604
257	5.00918929633
258	4.86975424575
259	4.91644444444
260	4.90255344655
261	3.96230969031
262	2.89086913087
263	2.62107936508
264	2.28955044955
265	2.67905649158
266	2.40155401388
267	2.50821178821
268	2.8034045954
269	2.29106316812
270	2.77667393459
271	3.60919485658
272	2.91273526474
273	2.58850793651
274	2.59165182987
275	2.38638431373
276	2.42389724771
277	3.05491487371
278	2.6786013986
279	1.56653320119
280	3.14232967033
281	2.71594005994
282	2.80114285714
283	2.03277700694
284	2.23488511489
285	2.33197224975
286	2.06327128713
287	2.06327128713
288	2.33197224975
289	2.23488511489
290	2.03277700694
291	2.80114285714
292	2.71594005994
293	3.14232967033
294	1.56653320119
295	2.6786013986
296	3.05491487371
297	2.42389724771
298	2.38638431373
299	2.59165182987
300	2.58850793651
301	2.91273526474
302	3.60919485658
303	2.77667393459
304	2.29106316812
305	2.8034045954
306	2.50821178821
307	2.40155401388
308	2.67905649158
309	2.28955044955
310	2.62107936508
311	2.89086913087
312	3.96230969031
313	4.90255344655
314	4.91644444444
315	4.86975424575
316	5.00918929633
317	4.7180039604
318	5.07817075564
