0	2.16928671329
1	2.23885827552
2	2.21047128713
3	1.87409390609
4	2.16928671329
5	1.76971428571
6	0.751058823529
7	1.08806336634
8	2.15661176471
9	0.541682758621
10	2.01456716418
11	1.46372139303
12	1.62534653465
13	1.55703496503
14	2.00836898921
15	2.03076435644
16	2.12101498501
17	1.24099108028
18	1.90235364635
19	1.7399246779
20	1.92240792079
21	2.15381418581
22	1.90262041625
23	2.08044356436
24	1.42396039604
25	1.86742857143
26	1.42441516966
27	1.0944
28	0.693481188119
29	0.849679207921
30	0.9576
31	0.300423529412
32	0.456885436893
33	0.912885375494
34	0.727428571429
35	0.318757281553
36	0.292852329039
37	0.59596039604
38	0.725270029674
39	0.57311372549
40	0.953536633663
41	0.866851485149
42	0.787156462585
43	0.460313199105
44	0.6829056
45	1.0944
46	0.943635282458
47	1.17358654797
48	1.14857821782
49	1.08356435644
50	0.926445986125
51	0.918377622378
52	0.876316651501
53	1.23853610287
54	1.61611100099
55	1.01202742409
56	1.50615445545
57	1.87409390609
58	2.55974628345
59	2.85521756487
60	3.44622222222
61	2.84713686314
62	2.53171060456
63	2.45333069307
64	2.35366501487
65	2.13437924152
66	2.71072601385
67	2.15636146971
68	3.09405794206
69	3.10953046953
70	3.40279365079
71	2.93460939061
72	2.72424554455
73	2.32562933598
74	2.07088911089
75	1.96540922473
76	1.02443495146
77	1.69462537463
78	1.29653814602
79	1.92421978022
80	1.70738553023
81	1.78788118812
82	1.15307722772
83	1.47218991098
84	2.74873926074
85	2.520864222
86	2.56670658683
87	2.09993650794
88	2.00023785927
89	2.02261738262
90	1.46957042957
91	1.23771428571
92	0.834344554455
93	0.118832275612
94	1.90854870775
95	1.96155844156
96	1.41002973241
97	1.49633532934
98	1.49193650794
99	1.56033267327
100	1.38210589411
101	2.24581818182
102	2.23657142857
103	2.02715684316
104	2.32234965035
105	2.6458021978
106	2.93885203575
107	2.06326336634
108	1.96795204795
109	1.65841020608
110	1.85222777223
111	2.3211258672
112	2.34421578422
113	1.95062537463
114	1.98685714286
115	1.78154455446
116	2.19963564356
117	2.3775049505
118	1.97658613861
119	1.87456633663
120	0.427509881423
121	2.82039402985
122	2.65923168317
123	1.88092765114
124	1.53430588235
125	0.779394658754
126	0.687825569871
127	0.404377358491
128	0.998857142857
129	0.994909090909
130	0.568515361744
131	0.994909090909
132	1.01855049505
133	0.721121019108
134	1.47218991098
135	2.09577821782
136	2.55833766234
137	2.02393650794
138	2.21301898102
139	2.66766833167
140	2.39888111888
141	2.03479365079
142	2.01786081983
143	2.45994005994
144	2.62847552448
145	2.44262137862
146	2.23158714703
147	2.11008191808
148	2.16928671329
149	2.2383670265
150	2.55833766234
151	3.27352647353
152	3.42790863952
153	3.27352647353
154	3.45938861139
155	3.72632167832
156	2.92123529412
157	3.19245554446
158	2.81963708873
159	2.70513034826
160	2.51663073852
161	1.68693641618
162	0.200452830189
163	2.10211485149
164	2.79247152847
165	2.84713686314
166	3.17479365079
167	2.75675247525
168	2.71594005994
169	3.64527524752
170	3.4013253493
171	3.42790863952
172	2.66127472527
173	2.70381176471
174	2.38794805195
175	2.60352502453
176	2.55805490196
177	2.78117740337
178	2.6635364486
179	3.24712087912
180	3.14893422307
181	3.77644755245
182	2.95646753247
183	2.72514285714
184	2.43168031968
185	2.3418762475
186	2.53752720079
187	2.70880318091
188	2.42084752475
189	2.44261338661
190	2.33647571853
191	2.36154245754
192	1.99435764236
193	2.07822222222
194	2.42714085914
195	2.07073726274
196	1.5898015873
197	2.16734117647
198	2.16928671329
199	2.21716551041
200	2.40527472527
201	1.93515956392
202	2.06327128713
203	2.01542970297
204	1.49833432245
205	1.52507163886
206	0.654494117647
207	0.893906838454
208	1.2460990099
209	1.20263736264
210	0.643134182174
211	0.358877330716
212	0.60143670265
213	0.369892725937
214	0.13067996012
215	4.64835059761
216	1.58946995074
217	0.990992125984
218	0.791001980198
219	0.348029510396
220	0.661629335976
221	0.245333333333
222	0.113142857143
223	0.628467326733
224	0.013674302374
225	0.590696761531
226	0.588007619048
227	0.851928143713
228	1.064
229	1.31131650485
230	0.951176823177
231	0.954481665015
232	1.26607058824
233	1.15193669634
234	1.1605629336
235	0.899358415842
236	0.643801980198
237	1.06221176471
238	1.13690097087
239	0.968871287129
240	1.06221176471
241	1.24486646884
242	0.975842209073
243	0.980059701493
244	1.11607128713
245	1.09784615385
246	1.34249263984
247	0.783247058824
248	0.600173399015
249	0.846686567164
250	0.81735014549
251	1.04125272547
252	1.27277522478
253	1.01955996036
254	0.901270588235
255	0.632966336634
256	0.693481188119
257	0.701266019417
258	0.67180990099
259	0.682645544554
260	0.611287128713
261	0.772517647059
262	1.04022178218
263	1.00771485149
264	1.10973465347
265	0.942700990099
266	1.06050749251
267	1.08919332679
268	1.30156590684
269	1.2601859545
270	1.15877647059
271	1.13774257426
272	1.05555643564
273	1.13774257426
274	1.29953287537
275	0.968871287129
276	1.0944
277	1.23543656344
278	1.07722772277
279	1.1917042957
280	1.02057142857
281	0.922917082917
282	1.20394846383
283	1.2245034965
284	0.991524281467
285	1.20263736264
286	1.07399411187
287	0.979706930693
288	1.26777029703
289	1.3229010989
290	0.798431372549
291	1.04177428852
292	1.21357042957
293	1.26143366337
294	1.12737026239
295	0.801044510386
296	0.915599603568
297	0.756996047431
298	0.803428571429
299	0.92102970297
300	0.802653346653
301	0.867710604559
302	0.866851485149
303	0.9472
304	0.869082352941
305	1.01855049505
306	1.15941386139
307	1.38210589411
308	1.713728444
309	1.4477042957
310	1.43223176823
311	1.12279365079
312	1.23526336634
313	1.17024950495
314	1.23853610287
315	1.25818037661
316	1.17396078431
317	1.30674626866
318	1.13251343284
