0	2.43168031968
1	2.62672475248
2	2.68046307385
3	2.50413505462
4	2.99566033966
5	2.70257425743
6	2.68046307385
7	2.44979543198
8	1.90707326733
9	0.704255744256
10	0.803917727718
11	0.423428571429
12	0.49843960396
13	0.718166503428
14	0.427512388503
15	0.67180990099
16	0.787032069971
17	0.617631683168
18	0.755125364431
19	0.653990108803
20	0.91288457808
21	1.45264670659
22	2.47153128103
23	2.12555444555
24	2.24367407407
25	2.31882772277
26	2.02193062438
27	2.22580594059
28	2.6786013986
29	2.32562933598
30	2.37701498501
31	2.51760549558
32	2.613002997
33	2.11954806739
34	2.13648751249
35	2.33197224975
36	1.94407920792
37	1.82669573835
38	1.67275924076
39	1.4805034965
40	1.22685714286
41	0.472094117647
42	0.448357541899
43	2.42805958292
44	0.846017839445
45	0.954917647059
46	0.189643781095
47	2.07019507389
48	1.36023976024
49	1.37205133268
50	1.46073102156
51	2.09914885115
52	1.81765079365
53	1.46063199215
54	1.08607751938
55	1.60526461843
56	1.75077106046
57	2.08821578422
58	2.12887843137
59	2.08889904762
60	2.34980516899
61	1.99233958539
62	1.54018632309
63	0.958432908913
64	1.5465515211
65	1.66235247525
66	2.82073126873
67	1.93574901961
68	1.35323258096
69	0.944783216783
70	1.29899109792
71	1.20845193261
72	2.19094798822
73	1.60817425743
74	1.57436163836
75	1.88092765114
76	2.01172782084
77	1.77209028459
78	1.47814653465
79	1.49783016983
80	0.118832275612
81	3.36629821074
82	1.90073663366
83	2.20847952048
84	1.63146085233
85	1.56033267327
86	1.45647524752
87	1.33278415842
88	1.35888316832
89	1.29825882353
90	0.476768316832
91	0.284123076923
92	0.704316831683
93	1.41497702298
94	1.9415024777
95	1.59733861386
96	1.76022377622
97	1.53536507937
98	1.61809390609
99	1.32744055944
100	2.14124083251
101	2.12101498501
102	2.24581818182
103	1.976
104	1.05660257681
105	0.747659405941
106	0.639302970297
107	0.869701818182
108	1.3557002997
109	1.69203567889
110	1.68823176823
111	1.85222777223
112	1.89811694747
113	2.18021978022
114	2.23657142857
115	2.12618001978
116	2.16928671329
117	2.15843012884
118	1.2933493014
119	1.77147169811
120	1.53516883117
121	1.5494970297
122	1.62263336663
123	1.69371428571
124	1.52423576424
125	1.62902697303
126	1.64230723489
127	1.94702639296
128	1.5601749503
129	1.84529345794
130	2.33734131737
131	2.24581818182
132	2.68396460177
133	2.53007792208
134	2.50551437066
135	2.05995604396
136	1.09141765037
137	1.88353709199
138	1.3603012884
139	2.05541658342
140	1.87906534653
141	2.08250545094
142	1.82853493014
143	2.08700891972
144	2.14758374628
145	1.92683433134
146	2.63193650794
147	2.52220771513
148	1.6117002997
149	1.99771428571
150	2.22173253493
151	2.23022222222
152	1.71477844311
153	1.49193650794
154	2.15835364635
155	2.20181565907
156	2.25675124875
157	2.24581818182
158	2.48628571429
159	2.58264711632
160	3.54745580933
161	3.27352647353
162	2.37986124876
163	2.63940859141
164	3.10953046953
165	2.79479365079
166	2.44900699301
167	2.11462137862
168	3.15126202159
169	2.78153846154
170	2.32562933598
171	2.60313181368
172	2.45354645355
173	1.62061446977
174	2.12101498501
175	2.35816848365
176	2.57381018981
177	2.58474325674
178	2.204
179	1.99435764236
180	2.5967888999
181	3.12827145709
182	2.97190882061
183	1.84838850347
184	1.8177254902
185	2.36154245754
186	2.15208721506
187	3.24072727273
188	3.17497702298
189	1.91741807349
190	2.6458021978
191	2.30166336634
192	2.44261338661
193	2.86613972056
194	2.49099540018
195	3.07219180819
196	2.73508118812
197	2.51914485514
198	2.51250793651
199	3.1641958042
200	3.51873141724
201	2.73780619381
202	2.70500699301
203	2.57314285714
204	2.23664158416
205	2.91273526474
206	3.55778621379
207	2.88798403194
208	3.18108151093
209	3.26261738262
210	3.36688206145
211	3.98417582418
212	3.70714570858
213	3.81915392254
214	2.8033966034
215	3.28445954046
216	3.46793650794
217	2.8034045954
218	3.04149058474
219	3.30632567433
220	2.31478295342
221	2.4966970297
222	2.79093488824
223	3.25805394605
224	2.75967232767
225	2.79247152847
226	2.92798411122
227	2.75967232767
228	3.24072727273
229	3.50312087912
230	3.48224826216
231	3.47778043912
232	2.78393650794
233	2.57254653465
234	2.77060539461
235	2.79093488824
236	2.51460539461
237	2.25675124875
238	2.59936507937
239	2.63940859141
240	2.92551382269
241	2.86446353646
242	2.78153846154
243	2.42565079365
244	2.66127472527
245	2.46447952048
246	2.87714285714
247	2.9674005994
248	2.86794846383
249	2.30165544554
250	3.31725874126
251	3.35005794206
252	3.53307936508
253	2.85806993007
254	2.31478295342
255	2.50367232767
256	2.81433766234
257	3.19650793651
258	2.57381018981
259	2.42074725275
260	2.35716731518
261	3.02674328082
262	3.50312087912
263	2.74502342342
264	2.80643168317
265	2.89086913087
266	2.89086913087
267	2.85993650794
268	2.84713686314
269	2.84713686314
270	2.60660939061
271	2.98336580707
272	3.01176470588
273	3.12531225296
274	3.22979420579
275	2.55340336967
276	2.14742057942
277	2.07088911089
278	2.32342857143
279	2.82527072927
280	3.19333994054
281	2.65923168317
282	2.57509613479
283	2.37247552448
284	2.72424554455
285	2.59421782178
286	2.26769230769
287	2.67536507937
288	2.36154245754
289	2.51836831683
290	2.77060539461
291	1.87193650794
292	3.06125874126
293	3.43977075099
294	3.07587265918
295	3.14872327672
296	3.26058666667
297	4.73855744256
298	3.86646520875
299	3.29539260739
300	3.88577822178
301	3.67415591915
302	2.68822969647
303	2.8753966034
304	3.46729056604
305	4.34496703297
306	3.79452295409
307	3.42658941059
308	3.95349502982
309	3.80841481481
310	4.13287920792
311	4.74949050949
312	3.98355767398
313	4.2247032967
314	4.65760158573
315	2.9791336669
316	4.44336463536
317	5.01188411588
318	4.33241980198
