0	1.11738025415
1	1.53085714286
2	1.23866138614
3	1.1917042957
4	0.818121807466
5	0.899358415842
6	0.8677002997
7	0.86802747792
8	0.743045586809
9	0.56585014985
10	0.825142857143
11	0.536603921569
12	0.924542914172
13	0.98660665362
14	1.12453174603
15	0.96624975025
16	1.18733926805
17	1.10324876442
18	1.20903792415
19	1.38166105055
20	0.543658252427
21	1.16477669903
22	1.14677390527
23	1.12619800182
24	0.877687128713
25	1.03065734266
26	1.13667460317
27	1.06868774704
28	0.964360753221
29	1.05915247525
30	1.1910745098
31	1.1643956044
32	1.21738751239
33	1.26556643357
34	1.56879344859
35	1.98292277228
36	1.10703696304
37	1.48584554455
38	1.39956923077
39	1.06167793241
40	1.7609792695
41	1.40527472527
42	1.83303865213
43	1.32457142857
44	0.908054368932
45	0.73609495549
46	0.780939544103
47	0.720143569292
48	0.812673267327
49	0.59596039604
50	0.643764705882
51	0.551541048467
52	0.74178388998
53	0.836894117647
54	0.70598019802
55	0.837924752475
56	0.998585414585
57	1.10364143426
58	1.26823576424
59	0.801388235294
60	1.30034765235
61	1.22991952895
62	1.40987908821
63	1.23751287129
64	1.45375841584
65	1.07414985015
66	1.26036506379
67	1.69203567889
68	1.40863366337
69	1.34493465347
70	1.83122376238
71	1.06322376238
72	1.69036039604
73	1.1455245283
74	1.46503096903
75	1.00345346535
76	1.3124122894
77	1.00295704296
78	0.629090188305
79	0.834344554455
80	1.10362437562
81	1.24864823642
82	1.09548463826
83	1.03056143856
84	1.60526461843
85	1.45600799201
86	1.11223785927
87	1.30804780876
88	0.828435564436
89	1.69708151093
90	1.0164227318
91	1.46281188119
92	1.27878019802
93	1.39693161546
94	0.711891262136
95	0.504282352941
96	0.760847524752
97	1.41988023952
98	0.948408325074
99	1.08237362637
100	0.94265631068
101	0.904672601385
102	0.754753709199
103	1.00771485149
104	0.789481188119
105	0.626053518335
106	0.519312687313
107	0.653681931724
108	0.97771028971
109	0.760434050514
110	1.47571628372
111	1.04335135135
112	0.654415920398
113	0.696501469148
114	0.705714285714
115	0.504603330069
116	0.119700456621
117	1.1625974026
118	1.46356886228
119	1.08313974232
120	1.30504554455
121	1.12042529789
122	1.21856095144
123	1.21042376238
124	1.43120879121
125	1.00961904762
126	0.823508910891
127	0.642935707221
128	0.813478691774
129	1.11891308691
130	1.29034697856
131	1.19478884462
132	1.32325867195
133	1.16098007968
134	1.14361072493
135	1.37612673267
136	1.179004995
137	1.53093621197
138	0.976376470588
139	0.329382524272
140	1.23787866928
141	0.889117010816
142	1.07166765579
143	0.894882061447
144	1.54156243756
145	1.34176412289
146	1.57398019802
147	1.53154607177
148	2.11008191808
149	1.46693861386
150	1.35110406343
151	1.01677522478
152	0.7915771526
153	0.488761165049
154	0.699017964072
155	0.608
156	0.556580392157
157	0.87203187251
158	0.841846153846
159	0.723968932039
160	1.07476523477
161	1.52766433566
162	1.28394041708
163	1.20160655738
164	1.43333846154
165	1.2602037962
166	1.50987242395
167	1.45810196078
168	1.30674059406
169	1.24006336634
170	1.60367524752
171	1.14495049505
172	0.855261971831
173	0.823508910891
174	1.0622977023
175	1.39918334985
176	1.11448712871
177	1.22806793207
178	1.27336950421
179	1.59506666667
180	1.56737425743
181	1.30607524752
182	0.910194059406
183	0.715825742574
184	1.97888511489
185	1.60182217782
186	1.83995238095
187	1.4927636004
188	1.2573026973
189	1.04491575818
190	1.5756003996
191	1.66541922696
192	1.98618587361
193	2.24127872128
194	1.4545728444
195	1.22564122894
196	1.00965818182
197	0.987105882353
198	0.67180990099
199	0.231255282696
200	0.804102970297
201	1.34476723277
202	0.609579365079
203	0.812673267327
204	0.58051335056
205	0.794755642787
206	1.16746138614
207	1.01562017804
208	0.997835294118
209	0.686445986125
210	1.41036563437
211	1.53161188119
212	1.82568712871
213	1.43980392157
214	1.60367524752
215	0.935992079208
216	1.22442772277
217	1.24353968254
218	1.20545854146
219	1.1605629336
220	1.10596435644
221	1.04875924076
222	1.54645354645
223	1.07304285714
224	1.04957442557
225	0.849609065156
226	0.945646601942
227	0.617631683168
228	0.157364705882
229	0.28297254902
230	0.233755339806
231	0.140565137615
232	0.154867924528
233	0.163648598131
234	0.0182246941046
235	0.822895729891
236	0.189415384615
237	0.212084615385
238	0.354070588235
239	0.261136134454
240	0.238384158416
241	0.299411320755
242	0.342601398601
243	0.386637880275
244	0.3182512364
245	0.289458823529
246	0.386714620797
247	0.423008919722
248	0.295818001978
249	0.375580552908
250	0.522173826174
251	0.826447524752
252	1.04317131474
253	0.78744014733
254	1.18403196803
255	0.918560915781
256	0.84511255814
257	0.833258119658
258	1.30780990099
259	1.13219009901
260	0.959781818182
261	1.15228251507
262	1.16733829611
263	1.17733097345
264	1.33383416583
265	1.02331697743
266	1.26491790307
267	1.37978196234
268	1.25320784314
269	1.49997230465
270	1.71653861386
271	1.86790280374
272	2.19754645355
273	1.54126732673
274	1.67043805748
275	2.04544158416
276	1.79356643357
277	1.75226719057
278	1.85862137862
279	1.39883921569
280	1.34778613861
281	1.1534271556
282	1.46136498516
283	1.06568712871
284	1.13551452991
285	1.60367524752
286	1.1726745098
287	1.25693465347
288	0.779631372549
289	1.27522077922
290	1.27731778426
291	1.14045217391
292	1.31196803197
293	1.18331813677
294	1.45777081293
295	1.3064047619
296	1.08828275862
297	1.34361980198
298	1.00771485149
299	0.671976261128
300	0.336237859267
301	0.185341935484
302	0.823508910891
303	0.493552941176
304	0.372308910891
305	0.650138613861
306	0.758495049505
307	0.51582745098
308	0.668741028128
309	0.585458870168
310	0.504282352941
311	0.465932673267
312	0.525741176471
313	0.436049951969
314	0.536997055937
315	0.441717647059
316	0.546653346653
317	0.477714285714
318	0.235058823529
