0	3.20517431193
1	3.27336380952
2	2.37065875371
3	2.17516039604
4	3.59015262636
5	1.9404995005
6	0.376953133823
7	6.25493123772
8	2.7114005994
9	3.06615445545
10	3.44533866134
11	3.03774603175
12	2.25520683761
13	3.51445354645
14	3.51923960396
15	3.60045508982
16	3.18033463035
17	3.26299300699
18	4.59188811189
19	2.9688182721
20	2.940995005
21	2.8782017982
22	4.65309811695
23	3.96032767233
24	1.30842718447
25	6.40053546454
26	2.41077259186
27	2.54382417582
28	2.58957057314
29	3.48764835165
30	1.95223448276
31	3.42711287129
32	2.82319304348
33	2.9081958042
34	1.95929435084
35	1.72851485149
36	1.27987314172
37	1.11408110781
38	1.25105367793
39	1.06990891089
40	0.899358415842
41	0.545278721279
42	0.871269902913
43	1.03407874016
44	0.571945098039
45	0.617631683168
46	0.325069306931
47	0.877687128713
48	1.1575021097
49	1.32852537313
50	0.90701369863
51	1.10852830189
52	0.60838019802
53	1.51004163197
54	2.15629306931
55	1.81297102897
56	2.23775396825
57	1.79209495549
58	1.65196432111
59	1.73193206793
60	2.62393606394
61	2.51774625375
62	2.53094905095
63	3.31165873016
64	3.15338261738
65	2.43246031746
66	1.72922627737
67	2.86446353646
68	2.49834825871
69	3.42745688801
70	2.63101782178
71	3.08815841584
72	0.144
73	6.65848959366
74	2.60756043956
75	2.60451932607
76	1.53282200153
77	2.4921980198
78	2.03590809191
79	1.66749143372
80	2.31781018981
81	1.43418037661
82	1.71649150849
83	1.41205946482
84	2.06960792079
85	1.86607524752
86	2.32874325674
87	2.07981618382
88	1.93576214073
89	1.94973451327
90	2.47052673267
91	1.63011298315
92	1.81178821179
93	2.07165906838
94	1.58991408591
95	2.03911992071
96	0.757419607843
97	0.801837623762
98	0.996879207921
99	0.927952987267
100	1.12658823529
101	0.719576054956
102	0.832846601942
103	0.976174430129
104	0.574289108911
105	0.791001980198
106	0.515134182174
107	0.49843960396
108	0.418037218413
109	0.415782646801
110	0.747659405941
111	0.575263366337
112	0.446260194175
113	0.34266927593
114	0.297218234724
115	0.212286979628
116	0.252553846154
117	0.255005825243
118	0.239725714286
119	0.150105982906
120	0.147323076923
121	0.000119127443724
122	1.42637362637
123	2.00658077304
124	1.3131184466
125	1.5363036963
126	1.17282502444
127	1.18710436433
128	1.41872205737
129	1.27988878591
130	1.52692869565
131	1.78642157842
132	1.81931417245
133	2.09222551929
134	2.14718415842
135	2.62257742258
136	2.68742120912
137	3.97565634366
138	2.0504278607
139	1.5812990099
140	1.64902970297
141	1.5820039604
142	1.48632167832
143	1.31809751244
144	1.39062857143
145	1.73835764236
146	1.42824975223
147	1.55399804114
148	1.84487978629
149	1.88727056492
150	1.54191408591
151	1.67157227723
152	2.68594605395
153	2.93804985045
154	2.28425384615
155	2.46434365634
156	2.05094952951
157	2.19737512243
158	2.20469130869
159	2.5398041958
160	2.94437562438
161	2.09812326044
162	3.01560839161
163	2.87252694611
164	2.57357842158
165	2.92185414585
166	2.3623016983
167	2.5842939424
168	2.6144
169	2.68632967033
170	3.38578221778
171	3.52393650794
172	3.82542574257
173	3.69106772908
174	3.08366290182
175	2.82419439252
176	2.8097982018
177	2.15195242815
178	1.96792007992
179	1.87691743119
180	2.57888316832
181	2.11328981207
182	2.4435964036
183	2.7317480315
184	1.20394846383
185	1.1438828596
186	2.19754645355
187	1.97085552408
188	2.62291161867
189	2.04131868132
190	2.052
191	1.5836963037
192	1.8854019802
193	1.56901397206
194	2.21941258741
195	2.40131485149
196	1.49043756244
197	2.64914285714
198	2.14915484515
199	1.99034565435
200	2.2961980198
201	2.77392475248
202	1.68800792864
203	2.19367920792
204	2.00898217822
205	1.96125148515
206	1.44847058824
207	1.31565148515
208	2.34113086913
209	2.96406793207
210	3.12455104063
211	2.45725090909
212	2.27548514851
213	1.52346719682
214	1.60951048951
215	1.63780376611
216	1.35445544554
217	0.775623529412
218	1.06505660377
219	1.11496735905
220	1.01955996036
221	0.927073267327
222	0.964372277228
223	1.09657142857
224	0.905425742574
225	1.34361980198
226	1.12498217822
227	1.00069772052
228	1.23059898477
229	1.04957442557
230	1.28944158416
231	0.995865346535
232	1.08356435644
233	1.07037125749
234	0.924285148515
235	1.12690693069
236	0.785476923077
237	0.866851485149
238	0.910454901961
239	0.907444555445
240	0.860335154827
241	1.23526336634
242	1.06000792079
243	1.48448316832
244	1.37424950495
245	1.46281188119
246	1.04779405941
247	1.7536379822
248	2.47059300184
249	2.03260917431
250	2.08695304695
251	2.14283448959
252	1.70845154845
253	1.43403766105
254	1.99106047327
255	2.42718415842
256	1.64785083415
257	1.65649612403
258	2.01542970297
259	1.41628235294
260	1.56247752248
261	1.33383416583
262	2.14971428571
263	1.26947636364
264	1.81858753709
265	2.18012289395
266	1.45197623762
267	1.24807920792
268	1.37295238095
269	2.27548514851
270	1.63042557443
271	2.21444155844
272	2.48628571429
273	1.87833766234
274	1.83384494603
275	2.09127920792
276	1.57211251212
277	2.33931668332
278	2.38857142857
279	1.82541458541
280	1.37749058474
281	1.1088950495
282	1.41628235294
283	1.2923960396
284	1.60941176471
285	1.34327128713
286	1.8943620178
287	1.21465882353
288	1.75537425743
289	1.55828720627
290	1.97888511489
291	2.06480719281
292	2.98571428571
293	2.01011904762
294	1.85389010989
295	3.07732277228
296	1.90981169475
297	1.94006793207
298	2.48232714412
299	2.7784410441
300	3.37831768232
301	2.99076123876
302	2.57153968254
303	2.4663054755
304	2.32641916168
305	1.98279365079
306	1.85821176471
307	2.26464950495
308	2.0646745098
309	2.37763836164
310	2.35076313181
311	2.97379420579
312	0.742363773585
313	5.81398601399
314	2.67463002944
315	3.35755444555
316	3.70228571429
317	2.51615841584
318	3.31416551724
