0	1.28944158416
1	1.29071952428
2	1.18558415842
3	1.5196963037
4	1.59892170466
5	1.45054005935
6	1.25183746283
7	1.23543656344
8	1.17140931615
9	1.19541960784
10	1.97888511489
11	1.28437661051
12	1.37612673267
13	1.23693980583
14	1.27860594059
15	1.40863366337
16	1.30555044955
17	1.37749058474
18	1.20727920792
19	2.28501098901
20	1.72103096903
21	2.14971428571
22	1.28370829171
23	1.56187908821
24	1.15307722772
25	1.65232941176
26	1.47812277228
27	1.78208991009
28	2.00026164519
29	1.72742457542
30	1.11082656095
31	1.54503529412
32	1.47814653465
33	1.48065882353
34	1.2573026973
35	0.659595682041
36	1.18839091807
37	1.0545840708
38	0.654637623762
39	0.639302970297
40	0.791001980198
41	0.666917082917
42	0.660046692607
43	0.718939663699
44	0.830913086913
45	0.824325074331
46	1.18108514851
47	1.23976237624
48	1.47510802775
49	1.81942857143
50	2.08494257426
51	1.91790891089
52	1.24300093545
53	0.869082352941
54	0.541782178218
55	0.45644228904
56	0.541782178218
57	1.14289303238
58	1.37756643357
59	1.46503096903
60	1.75383016983
61	1.5542504817
62	1.84205940594
63	1.37506796117
64	1.47510802775
65	1.0944
66	1.34930669331
67	1.56033267327
68	1.08914172448
69	1.353115727
70	1.17140931615
71	0.893021782178
72	1.24636963037
73	1.09548463826
74	0.734054901961
75	0.685338551859
76	1.08579960707
77	0.622305882353
78	0.62268852459
79	0.279025495751
80	0.171297391304
81	0.0383663453111
82	0.425422740525
83	0.0911309613929
84	0.579956820412
85	0.525741176471
86	0.654494117647
87	0.286881553398
88	0.0829693693694
89	0.0435272727273
90	0.758495049505
91	1.2901018981
92	1.12610589411
93	1.30736507937
94	1.37612673267
95	0.784665346535
96	1.34361980198
97	1.48852869565
98	1.67786350148
99	1.06050749251
100	0.829650793651
101	1.94608591409
102	2.01622377622
103	2.00857142857
104	2.00909306931
105	2.40740918164
106	2.33879365079
107	2.33967632368
108	2.14124083251
109	2.48634565435
110	2.44955996549
111	2.95192807193
112	1.41453320119
113	2.26768431568
114	2.57762874251
115	2.51250793651
116	2.71609910803
117	3.08182178218
118	3.0001998002
119	2.96868302257
120	3.0657982018
121	3.41026759167
122	3.20101386139
123	3.42658941059
124	2.61848166501
125	2.89437125749
126	3.00108730159
127	2.72687312687
128	2.45354645355
129	1.86292750745
130	2.51138278932
131	2.23488511489
132	1.97854509415
133	1.44256888008
134	1.38696237624
135	1.52423576424
136	2.28726546906
137	2.80890944123
138	3.22327843137
139	3.91616633663
140	2.86613972056
141	2.89885714286
142	2.55087524752
143	2.8034045954
144	2.9257232581
145	2.77842376238
146	1.98939147671
147	1.77704554455
148	1.43881941748
149	1.01677522478
150	0.909293768546
151	0.688031434185
152	0.838843564356
153	1.92421978022
154	1.76161744301
155	1.18108514851
156	1.40252065322
157	2.19754645355
158	1.54629365079
159	1.16877669903
160	0.682645544554
161	0.81743853211
162	1.44114059406
163	1.72286732673
164	1.51179241517
165	1.73714285714
166	1.89596003996
167	1.69653914767
168	2.30799207921
169	1.19641980198
170	1.37612673267
171	1.25771636364
172	1.77704554455
173	1.31065868263
174	1.23014469772
175	1.58357185332
176	1.57566732673
177	2.62672475248
178	2.51348965517
179	2.66406504065
180	3.24064606181
181	2.41719165839
182	2.46447952048
183	2.20631912785
184	2.41634851485
185	1.98342457542
186	2.10870168484
187	2.37247552448
188	2.08700891972
189	2.57254653465
190	1.86768862275
191	2.38222222222
192	2.33328271728
193	2.61753446553
194	1.74157956778
195	1.22904295704
196	2.04114285714
197	1.47438431373
198	0.953536633663
199	1.01754302671
200	0.796289395441
201	1.44316483516
202	2.02715684316
203	2.65736372646
204	2.36608191808
205	1.93969230769
206	2.52103816794
207	2.18661338661
208	2.59567632368
209	2.24107936508
210	2.65173333333
211	1.69951335312
212	1.2363064833
213	0.433206660137
214	1.40895808383
215	1.71759920239
216	2.11467729084
217	2.28955044955
218	2.39070763132
219	2.13194805195
220	2.10368831169
221	1.96155925563
222	3.07366067864
223	1.89930348259
224	2.07974451098
225	2.06285714286
226	2.5250329013
227	3.23749301397
228	1.48550049751
229	4.31216783217
230	4.43893013972
231	3.84146613546
232	3.41149592022
233	3.09132075472
234	3.15076923077
235	3.12685714286
236	2.42074725275
237	1.99136507937
238	2.70500699301
239	2.90845148515
240	3.02984175405
241	3.56500598802
242	2.99037301587
243	3.03913352007
244	4.01697502498
245	4.19303631011
246	4.4542977023
247	3.94802791625
248	2.90612878788
249	5.08841558442
250	4.27850973123
251	4.65109290709
252	4.58269322709
253	3.71323791103
254	3.71084915085
255	2.83540931615
256	4.04977422577
257	5.28521078921
258	1.79771996028
259	1.55575181305
260	2.00658077304
261	1.47961149653
262	1.79302297702
263	1.49979405941
264	2.50367232767
265	3.09574628345
266	2.05243564356
267	2.11954806739
268	2.25221178821
269	1.7428971029
270	2.15382058546
271	2.41620779221
272	2.42564285714
273	4.77751696607
274	4.32332135729
275	4.60621868787
276	3.89671128871
277	3.44845554446
278	3.38107936508
279	3.66072327672
280	4.47616383616
281	3.89835480674
282	3.9092011893
283	3.15326273726
284	3.00107936508
285	3.78239366963
286	3.45938861139
287	3.21886113886
288	3.28336507937
289	3.37888316832
290	3.60193267327
291	2.89761584158
292	2.93006193806
293	2.54507936508
294	2.44261338661
295	1.72847451344
296	2.05541658342
297	1.97658613861
298	2.71340990099
299	2.08250545094
300	1.97052295409
301	2.19756385069
302	2.56927072927
303	1.77246382557
304	2.17162772277
305	2.69777245509
306	2.34965079365
307	1.8084955045
308	2.72233366633
309	2.46419009901
310	2.9346013986
311	2.59936507937
312	2.75967232767
313	2.66186719524
314	2.47087312687
315	2.12555444555
316	1.93900297915
317	1.8528950495
318	1.85037924152
