0	2.26689395441
1	2.0579001996
2	2.61754245754
3	2.54157956778
4	2.78925940594
5	2.89726273726
6	2.51001783944
7	2.73780619381
8	2.65365079365
9	2.14938915319
10	2.66766833167
11	2.59567632368
12	2.48239920556
13	2.37701498501
14	2.37247552448
15	1.67650793651
16	1.56342857143
17	1.12168087215
18	0.308004790419
19	0.863712287712
20	1.32325867195
21	0.968871287129
22	0.118877410774
23	0.0366633165829
24	0.03648
25	0.0364496253122
26	0.0365104253545
27	0.03648
28	0.0359114027892
29	0.0353032258065
30	0.03648
31	0.0347428571429
32	0.0358819672131
33	0.03648
34	0.03648
35	0.0321882352941
36	0.0269114754098
37	0.0358525798526
38	0.0365104253545
39	0.0347428571429
40	0.03648
41	0.0342
42	0.0326686567164
43	0.02565
44	0.02565
45	0.02565
46	0.0248727272727
47	0.02565
48	0.0248163265306
49	0.0257102584182
50	0.02565
51	0.0252553846154
52	0.0260778395552
53	0.0256299765808
54	0.0228
55	0.0245197908887
56	0.0260364789849
57	0.0256700547303
58	0.02565
59	0.02565
60	0.02565
61	0.0248727272727
62	0.0264774193548
63	0.02565
64	0.0248538985617
65	0.0248727272727
66	0.0213194805195
67	0.0252748267898
68	0.0264774193548
69	0.02565
70	0.02565
71	0.0148494382022
72	0.0370983050847
73	0.0311794871795
74	0.0431715976331
75	0.03648
76	0.0336738461538
77	0.0370983050847
78	0.0331636363636
79	0.0353032258065
80	0.0358819672131
81	0.0288
82	0.0377379310345
83	0.03648
84	0.0358819672131
85	0.03648
86	0.03648
87	0.0471724137931
88	0.0596945454545
89	0.556474576271
90	1.90910029791
91	0.791309803922
92	1.76022377622
93	1.24099108028
94	1.20275643564
95	1.3229010989
96	0.948138751239
97	1.20275643564
98	0.354492074431
99	0.165348441926
100	0.0736615384615
101	0.150211764706
102	0.59255721393
103	1.7113625498
104	1.38210589411
105	1.58357185332
106	1.38696237624
107	1.18675916749
108	1.20394846383
109	1.13140594059
110	1.44316483516
111	1.29953287537
112	1.05411388611
113	1.43172249752
114	1.36979009901
115	1.60716083916
116	1.44989205103
117	1.4207372549
118	1.63618217822
119	1.40397202797
120	1.37749058474
121	1.05555643564
122	1.63996003996
123	1.60050793651
124	1.74929070929
125	1.22892673267
126	1.61451089109
127	1.41802477876
128	2.00075124875
129	1.63356643357
130	2.204
131	2.08182217782
132	1.90450793651
133	2.06756083086
134	1.45647524752
135	0.187753617197
136	0.00201769911504
137	1.46783431953
138	1.25557057654
139	2.06634965035
140	1.5989296333
141	0.679700197239
142	2.67271641791
143	2.12343313373
144	2.21485714286
145	1.81942857143
146	2.27699906455
147	2.47018645731
148	1.96155844156
149	2.29309018831
150	2.44900699301
151	1.94838861629
152	1.96155844156
153	1.84768831169
154	1.49193650794
155	1.30898823529
156	1.00939805825
157	0.882186138614
158	1.11607128713
159	0.856864222002
160	0.863712287712
161	0.589040553907
162	0.924542239686
163	0.997867195243
164	0.655984015984
165	0.477016683023
166	0.636896217265
167	0.629714285714
168	0.439475024486
169	0.520110891089
170	0.12042414138
171	0.106723404255
172	0.261609561753
173	0.243365079365
174	0.378498023715
175	0.332285994123
176	0.430442477876
177	0.321882352941
178	0.273053892216
179	0.192563049853
180	0.196598802395
181	0.259285291214
182	0.208457142857
183	0.270891089109
184	0.219028571429
185	0.143192523364
186	0.0929274983671
187	0.611576470588
188	0.442394610202
189	0.509275247525
190	0.411347181009
191	0.200130895091
192	0.311152941176
193	0.361258252427
194	0.183214545455
195	0.701266019417
196	0.611576470588
197	0.139118644068
198	0.314233663366
199	0.156342857143
200	0.13067996012
201	2.4862992126
202	1.70385628743
203	1.32495238095
204	1.68451764706
205	1.2831049505
206	1.56191067961
207	1.75383016983
208	1.26855795678
209	0.67180990099
210	0.405417821782
211	0.404523476523
212	0.571543520309
213	0.402913432836
214	0.478664015905
215	0.433949709865
216	0.42259009901
217	0.328474074074
218	0.5472
219	0.412162537166
220	0.465471810089
221	0.852779220779
222	0.874447146866
223	1.25569139466
224	0.965328047572
225	1.0148990099
226	0.799944499504
227	1.24486646884
228	1.04022178218
229	0.616635917566
230	0.35744092219
231	0.220984615385
232	0.332938174681
233	0.225317647059
234	0.409726108374
235	0.947391044776
236	1.11971228771
237	2.19754645355
238	2.14381139489
239	2.35514885115
240	2.12589098117
241	1.47961149653
242	1.31111287129
243	1.23997602398
244	1.73714285714
245	1.75987326733
246	1.48595441031
247	0.801837623762
248	0.578788118812
249	0.370444874275
250	0.826783300199
251	1.52423576424
252	2.37300594059
253	1.94647843137
254	2.47502574257
255	2.78752031715
256	1.7756963037
257	1.59397055937
258	1.74929070929
259	1.78331020813
260	1.87642418236
261	1.07756116505
262	0.7296
263	0.488287099903
264	0.0242098263761
265	2.30362130178
266	0.761788235294
267	0.707117296223
268	0.729775945017
269	0.806882061447
270	1.0087135778
271	2.24970465808
272	2.53988507878
273	2.68458160237
274	2.33328271728
275	2.02393650794
276	2.24127872128
277	2.04902297702
278	1.70092063492
279	1.77937262737
280	2.21301898102
281	1.368
282	1.47814653465
283	2.83166433566
284	1.65841020608
285	1.52782574257
286	1.56483168317
287	1.38138551859
288	0.632529182879
289	0.815435294118
290	0.90024975223
291	1.28511512845
292	0.967836734694
293	0.382657342657
294	0.848455348381
295	1.5789010989
296	2.13462178218
297	1.79238019802
298	1.89623762376
299	1.61900990099
300	1.73189019608
301	1.7896531219
302	1.76895746785
303	2.02626534653
304	1.85222777223
305	2.13673736373
306	1.96155844156
307	1.9676987116
308	1.62173110893
309	1.17474851485
310	1.74754491018
311	1.52057756098
312	1.65851246261
313	0.890541176471
314	0.565580558056
315	1.01855049505
316	0.988074582924
317	0.858352941176
318	1.03388514851
