0	0.0182246941046
1	0.822895729891
2	0.189415384615
3	0.212084615385
4	0.354070588235
5	0.261136134454
6	0.238384158416
7	0.299411320755
8	0.342601398601
9	0.386637880275
10	0.3182512364
11	0.289458823529
12	0.386714620797
13	0.423008919722
14	0.295818001978
15	0.375580552908
16	0.522173826174
17	0.826447524752
18	1.04317131474
19	0.78744014733
20	1.18403196803
21	0.918560915781
22	0.84511255814
23	0.833258119658
24	1.30780990099
25	1.13219009901
26	0.959781818182
27	1.15228251507
28	1.16733829611
29	1.17733097345
30	1.33383416583
31	1.02331697743
32	1.26491790307
33	1.37978196234
34	1.25320784314
35	1.49997230465
36	1.71653861386
37	1.86790280374
38	2.19754645355
39	1.54126732673
40	1.67043805748
41	2.04544158416
42	1.79356643357
43	1.75226719057
44	1.85862137862
45	1.39883921569
46	1.34778613861
47	1.1534271556
48	1.46136498516
49	1.06568712871
50	1.13551452991
51	1.60367524752
52	1.1726745098
53	1.25693465347
54	0.779631372549
55	1.27522077922
56	1.27731778426
57	1.14045217391
58	1.31196803197
59	1.18331813677
60	1.45777081293
61	1.3064047619
62	1.08828275862
63	1.34361980198
64	1.00771485149
65	0.671976261128
66	0.336237859267
67	0.185341935484
68	0.823508910891
69	0.493552941176
70	0.372308910891
71	0.650138613861
72	0.758495049505
73	0.51582745098
74	0.668741028128
75	0.585458870168
76	0.504282352941
77	0.465932673267
78	0.525741176471
79	0.436049951969
80	0.536997055937
81	0.441717647059
82	0.546653346653
83	0.477714285714
84	0.235058823529
85	0.386258823529
86	0.393133980583
87	0.265140625
88	0.386258823529
89	0.415456543457
90	0.382182524272
91	0.412859813084
92	0.415642975207
93	0.463015384615
94	0.300501960784
95	0.491382178218
96	0.53148411215
97	0.643596039604
98	0.586954455446
99	0.483270588235
100	0.300068421053
101	0.455097029703
102	0.41862745098
103	0.336519298246
104	0.225358139535
105	0.407717647059
106	0.343764936337
107	0.38150343474
108	0.433425742574
109	0.342246153846
110	0.374346191889
111	0.403869177403
112	0.448144927536
113	0.506760784314
114	0.488291588785
115	0.484921428571
116	0.514801186944
117	0.578168831169
118	0.591379104478
119	0.677021956088
120	0.71940652819
121	0.753623880597
122	0.522322362869
123	0.781401980198
124	1.01032871287
125	0.909734653465
126	0.767683168317
127	0.699439785905
128	0.682645544554
129	0.667746534653
130	0.582635294118
131	0.488355555556
132	0.675952941176
133	0.578611764706
134	0.472094117647
135	0.231207920792
136	0.693481188119
137	0.48631372549
138	0.570504347826
139	0.927193149382
140	1.32864735265
141	1.49133333333
142	1.32844755245
143	1.14883333333
144	1.27534718101
145	1.40869772052
146	1.17868828829
147	1.46503096903
148	1.32214985015
149	1.06149751738
150	0.902414654455
151	1.72457482656
152	1.07264222002
153	1.25569139466
154	0.49082259663
155	0.411655045872
156	0.579452547453
157	0.977228939544
158	1.12314885115
159	1.31576423576
160	1.01130942452
161	1.12690693069
162	0.953
163	0.717066666667
164	0.697411764706
165	0.663647058824
166	0.639302970297
167	0.763259259259
168	1.12658823529
169	0.519564356436
170	0.520110891089
171	0.458605714286
172	0.297613445378
173	0.465932673267
174	0.121250693802
175	1.25013280476
176	0.869813861386
177	1.13906893107
178	0.956746618575
179	0.79964035964
180	0.87321308226
181	1.06506293706
182	0.907758176412
183	0.777086666667
184	1.00988328388
185	1.11553048226
186	1.50615445545
187	1.25443356643
188	1.21401197605
189	1.25737301587
190	1.29361264822
191	1.31626843413
192	1.2574214876
193	1.2787697479
194	0.93161
195	1.4303049505
196	0.996101960784
197	1.46426164519
198	1.01566433566
199	1.10434576271
200	1.5494970297
201	1.21225346535
202	1.24474576271
203	1.32683893805
204	0.626581818182
205	0.745082228117
206	0.787100099108
207	1.0944
208	0.882302788845
209	1.21719685039
210	0.919699009901
211	1.33146587537
212	0.948257680872
213	1.31111287129
214	1.04515484515
215	1.03939478261
216	1.50725748503
217	1.3051369863
218	1.68118929633
219	1.27546587537
220	1.75537425743
221	1.33715884116
222	1.37810202117
223	1.55103270565
224	0.586291525424
225	0.411655045872
226	0.215138461538
227	0.347467873303
228	0.459114146341
229	0.499386407767
230	0.358089320388
231	0.411984555985
232	0.0607940630798
233	0.274465601112
234	0.861544554455
235	0.564467326733
236	0.710566336634
237	0.354788118812
238	0.767280719281
239	0.64444519966
240	0.794419441944
241	0.844210902592
242	0.863936063936
243	0.856864222002
244	0.515603960396
245	0.736823762376
246	0.3648
247	0.245389090909
248	0.856015841584
249	0.834073194857
250	0.773914767096
251	0.685972247919
252	1.1677733711
253	1.8052027972
254	2.37442063492
255	1.67583317168
256	2.10989875836
257	2.4042037962
258	2.15648351648
259	2.46693942403
260	2.61446859422
261	1.79911904762
262	1.72704761905
263	1.96125148515
264	1.66435964036
265	2.20692170466
266	1.88048751249
267	1.69546085233
268	2.03673126873
269	1.748
270	1.32971089109
271	2.20888521883
272	2.48812010008
273	2.10936774194
274	1.83207192807
275	1.48176770538
276	1.95275294118
277	1.86170629371
278	2.06081268583
279	1.6528238806
280	1.87764378109
281	2.15629306931
282	1.89967696909
283	1.85051042701
284	2.36154245754
285	1.70443521266
286	2.20722222222
287	2.07800521286
288	2.24127872128
289	2.01923488603
290	2.17635746202
291	2.30570919881
292	1.81019405941
293	2.01542970297
294	1.57644577114
295	2.1909271137
296	1.5910969031
297	1.67327968597
298	2.14288111888
299	1.97384980237
300	3.13624775225
301	3.25805394605
302	2.78265873016
303	2.23614736842
304	3.1674251497
305	2.8460451423
306	2.31637291462
307	2.05597192982
308	2.48180619381
309	2.37483316683
310	2.42305415162
311	2.77404995005
312	3.09358565737
313	2.79831075697
314	2.70675041322
315	3.58253386454
316	3.84895522388
317	2.38614441147
318	2.77106893107
