0	1.47231276333
5	0.69563275757
10	0.69563275757
15	1.11046663098
20	0.69563275757
25	0.69563275757
30	1.19641431081
35	0.69563275757
40	0.69563275757
45	0.69563275757
50	0.69563275757
55	0.69563275757
60	0.69563275757
65	0.69563275757
70	0.69563275757
75	0.69563275757
80	0.69563275757
85	0.69563275757
90	0.69563275757
95	0.69563275757
100	0.69563275757
105	0.974683512017
110	0.69563275757
115	0.69563275757
120	0.69563275757
125	0.69563275757
130	0.69563275757
135	0.69563275757
140	0.69563275757
145	0.69563275757
150	0.69563275757
155	0.69563275757
160	0.69563275757
165	0.69563275757
170	1.0485187306
175	0.69563275757
180	1.25660387183
185	0.69563275757
190	0.69563275757
195	0.69563275757
200	0.69563275757
205	1.33846300414
210	0.69563275757
215	0.69563275757
220	0.69563275757
225	0.800203496648
230	0.69563275757
235	0.69563275757
240	0.69563275757
245	0.69563275757
250	0.69563275757
255	0.69563275757
260	0.69563275757
265	0.69563275757
270	0.69563275757
275	0.69563275757
280	0.69563275757
285	0.717897757533
290	0.69563275757
295	0.937245161788
300	0.69563275757
305	0.69563275757
310	0.69563275757
315	0.78030766038
320	0.69563275757
325	0.69563275757
330	0.69563275757
335	0.69563275757
340	1.1113900691
345	0.894920591366
350	0.69563275757
355	0.69563275757
360	0.69563275757
365	1.18693086313
370	0.71971705553
375	0.764443129038
380	0.69563275757
385	0.69563275757
390	0.69563275757
395	0.69563275757
400	0.718156127195
405	0.69563275757
410	0.69563275757
415	0.69563275757
420	0.69563275757
425	0.69563275757
430	0.69563275757
435	0.69563275757
440	0.69563275757
445	0.69563275757
450	0.69563275757
455	0.69563275757
460	0.69563275757
465	0.69563275757
470	0.69563275757
475	0.69563275757
480	0.69563275757
485	0.69563275757
490	0.69563275757
495	0.69563275757
500	0.69563275757
505	0.69563275757
510	0.69563275757
515	0.69563275757
520	0.69563275757
525	0.69563275757
530	0.69563275757
535	1.49289728494
540	0.69563275757
545	0.69563275757
550	0.69563275757
555	0.69563275757
560	0.69563275757
565	0.69563275757
570	0.69563275757
575	0.69563275757
580	0.69563275757
585	0.69563275757
590	0.69563275757
595	0.69563275757
600	0.69563275757
605	1.14671300738
610	0.69563275757
615	0.69563275757
620	0.75963815543
625	0.69563275757
630	0.69563275757
635	0.69563275757
640	0.69563275757
645	0.69563275757
650	0.69563275757
655	0.69563275757
660	0.69563275757
665	0.69563275757
670	0.69563275757
675	0.69563275757
680	0.69563275757
685	0.69563275757
690	0.69563275757
695	0.69563275757
700	0.69563275757
705	0.69563275757
710	0.69563275757
715	0.69563275757
720	0.69563275757
725	0.69563275757
730	0.69563275757
735	0.69563275757
740	1.38232674789
745	0.69563275757
750	0.69563275757
755	0.69563275757
760	0.69563275757
765	0.716880576952
770	1.27833076607
775	0.69563275757
780	0.939759160016
785	0.69563275757
790	0.69563275757
795	0.69563275757
800	0.842887766557
805	0.69563275757
810	0.69563275757
815	0.69563275757
820	0.69563275757
825	0.69563275757
830	0.69563275757
835	0.69563275757
840	0.69563275757
845	0.69563275757
850	0.69563275757
855	0.69563275757
860	0.69563275757
865	0.69563275757
870	0.69563275757
875	0.69563275757
880	0.731588252787
885	0.69563275757
890	1.08507339188
895	0.69563275757
900	0.69563275757
905	0.69563275757
910	0.69563275757
915	0.69563275757
920	0.69563275757
925	0.69563275757
930	0.69563275757
935	0.69563275757
940	0.69563275757
945	1.153252706
950	0.69563275757
955	0.69563275757
960	0.69563275757
965	0.891242856612
970	0.69563275757
975	0.69563275757
980	0.69563275757
985	0.69563275757
990	0.69563275757
995	0.69563275757
1000	0.69563275757
1005	0.69563275757
1010	0.69563275757
1015	0.69563275757
1020	1.17427309143
1025	0.69563275757
1030	0.724718922082
1035	1.45772341498
1040	0.69563275757
1045	0.69563275757
1050	0.963014009975
1055	0.734897522515
1060	0.69563275757
1065	0.69563275757
1070	0.69563275757
1075	0.69563275757
1080	0.69563275757
1085	0.69563275757
1090	1.74372916204
1095	0.69563275757
1100	0.69563275757
1105	0.69563275757
1110	0.69563275757
1115	0.69563275757
1120	0.69563275757
1125	1.19132424596
1130	0.69563275757
1135	0.69563275757
1140	0.69563275757
1145	0.731452992719
1150	0.69563275757
1155	0.69563275757
1160	0.69563275757
1165	0.69563275757
1170	1.02617593193
1175	0.69563275757
1180	0.69563275757
1185	1.60611456824
1190	0.69563275757
1195	0.69563275757
1200	0.69563275757
1205	0.69563275757
1210	0.69563275757
1215	1.13766356371
1220	0.69563275757
1225	0.69563275757
1230	0.69563275757
1235	0.812899782097
1240	0.69563275757
1245	0.69563275757
1250	0.69563275757
1255	0.69563275757
1260	0.69563275757
1265	0.69563275757
1270	0.69563275757
1275	0.69563275757
1280	0.69563275757
1285	0.69563275757
1290	0.69563275757
1295	0.69563275757
1300	0.956816733109
1305	0.69563275757
1310	0.69563275757
1315	0.69563275757
1320	0.69563275757
1325	0.69563275757
1330	0.69563275757
1335	0.69563275757
1340	0.69563275757
1345	0.69563275757
1350	0.69563275757
1355	0.69563275757
1360	0.69563275757
1365	0.69563275757
1370	0.69563275757
1375	0.69563275757
1380	0.69563275757
1385	0.69563275757
1390	0.69563275757
1395	0.69563275757
1400	0.69563275757
1405	0.69563275757
1410	0.69563275757
1415	0.69563275757
1420	0.807385982924
1425	0.69563275757
1430	0.69563275757
1435	0.69563275757
1440	0.69563275757
1445	0.69563275757
1450	0.69563275757
1455	0.69563275757
1460	0.69563275757
1465	0.69563275757
1470	0.69563275757
1475	0.69563275757
1480	0.800790130537
1485	0.69563275757
1490	0.853405367616
1495	0.69563275757
1500	0.69563275757
1505	0.70215044237
1510	0.69563275757
1515	0.69563275757
1520	0.69563275757
1525	1.16438832133
1530	0.69563275757
1535	0.69563275757
1540	1.33795487771
1545	1.24835222387
1550	0.69563275757
1555	0.69563275757
1560	0.69563275757
1565	0.69563275757
1570	0.69563275757
1575	0.69563275757
1580	0.69563275757
1585	0.75061574003
1590	0.69563275757
1595	0.69563275757
1600	0.827179918819
1605	0.886498620225
1610	0.69563275757
1615	0.69563275757
1620	0.69563275757
1625	0.69563275757
1630	0.69563275757
1635	0.69563275757
1640	0.69563275757
1645	0.69563275757
1650	1.1121482115
1655	0.69563275757
1660	0.69563275757
1665	1.11983869469
1670	0.69563275757
1675	0.69563275757
1680	1.00401025025
1685	0.69563275757
1690	0.702482969608
1695	0.69563275757
1700	0.69563275757
1705	0.69563275757
1710	0.69563275757
1715	0.69563275757
1720	0.69563275757
1725	0.69563275757
1730	0.69563275757
1735	0.69563275757
1740	0.69563275757
1745	0.69563275757
1750	0.721914498075
1755	0.69563275757
1760	0.69563275757
1765	0.69563275757
1770	0.69563275757
1775	0.850636219489
1780	0.69563275757
1785	0.69563275757
1790	0.69563275757
1795	0.69563275757
1800	0.69563275757
1805	0.69563275757
1810	1.46978217041
1815	0.69563275757
1820	0.69563275757
1825	0.69563275757
1830	0.69563275757
1835	0.69563275757
