0	5.02379273129
5	2.87154444212
10	2.13137457759
15	3.24774524421
20	3.47929531425
25	2.13137457759
30	4.13433183808
35	3.65951436698
40	5.0179240391
45	2.85985797656
50	2.78773829434
55	3.2482974025
60	2.69092976879
65	3.17485938719
70	2.13137457759
75	3.20602787623
80	3.00030790552
85	4.69071271493
90	5.13995201127
95	5.88139006541
100	5.43344789207
105	2.28401221782
110	2.28937868173
115	3.25265846127
120	2.68979471716
125	3.44059203996
130	3.16008031053
135	5.14915459326
140	4.62065793787
145	2.95803042185
150	7.02186780183
155	4.05286756299
160	3.6478181658
165	6.71897204303
170	4.0042768702
175	3.90996208334
180	2.57155002628
185	3.446969454
190	4.32045759541
195	3.95973773155
200	2.14053727987
205	2.51002108346
210	3.38642632373
215	4.47132311026
220	6.16606524727
225	4.2294393452
230	3.37032056892
235	2.89623864762
240	3.50238168089
245	2.78133795855
250	2.17728423574
255	3.71640491491
260	4.16524550749
265	3.34755393731
270	3.96768126744
275	6.22300303933
280	2.24732394657
285	2.13137457759
290	4.74210700794
295	4.88378111602
300	4.54225513548
305	2.61351165528
310	2.5854340942
315	2.40192640164
320	4.42473109504
325	5.79113186218
330	4.49571882876
335	2.13137457759
340	3.84754232682
345	2.94508933769
350	2.20373110016
355	3.05942764583
360	4.09146743362
365	3.08589907306
370	2.13137457759
375	5.50994882835
380	3.11439726182
385	2.82233276894
390	3.02794944816
395	4.13774420697
400	5.07305511559
405	3.651735254
410	2.13137457759
415	2.93690352119
420	2.13137457759
425	5.2853682961
430	2.71509346779
435	5.3173142852
440	4.31602952797
445	4.02653107323
450	2.25659102462
455	4.766779814
460	2.35000733859
465	2.62465288822
470	5.41835981609
475	2.86649285577
480	2.91800145995
485	2.37843281419
490	2.13137457759
495	2.45032832994
500	5.59084873742
505	3.7215141289
510	2.44723814171
515	3.44229086791
520	3.00203855164
525	4.66886010534
530	2.79571656371
535	3.3494674066
540	3.74888801498
545	3.56090343678
550	2.13137457759
555	3.67354826977
560	2.66728540799
565	2.28359470252
570	2.13137457759
575	6.02934027079
580	4.18352464457
585	4.96590107821
590	5.49192570544
595	5.5849262297
600	3.84179029655
605	2.13137457759
610	4.33790097422
615	2.13137457759
620	2.13137457759
625	6.7840651159
630	2.13137457759
635	2.13137457759
640	3.84824297493
645	4.91896233621
650	4.98319360609
655	2.78826690142
660	4.29176702236
665	2.13137457759
670	2.13137457759
675	5.62733233977
680	2.13137457759
685	2.63080644842
690	4.778428161
695	2.13137457759
700	5.03936771639
705	2.78078137537
710	2.63498212232
715	5.52268791434
720	3.30984666195
725	6.50522038273
730	2.13137457759
735	2.56112284369
740	2.13137457759
745	4.00569405736
750	3.38118892824
755	2.93506963519
760	2.13137457759
765	4.31763337873
770	2.13137457759
775	4.16145199593
780	5.49682149661
785	7.34271447833
790	3.45741865311
795	2.13137457759
800	2.89203061068
805	6.05448029617
810	2.86689835062
815	4.58700381534
820	4.58721533813
825	2.19460902525
830	2.13137457759
835	5.26241318221
840	5.26442716309
845	3.94902718016
850	5.13813439911
855	5.42370121239
860	4.82322684073
865	3.38936319822
870	4.62396237122
875	2.13137457759
880	4.39322064411
885	3.08297867631
890	2.56481476425
895	2.26008639247
900	3.22213813518
905	4.15352524784
910	3.70369164658
915	4.37356028264
920	6.18221367661
925	2.13137457759
930	3.1348165751
935	3.37760742863
940	2.13137457759
945	3.68818004194
950	3.78298340572
955	4.08147254378
960	3.37558283844
965	2.13137457759
970	2.13137457759
975	4.16973425686
980	3.38915453186
985	4.1291871726
990	4.88879341385
995	6.24058063355
1000	3.54178420546
1005	2.92775802454
1010	5.29171679634
1015	3.20869793185
1020	2.13137457759
1025	2.13137457759
1030	2.13137457759
1035	2.13137457759
1040	2.27987411292
1045	3.34992794906
1050	3.36411581076
1055	3.97945341009
1060	5.88636235122
1065	5.83226329848
1070	2.20893641985
1075	2.78867694642
1080	2.580886565
1085	2.13137457759
1090	4.3550326222
1095	5.23698779184
1100	5.52615158813
1105	2.17200892836
1110	5.61449734839
1115	2.13137457759
1120	4.94726135904
1125	2.13137457759
1130	3.32938374395
1135	2.30562856279
1140	4.52299458544
1145	4.38143134954
1150	2.98621898041
1155	4.91581638878
1160	4.62577736639
1165	3.94654068071
1170	5.39294190596
1175	3.86965487068
1180	2.68025369136
1185	5.71202272273
1190	2.8154339317
1195	6.18130292782
1200	2.13137457759
1205	5.80584148576
1210	4.78954277559
1215	2.13137457759
1220	4.84290682783
1225	3.58030196234
1230	3.69008794146
1235	5.45058471045
1240	4.65892279555
1245	4.10953986748
1250	5.5284378671
1255	2.13137457759
1260	2.13137457759
1265	6.44860814233
1270	5.8268132904
1275	3.64433971311
1280	3.85312111831
1285	2.13137457759
1290	4.24230971712
1295	2.98581516354
1300	2.43041083898
1305	3.81076729118
1310	3.07435321933
1315	2.13137457759
1320	4.66696890054
1325	4.60785392109
1330	3.31838909886
1335	4.98875014123
1340	2.67901350201
1345	4.33562998085
1350	2.79968770362
1355	2.75309707548
1360	3.07146297781
1365	3.19845841396
1370	5.79880932005
1375	2.32790481164
1380	6.99325765794
1385	5.52678192922
1390	3.44065821387
1395	2.13137457759
1400	2.13137457759
1405	3.1294278952
1410	4.8817019343
1415	6.7895049383
1420	3.59215023866
1425	3.4862879023
1430	4.63701498452
1435	5.98456651415
1440	2.13137457759
1445	7.05597206612
1450	2.13137457759
1455	3.39927166869
1460	2.13137457759
1465	4.06038735806
1470	2.13137457759
1475	2.79327112302
1480	3.31531740794
1485	3.97369160419
1490	4.45224570524
1495	8.22712077856
1500	2.40507470275
1505	3.02496366847
1510	2.64950455497
1515	2.13137457759
1520	2.13137457759
1525	2.98940183594
1530	3.13126213931
1535	5.51148790694
1540	2.7517751389
1545	5.82120173507
1550	3.95850561548
1555	2.13137457759
1560	2.81987310075
1565	2.81175905068
1570	3.87168351461
1575	4.12532499931
1580	2.13137457759
1585	5.14943167753
1590	3.42619091419
1595	4.10671079264
1600	2.13137457759
1605	2.13137457759
1610	2.4173658198
1615	2.13137457759
1620	2.76205509292
1625	7.91530065952
1630	3.59096473848
1635	2.79374753139
1640	3.42476369373
1645	2.47509043119
1650	2.74622682135
1655	6.00009019291
1660	4.69301288887
1665	4.11566822159
1670	5.36309693335
1675	2.7551377691
1680	4.14896258894
1685	7.57433962873
1690	4.77281852658
1695	5.5064475285
1700	2.13137457759
