0	7.02228858005
5	5.35034704571
10	3.83662339452
15	4.04412612764
20	6.81286409415
25	3.57426353163
30	4.82528842929
35	5.96487567337
40	3.00874519177
45	6.50607341189
50	4.4951850564
55	3.54467919918
60	5.91624622288
65	4.16054065953
70	3.72673553791
75	5.55734466495
80	6.83979198527
85	6.09056202462
90	1.9955221759
95	5.97758005581
100	5.50572351636
105	5.95295930698
110	6.71345136414
115	7.2957872257
120	3.60130771192
125	7.52466061662
130	5.73099319731
135	4.02034248431
140	5.73299215817
145	5.63170689435
150	5.53284933236
155	3.92050280467
160	5.5728595485
165	5.22318284852
170	3.91286928806
175	4.3744796884
180	4.6645851573
185	4.95091499052
190	5.96657658404
195	7.42198610737
200	5.82633477083
205	2.61583428595
210	5.3746235512
215	6.05424577329
220	3.25823151055
225	4.18293672949
230	5.1279815334
235	5.51954426208
240	6.92169756077
245	5.28558249279
250	5.14577155193
255	3.74323059425
260	2.17457816571
265	4.25144610803
270	7.84066224752
275	3.64216573517
280	4.03045193524
285	3.08557906882
290	5.88010886871
295	5.52385275461
300	4.3701068021
305	5.8067382714
310	4.35583815131
315	5.17274396161
320	5.94137078944
325	4.87818249029
330	5.22389081863
335	6.89248363697
340	6.68590894845
345	6.60262653811
350	4.99573764434
355	5.26209541229
360	5.0262661216
365	5.01482991503
370	6.25925565055
375	5.70857374773
380	3.07776141013
385	5.61288150525
390	6.42837226601
395	5.29174825382
400	6.48164821533
405	5.3753485194
410	5.36879481794
415	5.2944560442
420	5.92869263598
425	4.45330262046
430	5.96088624273
435	6.05362436067
440	3.76538435495
445	6.83392809777
450	5.76320276228
455	7.41175928609
460	6.37440667363
465	3.37555993301
470	5.07345799351
475	5.39261477363
480	4.71606716384
485	6.6865884135
490	5.22717770121
495	7.44650786224
500	4.86433503555
505	5.93252547623
510	5.15631809052
515	4.43331126215
520	5.78703254814
525	7.3538916707
530	6.37200118773
535	4.13122061568
540	4.25526749989
545	7.86502455492
550	3.67843079143
555	3.74972062216
560	4.73854252168
565	4.4483898525
570	6.06456316861
575	7.73247242575
580	4.71636728511
585	6.85079096937
590	5.33894364915
595	4.43037508733
600	6.67063752819
605	2.83417945304
610	4.39985485132
615	4.83806293021
620	5.78339782121
625	3.90094763108
630	6.04062340049
635	7.16404984993
640	4.95316765968
645	6.0974970346
650	3.61314968471
655	6.27753365021
660	4.67729760529
665	4.58511387708
670	5.77927058872
675	6.25011348129
680	6.50446910896
685	6.65013094928
690	4.08238056922
695	5.25626242399
700	4.66626472319
705	4.90951741415
710	4.63619779733
715	6.0752318411
720	4.38319781698
725	6.11510971726
730	5.84550790167
735	4.94775295689
740	5.27227781998
745	4.67091322192
750	4.7981287984
755	4.28028848139
760	3.91876944235
765	3.78608484469
770	5.20609538425
775	5.56178993079
780	6.6862139084
785	7.82936077519
790	5.88501940673
795	5.73200579586
800	5.64852990459
805	8.8484058966
810	6.48030820467
815	4.38149276239
820	4.71056512026
825	4.90309816734
830	6.33152539662
835	5.94755007177
840	4.36670860566
845	2.91989240756
850	5.64588870209
855	3.22042370729
860	5.15394483713
865	3.67448863407
870	6.06307374988
875	4.58548707574
880	5.34544668125
885	2.73953254913
890	4.43363198832
895	7.73105571591
900	2.96480940961
905	5.29972164521
910	4.17820962847
915	5.1072827971
920	4.88299300358
925	4.48082586518
930	7.17130249515
935	5.54392843721
940	7.55581376391
945	6.70937032846
950	5.35400068179
955	3.52531314469
960	6.21163822913
965	4.83313547104
970	6.4629110902
975	6.28942746875
980	5.59800338412
985	5.39867712012
990	3.65549987922
995	8.00443033625
1000	6.88680350988
1005	5.82205048925
1010	7.83380807689
1015	5.42109411512
1020	4.04057936442
1025	7.35938506265
1030	6.58572070071
1035	5.03940630767
1040	5.16834152962
1045	3.57247294085
1050	2.85347459544
1055	5.23838767756
1060	3.52694111001
1065	6.247019561
1070	5.87335894809
1075	4.53297920102
1080	6.67311013227
1085	3.6030663024
1090	4.59120369695
1095	4.94108282888
1100	6.74763251582
1105	4.38349848214
1110	6.30510728532
1115	4.32081576902
1120	5.20972514623
1125	4.27781283649
1130	4.28644101173
1135	4.11656232688
1140	4.46723020235
1145	5.00150572952
1150	5.72338536165
1155	4.37613989289
1160	3.67315866841
1165	6.51255703519
1170	7.8260270341
1175	2.8059893808
1180	5.41632506825
1185	5.71623025375
1190	4.58326435844
1195	5.37807541806
1200	3.85753742499
1205	3.03766974353
1210	5.28610289469
1215	7.65669931023
1220	3.08162504635
1225	6.95322526392
1230	4.29559682508
1235	5.16398651654
1240	6.64478822978
1245	3.65251845011
1250	5.58874390834
1255	3.23695196786
1260	5.01738795922
1265	5.89903015032
1270	3.95885043726
1275	4.79192368939
1280	6.95921565931
1285	4.47152484828
1290	5.71130463105
1295	5.18002640509
1300	3.87326748461
1305	4.27468161941
1310	4.49198443616
1315	5.58988002359
1320	4.54582992666
1325	4.89447311361
1330	6.27527615544
1335	4.12377327391
1340	5.55328889712
1345	5.13536055787
1350	5.19716461092
1355	5.80746008853
1360	5.02184962571
1365	6.26046269051
1370	4.29555163092
1375	4.17655313477
1380	5.29821294054
1385	4.37326276202
1390	5.40111102463
1395	4.88063750376
1400	6.47272613963
1405	4.83563113883
1410	5.20072556961
1415	5.23230610945
1420	6.12632970835
1425	7.03568272393
1430	5.80989400765
1435	5.38655840079
1440	2.95161679444
1445	6.31170766818
1450	5.88491321396
1455	4.54146339275
1460	7.76944921981
1465	5.59381315918
1470	6.33947931244
1475	6.77300527325
1480	5.62142616184
1485	3.74815795721
1490	3.78163068173
1495	3.92662705388
1500	6.82112173636
1505	6.44033424741
1510	5.88414836419
1515	5.8961715996
1520	6.62864835263
1525	6.48538559262
1530	4.77670034241
1535	6.14365706649
1540	6.7068889667
1545	6.40967108858
1550	4.19632052227
1555	3.87531875154
1560	3.87197126212
1565	6.07528733412
1570	5.14151289893
1575	5.86506501384
1580	6.76061941669
1585	6.10758670273
1590	5.75474576161
1595	6.36997461213
1600	6.63640625377
1605	4.24661149725
1610	3.55493797741
1615	7.36436880597
1620	6.11571058174
1625	6.4498912209
1630	3.18951644151
1635	4.7069780409
1640	3.62025819314
1645	6.98264202358
1650	3.34359387601
1655	4.76207132088
1660	6.06569094451
1665	4.66102146462
1670	6.05973559492
1675	5.93703765029
1680	5.33524587508
1685	5.57785877367
1690	6.37035287044
1695	6.57821807486
1700	5.04548519467
1705	5.43823609819
1710	3.18978887235
1715	5.32091269179
1720	4.40934334166
1725	3.81795654572
