0	2.42899132599
5	3.7365253396
10	4.06089462521
15	2.81894521995
20	2.65575927054
25	2.01207290321
30	3.32854038732
35	3.67031503965
40	3.72918046348
45	4.52236143803
50	1.58613743154
55	5.22676965262
60	3.30135392966
65	1.52005710446
70	3.57976618969
75	3.94583663911
80	3.83675492233
85	2.55876937688
90	4.62653628251
95	4.46382081267
100	3.8116759125
105	1.98438567884
110	2.8803612221
115	2.91326886809
120	2.40046737909
125	1.82687182775
130	2.89196894177
135	3.43750335609
140	4.33601284697
145	3.52507289785
150	2.99413939813
155	3.90935696996
160	3.27695701859
165	3.16393034817
170	2.12396518458
175	4.89694429712
180	3.38837843576
185	3.83673162002
190	3.61016249288
195	3.53899704501
200	2.67689444683
205	4.28317631479
210	3.73956393057
215	1.77111522154
220	3.55538069953
225	3.71469647397
230	2.84087299941
235	2.00445258893
240	4.96222803709
245	4.21601400375
250	2.97373562222
255	2.75571238705
260	1.77110356178
265	3.89003363187
270	3.33140881917
275	3.16640283934
280	4.19637444193
285	4.63045722174
290	2.76531777016
295	1.73610817236
300	3.17742436962
305	3.20382072596
310	3.49876177118
315	2.60233967333
320	3.70010306205
325	2.61147915157
330	1.86075486116
335	3.29917464516
340	4.0821293276
345	3.24692637811
350	2.38680994175
355	3.71551673933
360	3.54499092743
365	4.83259946876
370	1.37594501859
375	4.85025033367
380	4.07216589951
385	2.19730723954
390	3.51369800401
395	5.560025956
400	2.76576605169
405	3.54691555167
410	3.06254214283
415	2.69137036982
420	4.26414741578
425	4.1546070773
430	3.72254501525
435	1.87137341209
440	3.53473788747
445	3.3374840442
450	2.54601062757
455	4.44893041568
460	2.74075972461
465	4.21686898809
470	2.74772903108
475	2.81043947813
480	4.53356782168
485	4.83979473851
490	3.38850423596
495	3.27966547521
500	2.7567064024
505	2.16324884893
510	2.80816990758
515	3.82188227895
520	3.54972616462
525	4.18871019182
530	3.27274668722
535	4.03638277091
540	4.51691904211
545	2.72192118471
550	2.45785398281
555	2.2878496278
560	4.01019567295
565	2.05947798504
570	4.60784075912
575	5.13144371243
580	3.91655954254
585	3.43624155196
590	3.81695622187
595	3.35489540468
600	4.38360203328
605	4.04213824827
610	2.84237536877
615	3.81285814607
620	3.48610420519
625	3.2910000952
630	3.74001075525
635	2.1501665815
640	3.58598397627
645	3.81231265226
650	3.56592205628
655	4.55754763354
660	2.03032177673
665	4.94958006918
670	1.90445342202
675	3.383532767
680	1.97632702255
685	3.10422842102
690	3.89157669559
695	4.88527856343
700	3.09242519181
705	3.68419853831
710	3.18601775566
715	4.27038429153
720	3.32549946397
725	4.6003334791
730	4.82884635927
735	3.51568779858
740	3.80669052537
745	2.29718319789
750	3.29460906046
755	4.42859080113
760	2.64602515567
765	3.53924330225
770	2.45286998625
775	3.71978956851
780	3.84759033326
785	2.06834414001
790	3.40620228802
795	3.27264429551
800	3.85461953202
805	5.31918233762
810	4.05971637382
815	3.28537842585
820	4.68239714679
825	2.36187177924
830	1.96936185916
835	3.49128525663
840	2.13163466301
845	3.26193623464
850	1.51980938024
855	2.77923442499
860	3.91013471276
865	3.71754457202
870	2.60063938529
875	3.65116943236
880	2.28086426425
885	2.17640013719
890	3.50681510992
895	2.28851042131
900	4.15577462818
905	3.32999345563
910	3.14424143161
915	4.34513089803
920	2.88411541828
925	3.62292560672
930	1.33583630919
935	3.568659705
940	4.83208264669
945	2.13829722568
950	1.8244221148
955	4.76402571354
960	2.71033318737
965	3.61860131887
970	2.96161746779
975	3.63589474829
980	3.18764488757
985	2.9108692668
990	2.46697080067
995	3.39529159058
1000	1.96467550202
1005	3.54986575707
1010	2.39976540208
1015	3.61823798903
1020	3.75363837584
1025	1.9000441619
1030	3.80048336788
1035	3.35315874636
1040	3.96907203034
1045	2.63060204784
1050	2.75304703004
1055	4.71611491093
1060	2.67172893968
1065	3.53324975191
1070	2.88065672687
1075	1.57528673368
1080	4.2308844978
1085	3.41076886651
1090	3.41349066353
1095	1.629310007
1100	2.66183462153
1105	4.75108458627
1110	3.16926899323
1115	3.20047241341
1120	4.44861148451
1125	4.24536423744
1130	3.14958958406
1135	4.48892677401
1140	2.85429279739
1145	4.16238403045
1150	4.35921331302
1155	1.9393193316
1160	2.42161957967
1165	1.92827598684
1170	3.51490836567
1175	3.09496629115
1180	2.80920525009
1185	2.65317851926
1190	3.92399686114
1195	4.11354475382
1200	2.08020994699
1205	2.73049508807
1210	3.24945533683
1215	2.64353070208
1220	3.29127349241
1225	3.24359488521
1230	3.23797868412
1235	3.96570076693
1240	3.65956146899
1245	2.69190090017
1250	2.53769311801
1255	1.88926462159
1260	1.36584437392
1265	4.19875806072
1270	3.43059172149
1275	4.4073211325
1280	3.295764764
1285	2.40093779063
1290	2.48086203164
1295	1.89872399841
1300	2.36246412204
1305	3.28394241911
1310	2.54494098404
1315	3.63730716263
1320	4.03683262542
1325	4.69914639861
1330	3.43458962777
1335	1.60214627535
1340	4.55427358653
1345	4.35113331484
1350	4.81322682839
1355	1.38688714774
1360	2.3479570046
1365	3.34948733906
1370	5.10854837544
1375	2.92502240025
1380	3.43455827457
1385	4.37272294252
1390	3.64132250428
1395	4.69455637808
1400	2.53894969955
1405	5.04238732985
1410	3.30395657176
1415	3.74104388458
1420	2.89046097836
1425	3.8620920853
1430	3.8443750388
1435	4.13903232188
1440	3.92475242549
1445	3.59280233854
1450	3.10031956255
1455	2.98438154523
1460	1.48203756095
1465	1.35562681246
1470	4.14255029278
1475	3.33753546581
1480	3.43853606477
1485	4.6557865204
1490	1.35986925716
1495	4.06819015284
1500	3.25577222405
1505	3.93783650957
1510	4.67341250007
1515	4.50346248621
1520	4.20345167416
1525	3.59528038693
1530	5.01308961561
1535	3.24314205444
1540	3.61605948863
1545	2.92885689003
1550	5.65896899221
1555	1.32785507836
1560	3.04922602081
1565	3.56784369465
1570	2.73341540836
1575	2.07036610934
1580	3.22457656173
1585	1.82611824496
1590	4.27590974211
1595	5.00137656259
1600	4.51205498709
1605	3.32543751569
1610	4.54259112212
1615	3.04381498847
1620	3.44999040981
1625	1.77715004942
1630	2.61138992611
1635	2.27495297329
1640	4.54737481886
1645	4.4799809929
1650	2.03187385755
1655	3.42308060863
1660	3.75821334453
1665	1.59980367178
1670	3.54154160913
1675	3.78808620744
1680	5.40918161612
1685	3.50777361916
1690	2.40989927653
1695	2.15725859225
1700	2.47746859031
1705	2.74394728942
1710	2.55606150845
1715	2.04452460014
1720	2.65713485168
1725	3.91889603538
1730	2.86316910648
1735	3.37419202702
1740	3.8214546296
1745	1.28312459763
1750	3.29540927101
1755	3.94200824698
1760	2.11227929544
1765	2.44218751898
1770	1.48850288378
1775	3.35977632677
1780	3.20926591214
1785	4.23842765241
1790	3.01282235552
1795	4.86251380854
1800	2.33891611498
1805	2.52086656141
1810	4.79599652508
1815	4.02404203034
1820	4.21900624674
1825	4.8723380517
1830	2.40765171395
1835	1.97783158915
1840	1.83072480146
