0	4.09290190582
5	3.06582171596
10	2.30998764454
15	2.30998764454
20	2.30998764454
25	2.93389223503
30	2.30998764454
35	2.30998764454
40	4.79372401142
45	2.30998764454
50	2.30998764454
55	3.85591861683
60	2.61679234468
65	3.08882520957
70	2.30998764454
75	2.30998764454
80	2.30998764454
85	2.30998764454
90	2.30998764454
95	2.30998764454
100	2.37750284549
105	2.30998764454
110	2.30998764454
115	2.30998764454
120	2.30998764454
125	3.27406300637
130	2.30998764454
135	2.30998764454
140	2.30998764454
145	5.00429385004
150	2.30998764454
155	2.30998764454
160	2.30998764454
165	2.30998764454
170	2.30998764454
175	2.30998764454
180	2.30998764454
185	2.30998764454
190	4.78645436435
195	2.30998764454
200	3.3230098628
205	2.30998764454
210	2.30998764454
215	2.77553788055
220	4.44448991593
225	2.30998764454
230	2.30998764454
235	2.30998764454
240	2.30998764454
245	2.30998764454
250	2.30998764454
255	3.68969054083
260	2.30998764454
265	2.30998764454
270	2.30998764454
275	2.30998764454
280	2.30998764454
285	2.30998764454
290	2.30998764454
295	3.90858974
300	2.94366270262
305	2.96037453625
310	2.30998764454
315	2.54827436077
320	3.00521507718
325	2.30998764454
330	2.30998764454
335	2.30998764454
340	2.30998764454
345	2.30998764454
350	2.30998764454
355	2.30998764454
360	2.30998764454
365	2.30998764454
370	2.30998764454
375	2.30998764454
380	2.30998764454
385	3.16685920796
390	2.30998764454
395	3.3616996574
400	4.36736358047
405	2.4991115688
410	2.30998764454
415	2.30998764454
420	2.75422708462
425	2.30998764454
430	2.30998764454
435	2.30998764454
440	2.30998764454
445	2.30998764454
450	2.30998764454
455	2.30998764454
460	2.30998764454
465	2.78351114102
470	2.30998764454
475	5.68382029067
480	2.35011710279
485	2.30998764454
490	2.61110540141
495	2.30998764454
500	3.7346130486
505	2.30998764454
510	2.30998764454
515	2.58735093783
520	3.59524600393
525	2.30998764454
530	2.30998764454
535	2.30998764454
540	2.94640084839
545	2.30998764454
550	4.69603533283
555	3.7230640478
560	2.30998764454
565	2.30998764454
570	2.30998764454
575	2.30998764454
580	2.30998764454
585	3.51336770715
590	2.30998764454
595	5.65193999544
600	2.30998764454
605	2.30998764454
610	4.73072266729
615	2.30998764454
620	4.08591993318
625	2.42275085212
630	3.38674817475
635	4.31431621324
640	2.30998764454
645	3.8137158889
650	2.30998764454
655	2.30998764454
660	4.11615129561
665	2.30998764454
670	2.30998764454
675	2.30998764454
680	2.30998764454
685	2.30998764454
690	2.30998764454
695	3.50973338884
700	2.30998764454
705	2.30998764454
710	2.30998764454
715	2.30998764454
720	2.30998764454
725	3.16668372165
730	2.73876279947
735	2.30998764454
740	2.30998764454
745	2.30998764454
750	3.45718102045
755	2.30998764454
760	3.57972376242
765	2.30998764454
770	2.30998764454
775	2.30998764454
780	2.45107588586
785	2.30998764454
790	2.30998764454
795	2.56498336678
800	3.27492364206
805	2.30998764454
810	2.30998764454
815	2.30998764454
820	2.30998764454
825	2.30998764454
830	2.30998764454
835	2.30998764454
840	2.30998764454
845	2.30998764454
850	3.25988365721
855	2.30998764454
860	5.04258218135
865	2.30998764454
870	2.30998764454
875	2.86771424135
880	2.51966572628
885	2.30998764454
890	2.65097118752
895	2.30998764454
900	2.30998764454
905	2.30998764454
910	3.64392079001
915	2.30998764454
920	3.65731551497
925	2.30998764454
930	2.30998764454
935	3.07547850697
940	2.30998764454
945	2.30998764454
950	2.30998764454
955	2.30998764454
960	3.58052561995
965	2.30998764454
970	2.92066104664
975	2.30998764454
980	3.05127192668
985	2.30998764454
990	2.32514836118
995	2.30998764454
1000	2.30998764454
1005	3.66609219157
1010	2.30998764454
1015	2.30998764454
1020	2.30998764454
1025	2.30998764454
1030	2.30998764454
1035	2.56208403642
1040	2.30998764454
1045	2.30998764454
1050	2.30998764454
1055	2.30998764454
1060	3.29168840455
1065	5.26488988948
1070	4.57296629606
1075	2.30998764454
1080	2.30998764454
1085	2.30998764454
1090	2.33058800675
1095	2.35920964406
1100	3.81177861755
1105	2.34255914337
1110	2.30998764454
1115	2.30998764454
1120	2.30998764454
1125	2.30998764454
1130	3.34181722409
1135	3.6324854687
1140	3.39927166035
1145	2.30998764454
1150	2.30998764454
1155	2.30998764454
1160	2.5137338494
1165	2.90017583315
1170	2.30998764454
1175	2.30998764454
1180	4.85645503692
1185	2.30998764454
1190	2.30998764454
1195	2.30998764454
1200	2.30998764454
1205	2.30998764454
1210	2.30998764454
1215	2.30998764454
1220	2.30998764454
1225	2.30998764454
1230	2.30998764454
1235	2.30998764454
1240	2.30998764454
1245	2.30998764454
1250	2.30998764454
1255	4.2683662441
1260	2.30998764454
1265	4.17032400948
1270	2.30998764454
1275	2.30998764454
1280	2.30998764454
1285	2.30998764454
1290	2.30998764454
1295	2.30998764454
1300	2.30998764454
1305	2.30998764454
1310	3.3255823638
1315	2.30998764454
1320	2.30998764454
1325	2.30998764454
1330	2.30998764454
1335	2.30998764454
1340	2.30998764454
1345	4.43057246927
1350	4.38858914098
1355	2.30998764454
1360	2.30998764454
1365	2.30998764454
1370	2.78047531002
1375	2.30998764454
1380	2.30998764454
1385	4.87766268807
1390	2.30998764454
1395	2.30998764454
1400	2.30998764454
1405	5.20761806322
1410	2.30998764454
1415	3.44431474449
1420	2.30998764454
1425	3.37948206463
1430	2.30998764454
1435	2.30998764454
1440	2.30998764454
1445	2.30998764454
1450	2.87220114572
1455	2.9216265649
1460	2.44321641946
1465	2.31079167216
1470	2.30998764454
1475	3.06608912168
1480	3.27609385122
1485	2.43358727692
1490	2.63076870052
1495	2.30998764454
1500	2.31720362527
1505	2.30998764454
1510	3.42075766916
1515	2.30998764454
1520	2.30998764454
1525	2.30998764454
1530	2.30998764454
1535	2.70301991623
1540	2.30998764454
1545	2.30998764454
1550	2.30998764454
1555	2.5718206623
1560	4.91498138532
1565	4.6030690528
1570	2.30998764454
1575	2.30998764454
1580	3.05119515288
1585	2.30998764454
