0	0.795412132565
5	0.425979807934
10	0.475954719155
15	0.581910223317
20	0.524093223783
25	0.336112542662
30	0.712713905144
35	0.408605960766
40	0.39081035283
45	0.840917170351
50	0.412939519195
55	0.359209808394
60	0.577496130522
65	0.596996911932
70	0.360730735456
75	0.504628183633
80	0.460774083584
85	1.0833723141
90	0.955322289002
95	0.42625967224
100	0.336112542662
105	0.875590060439
110	0.723350616887
115	0.683317273737
120	0.393262277044
125	0.644178115509
130	0.70654801744
135	0.498588789902
140	0.552565541866
145	0.336112542662
150	0.735358477959
155	0.999368817472
160	0.903164163108
165	0.443099739656
170	0.798542778331
175	0.477426126652
180	0.544741406792
185	0.588324382633
190	0.926715503827
195	0.38380947449
200	0.877608842278
205	0.541754782024
210	0.704658223663
215	0.709293458405
220	1.10316052787
225	0.412954643244
230	0.336112542662
235	0.738476884122
240	0.734910855219
245	0.358328992838
250	0.649664848059
255	0.815534233379
260	0.482820272121
265	0.624201719251
270	0.770703406334
275	0.751644160552
280	0.753764157153
285	0.512333467961
290	0.704500540661
295	0.376213968976
300	1.04304718847
305	0.609923170563
310	0.963238390002
315	0.518379381257
320	0.336112542662
325	0.470275492814
330	0.349848848242
335	0.545195010587
340	0.362118274034
345	0.336112542662
350	0.477912153914
355	0.798886432362
360	0.52855676943
365	0.336112542662
370	0.583568759019
375	0.564017562688
380	0.572168055135
385	0.632266184572
390	0.645711002859
395	0.790190164813
400	0.336112542662
405	1.01497002483
410	0.740807554766
415	0.532465454243
420	0.728146040836
425	0.919752757038
430	0.619259457416
435	0.66249083166
440	0.336112542662
445	0.859536211888
450	0.69296978204
455	0.382656896899
460	0.580180623837
465	0.762954603659
470	0.543520371267
475	0.632156231571
480	0.356879901253
485	0.969490125612
490	0.683413153584
495	0.663800778835
500	0.4688926653
505	0.428686441202
510	0.716322283715
515	0.336112542662
520	0.612150798787
525	0.547790961888
530	0.595578285437
535	0.63655752406
540	0.84077416722
545	0.813811998649
550	0.456664851111
555	0.515704169295
560	0.377910068898
565	0.336112542662
570	0.512221319524
575	0.887708439295
580	0.82012119373
585	0.567941189962
590	0.421212087895
595	0.399335678612
600	0.336112542662
605	0.706646978134
610	0.654839246344
615	0.761666590899
620	0.336112542662
625	0.508608112151
630	0.577959941356
635	0.408669652313
640	0.52950472339
645	0.874874449266
650	1.1090072676
655	0.710316416356
660	0.601491449655
665	0.338508945688
670	0.788307478445
675	0.336112542662
680	0.547110998189
685	0.728344418744
690	0.468887303364
695	0.777617067461
700	0.920702762984
705	0.732015879847
710	0.589790863453
715	0.664308787048
720	0.361385150574
725	0.636740946186
730	0.472111237337
735	0.474054329828
740	0.493522651233
745	0.477088942257
750	0.47117728892
755	0.546422218806
760	0.512678442588
765	0.69944503136
770	0.407700924576
775	0.496442963503
780	0.502937921819
785	0.744812335907
790	0.339509184696
795	0.336112542662
800	0.746219032432
805	0.460125748282
810	0.510569983417
815	0.501853003422
820	0.336112542662
825	0.344626415638
830	0.734747095012
835	0.521177929683
840	0.336112542662
845	0.387954859293
850	0.94013045386
855	0.697060797491
860	1.02400424482
865	0.698905473127
870	0.523958088454
875	0.917798159413
880	0.336112542662
885	0.553105627638
890	0.519161883667
895	0.683479937166
900	0.543577311726
905	0.936272147766
910	0.80547468164
915	0.364059813775
920	0.374160792873
925	0.36421365051
930	0.664341100868
935	1.14594428111
940	0.512212169316
945	0.426866709924
950	0.812127363362
955	0.838765981557
960	0.350646174364
965	0.825236603918
970	0.661622936184
975	0.61352008597
980	1.06334791876
985	0.675083997855
990	0.656760069199
995	0.614319781769
1000	0.520899271707
1005	0.44767484843
1010	0.511443138145
1015	0.488953161809
1020	0.33964989138
1025	0.716625201404
1030	1.0006611111
1035	0.386892969815
1040	0.431720498464
1045	0.602347342873
1050	0.456294555065
1055	0.341772243461
1060	0.500134550956
1065	0.903394214561
1070	0.837647312467
1075	0.359830624176
1080	0.57767290817
1085	0.554961802801
1090	0.741239973276
1095	0.512885250366
1100	0.473598638114
1105	0.888500723933
1110	0.555479247839
1115	0.640396039955
1120	1.0426150637
1125	1.01834163154
1130	0.834660457088
1135	0.336112542662
1140	0.356468288151
1145	0.568032330704
1150	0.538347416669
1155	0.485065834909
1160	1.19936648736
1165	0.534621389194
1170	0.698717658397
1175	0.518149447316
1180	0.568221087083
1185	0.801789573041
1190	0.434743496972
1195	0.675007723258
1200	0.59473986466
1205	0.575274390713
1210	1.1497254606
1215	0.561777943192
1220	0.665238841756
1225	0.559732421397
1230	0.652498276179
1235	0.776916092358
1240	0.612016699057
1245	0.804983366283
1250	0.336112542662
1255	0.54957983734
1260	0.501665679424
1265	0.411351445397
1270	0.771983870892
1275	0.629174307274
1280	0.840451214754
1285	0.542826661974
1290	0.365836145426
1295	0.38470256184
1300	0.500892570883
1305	0.400579058654
1310	0.480714742303
1315	0.40327546162
1320	0.841679306866
1325	0.555056179218
1330	0.336112542662
1335	0.455878424195
1340	0.57041418309
1345	0.479322198221
1350	0.477435021579
1355	0.336112542662
1360	0.92589300179
1365	0.638963327281
1370	1.07893695173
1375	0.375719792274
1380	0.654574484679
1385	0.590174465525
1390	0.683403414767
1395	0.338786720593
1400	0.669023295321
1405	0.578663507808
1410	1.02951502757
1415	0.389070522287
1420	0.580286574319
1425	0.394161648286
1430	0.472113841446
1435	0.783891267768
1440	0.50652505696
1445	0.742637489306
1450	0.546765747764
1455	0.593529501553
1460	0.685318674969
1465	0.603568157386
1470	0.602863842276
1475	0.564862277125
1480	0.42053316517
1485	0.900044506802
1490	0.621891681898
1495	0.65515901824
1500	0.541646401569
1505	0.735450461166
1510	0.336112542662
1515	0.910968050892
1520	0.443061334164
1525	0.920273212715
1530	0.522911585061
1535	0.962101412539
1540	0.47369546456
1545	0.336112542662
1550	0.646569147112
1555	0.460551766628
1560	0.754968188099
1565	0.394051810135
1570	0.963762095924
1575	0.397872224316
1580	0.530393823569
1585	0.7603763416
1590	0.562437255229
1595	0.336112542662
1600	0.434882423221
1605	0.395986627935
1610	0.554302067979
1615	0.944438644751
1620	0.336112542662
1625	0.947242011571
1630	0.993439972136
1635	0.443009103591
1640	0.37691204682
1645	1.29348168929
1650	0.407061873953
1655	0.469685652806
1660	0.854553784836
1665	0.903302931308
1670	0.809516799932
1675	0.408533405073
1680	0.648350626564
1685	0.470727710469
1690	0.474214440544
1695	0.901926534858
1700	0.533198660658
1705	0.685770698501
1710	0.390117949153
1715	0.653711182014
1720	0.940555090764
1725	1.0358668558
1730	0.608777777417
1735	0.55089653223
1740	0.912889352189
1745	0.729983846946
1750	0.797001388819
1755	0.553109122172
1760	0.394153181639
1765	0.693908252881
1770	0.336112542662
1775	0.685119376452
1780	0.601983200557
1785	0.568668383484
1790	0.5212349251
1795	0.634882999876
1800	0.593093862746
1805	0.646102515163
1810	0.901352943705
1815	0.922314245651
1820	0.405792239809
