0	2.06900140276
5	1.59325082512
10	1.94528211552
15	1.68019402534
20	1.89072182358
25	4.88911583094
30	3.10809692222
35	2.11982833354
40	2.17089253369
45	1.36952745043
50	1.36952745043
55	2.43055250594
60	3.05560066679
65	1.36952745043
70	2.08188720401
75	2.72175480946
80	2.41489916559
85	2.74720999169
90	2.16741745044
95	1.75743999664
100	1.36952745043
105	1.79404605441
110	3.22966877415
115	1.51829750246
120	2.20093427388
125	3.07239246931
130	2.2190134483
135	2.27160731072
140	1.71569244358
145	1.63998163704
150	2.91974097085
155	1.36952745043
160	2.60122062675
165	1.90897019692
170	2.25517672142
175	1.36952745043
180	2.68651017685
185	1.44095717781
190	1.36952745043
195	2.81592534577
200	3.39506845106
205	2.89535171512
210	3.55177210087
215	3.40338347942
220	4.4022564333
225	2.23241495285
230	1.36952745043
235	2.34859010997
240	2.11840322867
245	1.36952745043
250	2.9963886389
255	1.36952745043
260	2.38754669616
265	2.8824450668
270	1.36952745043
275	1.36952745043
280	2.03542671794
285	2.05352947382
290	3.7535586591
295	2.61338991225
300	4.22628444363
305	1.66990251473
310	3.79274643025
315	2.34593539273
320	2.98591689469
325	2.34241310136
330	1.5467402181
335	2.65360036057
340	1.85182466818
345	1.83254782212
350	1.95561899904
355	2.22868892866
360	1.78390537983
365	1.88388388812
370	3.42174908357
375	1.36952745043
380	2.91996252725
385	1.57045363758
390	1.81027721011
395	1.36952745043
400	1.66570855331
405	1.36952745043
410	3.07074617851
415	3.30560247512
420	1.86741773288
425	4.13284217767
430	2.53608467213
435	1.36952745043
440	2.70306523864
445	2.12288272756
450	1.59523237661
455	3.51177028831
460	2.91179789008
465	1.36952745043
470	1.51261812137
475	3.65125493493
480	1.68737510854
485	1.36952745043
490	1.36952745043
495	2.53575577634
500	2.70637210648
505	4.43939021792
510	2.3115722783
515	2.6554122146
520	1.36952745043
525	1.70260570773
530	1.36952745043
535	2.19151251479
540	3.88451515933
545	1.36952745043
550	2.80969712259
555	2.66708289572
560	3.9896977912
565	2.66919995896
570	2.75375447303
575	2.86008167539
580	1.66870072005
585	1.5132056271
590	2.22238358702
595	1.71448014114
600	2.07888789119
605	1.81371662336
610	1.77487861584
615	3.83120353262
620	2.80026971653
625	2.84125380752
630	1.80785198103
635	1.36952745043
640	1.36952745043
645	2.88978154568
650	1.96232498533
655	2.78057939139
660	4.04870862419
665	1.36952745043
670	1.46611326873
675	2.02359992794
680	1.58002530219
685	1.7295041631
690	2.66671762886
695	1.50931115781
700	1.36952745043
705	2.91726657231
710	1.36952745043
715	2.1965444848
720	2.34170040063
725	1.36952745043
730	3.59358425361
735	2.17173970288
740	1.66616516364
745	2.82926523905
750	3.11089706084
755	2.73723007902
760	2.1067000559
765	3.31050968733
770	1.85014701098
775	5.2151724873
780	2.06257779866
785	1.36952745043
790	2.46609299953
795	3.44248022838
800	2.17861800713
805	3.00484697807
810	1.36952745043
815	1.59552490015
820	1.36952745043
825	1.73874011564
830	1.36952745043
835	1.36952745043
840	1.436367542
845	4.11802532202
850	1.78031458605
855	1.63327362956
860	3.55836986146
865	1.36952745043
870	1.82489988706
875	1.98574486636
880	2.0537966769
885	1.48116531769
890	2.51532739669
895	2.9881919647
900	2.70760194626
905	1.36952745043
910	2.20958379923
915	1.36952745043
920	2.06304439058
925	1.95253374227
930	1.36952745043
935	1.36952745043
940	4.47891416054
945	2.61784913476
950	2.29953870187
955	3.2176685067
960	1.57993169177
965	1.48700927968
970	1.36952745043
975	2.02296682434
980	1.80043680656
985	1.92281495875
990	3.28518407962
995	3.73019806416
1000	1.90565367476
1005	3.1786686803
1010	1.72031106246
1015	1.37030894079
1020	3.46362885082
1025	1.83361430231
1030	1.69815737925
1035	2.02916844471
1040	1.51880510536
1045	1.601208557
1050	1.66813683131
1055	1.74713849207
1060	2.81907266076
1065	3.12305693377
1070	4.75797014416
1075	1.82024013007
1080	3.25934435869
1085	3.51880422241
1090	2.95875384506
1095	3.29797741121
1100	3.08676039795
1105	2.81421787779
1110	3.53133633104
1115	1.77402018495
1120	1.97220506848
1125	1.36952745043
1130	1.72412577155
1135	3.45728375322
1140	2.12488438452
1145	1.53939449384
1150	4.22932818113
1155	1.36952745043
1160	1.36952745043
1165	2.1197338833
1170	1.36952745043
1175	1.81554163853
1180	1.69091770882
1185	2.4244534196
1190	2.91952705596
1195	1.76646477803
1200	4.34541259106
1205	2.81981017425
1210	1.99608555225
1215	2.51897206003
1220	2.55478444434
1225	1.56000484522
1230	1.59637918147
1235	3.3377131502
1240	1.46187410711
1245	4.55248857131
1250	1.36952745043
1255	1.36952745043
1260	1.60350524061
1265	3.32001122371
1270	2.44820108458
1275	2.23913786214
1280	2.31035570667
1285	3.30243999665
1290	1.36952745043
1295	2.50564912653
1300	2.32903223274
1305	2.83791029217
1310	1.9146798019
1315	1.86915429638
1320	1.90729286374
1325	2.39163644276
1330	1.36952745043
1335	1.36952745043
1340	1.36952745043
1345	1.73494553446
1350	1.82454118983
1355	1.73641975141
1360	1.42078227319
1365	2.64787598257
1370	2.58827896853
1375	2.26996347452
1380	1.49724955078
1385	2.1921135524
1390	1.75088647877
1395	2.65381294197
1400	2.11251477707
1405	1.83055473611
1410	1.51390642781
1415	1.36952745043
1420	1.81784523517
1425	1.36952745043
1430	2.67302581881
1435	3.2483747841
1440	2.81091242283
1445	2.44425186876
1450	2.85145804425
1455	1.66754872666
1460	1.52352164389
1465	1.55715087566
1470	2.46241081162
1475	2.5379888563
1480	1.65416020564
1485	2.13344398252
1490	2.80419720894
1495	3.19044047372
1500	3.03667849508
1505	3.48887686737
1510	1.86054487641
1515	2.38973156386
1520	1.40932104112
1525	2.18163505215
1530	1.36952745043
1535	1.59310876611
1540	2.19949867284
1545	2.43617884059
1550	1.36952745043
1555	2.5605528255
1560	2.03285352244
1565	1.36952745043
1570	2.48568414859
1575	2.97140225714
1580	1.36952745043
1585	3.73347908177
1590	1.71128646496
1595	2.16775534988
1600	1.77570808554
1605	2.51230893526
1610	2.47130906233
1615	2.77251900178
1620	1.41500679398
1625	1.9403248638
1630	1.81810946406
1635	2.13462353123
1640	1.92665277423
1645	1.36952745043
1650	2.46115447993
1655	1.36952745043
1660	1.40325659161
1665	1.58219150098
1670	1.63654701758
1675	2.78961419103
1680	1.91638907699
1685	2.5781028003
1690	1.56864568659
1695	3.11564983492
1700	4.35338206493
1705	1.6439248576
1710	1.36952745043
1715	1.91537925214
1720	2.14297688768
1725	1.7597876402
1730	1.58895853089
1735	2.12930271741
1740	1.36952745043
1745	1.87291679977
1750	2.69970299808
1755	3.23316463228
1760	3.01368538806
1765	2.98367285322
1770	1.60356323819
1775	2.32398226562
1780	4.01919725992
1785	2.2945853383
1790	2.59140085192
1795	2.60744165028
1800	3.30440691593
1805	2.98282049583
1810	4.47053758905
1815	2.87738370681
1820	1.59728929154
1825	4.00547736221
1830	1.97837108544
1835	3.22216601073
1840	3.13266543709
1845	1.36952745043
1850	3.46619763144
1855	1.64919849502
1860	2.85722391464
1865	3.68739687868
1870	1.36952745043
1875	1.53702435273
1880	3.14967019369
1885	1.53877182014
