0	3.06345074821
5	3.06345074821
10	3.06345074821
15	3.06345074821
20	3.06345074821
25	3.06345074821
30	3.06345074821
35	3.06345074821
40	3.06345074821
45	8.63677312372
50	3.06345074821
55	4.58574177307
60	3.06345074821
65	4.52934961851
70	3.06345074821
75	3.06345074821
80	3.06345074821
85	3.06345074821
90	3.06345074821
95	3.06345074821
100	3.06345074821
105	3.06345074821
110	3.06345074821
115	3.06345074821
120	3.06345074821
125	3.06345074821
130	3.06345074821
135	8.49463262654
140	4.0800957993
145	4.14864001525
150	3.06345074821
155	3.06345074821
160	3.06345074821
165	6.9715337693
170	10.4677679082
175	3.06345074821
180	3.06345074821
185	3.06345074821
190	3.84933701336
195	3.06345074821
200	3.49213489142
205	3.06345074821
210	3.06345074821
215	3.06345074821
220	3.06345074821
225	3.06345074821
230	4.35906674563
235	3.06345074821
240	3.06345074821
245	3.06345074821
250	3.06345074821
255	3.06345074821
260	3.06345074821
265	3.06345074821
270	6.33271495525
275	3.06345074821
280	3.3944723671
285	3.06345074821
290	3.06345074821
295	3.06345074821
300	3.06345074821
305	9.39946326121
310	3.06345074821
315	3.06345074821
320	3.06345074821
325	5.1573310679
330	4.15206049735
335	3.99577081591
340	4.88283037975
345	3.06345074821
350	9.5440387338
355	3.06345074821
360	4.8431230986
365	3.06345074821
370	3.06345074821
375	3.06345074821
380	4.34323867624
385	3.06345074821
390	3.06345074821
395	3.06345074821
400	3.06345074821
405	4.58982706805
410	3.06345074821
415	3.06345074821
420	4.05856974759
425	3.57730273008
430	3.06345074821
435	3.06345074821
440	3.06345074821
445	3.3224496566
450	3.06345074821
455	3.06345074821
460	3.06345074821
465	3.06345074821
470	4.87963588289
475	3.06345074821
480	6.22324668538
485	3.06345074821
490	3.06345074821
495	3.06345074821
500	3.06345074821
505	3.16515643575
510	3.06345074821
515	3.06345074821
520	3.06345074821
525	3.06345074821
530	3.06345074821
535	3.06345074821
540	7.07258132055
545	3.06345074821
550	3.06345074821
555	4.38417760623
560	3.06345074821
565	5.5560570219
570	3.06345074821
575	3.06345074821
580	3.06345074821
585	6.47858179048
590	3.06345074821
595	3.06345074821
600	3.06345074821
605	3.06345074821
610	3.06345074821
615	3.06345074821
620	5.02589215701
625	3.95337268215
630	3.06345074821
635	3.06345074821
640	3.06345074821
645	5.14208270703
650	3.07355295403
655	5.1016998823
660	3.06345074821
665	6.72953340011
670	3.99295277084
675	4.09218583118
680	3.06345074821
685	3.06345074821
690	3.06345074821
695	3.06345074821
700	3.06345074821
705	3.06345074821
710	3.06345074821
715	3.06345074821
720	3.06345074821
725	3.06345074821
730	3.06345074821
735	4.01343667341
740	3.06345074821
745	3.06345074821
750	3.06345074821
755	3.06345074821
760	4.82686773368
765	3.06345074821
770	3.06345074821
775	3.06345074821
780	3.06345074821
785	3.06345074821
790	3.06345074821
795	3.06345074821
800	3.06345074821
805	3.06345074821
810	3.06345074821
815	3.06345074821
820	3.06345074821
825	3.25328563449
830	3.06345074821
835	5.27087468251
840	3.06345074821
845	3.06345074821
850	3.06345074821
855	3.06345074821
860	3.37037574918
865	3.06345074821
870	3.06345074821
875	3.06345074821
880	11.7612471385
885	3.06345074821
890	7.09076736276
895	7.74392847316
900	3.06345074821
905	3.06345074821
910	3.06345074821
915	3.06345074821
920	3.06345074821
925	3.06345074821
930	4.76431130176
935	3.06345074821
940	3.75741008271
945	3.35260427815
950	3.06345074821
955	3.06345074821
960	3.06345074821
965	3.06345074821
970	3.06345074821
975	3.06345074821
980	3.06345074821
985	3.06345074821
990	3.06345074821
995	3.06345074821
1000	5.69502426755
1005	3.06345074821
1010	3.06345074821
1015	3.06345074821
1020	3.06345074821
1025	3.06345074821
1030	3.06345074821
1035	3.06345074821
1040	3.06345074821
1045	3.06345074821
1050	4.88900064423
1055	3.06345074821
1060	3.06345074821
1065	5.39322516362
1070	3.06345074821
1075	3.06345074821
1080	3.06345074821
1085	5.23272557497
1090	3.06345074821
1095	3.21018612568
1100	3.06345074821
1105	3.06345074821
1110	5.45717654685
1115	6.9190318848
1120	3.06345074821
1125	3.06345074821
1130	3.06345074821
1135	3.06345074821
1140	3.87862761709
1145	3.06345074821
1150	3.06345074821
1155	3.06345074821
1160	3.06345074821
1165	3.06345074821
1170	3.06345074821
1175	3.06345074821
1180	3.06345074821
1185	4.21893786687
1190	3.06345074821
1195	3.06345074821
1200	3.06345074821
1205	3.06345074821
1210	3.06345074821
1215	3.06345074821
1220	4.12374354927
1225	3.06345074821
1230	3.06345074821
1235	3.06345074821
1240	3.06345074821
1245	3.06345074821
1250	3.06345074821
1255	9.14106015204
1260	3.06345074821
1265	3.91353673952
1270	3.06345074821
1275	3.06345074821
1280	3.06345074821
1285	3.06345074821
1290	3.06345074821
1295	3.06345074821
1300	3.78735242803
1305	3.06345074821
1310	4.21695111795
1315	3.06345074821
1320	3.06345074821
1325	11.464096007
1330	3.06345074821
1335	3.06345074821
1340	3.06345074821
1345	3.18548188336
1350	3.34555489389
1355	3.06345074821
1360	3.06345074821
1365	3.06345074821
1370	3.06345074821
1375	3.06345074821
1380	10.180158826
1385	3.06345074821
1390	3.06345074821
1395	3.06345074821
1400	3.06345074821
1405	3.06345074821
1410	10.9352406967
1415	4.78317894711
1420	3.06345074821
1425	3.06345074821
1430	3.06345074821
1435	3.06345074821
1440	3.06345074821
1445	3.17867388457
1450	3.06345074821
1455	3.94602096649
1460	3.06345074821
1465	4.74116341406
1470	3.06345074821
1475	6.18280645207
1480	6.55919684066
1485	3.16400943692
1490	3.06345074821
1495	3.06345074821
1500	3.06345074821
1505	3.06345074821
1510	13.3201950226
1515	3.06345074821
1520	3.06345074821
1525	3.06345074821
1530	3.06345074821
1535	3.06345074821
1540	4.90470707625
1545	3.06345074821
1550	3.06345074821
1555	3.06345074821
1560	3.06345074821
1565	3.06345074821
1570	8.08911559622
1575	3.06345074821
1580	5.74172632274
1585	3.06345074821
1590	5.33897025063
1595	3.06345074821
1600	4.30486498075
1605	7.50996196927
1610	3.06345074821
1615	4.7899961392
1620	3.06345074821
1625	3.06345074821
1630	3.06345074821
1635	11.3761135914
1640	3.06345074821
1645	3.06345074821
1650	3.06345074821
1655	3.06345074821
1660	3.06345074821
1665	3.84836088099
1670	3.06345074821
1675	3.06345074821
1680	3.06345074821
1685	3.06345074821
1690	3.06345074821
1695	3.06345074821
1700	3.06345074821
1705	3.43213984989
1710	3.06345074821
1715	3.06345074821
1720	4.5847953666
1725	8.87056256318
1730	3.06345074821
1735	3.06345074821
1740	3.06345074821
1745	3.06345074821
1750	3.06345074821
1755	3.06345074821
