0	7.48184321731
5	10.938814984
10	7.95618604926
15	4.79719887515
20	8.41111800462
25	7.70797743742
30	6.4115985221
35	7.62215672813
40	3.49699474875
45	4.21311341003
50	8.11287224478
55	9.5165920732
60	4.86909130673
65	5.32840943673
70	4.97819749086
75	8.67690822797
80	8.96993953359
85	6.85797751852
90	6.62201104326
95	5.77842107128
100	3.53604206741
105	9.47672082166
110	6.89764110967
115	8.30590424839
120	8.4266641657
125	7.86952175638
130	8.27856165177
135	8.12476526053
140	6.80945935484
145	6.61424601152
150	8.59728421297
155	7.88822209235
160	5.42859710853
165	6.15986498115
170	7.19330728999
175	5.6983026715
180	5.83820824692
185	7.65918570932
190	5.92629869497
195	5.77523886847
200	8.46696614713
205	10.0241642527
210	7.46125141479
215	7.6833482711
220	8.67105617364
225	7.94815495515
230	3.49865739759
235	4.73442040957
240	6.02796366073
245	7.55644225878
250	6.21159487016
255	7.45773540658
260	4.45596530642
265	6.99295347158
270	4.74189794198
275	7.73333268884
280	10.3144575242
285	5.51404226613
290	6.59784536374
295	9.80285740791
300	7.47167305676
305	6.47590778514
310	5.898234919
315	7.43483595961
320	3.31253080809
325	9.23289303281
330	4.49143279993
335	7.55410301281
340	5.93664719945
345	5.10736813447
350	5.23510012262
355	9.43882028742
360	6.08156254027
365	7.03584999869
370	3.91161780621
375	6.21442961101
380	4.18578058109
385	6.64749401901
390	8.36605245268
395	4.74624612038
400	6.18505153435
405	6.16320715186
410	6.79400014818
415	6.83509547161
420	7.66163727454
425	5.81535684839
430	6.66103252698
435	6.27004835985
440	6.27469275027
445	6.2229155801
450	5.25967214649
455	4.36535845528
460	6.64567829742
465	6.35375268903
470	8.00900669882
475	5.26161882255
480	6.54861633559
485	6.59529304716
490	3.78334000251
495	10.1092969474
500	4.87814730285
505	7.5432476479
510	7.68353888647
515	10.1723640978
520	9.93985204443
525	7.78779913828
530	4.80520856026
535	5.14710432999
540	4.76704850836
545	6.40680885796
550	4.36962078554
555	5.99482337404
560	3.74886686834
565	8.35003465137
570	9.21210259749
575	4.45385575738
580	7.04411229808
585	5.35418722245
590	8.27419670301
595	4.68345085191
600	4.03001524632
605	6.5720988086
610	4.07999460723
615	11.2341603921
620	4.25919156248
625	7.05708329238
630	4.91514602497
635	8.25001706289
640	4.34567739065
645	2.79786191595
650	3.57151191047
655	7.79912747637
660	6.56828065174
665	10.2356603982
670	8.17607715114
675	5.98451056351
680	7.04613072416
685	8.59462170192
690	9.86058699127
695	7.96257108454
700	5.89282300014
705	5.6366802827
710	4.36458468397
715	3.10814975657
720	10.0921824821
725	7.44088724042
730	8.47242217389
735	8.09064314808
740	9.17509673251
745	8.10523957824
750	7.5561160799
755	10.2600622794
760	5.4798545724
765	9.61996506945
770	7.41701147563
775	5.68267185854
780	7.15810672982
785	3.73001125834
790	4.70531635376
795	7.76215774136
800	8.95655102011
805	7.18132800502
810	7.39044950074
815	5.5221741375
820	6.86976383643
825	10.327620226
830	5.69769878886
835	8.48954092017
840	5.22941266047
845	6.97489693628
850	8.24775874459
855	8.24040825234
860	8.40705689286
865	9.22624000304
870	6.83932479914
875	9.29206715562
880	6.25402529184
885	6.34325863481
890	5.14113096649
895	6.08152347833
900	6.04920098134
905	8.17770128111
910	9.27730264479
915	5.44264683942
920	7.43729553545
925	5.82391754631
930	6.91066323232
935	8.50593339229
940	7.78282681281
945	10.3109576375
950	7.3762080566
955	5.78250113596
960	6.72021722836
965	7.44426862203
970	8.55735996538
975	6.14101445201
980	9.16098581241
985	7.1701950355
990	9.00566533226
995	4.54174410751
1000	7.77164556272
1005	6.47651292803
1010	7.10229126964
1015	8.57602463581
1020	7.7535178613
1025	5.52503753464
1030	4.50818838946
1035	5.95273503983
1040	6.61588416817
1045	7.55898748193
1050	8.51260955173
1055	4.11772222696
1060	5.59048632648
1065	6.5022115987
1070	8.99141721111
1075	2.79786191595
1080	5.30780314384
1085	5.05537608246
1090	4.41036998307
1095	6.05932204293
1100	5.17515063614
1105	5.85834141803
1110	8.67456264753
1115	8.11787625019
1120	4.64184401397
1125	6.20428654224
1130	6.71543382932
1135	8.11896107605
1140	5.96782082496
1145	9.38526743068
1150	6.91551469081
1155	6.92616865764
1160	6.04204412779
1165	5.98637300623
1170	9.47414050777
1175	6.95911441875
1180	8.74641991626
1185	7.80842934689
1190	4.82229886745
1195	7.11051471311
1200	5.16605191779
1205	4.6994019701
1210	5.89425847587
1215	6.41885166843
1220	5.12527517335
1225	7.94870850329
1230	4.9190169385
1235	5.85426558356
1240	5.96914079583
1245	7.12792701817
1250	7.35000650816
1255	5.49247093285
1260	7.78658235428
1265	6.61338368496
1270	6.73031153649
1275	5.2159235908
1280	8.84260862166
1285	3.74071817139
1290	5.95953522117
1295	9.24622274372
1300	7.55405383462
1305	5.4950957857
1310	6.94296003709
1315	4.79552813102
1320	8.6707498709
1325	7.92286866246
1330	8.7778954491
1335	3.4125209007
1340	4.19504223939
1345	5.90218243882
1350	6.98449650975
1355	8.51854210368
1360	4.79208032346
1365	7.9645117894
1370	5.40755577941
1375	6.28260428982
1380	5.98724980858
1385	8.25742395574
1390	6.60758458371
1395	7.55950529962
1400	8.27158650141
1405	5.66116220483
1410	6.55365322029
1415	7.84222693015
1420	8.95427033382
1425	5.61022307012
1430	7.29501550639
1435	5.30133066197
1440	8.88419490649
1445	4.4074883531
1450	3.44437210107
1455	7.81394246155
1460	3.95066178944
1465	6.47118059449
1470	7.97934244722
1475	6.97271702011
1480	7.87653191645
1485	4.79474690778
1490	8.49980024083
1495	7.27999800157
1500	6.9148017995
1505	8.88454511597
1510	8.33936953372
1515	7.13621790305
1520	3.87281886697
1525	7.32232388412
1530	6.44420169526
1535	5.33589191953
1540	5.77189464513
1545	7.09942381408
1550	7.87878443293
1555	4.69032307452
1560	8.84688898422
1565	5.62909989155
1570	9.35187873022
1575	6.64274785576
1580	2.79786191595
1585	6.7419729445
1590	7.93218797044
1595	8.59955078198
1600	7.93982024591
1605	6.39488871901
1610	7.55344402106
1615	7.0664066488
1620	5.23225948026
1625	8.36088175188
1630	9.02185883261
1635	8.81895646749
1640	6.42766684008
1645	5.7456407709
1650	2.79786191595
1655	10.3559414497
1660	4.07402224981
1665	7.83585705552
1670	5.94224001207
1675	6.20043338934
1680	6.86081837026
1685	5.33472455746
1690	6.15823515029
1695	6.67963807033
1700	6.89758109917
1705	9.23818008864
1710	7.33199075049
1715	4.54500574168
1720	10.2252751272
1725	3.37912678684
1730	5.3077062244
1735	6.76434124437
1740	6.81502018003
1745	9.36845686979
1750	6.76193208964
1755	10.7010315594
1760	7.67879266643
1765	5.03983908993
1770	5.07901032278
1775	3.87221484577
1780	6.48732295602
1785	4.46785607453
1790	4.19285812468
1795	7.60172223036
1800	7.78329447152
1805	7.22803098118
1810	5.98273349613
1815	8.22878649502
1820	7.8116887215
1825	4.20257181627
1830	4.90603904052
1835	6.25853212105
1840	8.32482103564
1845	9.87104515508
1850	4.22817342784
1855	4.12758218796
1860	8.50896580921
1865	4.97822483439
1870	6.10329606874
1875	9.96551810362
1880	8.41613473932
1885	4.92446378711
1890	5.9750243546
1895	7.31107737792
1900	6.8542160752
1905	8.06306179605
1910	6.13722580729
