0	1.4272449683
5	1.76721421323
10	1.4272449683
15	1.77643350677
20	1.95854356192
25	1.4272449683
30	1.4272449683
35	2.3066210927
40	3.03958235065
45	2.56192102538
50	1.4272449683
55	1.4272449683
60	1.4272449683
65	2.2467776968
70	1.4272449683
75	1.99889124206
80	1.4272449683
85	2.61668001037
90	1.86032071758
95	1.4272449683
100	2.29193866868
105	1.4272449683
110	3.35936023584
115	1.4272449683
120	2.32365115475
125	2.1337893058
130	1.93498975461
135	3.01559649642
140	1.4272449683
145	3.13710094125
150	3.17929646854
155	2.22220738356
160	2.13679258822
165	1.4272449683
170	1.4272449683
175	2.85023534894
180	1.66774017393
185	1.4272449683
190	1.4272449683
195	3.07831529764
200	2.59155335158
205	2.3675938482
210	1.66219490131
215	1.64313028776
220	1.4272449683
225	1.8566046753
230	1.4272449683
235	1.54940209512
240	1.70228043606
245	3.13153495693
250	3.56175184949
255	1.52688712211
260	1.4272449683
265	2.03128087947
270	1.68413455119
275	1.84430386425
280	2.23928422935
285	3.5682177389
290	1.65989031673
295	3.85493313119
300	1.4272449683
305	2.12810871952
310	1.95854447093
315	1.78633568303
320	1.81234209229
325	2.58491692189
330	1.65363143936
335	1.4272449683
340	2.29553817328
345	1.46175211578
350	2.03752926013
355	1.4272449683
360	1.84976609474
365	1.76816953726
370	2.51418220097
375	2.49523586081
380	1.4272449683
385	2.4030730928
390	1.53779804005
395	1.69131206059
400	1.4272449683
405	1.84877445802
410	2.73643765935
415	2.80279586737
420	2.28063322107
425	2.23984851947
430	2.67378237907
435	1.4272449683
440	1.4272449683
445	1.4272449683
450	1.8371911353
455	2.20105328075
460	1.4272449683
465	2.92346043503
470	2.65064777495
475	1.78579223184
480	1.4272449683
485	1.4272449683
490	1.4272449683
495	1.4272449683
500	3.0365260015
505	2.39020546743
510	1.88632035457
515	1.4272449683
520	1.4272449683
525	1.44141551491
530	2.46356661216
535	1.91996798374
540	1.55880679901
545	1.46654614051
550	3.11466050277
555	2.15874488444
560	3.06656385516
565	1.93857205116
570	1.79515968094
575	1.47730375328
580	3.18585466451
585	1.4272449683
590	1.4272449683
595	3.7765778157
600	2.45274655536
605	1.4272449683
610	1.51381331248
615	3.55546387081
620	1.4272449683
625	3.49978556389
630	2.75067805167
635	1.4272449683
640	2.26635325812
645	1.4272449683
650	2.15435131807
655	3.74919118982
660	1.87799168184
665	1.94202888288
670	1.4272449683
675	1.42805593177
680	1.4272449683
685	1.70069833884
690	1.4272449683
695	3.42840718875
700	2.68248965669
705	1.74151273406
710	1.4272449683
715	1.82346780001
720	1.46910636444
725	2.56678569717
730	2.05003356474
735	1.57551818865
740	1.4272449683
745	2.22364753675
750	2.14238683929
755	2.23980408544
760	2.57446708586
765	2.95089803
770	2.6355446512
775	2.60516663574
780	1.4272449683
785	2.80655697124
790	1.4272449683
795	1.4272449683
800	1.97585671429
805	2.37890157212
810	1.50340523555
815	2.82408175912
820	1.95520619606
825	2.85132376572
830	1.44691430005
835	1.4272449683
840	1.87636406288
845	1.85305945392
850	1.63611114432
855	1.8798122512
860	1.61237140759
865	3.17660642116
870	1.4272449683
875	1.93295713857
880	1.4272449683
885	2.68684633053
890	1.4272449683
895	2.07264841132
900	3.58852491395
905	2.97736919101
910	2.22426830955
915	3.08027733843
920	2.68840571639
925	1.4272449683
930	1.84062491941
935	1.4272449683
940	1.85617149517
945	4.47745451397
950	1.4272449683
955	3.87474471279
960	1.4272449683
965	3.26561548355
970	1.4272449683
975	2.9417682975
980	1.96611330586
985	2.87642185764
990	1.4272449683
995	3.26645775522
1000	1.4272449683
1005	2.49505947051
1010	1.4272449683
1015	2.52511674817
1020	2.57483668414
1025	2.22195643275
1030	2.23219221078
1035	2.20948139515
1040	1.4272449683
1045	1.73795472828
1050	2.06580287077
1055	1.4272449683
1060	1.4272449683
1065	1.4272449683
1070	2.49531977319
1075	1.4272449683
1080	1.53154914383
1085	2.25469746891
1090	1.4272449683
1095	1.53183415637
1100	2.8188939067
1105	1.4272449683
1110	3.05748488286
1115	2.12275944962
1120	2.31107498248
1125	1.4272449683
1130	2.02639029359
1135	1.4272449683
1140	3.34464237549
1145	1.4272449683
1150	1.45047872289
1155	2.34076236109
1160	1.4272449683
1165	1.66967433177
1170	2.36351064428
1175	1.4272449683
1180	1.4272449683
1185	3.19623202144
1190	1.74047906066
1195	1.4272449683
1200	1.45504826373
1205	1.4272449683
1210	1.4272449683
1215	1.4272449683
1220	3.47778557763
1225	3.26263296091
1230	1.90272872672
1235	1.4272449683
1240	3.65900077855
1245	3.40634712908
1250	3.6301013128
1255	3.40079357424
1260	2.47635323052
1265	1.91437623724
1270	3.8886878866
1275	2.21468584448
1280	1.5810729322
1285	2.99527511547
1290	2.55464027981
1295	1.4272449683
1300	2.34590275679
1305	1.56958268395
1310	1.71872041246
1315	1.95143403291
1320	2.78669007154
1325	1.9904669985
1330	2.04608621468
1335	1.51643526325
1340	1.4272449683
1345	1.4272449683
1350	2.99651625855
1355	3.15126503833
1360	2.89001507578
1365	1.4272449683
1370	1.81294589368
1375	2.01335352975
1380	1.63904847357
1385	1.4272449683
1390	1.46901201863
1395	3.60091688364
1400	1.93804246183
1405	1.87885114585
1410	1.55418169947
1415	2.23466677178
1420	1.4272449683
1425	1.82407679877
1430	1.4272449683
1435	2.65092014284
1440	1.73818712133
1445	1.4272449683
1450	1.4272449683
1455	2.13230118126
1460	1.4272449683
1465	3.18813854375
1470	1.4272449683
1475	1.4272449683
1480	2.3653985142
1485	2.64225789794
1490	1.55041422951
1495	3.26115654684
1500	2.51683164944
1505	1.4272449683
1510	2.62963171953
1515	2.17143876704
1520	2.95391406484
1525	1.66836975638
1530	2.05106780355
1535	1.4272449683
1540	3.72643426872
1545	1.85149014831
1550	1.68152485073
1555	1.4272449683
1560	1.4272449683
1565	2.98356749101
1570	2.06706655699
1575	1.86923739329
1580	2.37096512686
1585	2.10720276604
1590	2.38983810303
1595	1.5161302829
1600	1.65948741522
1605	1.577358768
1610	2.09255031422
1615	2.01368949419
1620	1.78258984939
1625	1.44549192846
1630	1.95856362291
1635	3.25670053089
1640	1.4272449683
1645	1.4272449683
1650	1.47286773537
1655	2.46291591843
1660	1.4272449683
1665	2.10087189451
1670	1.4272449683
1675	2.15140012122
1680	2.70035985
1685	1.4272449683
1690	1.73964569636
1695	2.32021747868
1700	3.31839817937
1705	1.4272449683
1710	1.52166479044
1715	1.67321026882
1720	1.4272449683
1725	1.95480381539
1730	1.4272449683
1735	2.72989437764
1740	1.4272449683
1745	1.6661468473
1750	1.75581364878
1755	1.98443011923
1760	1.4272449683
1765	1.71669266093
1770	1.61003009172
1775	1.61751175422
1780	2.12320103766
1785	1.76505947974
1790	2.0104212945
1795	1.4272449683
1800	3.37871090999
1805	3.91316453551
1810	4.26823467345
1815	1.72659167457
1820	1.4272449683
1825	1.54328255416
1830	1.53924923998
1835	1.4272449683
1840	1.91204027517
1845	2.95374030029
1850	1.4272449683
1855	2.88638666349
1860	2.01411830573
1865	1.4272449683
1870	1.4272449683
1875	1.52031105902
1880	1.56217699703
1885	4.86695225255
1890	1.43381314147
1895	2.26534353993
1900	1.83575211699
1905	1.4272449683
1910	1.44922319833
1915	1.46987361601
1920	2.37177622986
