0	4.83892996118
5	9.16672446896
10	3.19206543101
15	8.89332538424
20	7.13243006188
25	4.51067126517
30	4.01980235784
35	8.15679348422
40	10.1567231125
45	6.83404513046
50	10.0426005479
55	5.9528145357
60	10.309174498
65	5.18298939152
70	6.5050090467
75	8.9212054125
80	7.5068119368
85	7.56327515768
90	9.11509619603
95	9.15706902308
100	7.13852361659
105	4.92730906265
110	3.92488836221
115	10.5451966477
120	9.07775289893
125	2.78629423495
130	4.62819594619
135	6.03636009974
140	3.95604324139
145	2.78629423495
150	5.08577805355
155	4.25342201937
160	3.01641715378
165	4.15412580452
170	4.62325814931
175	4.75554390051
180	11.8532023588
185	6.76627045372
190	3.86313707169
195	3.36232398569
200	10.9065277534
205	6.97220972581
210	7.17572686298
215	10.9590637849
220	8.35090720894
225	5.54383150245
230	5.10829438173
235	10.4243232714
240	8.662431713
245	10.2208612741
250	11.2630981205
255	9.61217143058
260	2.78629423495
265	7.74357291836
270	2.78629423495
275	5.71782875264
280	3.022055109
285	5.86149101297
290	4.50901063901
295	10.7734078125
300	7.59348225808
305	4.31796266148
310	7.24347383943
315	11.7758058534
320	7.69849104805
325	3.34543317204
330	2.96886776901
335	8.68016565798
340	7.08004555724
345	9.7671143253
350	8.52467033921
355	4.66256123726
360	9.72067031984
365	5.44291293488
370	10.0937990776
375	6.86368007214
380	11.1626865567
385	4.01742816671
390	6.68274767979
395	4.1210898316
400	10.8700917164
405	4.90333047781
410	9.7420181501
415	5.94038907176
420	10.6719085138
425	8.83817089932
430	4.29694773637
435	7.36831527279
440	4.80781731551
445	4.35909293098
450	5.24991713509
455	9.20631364444
460	9.34395585134
465	6.55814889258
470	3.85509787765
475	5.00702497571
480	8.2364512484
485	7.02090573005
490	7.24726583692
495	8.91771764848
500	10.4519125425
505	6.51172480766
510	9.87052170692
515	7.17912336602
520	8.68063899834
525	2.78629423495
530	2.78629423495
535	7.35703607268
540	6.59885467899
545	7.28529286001
550	7.45233799015
555	7.11201328411
560	9.5759463078
565	4.66246356288
570	3.48974061382
575	7.33149792987
580	5.32369923977
585	6.67688736323
590	4.12486226812
595	6.06442639296
600	5.34118797393
605	3.16111153523
610	4.26526660168
615	8.60938198909
620	4.57954916766
625	6.62863044621
630	3.00172717347
635	8.16647670112
640	7.6336386004
645	12.1692060259
650	7.79897171074
655	4.4137587879
660	5.60834371303
665	3.63920948987
670	10.7300302613
675	5.53192011747
680	8.43479781229
685	2.78629423495
690	8.85235948936
695	5.65859760793
700	5.31216928768
705	4.6424845094
710	2.96970569117
715	3.91956468176
720	6.81584316826
725	7.31922869209
730	5.1810323794
735	3.55348120492
740	9.0203446248
745	4.05422673163
750	5.7410624393
755	7.91703069867
760	5.63111515517
765	5.43978867391
770	5.03559805353
775	4.82775562927
780	9.66205410766
785	5.19214596754
790	5.96945097422
795	8.26911579998
800	4.62429464763
805	6.43664982273
810	6.024858296
815	10.5590777845
820	3.78446876047
825	4.50732095361
830	7.28575121432
835	5.44181255611
840	11.076729706
845	3.67066424657
850	6.70131030168
855	5.06283065883
860	2.83243366872
865	10.2204819571
870	7.50876980206
875	7.17124549606
880	5.06952500553
885	4.84497496907
890	3.62786852673
895	11.5567280055
900	8.76475925513
905	9.6685741414
910	6.8518590925
915	11.9806723722
920	4.67643694965
925	6.90042451636
930	7.08411779344
935	5.52018008394
940	5.65061824249
945	7.72525761272
950	10.6841261957
955	2.78629423495
960	7.62480538633
965	7.65390835742
970	7.39102267682
975	11.1272136855
980	8.40462878159
985	9.21417458642
990	3.79544090738
995	5.38776278639
1000	5.43336418059
1005	5.00867604676
1010	5.21647416652
1015	8.04427354232
1020	12.6662373647
1025	5.66899214707
1030	5.14600454605
1035	2.78629423495
1040	4.71949266056
1045	8.81286906436
1050	5.37212824783
1055	5.56346645196
1060	6.86786740338
1065	5.44307003751
1070	10.3006910616
1075	3.65205954845
1080	6.95773410068
1085	2.78629423495
1090	3.86271861982
1095	4.44244986259
1100	7.12734130543
1105	7.32584386198
1110	2.78629423495
1115	8.78698312436
1120	10.7415705264
1125	8.99829029287
1130	9.28777884455
1135	2.78629423495
1140	4.97847539808
1145	6.0524379146
1150	4.52505789455
1155	8.85596587653
1160	8.30401475395
1165	4.68874702669
1170	7.30900232665
1175	5.38993858789
1180	2.91306228673
1185	11.3752037234
1190	3.8377044893
1195	5.10993723501
1200	11.3707639425
1205	4.9777545522
1210	8.03487357028
1215	7.65644454604
1220	5.42066834158
1225	9.42955067646
1230	7.28472946934
1235	3.95397415556
1240	11.1756318437
1245	6.36370137137
1250	9.21372639552
1255	4.58445399197
1260	7.38812056201
1265	3.76600003452
1270	5.60116891377
1275	4.61153421198
1280	4.38430669379
1285	4.54358261136
1290	9.69577637854
1295	11.0991443681
1300	9.52275675392
1305	3.11203768274
1310	4.38605772461
1315	6.42205976355
1320	7.66261627703
1325	4.68135393213
1330	7.15120638837
1335	9.84198060112
1340	7.83187009953
1345	5.98710820602
1350	5.62011574397
1355	3.42041104636
1360	5.11915148695
1365	5.82956085817
1370	2.95119558997
1375	6.56363510968
1380	5.85470104265
1385	7.9759670893
1390	2.88343907832
1395	13.0106071348
1400	11.0017913464
1405	3.50649840005
1410	5.93075672792
1415	12.1696210112
1420	3.12391168579
1425	5.2722748654
1430	2.78629423495
1435	5.29603850589
1440	4.41990322474
1445	7.51667686948
1450	7.61405964608
1455	6.97735174082
1460	6.20205087591
1465	8.30775482889
1470	6.67889099424
1475	10.3298281884
1480	8.12513326428
1485	4.09157098076
1490	4.96492541914
1495	9.40305045596
1500	4.77231106609
1505	6.62306913986
1510	10.1572547569
1515	2.78629423495
1520	8.50772005053
1525	11.5619234111
1530	6.19330164739
1535	4.53524336773
1540	4.17292704106
1545	8.74734673811
1550	7.16980157089
1555	7.25562947999
1560	8.49490299986
1565	10.7016826776
1570	10.7121843029
1575	7.05504173413
1580	2.78629423495
1585	6.84162060873
1590	9.0595846301
1595	5.0833952762
1600	2.78629423495
1605	8.4827468227
1610	5.54756868913
1615	2.78629423495
1620	6.18132155607
1625	7.01319453737
1630	4.59367787625
1635	10.2068783968
1640	2.78629423495
1645	5.66913462823
1650	5.93448671088
1655	6.38974170757
1660	5.11917973722
1665	2.78629423495
1670	9.42095695769
1675	9.75088517439
1680	6.50527855351
1685	3.08897755133
1690	6.85138667704
1695	7.08087594323
1700	5.21275134154
1705	4.19386452388
1710	7.61918633192
1715	8.07067024012
1720	6.57765791053
1725	5.14598984775
1730	9.46223171917
1735	5.83750449072
1740	3.29307779
1745	6.0573454037
1750	6.82372239131
1755	3.46910219729
1760	6.04595780622
1765	5.586295525
1770	5.76309494433
1775	4.30254464087
1780	9.50201144181
1785	2.78629423495
1790	5.56301915807
1795	7.72927136056
1800	5.18747461801
1805	5.96374833611
1810	9.29426467936
