0	7.47607750346
5	3.506387761
10	9.16309987735
15	8.5985033561
20	6.79219271322
25	6.50037289614
30	8.66976304969
35	8.30200531225
40	5.88045289492
45	6.65250221001
50	8.66479829732
55	4.50242282098
60	8.71167303483
65	8.62997379685
70	8.78166346105
75	7.59948394465
80	7.00848834114
85	9.13216340969
90	10.6093504416
95	8.32644409649
100	9.58436481224
105	10.2843215129
110	5.30165993496
115	3.36702350087
120	7.98419276933
125	9.17792238034
130	9.7525940016
135	10.6275392842
140	11.1871382188
145	9.38331800985
150	8.61209976433
155	10.2774934077
160	10.404150558
165	9.25520844016
170	5.01113381934
175	9.6979415206
180	6.95723125795
185	7.07981555888
190	7.31560904066
195	10.4781922333
200	10.8925748109
205	8.70829115321
210	5.34323334767
215	7.88316876354
220	7.73711345334
225	8.96699157582
230	8.75105073999
235	7.87711309611
240	9.54320592596
245	6.41461695286
250	8.08886291226
255	5.19778318933
260	8.33596126496
265	7.90145023929
270	8.91983684354
275	7.26051776305
280	9.8891423248
285	9.91098324323
290	9.08539945659
295	7.12511083405
300	10.0118831957
305	9.04923280371
310	10.2890358451
315	10.4874280009
320	10.923813704
325	10.3196286415
330	3.66521865153
335	8.76154772258
340	9.30762703806
345	9.85123469031
350	9.33244186737
355	8.1368424342
360	3.92539725341
365	9.06886277638
370	8.71223373953
375	9.1026119259
380	4.8363325162
385	8.55702971521
390	10.9814133111
395	8.95646947584
400	10.6361587414
405	7.35446164126
410	8.49678457941
415	8.25111854129
420	8.38965140683
425	9.6502667743
430	6.08317605343
435	9.37162083237
440	10.1071585002
445	6.96481028781
450	10.2041226688
455	9.56877788307
460	5.1154714772
465	9.0994048222
470	6.67510314177
475	4.38035408085
480	8.59483971042
485	9.74810976842
490	5.67711801124
495	8.21619794877
500	7.87350616052
505	5.41196317666
510	7.12020385024
515	6.31099234499
520	6.82303399574
525	9.76238577997
530	8.40139518398
535	9.88538698718
540	9.86075212755
545	8.42246370138
550	6.94801106085
555	8.42144743979
560	9.00991221799
565	6.71076776564
570	8.39772964528
575	6.57056923505
580	8.9209776784
585	10.1935920281
590	9.86428676456
595	10.6441405993
600	9.55017014736
605	8.2197074394
610	10.8278389557
615	5.9633718537
620	6.54592065816
625	7.39261393334
630	8.0598981682
635	7.8267276707
640	11.082925829
645	11.2030073884
650	10.5378364977
655	9.99096969285
660	6.87267364626
665	8.31624153507
670	6.0027019086
675	4.87104611214
680	8.53090143006
685	5.85862517488
690	10.2910148225
695	8.78572693045
700	9.06262229623
705	8.90001622078
710	8.75989044476
715	9.09727267968
720	9.38000577759
725	7.12028475749
730	8.76978323673
735	5.90803285793
740	11.1013629341
745	6.96589362526
750	8.46883182748
755	8.88607774755
760	9.4695619011
765	10.9344956439
770	8.4365580768
775	5.829789343
780	8.64498956585
785	9.79190220772
790	9.84508156892
795	9.31440518654
800	9.27563602301
805	9.51512532068
810	8.91239431126
815	9.69851081414
820	10.3584953667
825	7.95293965513
830	9.62394403706
835	9.63497213694
840	10.871468574
845	10.2441005726
850	5.50253375523
855	8.18022004806
860	10.4141342892
865	8.94184476313
870	10.6739704254
875	5.57119904851
880	6.48253121766
885	7.9428634123
890	7.79942489167
895	7.62429573021
900	7.92235325594
905	8.61780797431
910	7.49152637588
915	8.8757912049
920	9.82004416866
925	6.47733344615
930	9.05641444189
935	7.91457222815
940	6.30923319053
945	7.88685123127
950	10.2616682121
955	9.68599765203
960	11.3366979759
965	8.49221600027
970	4.85209639293
975	4.21922637067
980	10.0317782732
985	6.36393793197
990	7.40138728841
995	6.21999592874
1000	8.67908941793
1005	9.7776603287
1010	11.3562416508
1015	9.1510832954
1020	7.06283593803
1025	6.65243679622
1030	8.83540120582
1035	4.32748238683
1040	7.85023253954
1045	11.2037167922
1050	9.41218740774
1055	9.66999947575
1060	11.0556195938
1065	9.9264241037
1070	8.409161253
1075	6.99986639624
1080	8.10688082681
1085	9.18042845372
1090	9.07094223158
1095	9.15929778893
1100	6.58772347699
1105	10.2581842134
1110	6.56749742903
1115	8.55085052624
1120	6.46973515606
1125	9.90098241169
1130	10.3902308014
1135	8.431841546
1140	8.39989672898
1145	7.1276578918
1150	5.18075035467
1155	9.17396133656
1160	9.92426715086
1165	7.57272460212
1170	8.83329529427
1175	4.55320286897
1180	9.46367876107
1185	9.26307748749
1190	8.0695438817
1195	7.73961021578
1200	9.0459979175
1205	7.30887494731
1210	7.41351740045
1215	6.04606834191
1220	6.92649266639
1225	8.74490220906
1230	10.59693496
1235	11.2425844537
1240	9.50517268257
1245	6.48147282829
1250	7.08483041831
1255	9.04673415009
1260	9.3758711516
1265	4.2931002103
1270	8.20284288266
1275	10.1946715326
1280	8.14080245801
1285	6.14589532995
1290	9.20713055039
1295	8.18112518971
1300	10.55601664
1305	10.6096647783
1310	8.78924707584
1315	7.30909680747
1320	10.0042923447
1325	6.78755614547
1330	10.1162909263
1335	10.8225971323
1340	10.5950249178
1345	8.13870527268
1350	9.09488782058
1355	9.88716385102
1360	8.81255625449
1365	8.05795017708
1370	8.12914943819
1375	8.05977812447
1380	6.96773383961
1385	9.88359569146
1390	5.02255287608
1395	6.31856547499
1400	10.1145391178
1405	10.9088342957
1410	8.74902703873
1415	10.975720361
1420	9.57061149472
1425	10.4754881036
1430	5.40333566389
1435	9.24927286922
1440	7.667392166
1445	10.0023707714
1450	4.22763181287
1455	5.90620529899
1460	6.93088045637
1465	9.01880746054
1470	6.07299801765
1475	8.28444647631
1480	8.19514471934
1485	8.42216670306
1490	4.74891470942
1495	9.5512419399
1500	7.13509239433
1505	9.17249484617
1510	9.03944327956
1515	5.03227785311
1520	9.57311253663
1525	10.0030321099
1530	9.86541598287
1535	10.6102767143
1540	10.6670442707
1545	6.8322094638
1550	8.97570085327
1555	9.19622395883
1560	5.70623191174
1565	10.1714960612
1570	8.78464090398
1575	8.97558203072
1580	8.73282570269
1585	7.14351079227
1590	9.99924435499
1595	8.73440878546
1600	9.67039339437
1605	9.25760970813
1610	8.21089253401
1615	7.7048640007
1620	9.64516384286
1625	8.15535008441
1630	9.36222590984
1635	5.16012155089
1640	4.96193514751
1645	10.1324730487
1650	9.41409967933
1655	6.19735451415
1660	9.95328759587
1665	7.81864934446
1670	7.13278570819
1675	6.40604602306
1680	8.7474973679
1685	9.58608347687
1690	8.30644799981
1695	6.87110384311
1700	7.25074628664
1705	10.4437260401
1710	10.8018466469
1715	9.38904060355
1720	10.0861588539
1725	11.0288753475
1730	6.86232210331
1735	9.542775111
1740	10.0872925785
1745	7.65663327246
1750	8.25133505066
1755	6.58852875155
1760	9.58855556166
1765	10.0306185067
1770	9.90690829201
1775	8.73628493406
1780	4.73787617863
1785	7.88364160852
1790	9.78838074423
1795	8.93109981793
1800	8.20067659622
1805	9.65771545788
1810	6.94750481419
1815	8.91016295056
1820	10.1732253171
1825	8.20374785706
1830	7.26246864887
1835	9.02347478745
1840	7.12043226109
1845	8.22604290647
1850	10.6368160416
1855	9.17915112364
1860	6.58433925207
1865	8.80570201772
1870	9.55959488235
1875	7.42922256975
1880	6.39529705163
1885	8.41380282029
1890	9.41169576983
1895	9.89424824301
1900	6.65721796902
1905	5.35080930887
1910	10.3738456186
1915	11.1840322553
1920	7.10550472333
1925	7.10146246289
1930	7.09841393462
1935	9.89061775042
1940	9.34301012386
