0	3.12813640078
5	2.86769213407
10	2.67212311515
15	1.98578210608
20	2.16331813725
25	2.52781494611
30	3.3819291979
35	3.08009786426
40	2.81471420491
45	3.49910291511
50	2.63926956266
55	3.04096807402
60	2.62633636178
65	3.06663825929
70	2.67162860963
75	2.98059935065
80	2.93357417228
85	2.96636818658
90	2.98263503995
95	3.32824653195
100	3.11494667936
105	2.84018507746
110	3.28733466036
115	3.2141195026
120	2.70632127355
125	2.98252976159
130	3.00539344254
135	2.06349298525
140	3.47433653638
145	2.53191437227
150	3.18258665206
155	2.42647236377
160	2.72619586014
165	3.14597625219
170	2.5947936019
175	3.04766689418
180	2.91080867901
185	2.81687108072
190	3.31127466721
195	2.70493539656
200	2.78079642252
205	3.15590579723
210	3.41331669657
215	2.9517897493
220	3.06826255276
225	2.9173953084
230	2.56706557427
235	2.78560775531
240	1.79506982095
245	3.10580358396
250	2.8497088705
255	2.13404508006
260	2.87527725548
265	2.72643367623
270	3.44528769181
275	2.3880307659
280	3.03924736999
285	3.14706849895
290	3.13837407883
295	3.07236336387
300	2.58488396369
305	2.96650888295
310	2.87728591299
315	2.38263912098
320	2.54964993954
325	2.58086613439
330	2.58694128221
335	2.31998184403
340	2.96836965032
345	2.70556806225
350	3.13294848103
355	2.84902186534
360	3.34217298883
365	3.37933767753
370	2.33478916383
375	2.31971543816
380	2.56275710452
385	2.82705737221
390	3.21957240413
395	3.22347949082
400	3.21084485654
405	2.87754920107
410	2.44444345169
415	2.81138003406
420	2.15389599956
425	2.04922717329
430	2.79270548326
435	3.49114899422
440	2.65847785893
445	2.8824832399
450	3.31731740679
455	3.02560637567
460	2.86702536256
465	2.0687430322
470	1.95595575486
475	2.44658223461
480	2.73803286775
485	2.30949742334
490	3.16275677097
495	3.28946351878
500	3.30852961045
505	3.11460033311
510	2.82729891784
515	3.22580129676
520	3.52040734966
525	3.44892126821
530	2.59288859652
535	3.26514947227
540	2.54194586273
545	2.48776183243
550	2.58959100275
555	2.25857000992
560	2.88778024477
565	1.95398606699
570	2.55389835996
575	2.96005320445
580	2.95473286904
585	2.34758363285
590	3.51070685098
595	2.49290014926
600	2.62226858489
605	2.64973956948
610	2.5980580793
615	3.29960738284
620	2.38653115739
625	2.92399164179
630	3.10051042386
635	2.43261907366
640	2.93224130606
645	2.78658955053
650	2.72771848813
655	2.31417046924
660	2.57365432534
665	2.62428734709
670	3.14201902562
675	2.94107900961
680	2.7733724595
685	3.05282598806
690	2.71194424602
695	1.96168742421
700	2.22462430365
705	2.817720573
710	1.43629657666
715	3.14771099244
720	2.84305249589
725	3.04064497394
730	2.42256974569
735	2.515503822
740	2.21822090959
745	2.40984182162
750	2.75967039138
755	3.41947205908
760	2.46768546463
765	3.09473764554
770	2.76148537862
775	3.14237988051
780	2.84022956219
785	2.90909939673
790	2.65864856619
795	2.88027941657
800	2.88633063575
805	2.52773426994
810	2.73954204017
815	2.91264523646
820	2.74048200748
825	3.24211333813
830	2.71000891994
835	3.37326402288
840	2.83891178217
845	3.28193807114
850	3.36019115655
855	2.71120660173
860	2.90298248393
865	2.84236171282
870	1.96787743417
875	2.30219899072
880	2.75651704756
885	3.41057414518
890	3.19848557167
895	2.48336773259
900	2.52074957004
905	3.03751829203
910	3.19874744535
915	3.34088036526
920	2.82221012888
925	3.10080771293
930	3.00343487489
935	1.77136817583
940	2.62382369764
945	2.97454720569
950	3.11510453059
955	3.27782864336
960	2.91612796423
965	3.0745091851
970	2.41179559603
975	2.94593296068
980	2.128079043
985	2.97743285807
990	2.88854600933
995	3.1017716027
1000	3.08845661421
1005	2.47203473091
1010	2.49678409078
1015	3.13359631516
1020	2.49996489204
1025	2.5804698219
1030	2.92543182754
1035	2.85509755094
1040	2.37137265161
1045	3.04436311218
1050	2.21791518301
1055	2.61936596249
1060	2.05678487047
1065	3.28881325788
1070	3.04940201708
1075	1.92092990037
1080	2.95525882206
1085	2.69102739157
1090	3.40772987764
1095	1.99902891467
1100	3.21978145774
1105	3.40237201342
1110	1.57976310713
1115	2.06412033412
1120	3.16853130149
1125	2.77368825008
1130	2.45490862742
1135	2.85608329835
1140	2.23585238361
1145	2.88154134886
1150	2.82874295687
1155	3.05354846452
1160	3.04226162283
1165	1.74518875139
1170	2.52108385283
1175	2.93355661137
1180	2.3137929236
1185	3.55310823424
1190	2.62809978242
1195	3.05413852345
1200	3.43762028543
1205	2.87623403414
1210	3.03082306766
1215	2.70299288609
1220	3.05826269653
1225	2.92035337937
1230	3.11791219245
1235	3.03965511875
1240	3.29181600379
1245	2.20223398928
1250	3.08812904869
1255	3.07159377187
1260	3.14917774076
1265	2.55861134264
1270	2.99908608882
1275	2.32442335241
1280	1.93583596095
1285	3.48531489606
1290	2.22995291226
1295	2.22979542971
1300	2.83759604954
1305	3.41272095339
1310	3.08937574853
1315	2.73085932476
1320	3.41262507135
1325	2.76468866015
1330	2.91824523711
1335	2.90689408969
1340	3.19922532571
1345	1.86489829068
1350	3.36378208612
1355	2.82170376121
1360	2.84860789362
1365	2.96683138221
1370	3.01056624166
1375	3.1233299223
1380	3.52196212417
1385	3.21519402075
1390	2.49791649734
1395	2.68145991159
1400	3.35876791368
1405	2.45264589904
1410	2.97047788572
1415	2.58371949577
1420	3.09420372214
1425	2.7452352566
1430	2.32204488808
1435	3.04027833065
1440	2.71957009339
1445	3.34330988199
1450	3.16719305194
1455	3.15772933265
1460	3.34262410372
1465	2.95096805729
1470	2.41864934482
1475	2.3650103409
1480	2.54631534006
1485	2.84879157515
1490	2.30348514481
1495	2.97168615687
1500	2.35895792632
1505	2.49575901707
1510	3.1578601116
1515	3.02581894905
1520	3.42482392787
1525	2.33518949519
1530	2.27887028446
1535	3.23085861175
1540	2.4775122119
1545	2.85426051404
