0	0.574120864611
5	0.868180629963
10	0.574120864611
15	0.585182117352
20	1.07059643009
25	0.574120864611
30	0.574120864611
35	0.646192862272
40	0.574120864611
45	0.574120864611
50	0.574120864611
55	0.695522276316
60	0.574120864611
65	0.574120864611
70	0.574120864611
75	1.85018566037
80	0.574120864611
85	0.574120864611
90	0.836729072782
95	0.574120864611
100	1.12708470226
105	0.753570943976
110	1.4957753718
115	0.79615649378
120	0.698085935411
125	0.583943180193
130	0.574120864611
135	0.574120864611
140	0.646759759499
145	0.574120864611
150	0.574120864611
155	0.574120864611
160	0.695444808144
165	0.662525389166
170	0.578233068625
175	1.06452123378
180	0.99088094412
185	0.694349453128
190	0.615082846567
195	0.574120864611
200	0.574120864611
205	0.761852203073
210	0.61530988595
215	0.923116267162
220	0.574120864611
225	0.574120864611
230	0.574120864611
235	1.23343957176
240	0.574120864611
245	0.848806518338
250	0.574120864611
255	0.667436044025
260	0.574120864611
265	0.993723763863
270	0.574120864611
275	0.71897616146
280	0.574120864611
285	2.05910046
290	0.574120864611
295	0.799112718888
300	0.574120864611
305	0.574120864611
310	1.61333183596
315	0.574120864611
320	0.574120864611
325	1.03854713307
330	0.574120864611
335	0.975724085519
340	0.574120864611
345	0.784278112188
350	0.653751745203
355	0.806591468375
360	0.921794430795
365	1.34041382291
370	1.19141406916
375	0.815106731629
380	0.651599728207
385	0.736231563416
390	0.574120864611
395	1.06688839504
400	0.574120864611
405	0.574120864611
410	0.574120864611
415	1.38954587408
420	0.684973167028
425	0.574120864611
430	0.816224472721
435	0.678853978684
440	0.574120864611
445	0.947811214106
450	0.632120536026
455	0.935565611962
460	0.733592470579
465	0.980278288529
470	0.574120864611
475	0.574120864611
480	1.23733078228
485	1.19128976408
490	0.735435813422
495	0.843333335741
500	0.574120864611
505	0.574120864611
510	0.676571411597
515	0.975308140451
520	0.574120864611
525	0.574120864611
530	0.607770688267
535	0.986938716155
540	0.574120864611
545	0.574120864611
550	0.867393869375
555	0.723038377796
560	0.574120864611
565	0.574120864611
570	0.574120864611
575	0.658938993913
580	0.574120864611
585	0.574120864611
590	0.8463339181
595	0.800652338006
600	0.574120864611
605	0.574120864611
610	0.574120864611
615	0.694461864926
620	0.711747827799
625	1.08220722112
630	0.574120864611
635	0.73911605376
640	0.64001409088
645	0.574120864611
650	0.581176880699
655	0.876603426333
660	0.727197652904
665	0.907678559528
670	0.688088181256
675	1.32006278032
680	0.574120864611
685	1.0585256816
690	0.574120864611
695	0.861628480312
700	0.574120864611
705	0.574120864611
710	0.574120864611
715	1.06820706122
720	0.956707277554
725	0.574120864611
730	1.1148062172
735	0.574120864611
740	0.612378905571
745	0.574120864611
750	0.574120864611
755	0.574120864611
760	0.658247299074
765	0.994347400942
770	1.26881487813
775	0.574120864611
780	0.78534273016
785	0.683167851178
790	0.868463410456
795	0.574120864611
800	0.574120864611
805	0.574120864611
810	0.901516079495
815	0.574120864611
820	1.21930070652
825	0.574120864611
830	0.574120864611
835	0.574120864611
840	0.574120864611
845	0.574120864611
850	0.574120864611
855	1.09411092376
860	0.574120864611
865	0.574120864611
870	0.576961665168
875	0.847701527195
880	0.574120864611
885	1.30798611262
890	0.574120864611
895	0.574120864611
900	0.719824750749
905	0.574120864611
910	0.574120864611
915	1.3243765329
920	0.931239053094
925	0.574120864611
930	0.764722067964
935	1.28403290391
940	0.66698000392
945	1.01086634373
950	0.574120864611
955	0.611565977612
960	1.48543658298
965	0.931068568223
970	0.887444609373
975	0.77409906665
980	1.05776635491
985	0.628980415274
990	0.58901245008
995	0.574120864611
1000	0.574120864611
1005	1.14337666795
1010	0.574120864611
1015	0.574120864611
1020	0.574120864611
1025	1.35259374563
1030	0.871660916656
1035	1.39099790177
1040	0.582509410032
1045	0.893757595433
1050	1.27236667812
1055	0.620292633368
1060	0.863274124486
1065	0.574120864611
1070	0.574120864611
1075	0.574120864611
1080	0.574120864611
1085	0.574120864611
1090	0.811473639111
1095	0.698512743825
1100	1.06273201501
1105	0.624658292635
1110	0.770201547074
1115	0.574120864611
1120	0.636062690099
1125	0.885082263144
1130	0.574120864611
1135	0.980725554204
1140	0.688934442788
1145	0.574120864611
1150	0.80307866458
1155	0.574120864611
1160	0.574120864611
1165	0.812627797516
1170	0.771234527567
1175	0.574120864611
1180	0.827832177001
1185	0.574120864611
1190	0.840872487844
1195	1.01448883819
1200	1.07846661523
1205	0.574120864611
1210	1.53764165143
1215	0.803283681167
1220	0.574120864611
1225	1.51624510865
1230	0.948015074902
1235	0.651572206435
1240	0.574120864611
1245	0.609769570764
1250	0.822423473477
1255	0.574120864611
1260	0.634082890229
1265	0.62777754748
1270	0.574120864611
1275	0.574120864611
1280	0.888919298769
1285	0.60637312142
1290	0.740618519811
1295	0.574120864611
1300	0.633313333495
1305	0.574120864611
1310	0.574120864611
1315	0.574120864611
1320	0.574120864611
1325	1.09247638421
1330	0.919262315231
1335	0.795177971071
1340	0.574120864611
1345	0.574120864611
1350	0.574120864611
1355	0.607845210129
1360	0.603141957123
1365	0.954385810644
1370	0.776795794967
1375	0.647183205231
1380	0.689689346909
1385	0.574120864611
1390	0.574120864611
1395	1.15851543105
1400	0.837855422339
1405	0.574120864611
1410	0.574120864611
1415	0.581795147355
1420	0.988927283596
1425	1.21776227632
1430	0.574120864611
1435	0.582506029282
1440	1.09784978528
1445	0.574120864611
1450	0.574120864611
1455	0.574120864611
1460	0.680059203888
1465	0.574120864611
1470	0.574120864611
1475	1.45369702689
1480	0.574120864611
1485	0.621678764172
1490	0.574120864611
1495	1.08596595641
1500	0.574120864611
1505	0.574120864611
1510	0.574120864611
1515	0.955263528821
1520	0.574120864611
1525	0.574120864611
1530	0.849826214735
1535	0.574120864611
1540	0.574120864611
1545	0.574120864611
1550	0.574120864611
1555	0.6800518628
1560	0.574120864611
1565	0.574120864611
1570	0.574120864611
1575	0.574120864611
1580	0.574120864611
1585	1.2656972329
1590	0.586744769841
1595	1.14418838654
1600	0.716648374752
1605	0.736032917861
1610	1.25063073701
1615	1.2168613922
1620	0.904230069738
1625	0.670831954859
1630	0.581105944196
1635	0.824056542694
1640	0.574120864611
1645	1.34104655349
1650	0.574120864611
1655	0.716194704982
1660	1.24129151674
1665	0.574120864611
1670	1.1642571648
1675	0.62133602434
1680	0.951344701465
1685	0.574120864611
1690	0.596499161653
1695	0.693990499049
1700	0.666109431552
1705	1.08675523903
1710	0.927361061633
1715	0.753453247033
1720	0.815501291024
1725	0.631094675399
1730	0.574120864611
1735	0.574120864611
1740	1.03136705171
1745	0.574120864611
1750	1.33892840416
1755	0.694881704181
1760	0.574120864611
1765	1.23704443107
1770	0.983850974471
1775	0.574120864611
1780	0.658825348373
1785	0.625570809417
1790	0.574120864611
1795	1.14392162926
1800	0.574120864611
1805	0.574120864611
1810	0.574120864611
1815	0.574120864611
1820	0.574120864611
1825	0.574120864611
1830	0.574120864611
1835	1.11395357598
1840	0.574120864611
1845	0.964098789089
1850	0.702772084916
