0	6.22436539242
5	5.7626260366
10	4.13876741784
15	5.08343375585
20	3.13239254434
25	5.61578834693
30	2.95052184106
35	5.45082039779
40	6.19336003652
45	7.54362870122
50	4.7631886785
55	4.12417590341
60	2.71324175928
65	5.10807303717
70	5.00168120478
75	7.74153756164
80	3.70819363275
85	3.72509892373
90	3.72991395835
95	3.25945597816
100	6.95195099301
105	4.56879407643
110	6.15283497345
115	4.77438325013
120	6.48241044688
125	5.84203594832
130	4.47234399071
135	7.66618939787
140	2.05375199395
145	2.27634321256
150	5.42316330419
155	7.17755546477
160	5.47321490892
165	2.27772350416
170	4.12378692408
175	2.05375199395
180	2.50212386375
185	4.01667149073
190	5.9047258604
195	4.09229530707
200	2.08764811507
205	4.1039783409
210	5.84931220684
215	5.43507018378
220	7.54696739967
225	3.36949958684
230	4.05195957929
235	4.55112732362
240	3.5590051608
245	4.13219761814
250	5.68532364107
255	2.35589524056
260	4.85189864631
265	6.0502727238
270	3.99718522188
275	3.14223354901
280	5.07000667839
285	5.62154128462
290	3.73376466786
295	3.11221722806
300	6.00793924244
305	5.34181134417
310	5.31677347911
315	5.37144668143
320	5.10602527268
325	8.60814048174
330	6.02074224161
335	6.36199233332
340	6.26150834601
345	6.61463529949
350	5.7771205369
355	3.88520259569
360	5.05334528575
365	5.56875755709
370	3.58468076055
375	4.58341366443
380	6.52345978792
385	3.96743942168
390	6.70143071634
395	6.46454252385
400	5.16405797408
405	2.55867320646
410	5.24029881181
415	4.47470874351
420	5.51129692285
425	3.76707900219
430	4.45708549659
435	5.47403028576
440	5.38417445414
445	8.00757596739
450	5.23581378408
455	4.81733264985
460	7.24543081413
465	5.22630213125
470	5.79892654935
475	5.19761397299
480	3.41702474621
485	2.05375199395
490	5.46309376804
495	6.21206437315
500	5.06407034434
505	2.58298366378
510	4.27007849508
515	3.55003593537
520	4.45410877295
525	2.05375199395
530	8.60053213231
535	3.73182831731
540	5.95394411659
545	4.10412420048
550	4.49632681207
555	5.99598772422
560	7.69624413961
565	4.86736619829
570	4.19058251307
575	6.47580546152
580	7.7310213741
585	4.27228865929
590	3.75548135688
595	4.99953708612
600	6.49846484669
605	3.28537421315
610	2.87302507533
615	6.25480304789
620	3.60152034777
625	3.3678813695
630	4.92117285967
635	4.26819368222
640	3.74193149117
645	3.51587043855
650	4.66163393641
655	6.38469921673
660	5.47307093595
665	7.38111966561
670	5.91766817924
675	8.4862502884
680	7.98297999132
685	2.97300528083
690	4.50567036443
695	5.31000780895
700	4.71261133882
705	9.40592731078
710	4.88975137555
715	2.05375199395
720	6.1628706662
725	4.81720586928
730	2.41265002188
735	4.43125847036
740	5.57864439394
745	3.9252829014
750	3.4016961248
755	3.75304755486
760	3.96317432938
765	4.86070122611
770	6.98270035605
775	4.66779522519
780	6.21098376797
785	3.16500382302
790	3.66089069166
795	3.34380681419
800	5.84896279751
805	6.68951106805
810	4.75448969512
815	3.52252176963
820	6.84321273575
825	4.79895542959
830	5.64331524537
835	6.54405571816
840	2.05375199395
845	5.29313605853
850	4.62544193427
855	6.78747139775
860	8.22414637943
865	2.38198568806
870	2.31556403531
875	4.0361570974
880	2.05375199395
885	5.66364514535
890	3.24423301184
895	5.36864295529
900	6.90899492977
905	7.10990294683
910	3.30012010651
915	4.55420004773
920	4.77259913001
925	4.20539499094
930	8.18167261796
935	4.94271955956
940	5.72119131818
945	4.94287958837
950	4.17955219775
955	4.05176048579
960	4.36836621095
965	2.05375199395
970	7.85596107493
975	5.14070016321
980	7.67369458585
985	5.80211772326
990	7.05649218002
995	5.03804800482
1000	3.70795790214
1005	5.95478967646
1010	5.76419653276
1015	3.57765539281
1020	4.23332222888
1025	6.29222130678
1030	6.8618054134
1035	4.68763304331
1040	4.19363981267
1045	3.63418557309
1050	4.49762777295
1055	5.72307360165
1060	6.32435056596
1065	8.7368916154
1070	6.21451325728
1075	7.48749685829
1080	2.75409603915
1085	7.77008060948
1090	4.95004541474
1095	5.12150061267
1100	2.80795273613
1105	3.50943062802
1110	5.37557882837
1115	2.05375199395
1120	2.05375199395
1125	6.88491716163
1130	4.80919695469
1135	6.89745310534
1140	6.16888892425
1145	5.92050515594
1150	7.51712690183
1155	4.95929083097
1160	2.22935098947
1165	3.76371675636
1170	7.95641498332
1175	5.30942593063
1180	9.24984213054
1185	3.56403123657
1190	3.3659398758
1195	4.74923077981
1200	6.01722991162
1205	5.8580513318
1210	6.10365680179
1215	6.05711089594
1220	4.49218289655
1225	3.70587997184
1230	2.05375199395
1235	5.52149783405
1240	7.33434374514
1245	2.05375199395
1250	5.13050567231
1255	3.9137984075
1260	2.44799239499
1265	2.91460053244
1270	7.77089015542
1275	4.52823797886
1280	7.5294174151
1285	3.91396693818
1290	2.97664175845
1295	5.90634043507
1300	7.03351890516
1305	2.99785788776
1310	8.32014859945
1315	3.51750099367
1320	8.13094010957
1325	2.05375199395
1330	4.81270812678
1335	2.61114278473
1340	5.19478740866
1345	3.45015348507
1350	2.073895553
1355	4.67435848766
1360	5.45213112126
1365	2.05375199395
1370	5.50195426148
1375	3.38684646125
1380	5.20682617603
1385	6.61380531487
1390	5.04932491085
1395	4.71746780092
1400	6.50174337371
1405	3.29948693906
1410	5.87137841651
1415	6.36508753962
1420	3.27867503302
1425	3.47092095959
1430	2.09571868546
1435	6.0975137295
1440	5.52749845751
1445	2.75673364038
1450	6.13431888206
1455	3.44637116143
1460	5.74235533417
1465	2.05375199395
1470	6.86277081382
1475	5.34350887337
1480	5.05232650677
1485	7.40864507957
1490	2.54764806985
1495	3.50686009586
1500	4.48688883975
1505	2.18805493138
1510	5.21389099869
1515	4.5557245165
1520	4.1446199477
1525	3.21659894397
1530	4.02335123192
1535	5.41638851612
1540	2.08728443475
1545	5.37197540544
1550	2.05375199395
1555	7.1591305358
1560	2.72463832578
1565	8.08662153298
1570	4.01453237461
1575	4.35344249404
1580	5.94532515449
