0	6.83034895405
5	6.74054896945
10	6.86906591107
15	7.54114077375
20	4.90861019523
25	5.08856360485
30	5.99785306771
35	4.27385192296
40	5.14020408863
45	5.77811791226
50	6.57174264547
55	6.02058149181
60	6.49285876845
65	7.82919474737
70	3.86062552133
75	3.59298341787
80	5.59543023264
85	5.18175411821
90	5.55023042031
95	6.13127345984
100	6.35029410331
105	3.58409730064
110	6.79838775928
115	6.2589172042
120	5.47862969697
125	5.7073026449
130	5.49753725303
135	6.51001374821
140	7.78290301096
145	3.89419687826
150	3.69407430495
155	6.82223853194
160	5.66170328276
165	4.47995944542
170	4.25620371166
175	4.64285247438
180	6.20551286901
185	4.04966207235
190	6.7487544253
195	6.96853468594
200	5.8634381208
205	4.796053607
210	5.14921849588
215	5.74674001454
220	7.11444834946
225	4.48045053517
230	7.66804742257
235	6.88348390828
240	7.81872361251
245	5.67446026866
250	5.30743229406
255	4.96029244699
260	4.23509469939
265	4.28462574316
270	5.59034486968
275	5.89439496182
280	5.91521472282
285	7.0188667839
290	6.52335124338
295	6.00065946452
300	6.05513646806
305	6.61409223642
310	3.56571962599
315	5.85120228001
320	7.50493995577
325	7.40471559373
330	3.58955553805
335	2.05062009988
340	4.09028166315
345	3.36665068237
350	5.85437591946
355	4.03522870377
360	6.33226782499
365	5.08244051406
370	6.73405225559
375	4.49754345886
380	4.72114040214
385	4.33117650416
390	5.22673997533
395	3.14354899211
400	5.39534254216
405	6.60591171628
410	5.41706353582
415	6.12167910294
420	6.80148370884
425	5.85036495195
430	4.86971619758
435	5.19929212835
440	5.33090407751
445	4.72641984086
450	4.23960610022
455	4.28060345028
460	5.18474117192
465	4.84009047248
470	5.16536634607
475	5.69901157469
480	6.79921244812
485	6.43798178907
490	5.85977866631
495	6.37797869117
500	4.43110382887
505	3.8169749554
510	8.04941550713
515	6.34997370671
520	5.49582534685
525	7.06238374582
530	5.96602130988
535	6.50906125403
540	5.79223715986
545	5.4758889685
550	5.77601780023
555	3.67883869876
560	3.21774385581
565	5.35797043625
570	6.65065656128
575	7.60076697763
580	7.27639952322
585	7.93389678854
590	4.4045592327
595	5.71967138576
600	6.83230608253
605	6.29310130374
610	5.25765038664
615	4.90856978215
620	4.4356101059
625	4.87578212671
630	5.42883514028
635	3.75732885852
640	5.29835234796
645	4.4797857123
650	4.42033494971
655	6.46562085557
660	6.45071534296
665	6.00690751746
670	4.73238330826
675	5.4007979085
680	3.47124262369
685	3.72298375235
690	6.7041394438
695	6.26862694049
700	4.95818934277
705	4.37769098735
710	3.02071540887
715	3.23826129687
720	6.05495536936
725	4.20879920154
730	5.5376336265
735	6.13588526258
740	3.61980357193
745	5.5742024375
750	5.44714888808
755	7.70811829589
760	4.9579775801
765	4.50141048473
770	7.15790350076
775	5.02740632463
780	5.28019663541
785	4.86903818188
790	4.9714384758
795	3.8846260468
800	6.34218748308
805	5.79871220918
810	5.95820894566
815	7.30041666589
820	5.31320278814
825	6.60869451943
830	7.36566894973
835	4.22024373574
840	7.51553062888
845	3.14764273142
850	6.63429808563
855	5.14910142005
860	6.56644828958
865	6.37775413424
870	7.42943094981
875	6.9089529963
880	5.5559996052
885	7.71827636531
890	5.46349540591
895	6.02334280709
900	5.33756151019
905	5.90617843406
910	6.35850867565
915	5.55643737899
920	5.97044320609
925	7.32129564234
930	5.99561618792
935	6.25597268707
940	2.69549373946
945	7.5690902091
950	6.14487326905
955	3.43977705914
960	3.93013063953
965	5.17212428643
970	4.97077459177
975	5.00754257737
980	7.27147531131
985	4.51193635054
990	4.25777592649
995	7.33670090096
1000	8.32946124004
1005	6.8676366522
1010	6.68682413563
1015	7.82580486592
1020	4.47858977819
1025	4.07575654968
1030	6.38035041832
1035	3.72296522179
1040	6.10729428486
1045	4.55621965699
1050	7.5488827387
1055	3.88971346938
1060	5.68743244716
1065	6.95399633175
1070	6.74172782455
1075	5.43730214478
1080	6.1931592059
1085	6.25267021815
1090	6.25349050492
1095	5.33360817739
1100	6.19637081712
1105	3.52959203909
1110	5.84383751653
1115	5.88363023385
1120	6.4910410011
1125	5.89870805598
1130	6.89800546987
1135	5.5629615549
1140	5.27663539033
1145	7.38155380497
1150	3.99445879687
1155	5.82105825918
1160	7.03015638263
1165	6.33223816105
1170	6.28586014252
1175	7.15168642131
1180	5.29502139082
1185	5.19934583227
1190	5.00923335197
1195	6.5990478441
1200	8.16311288518
1205	4.38466382428
1210	7.95446159842
1215	5.30199463698
1220	4.56399616183
1225	4.97687712088
1230	6.80852206788
1235	6.09619190524
1240	5.84524624168
1245	7.25181521431
1250	4.91963166154
1255	7.48005828215
1260	2.00166313183
1265	6.28575258271
1270	2.84022319701
1275	7.56583353332
1280	5.20249768138
1285	6.50925637971
1290	5.70603452516
1295	6.81372867849
1300	7.23797401695
1305	6.6648063909
1310	4.22705671256
1315	5.06137414025
1320	6.10421498182
1325	4.85967104185
1330	3.65172986528
1335	5.79200197569
1340	7.04698202598
1345	7.74491468183
1350	5.64387921471
1355	6.57805073814
1360	6.98961652132
1365	5.79607296911
1370	4.08778671143
1375	4.34176844513
1380	4.92297798572
1385	4.35943983229
1390	3.54814980811
1395	4.3807756508
1400	6.44846866211
1405	6.73700443539
1410	4.72857151886
1415	5.56494310081
1420	4.83452081106
1425	3.24313015661
1430	5.01066702647
1435	2.88469629436
1440	5.14954272633
1445	4.73134220378
1450	5.31568427429
1455	5.55454841735
1460	7.54631240503
1465	7.60744335131
1470	5.88224490917
1475	5.38101248441
1480	5.97530090906
1485	4.73098191334
1490	7.27435044666
1495	6.0661677012
1500	4.93030652887
1505	7.42561223239
