0	10.0154492639
5	8.19483274219
10	3.89381007486
15	3.51580177164
20	7.00664871394
25	10.7240569818
30	6.78208680746
35	8.99183133814
40	7.09735750628
45	5.67394290138
50	7.11834262976
55	6.64546892768
60	6.23751019194
65	8.93235707478
70	8.21859455832
75	7.48690587067
80	9.54954705036
85	9.64842682839
90	8.13739764578
95	3.51580177164
100	6.10659366325
105	3.51580177164
110	10.5458602268
115	7.90271364675
120	4.2476965862
125	3.51580177164
130	3.51580177164
135	9.34601126974
140	8.12630198621
145	9.3433502112
150	3.51580177164
155	11.8523898606
160	10.0913774335
165	9.9450701552
170	6.14851651581
175	7.73032001497
180	9.94184778409
185	7.8616006304
190	8.57111497004
195	10.1779966562
200	11.6373781269
205	6.88381632971
210	7.8770852969
215	9.15169286967
220	3.51580177164
225	7.02046661387
230	5.78833269752
235	11.6019553938
240	4.26493184659
245	10.9724632911
250	7.46090626527
255	4.85528431605
260	7.22066757085
265	8.17195508953
270	7.40779877849
275	8.18179002369
280	12.5612768493
285	8.68408080322
290	7.02624578818
295	3.51580177164
300	7.12720647738
305	3.51580177164
310	5.86429708171
315	7.84093880189
320	5.99345911014
325	5.05240983512
330	7.15987774209
335	9.27389289644
340	9.15344419038
345	8.0517260076
350	10.2223765472
355	6.32010651104
360	7.95790627678
365	8.04294757641
370	4.24220480189
375	9.09863676568
380	5.14355715538
385	9.54438285044
390	8.11036525397
395	6.43918898
400	8.21433479644
405	8.94331738872
410	7.36716044654
415	9.03291258276
420	7.72859367665
425	13.8058415566
430	8.70869774015
435	6.53187675929
440	4.19886791542
445	7.35871311609
450	3.63225191613
455	6.03206191202
460	8.39250007306
465	5.06899180746
470	5.52769947874
475	7.25599558048
480	6.7646889073
485	7.9835367775
490	4.86469945181
495	8.58516357902
500	7.73405864177
505	11.395205545
510	8.62469018618
515	3.8533871829
520	4.68695356469
525	11.3882477219
530	3.95444012888
535	8.06881873613
540	6.74946618197
545	6.45051375272
550	12.2566219382
555	9.32926799716
560	9.86751520749
565	11.97361473
570	7.50878308495
575	14.8822212555
580	10.025769573
585	10.0520615374
590	9.13503261592
595	8.0348307725
600	5.3595840492
605	6.78586177222
610	6.31787368782
615	3.54148981543
620	6.86140448199
625	5.20285446456
630	4.26252454848
635	7.84940901649
640	11.6840974741
645	8.28489812768
650	4.58972805185
655	3.60795322087
660	10.1506191897
665	3.73107020423
670	3.51580177164
675	3.51580177164
680	11.0009038406
685	5.43556584513
690	7.44260364289
695	7.54648776403
700	6.73890230201
705	13.0139689549
710	11.187251149
715	10.669574855
720	9.43241303667
725	11.6180185293
730	7.79030633008
735	3.51580177164
740	5.30250174005
745	4.89794989595
750	10.2556942676
755	11.4618086673
760	9.32783570557
765	5.57675600638
770	3.51580177164
775	9.96404702226
780	6.96518521418
785	7.15239583835
790	8.42341885685
795	4.03446631446
800	5.83230390171
805	6.67651888962
810	3.79883075314
815	6.33589165046
820	5.33217669251
825	7.27301992409
830	10.9736649008
835	6.66198706875
840	4.57317501284
845	6.14888026966
850	8.94624622672
855	4.99577967097
860	9.72684736665
865	9.18268560156
870	7.64173633068
875	7.40393618279
880	9.09347487648
885	7.2650089477
890	8.92368635444
895	7.4674818355
900	9.70374817277
905	3.51580177164
910	4.21739811322
915	3.51580177164
920	8.09937168087
925	5.88869881838
930	6.68287495879
935	6.67340677539
940	4.53056660785
945	3.51580177164
950	3.72070689697
955	7.845341097
960	4.86477469041
965	3.51580177164
970	11.3106082773
975	10.4120650413
980	7.27253973889
985	9.69808945239
990	3.51580177164
995	13.0167593173
1000	5.9085811331
1005	8.30798657694
1010	3.51580177164
1015	7.61335191283
1020	8.57251110294
1025	4.50315607358
1030	4.54355618802
1035	11.9915585877
1040	7.50888573954
1045	3.51580177164
1050	7.09423907773
1055	12.4742716677
1060	10.2058481506
1065	3.56487882929
1070	7.33764544847
1075	7.54111953805
1080	5.87887418487
1085	3.51580177164
1090	6.8087731529
1095	7.69743793874
1100	6.48949746962
1105	9.87331948267
1110	9.45672696492
1115	5.26968954858
1120	6.69593243847
1125	5.9510129737
1130	6.75997545529
1135	10.4728987726
1140	11.383496838
1145	8.62574616565
1150	5.21304667795
1155	5.63196045489
1160	6.47655567542
1165	8.29399375852
1170	4.849107243
1175	6.66901840657
1180	5.94207086031
1185	6.41720328534
1190	7.82915111138
1195	9.29086512277
1200	8.81954207982
1205	11.7500789773
1210	6.47842684969
1215	5.90291562801
1220	5.45751113111
1225	8.78930457173
1230	10.8055643353
1235	4.68086509812
1240	7.14321534613
1245	10.0789455132
1250	5.44623237335
1255	14.4287190821
1260	3.51580177164
1265	5.29704592359
1270	5.21488138629
1275	7.86522066063
1280	11.3080789969
1285	7.50242014159
1290	6.42501350057
1295	9.02160362519
1300	5.28141461014
1305	7.22044744754
1310	9.99054557132
1315	8.91530448774
1320	9.09476067985
1325	13.0241635818
1330	8.08472161752
1335	9.21302944369
1340	5.70051031736
1345	4.32276706043
1350	5.7554122737
1355	5.93732896683
1360	3.83399538278
1365	7.00934758226
1370	11.035130221
1375	5.33319088456
1380	3.99598982899
1385	3.85987513276
1390	8.29824237183
1395	5.76017091806
1400	4.51423389655
1405	3.51580177164
1410	5.68631159351
1415	10.0228440568
1420	10.8883522424
1425	8.48119950771
1430	5.58005722308
1435	5.54109220013
1440	4.77148727711
1445	3.51580177164
1450	6.57305487719
1455	3.51580177164
1460	6.81095325209
1465	7.48298507681
1470	5.43097183515
1475	10.1455969047
1480	5.97681931747
1485	10.874598608
1490	10.2689168776
1495	10.0092960058
1500	8.20044749982
1505	4.75382170448
1510	14.3455092835
1515	4.07031960549
1520	4.60906684921
1525	8.90357056345
1530	7.00088777645
1535	3.66708921166
1540	6.07055510466
1545	9.30790387457
1550	7.60400695164
1555	3.51580177164
1560	6.43606218474
1565	10.1786618418
1570	3.69640466449
1575	11.1550248552
1580	9.12694585807
1585	5.33142731999
1590	10.7434855059
1595	7.92583215639
1600	5.72819610272
1605	4.68854380565
1610	4.51926318898
1615	7.25520117009
1620	10.886757412
1625	9.46453484193
1630	4.78681299882
1635	10.7402088146
1640	8.10255240891
1645	6.24319990076
1650	5.68796559798
1655	9.30849907718
1660	8.67388384094
1665	6.27993890697
1670	12.1776317854
1675	3.51580177164
1680	4.52668756128
1685	3.51580177164
1690	6.73144958781
1695	5.25028836148
1700	8.73766000429
1705	3.51580177164
1710	8.28841767466
1715	9.80912627335
