0	5.0981342881
5	5.12023202116
10	5.17364382463
15	4.20590513646
20	5.15168730789
25	4.48634385883
30	5.14023608923
35	5.17366330575
40	5.16352256905
45	5.17114848905
50	5.17366310271
55	5.14468584157
60	4.96455162451
65	5.17085351833
70	3.85543891205
75	5.17315930462
80	5.16165121506
85	5.07651699617
90	4.95925244329
95	4.97449448904
100	5.12163245142
105	5.14499860183
110	5.03589310302
115	5.06169260656
120	5.16460695353
125	5.11367740006
130	5.15172868287
135	5.13365814391
140	3.58499023717
145	5.15902173833
150	4.64644277927
155	5.16828681824
160	5.17365310319
165	4.30665399255
170	5.17360842039
175	5.17242994259
180	4.607346406
185	5.04087107859
190	4.87284337069
195	4.95639664944
200	5.16865628739
205	5.14505352866
210	5.08911760069
215	5.07446660361
220	4.47529858381
225	5.08949140864
230	5.17268865367
235	5.17301735408
240	4.42242093137
245	5.17205127048
250	5.17148089922
255	5.12996440361
260	3.9018565285
265	5.13930843644
270	5.0181897514
275	5.16647763033
280	5.15308287238
285	4.70432852736
290	5.14920878666
295	5.15088590682
300	4.68281269604
305	5.03985230918
310	5.17359564739
315	5.02604240959
320	5.17365566457
325	5.16992122718
330	5.17366373783
335	5.10699713085
340	4.90086986144
345	4.6256077429
350	5.01298324557
355	5.16579193815
360	5.15717208772
365	4.8599538823
370	5.17347281878
375	4.84525114973
380	5.06251658391
385	5.1394790568
390	5.17366103299
395	5.17366366024
400	5.16725604498
405	5.17361714155
410	5.17206393281
415	5.16252167224
420	5.17366149459
425	4.90489472061
430	5.11389818106
435	5.14787312494
440	5.17366360409
445	4.93142461097
450	5.06340327806
455	5.09293728166
460	4.10417455157
465	5.07970382977
470	5.06545308896
475	4.95682827489
480	5.17244804171
485	5.03423803928
490	5.15249084246
495	5.17366374652
500	5.14066104074
505	5.15001020995
510	4.54014805707
515	5.17287548491
520	2.67648280686
525	4.67422427132
530	5.12715489162
535	4.46501785863
540	5.01752991969
545	4.91712259745
550	5.17280713882
555	5.17356466363
560	5.12874225919
565	5.14435451211
570	5.16158636226
575	5.05872413389
580	5.06539580568
585	5.17279164143
590	5.05151971286
595	5.16846181349
600	5.16741398661
605	4.75721364363
610	4.18216043975
615	5.17210783734
620	4.76516423031
625	5.17063996823
630	5.15846565352
635	5.17365407821
640	4.94751828531
645	5.16921018627
650	4.8215750939
655	5.16222811437
660	5.1733795014
665	5.09760065121
670	5.15580055027
675	4.88434096864
680	5.13540835711
685	4.24408206518
690	5.17295240186
695	5.08332319922
700	5.14952246291
705	4.97964918607
710	5.15617176764
715	5.16860797217
720	5.13972643711
725	5.17301125767
730	5.17303136174
735	5.11920921652
740	5.17328950798
745	5.17224318088
750	5.013903382
755	4.93887105002
760	4.89569506468
765	5.09814028326
770	5.03116168896
775	5.17362897458
780	5.10971848458
785	5.17078224078
790	4.78539112236
795	4.90127017271
800	5.11535599726
805	4.93619978052
810	5.1483099018
815	5.12779049099
820	4.42446499468
825	3.40971393721
830	4.91587231642
835	5.17273192001
840	5.16117167419
845	5.12023565558
850	5.17336608064
855	5.10283364343
860	4.70813436235
865	5.17311922059
870	4.70678800181
875	5.17343736073
880	5.17355137577
885	5.03025099252
890	4.80253936673
895	5.16904494768
900	4.88377812865
905	5.16245868155
910	4.45643387455
915	5.15183426975
920	5.17265816468
925	5.17338383008
930	5.07706207974
935	4.92219190119
940	4.91727799326
945	5.17363803728
950	4.62172113358
955	4.9569004256
960	5.09949233827
965	5.17355760479
970	5.16413613579
975	5.15764945922
980	4.60519045938
985	5.17279889011
990	5.1724093107
995	5.16531023149
1000	5.16022007191
1005	4.93087698783
1010	5.16680973605
1015	4.91150897626
1020	5.17362458576
1025	4.88748861661
1030	5.17167816442
1035	5.10046318173
1040	4.9390908178
1045	5.16085712663
1050	4.59534531401
1055	5.1604115611
1060	5.07496418334
1065	5.1736515438
1070	4.38528160124
1075	5.17359485815
1080	4.95533856773
1085	5.16536556217
1090	4.92994034561
1095	5.17366135847
1100	3.2840396732
1105	5.1731965177
1110	5.12330566832
1115	5.17043765534
1120	4.64291814462
1125	5.1522675175
1130	3.91019454886
1135	4.44876292553
1140	5.15042727908
1145	5.16754680678
1150	5.16207200653
1155	4.89016464609
1160	3.5074230901
1165	5.15284097451
1170	5.15761913301
1175	4.79916221665
1180	5.15879210494
1185	5.170130296
1190	5.17365930813
1195	5.17366354339
1200	4.4909349059
1205	3.73982448502
1210	5.17218961078
1215	5.17307251169
1220	4.69368282908
1225	5.15814293449
1230	5.170793308
1235	5.06517065209
1240	5.17316358374
1245	4.78098552346
1250	5.17366336859
1255	5.17336483009
1260	5.17362383482
1265	5.13579475956
1270	5.16372929279
1275	5.1715042866
1280	5.1733648035
1285	4.92762753388
1290	5.17143233458
1295	5.17059904779
1300	5.09333013717
1305	5.14419842558
1310	5.17333861077
1315	4.77137251765
1320	5.17274596094
1325	4.77700256592
1330	5.1129626955
1335	5.16436820525
1340	5.15189086704
1345	5.16341511882
1350	5.04163407816
1355	5.16528067547
1360	5.0890441582
1365	5.12406691277
1370	3.78155796659
1375	5.16506043321
1380	5.10507035257
1385	5.15767051081
1390	5.17066233494
1395	5.17324503466
1400	5.16894229376
1405	5.14178029645
1410	5.17243576583
1415	4.10017807524
1420	5.17184856197
1425	5.17366372739
1430	5.14823573218
1435	5.17366360631
1440	5.1220309215
1445	5.15888471919
1450	5.06247971876
1455	4.47784159818
1460	5.11561899427
1465	5.10280258841
1470	5.08564051318
1475	5.12534338497
1480	4.22559272003
1485	5.17345331993
1490	5.02860248138
1495	5.17366344649
1500	5.17344094556
1505	5.17366259879
1510	4.99507734136
1515	5.17300739714
1520	4.03661399928
1525	5.17215968548
1530	5.15287498849
1535	4.83072924171
1540	3.80760662691
1545	3.33407767028
1550	5.15199838346
1555	5.02901904235
1560	5.17353571225
1565	5.16934654566
1570	4.44180742675
1575	5.00964936379
1580	4.83801445806
1585	4.88691032171
1590	4.44921445321
1595	5.17344918551
1600	4.94224961474
1605	4.97417073324
1610	5.15945196026
1615	4.72609566792
1620	5.03128749191
1625	5.15642300287
1630	5.17156530072
1635	5.17355057289
1640	4.91530781408
1645	4.27527766313
1650	5.06746716276
1655	5.16339195414
1660	5.16725534398
1665	5.16053445847
1670	5.17359571774
1675	5.06066054797
1680	4.50961922819
1685	4.73165815045
1690	5.12711463685
1695	4.91899545435
1700	4.64653058212
1705	5.12303422758
1710	5.15609969907
1715	5.08959385117
1720	4.92957835302
1725	5.15697955803
1730	5.17350609169
1735	5.15494336473
1740	5.15793967899
1745	5.02055943957
1750	5.03024942159
1755	5.15486856295
1760	5.16513846735
1765	5.16008495259
1770	5.08122911397
1775	5.11983878051
1780	4.73161852679
1785	5.13530669827
1790	4.87231365448
1795	5.17366372994
1800	4.08886683845
1805	4.66309952534
1810	4.71330995336
1815	4.39103820796
1820	4.87774402369
1825	5.1736637065
1830	4.9293500033
1835	5.11831873441
1840	4.89380042233
1845	5.17366098313
1850	5.12034077237
