0	6.87293518155
5	9.81633669444
10	7.171867104
15	7.3112661499
20	7.36039376701
25	8.39551292295
30	8.71814127036
35	8.43795557003
40	9.38591646584
45	10.5416253353
50	12.2049300709
55	7.08415994967
60	8.42836126103
65	6.67594091034
70	8.65042025982
75	5.97768951839
80	7.3600939682
85	7.37964110013
90	8.55810980257
95	6.06231195014
100	10.7646148964
105	9.75172448063
110	10.7516328618
115	10.5260622751
120	9.99350357426
125	5.46714267092
130	5.81618729285
135	7.91143867882
140	9.49838079709
145	7.35301952722
150	6.31874197225
155	9.46220598979
160	7.3408249305
165	10.1168331754
170	7.84382685083
175	6.4427981888
180	6.01466568012
185	9.10341638178
190	7.7463753578
195	10.483753954
200	10.5377209429
205	9.96704162432
210	8.9346156538
215	10.1234555677
220	9.35889503018
225	6.77432021859
230	9.44114478452
235	8.17058545121
240	10.8520889343
245	8.87111319843
250	11.1176846173
255	8.44094688599
260	6.15168581132
265	10.4364411104
270	11.2906726681
275	7.68105800012
280	8.10778614718
285	10.4552195355
290	5.8545161249
295	8.22357451122
300	6.96932382949
305	7.7929067247
310	6.62157418868
315	9.16506786187
320	10.3776187003
325	11.023967319
330	9.44634296426
335	6.28352801087
340	8.5387347515
345	5.73725323368
350	10.0792953062
355	11.0996386095
360	6.07371491356
365	9.2615620827
370	9.6956580015
375	5.72420491504
380	9.6808405776
385	9.54947811919
390	6.95196277572
395	10.5917502393
400	9.55541981005
405	7.11902302672
410	9.67218751129
415	10.2320855126
420	6.93201346379
425	4.83520985317
430	9.17507442728
435	9.61126889588
440	10.5088763926
445	10.837379289
450	8.33493795683
455	9.70009237346
460	8.7554542381
465	11.0612646292
470	5.79001315573
475	9.03393864562
480	10.1634002561
485	9.51805111347
490	7.69532715652
495	7.56655360369
500	6.76621548393
505	7.26764556561
510	7.75553632217
515	8.02386255629
520	11.0706836889
525	7.080722408
530	9.99301741967
535	8.56177154728
540	7.49383784566
545	11.6931991341
550	6.57675464563
555	7.30452545054
560	9.83283097718
565	10.8168064815
570	6.57184869082
575	12.1658395607
580	7.05563732819
585	9.25197737288
590	6.73932987113
595	10.51764844
600	11.8486452681
605	10.7072805171
610	10.8135662694
615	11.4910848906
620	10.7744487213
625	3.6321529351
630	10.8358580024
635	8.41596358285
640	9.16797492773
645	9.89955210265
650	10.1366331844
655	7.65918435556
660	12.2022441235
665	10.4523666609
670	9.01034823158
675	5.82873001587
680	5.27740773652
685	10.5131547326
690	10.2647983175
695	6.2363033709
700	10.3775129754
705	9.72719353033
710	7.31948261036
715	11.2095477354
720	7.54705463873
725	7.43256175914
730	10.7167417897
735	8.26420649245
740	10.4759601999
745	9.54711306653
750	5.08629503046
755	10.9423045998
760	10.7476155337
765	7.97574186831
770	10.4660249669
775	7.15433735
780	9.22035074983
785	9.71802966232
790	9.18986418973
795	11.2044753992
800	9.28514752506
805	9.06608664265
810	8.5528046862
815	7.07628054949
820	9.36448471316
825	9.23012078493
830	10.0104465094
835	9.72957198793
840	5.54350835674
845	8.66706928958
850	9.51086198809
855	8.98289871683
860	8.43365789174
865	10.1832459894
870	8.32374713375
875	9.83076191525
880	5.87207706626
885	5.38849532886
890	11.3504243902
895	7.92110780803
900	10.1232858529
905	6.87381639476
910	9.5444973699
915	4.57716803781
920	9.08278178733
925	7.23298870931
930	10.0619261504
935	9.61836294803
940	6.28228161271
945	6.96352314733
950	11.6452544238
955	10.9235195424
960	10.1506330281
965	7.90532395915
970	9.29258261909
975	10.2986485828
980	6.91995747987
985	8.08708472517
990	8.49169930655
995	9.6592778115
1000	10.1703038816
1005	10.7218809638
1010	10.0804805516
1015	7.97107023606
1020	10.3812032596
1025	5.64309875894
1030	9.91818645737
1035	9.69860626354
1040	8.67698256433
1045	8.75845840942
1050	7.32785742502
1055	8.37701552965
1060	8.45072460707
1065	10.3655446149
1070	8.44609765485
1075	8.93140086292
1080	8.55862836113
1085	8.41956762641
1090	7.23587618347
1095	8.50192542087
1100	7.83478727777
1105	7.00229089673
1110	11.4678208206
1115	11.7756567728
1120	8.73622528762
1125	7.35188381357
1130	7.9314170987
1135	5.5006543156
1140	6.69953456337
1145	6.85981925938
1150	8.94006014647
1155	9.11605003972
1160	10.5172089643
1165	7.52054165604
1170	9.36029789647
1175	6.03056096903
1180	8.49995316534
1185	7.27031141135
1190	8.34356825992
1195	7.97292872559
1200	8.74878401651
1205	11.6927609737
1210	6.79207673801
1215	5.57670263159
1220	7.23333419958
1225	10.313566389
1230	9.45414496967
1235	7.49940286426
1240	12.3173517603
1245	10.2971224434
1250	8.32689915062
1255	7.93990285154
1260	8.86758253399
1265	10.3686270558
1270	6.67633399656
1275	9.18458670233
1280	9.38700164812
1285	9.88611153108
1290	7.68632333524
1295	10.9761039049
1300	10.7312779284
1305	11.4489673004
1310	8.29443754108
1315	10.4244509596
1320	9.72147154927
1325	7.24020759908
1330	11.5986216666
1335	8.14072475284
1340	10.2371038193
1345	11.0387835948
1350	5.72811637945
1355	8.79309294384
1360	7.05831171265
1365	7.53247186852
1370	9.53878536163
1375	11.2578680514
1380	10.8982179941
1385	7.29961881116
1390	4.21179519072
1395	12.407441006
1400	4.21753091936
1405	5.75117984697
1410	8.74592557285
1415	6.982141423
1420	8.90134367793
1425	5.93346132002
1430	12.243338579
1435	12.1435045519
1440	8.80306812165
1445	9.68171536444
1450	7.48643385126
1455	9.85238659512
1460	10.384022327
1465	7.14458267919
1470	6.76449893135
1475	8.83636946476
1480	6.3593592467
1485	9.21186535079
1490	6.92018015388
1495	8.68358935189
1500	4.85381950546
1505	6.66226988503
1510	8.61138229979
1515	8.07776006696
1520	6.8859652833
1525	9.17641713964
1530	8.41237410018
