0	1.28056299723
5	0.621503377116
10	1.18726940477
15	1.78254307046
20	0.621503377116
25	1.20407309793
30	1.26328170921
35	0.673102596023
40	1.36114903558
45	0.621503377116
50	1.37226779394
55	0.774636986395
60	0.621503377116
65	0.714113228124
70	2.0903566003
75	0.621503377116
80	2.04653644592
85	0.621503377116
90	0.621503377116
95	1.917484848
100	2.78257026335
105	0.621503377116
110	1.1431414261
115	0.987054649591
120	0.848308632896
125	0.621503377116
130	0.621503377116
135	1.79075724337
140	0.621503377116
145	2.54288694769
150	0.882541285804
155	0.621503377116
160	0.633808774884
165	1.1517737483
170	0.694751384059
175	2.36672745572
180	0.621503377116
185	0.621503377116
190	0.621503377116
195	1.67257564384
200	1.43318580218
205	0.621503377116
210	1.49630473962
215	0.763191898057
220	2.50167016312
225	2.30207869236
230	0.77040778411
235	0.621503377116
240	0.621503377116
245	1.00582729688
250	1.28733329518
255	1.84655520798
260	0.621503377116
265	1.91724482424
270	1.15280019027
275	0.823499970283
280	0.751563248262
285	1.9309528618
290	1.08495733147
295	1.05673510568
300	1.63190408136
305	0.621503377116
310	0.621503377116
315	0.621503377116
320	1.44045739904
325	0.621503377116
330	0.621503377116
335	0.621503377116
340	0.621503377116
345	0.621503377116
350	0.621503377116
355	0.621503377116
360	2.38353292354
365	0.621503377116
370	0.749255464807
375	0.87065134329
380	0.75440527101
385	2.6707753334
390	0.621503377116
395	0.621503377116
400	1.59633159079
405	0.621503377116
410	0.621503377116
415	1.57918306951
420	0.621503377116
425	0.730087169028
430	0.621503377116
435	0.621503377116
440	0.634112901011
445	2.56381922806
450	0.621503377116
455	1.93579598524
460	1.13643848783
465	1.52443671463
470	1.67976432207
475	0.621503377116
480	1.91584703061
485	0.621503377116
490	0.621503377116
495	0.621503377116
500	0.621503377116
505	1.1772195445
510	0.662777428147
515	0.893986448504
520	2.19809266716
525	0.621503377116
530	2.81222699854
535	0.621503377116
540	0.621503377116
545	0.800472023731
550	0.621503377116
555	1.86246425581
560	0.621503377116
565	1.13909171688
570	2.07691867852
575	0.621503377116
580	1.59736022354
585	2.55966816756
590	1.58684775203
595	0.621503377116
600	1.68741442378
605	1.16459820224
610	0.621503377116
615	1.19770484169
620	1.64777280062
625	0.621503377116
630	1.68398216236
635	1.51327454414
640	0.621503377116
645	0.767340808066
650	2.09844856281
655	0.621503377116
660	1.67779657097
665	0.621503377116
670	0.621503377116
675	0.621503377116
680	0.86520027733
685	2.11971827047
690	0.93117157736
695	1.42482999707
700	2.73992015257
705	0.621503377116
710	0.621503377116
715	0.621503377116
720	0.621503377116
725	0.621503377116
730	0.621503377116
735	0.788966226221
740	2.21421755346
745	0.86550768757
750	0.621503377116
755	2.00258533516
760	0.621503377116
765	0.621503377116
770	0.621503377116
775	2.34581696658
780	1.01846380693
785	0.992045578923
790	1.41882789346
795	0.883279940749
800	2.75040912583
805	1.58742125417
810	0.621503377116
815	0.621503377116
820	0.621503377116
825	0.621503377116
830	0.621503377116
835	0.621503377116
840	1.12707518908
845	0.810336796636
850	0.621503377116
855	1.15895385334
860	0.621503377116
865	0.621503377116
870	1.77378656902
875	0.621503377116
880	1.58672132799
885	1.69808381608
890	1.03696034365
895	0.621503377116
900	1.23038445237
905	0.621503377116
910	1.64214393934
915	0.621503377116
920	0.621503377116
925	0.687892673169
930	0.621503377116
935	0.667940456244
940	1.45731549472
945	0.925392827354
950	0.621503377116
955	2.53987764999
960	1.93163453943
965	0.621503377116
970	1.31665981816
975	1.94734996989
980	1.07974894962
985	1.84630601317
990	0.621503377116
995	0.879729789028
1000	0.621503377116
1005	2.68057698221
1010	1.71062030691
1015	0.621503377116
1020	0.647821045734
1025	0.621503377116
1030	0.621503377116
1035	1.18014847239
1040	0.621503377116
1045	0.621503377116
1050	1.47593613232
1055	0.621503377116
1060	2.31463910152
1065	0.780694591448
1070	0.621503377116
1075	0.707169692282
1080	0.743045455621
1085	1.57707602471
1090	0.621503377116
1095	0.621503377116
1100	2.1840478782
1105	0.621503377116
1110	1.42013980376
1115	1.62715310724
1120	0.621503377116
1125	0.621503377116
1130	1.60607769603
1135	1.29662763938
1140	1.1868216954
1145	0.661044949275
1150	0.621503377116
1155	0.995549296054
1160	0.621503377116
1165	1.75763164105
1170	1.98936067706
1175	0.621503377116
1180	2.11908415941
1185	0.621503377116
1190	1.64673343873
1195	0.621503377116
1200	0.621503377116
1205	0.621503377116
1210	0.621503377116
1215	1.39236315509
1220	0.621503377116
1225	0.835634943674
1230	0.7112018171
1235	0.91268568785
1240	1.91581249374
1245	1.36747691415
1250	0.687806145351
1255	1.65571248032
1260	0.621503377116
1265	0.621503377116
1270	0.889207673325
1275	2.75748314743
1280	1.45148876127
1285	1.60457034467
1290	1.49204297149
1295	0.621503377116
1300	0.621503377116
1305	0.621503377116
1310	0.870629363505
1315	0.621503377116
1320	2.66725826985
1325	1.4873128955
1330	2.33422734735
1335	1.07048005479
1340	0.621503377116
1345	0.954971469625
1350	0.621503377116
1355	0.621503377116
1360	0.621503377116
1365	0.705979743264
1370	0.632429907472
1375	0.621503377116
1380	1.08658109293
1385	1.23538779583
1390	0.621503377116
1395	0.621503377116
1400	0.621503377116
1405	0.621503377116
1410	1.71381045795
1415	0.788509627964
1420	2.00108365719
1425	1.20037601331
1430	1.50446424941
1435	0.621503377116
1440	2.54470341539
1445	0.621503377116
1450	0.970707666174
1455	2.3446832303
1460	0.699019551817
1465	0.621503377116
1470	0.715533287657
1475	0.621503377116
1480	2.40810045924
1485	0.621503377116
1490	0.621503377116
1495	1.41557943132
1500	1.58233202101
1505	2.10588535436
1510	1.67752300314
1515	1.0385359575
1520	0.621503377116
1525	1.44618783259
1530	0.621503377116
1535	0.621503377116
1540	0.967153786117
1545	0.621503377116
1550	0.707382839848
1555	0.621503377116
1560	2.04406479052
1565	0.621503377116
1570	0.621503377116
1575	2.4408418305
1580	1.00237995926
1585	0.807138678293
1590	0.781698189641
1595	0.621503377116
1600	0.750997355755
1605	1.08362836961
1610	0.621503377116
1615	0.621503377116
1620	2.10586523698
1625	0.621503377116
1630	0.621503377116
1635	0.621503377116
1640	0.621503377116
1645	0.897310996649
1650	0.621503377116
1655	0.621503377116
1660	1.49868105001
1665	0.643334033853
1670	0.621503377116
1675	0.621503377116
1680	0.621503377116
1685	0.621503377116
1690	0.621503377116
1695	2.8723055808
1700	0.685268379193
1705	0.621503377116
1710	0.621503377116
1715	0.621503377116
1720	0.621503377116
1725	0.621503377116
1730	1.55554573925
1735	0.621503377116
1740	0.621503377116
1745	2.88429200909
1750	0.621503377116
1755	0.621503377116
1760	0.693059281633
1765	0.866087657658
1770	0.621503377116
1775	0.746817122504
1780	0.621503377116
1785	1.10658677183
1790	1.7163017987
1795	1.90818925403
1800	0.621503377116
1805	0.621503377116
1810	0.949656582169
1815	1.79665183344
1820	0.691207369094
1825	0.621503377116
1830	1.43441991533
1835	1.09831569209
1840	0.92491168232
1845	0.621503377116
1850	0.633393814488
1855	2.57603072407
1860	1.45858510783
1865	0.621503377116
1870	0.621503377116
1875	0.621503377116
1880	0.668034535929
1885	0.621503377116
1890	0.662164462216
1895	0.621503377116
1900	1.3578740145
