0	4.44354961506
5	9.21474125805
10	4.64199363165
15	5.53809443517
20	3.84562472702
25	7.02046975464
30	5.326373727
35	5.24053539464
40	2.67251336525
45	6.98578440357
50	8.84904085625
55	3.87107840052
60	4.70479640553
65	7.87871028287
70	2.74393107498
75	3.91857332885
80	3.52904651385
85	2.94414526296
90	3.41184436162
95	6.46583135816
100	9.4131339337
105	3.20320216265
110	2.67251336525
115	4.73308337529
120	7.34909157439
125	5.16949599394
130	8.58972721922
135	5.9264086556
140	5.17226971659
145	8.1389247314
150	6.78204104362
155	2.67251336525
160	7.51236934524
165	4.12040491711
170	2.67251336525
175	2.67251336525
180	5.71947376953
185	5.93731371782
190	4.1894273905
195	7.65035301843
200	5.33624868648
205	7.11336571637
210	3.53069399612
215	5.97765055286
220	2.67251336525
225	3.12677236279
230	6.36945191151
235	4.65672718426
240	2.67251336525
245	3.53246790911
250	6.7733987802
255	6.48021117568
260	2.67251336525
265	6.73307099389
270	3.91803447966
275	7.33354283425
280	3.16149328434
285	6.67525651078
290	5.43249272297
295	3.8985215022
300	3.38687269585
305	4.55276152695
310	3.54153176835
315	2.67251336525
320	3.49208738413
325	3.75507159568
330	6.43092119864
335	3.16888216548
340	3.82916767919
345	6.89269008539
350	4.82409012588
355	5.4056117349
360	2.67251336525
365	6.22773699135
370	4.85418123604
375	5.30705010789
380	7.79648954411
385	7.49631318628
390	4.29571448525
395	2.67251336525
400	3.78493159693
405	3.00362723403
410	2.67251336525
415	7.32128080688
420	4.2462997245
425	2.67251336525
430	7.63720607492
435	4.06471187029
440	2.67251336525
445	2.67251336525
450	7.90086777693
455	4.1164673157
460	4.93359599517
465	4.70925749582
470	2.67251336525
475	3.35561784785
480	8.02289902313
485	4.83122303685
490	9.30266030282
495	7.9181249688
500	2.67251336525
505	2.67251336525
510	2.67251336525
515	7.26706981875
520	4.59681866588
525	3.85890500836
530	4.33752461482
535	6.27355025811
540	3.57193169386
545	4.78580060411
550	4.8143200939
555	6.81625173757
560	5.70743731982
565	6.18894579973
570	8.99297001626
575	3.8175136883
580	6.58013045987
585	4.75433764804
590	4.16792421709
595	2.67251336525
600	7.94683409353
605	9.0575829524
610	7.99554604989
615	4.08346232471
620	6.56128095129
625	6.92976269006
630	3.95643844143
635	8.16571538513
640	8.62289557289
645	3.93478360236
650	4.66571164471
655	6.26623503923
660	4.94432584175
665	6.01632017127
670	7.24677584352
675	3.70847533371
680	6.1811506068
685	3.86934579035
690	2.89120255982
695	4.12626833323
700	5.85902026514
705	8.72428478372
710	2.80150893221
715	8.11204063205
720	4.14089077202
725	3.34566854685
730	5.45525315976
735	4.77128125369
740	6.56667514346
745	6.31756960868
750	7.01469106492
755	3.77644745148
760	4.33656493051
765	5.35515657292
770	8.43783818534
775	3.97852525401
780	2.67251336525
785	3.06389822532
790	6.60784704771
795	5.50556374201
800	3.50887664659
805	3.34906340261
810	6.52527661538
815	5.07832034467
820	3.79190438472
825	6.0818661105
830	5.1238794026
835	3.58164971396
840	2.98031421335
845	6.33477157603
850	2.67251336525
855	3.57215394784
860	2.67251336525
865	5.05840195871
870	7.10732532601
875	4.13781237047
880	4.33377334431
885	2.67251336525
890	3.33002277699
895	5.46410091921
900	2.95974348751
905	3.0734051294
910	2.67251336525
915	4.25836136841
920	7.36834527842
925	4.56161610649
930	5.02889617476
935	2.67251336525
940	7.99003656335
945	5.30116608156
950	4.16307621487
955	6.13710298679
960	5.22811266726
965	3.65303247058
970	2.88177430723
975	2.67251336525
980	3.58089070239
985	5.69163073538
990	6.7847651077
995	2.67251336525
1000	7.53189420434
1005	5.3621490795
1010	4.39371219323
1015	6.59414032487
1020	4.81162625912
1025	3.97747048215
1030	3.26109657825
1035	8.17043554461
1040	2.67251336525
1045	3.67071716428
1050	9.53993097713
1055	4.84010256984
1060	8.35273602256
1065	7.69223776806
1070	4.9158302518
1075	5.32928998315
1080	2.67251336525
1085	6.70471361247
1090	3.23736102597
1095	2.67251336525
1100	7.69217797668
1105	3.83809200979
1110	6.446713278
1115	4.52007346691
1120	8.78472607264
1125	6.22027782071
1130	3.54036018432
1135	3.46280912142
1140	7.13729192891
1145	3.22126996712
1150	9.21253142686
1155	5.37542640723
1160	6.53890798099
1165	4.18765698057
1170	3.03244138072
1175	4.58131089271
1180	5.65212635245
1185	5.20601119787
1190	3.9413529295
1195	6.0031887716
1200	4.8412754589
1205	9.00013455996
1210	5.54147114481
1215	5.60420997585
1220	8.48816746644
1225	6.6505828572
1230	2.67251336525
1235	5.47170796422
1240	8.04137086726
1245	2.67251336525
1250	3.63216131785
1255	2.67251336525
1260	3.42073186748
1265	2.67251336525
1270	7.69024119283
1275	2.67251336525
1280	4.0935806568
1285	2.81065827101
1290	3.69510100408
1295	8.51720059499
1300	4.5981324736
1305	5.42028108703
1310	8.59866421389
1315	2.67251336525
1320	2.67251336525
1325	7.12662719282
1330	5.39714175058
1335	4.32469089303
1340	2.67251336525
1345	6.71667309001
1350	7.72218316565
1355	5.71067111477
1360	7.9239514235
1365	8.42728552611
1370	6.56397941913
1375	4.81575676934
1380	7.01384752527
1385	6.26560675698
1390	7.40037788818
1395	7.04541428545
1400	8.88171989926
1405	4.19225942631
1410	11.3060932814
1415	6.31134123687
1420	6.12168223184
1425	9.68701728772
1430	2.67251336525
1435	10.315438984
1440	3.61911272403
1445	9.90248851783
1450	4.71906679152
1455	4.96134275289
1460	3.51415680261
1465	2.67251336525
1470	2.67251336525
1475	2.67251336525
1480	9.20921302253
1485	2.67251336525
1490	5.24962448914
1495	6.42539272225
1500	7.86028165648
1505	5.62793171648
1510	3.57209634104
1515	4.64590728017
1520	3.72703734846
1525	3.66774888886
