0	5.74455085356
5	3.44439976129
10	4.01889404022
15	4.69882834295
20	9.36763916533
25	6.78214235185
30	8.21155834079
35	8.90711599263
40	7.52532349762
45	7.04975153842
50	7.44434761616
55	8.8471677065
60	8.5199485796
65	7.5896603262
70	6.88339029949
75	9.5421404718
80	10.9242350087
85	2.95206195949
90	7.22691931674
95	7.93652139393
100	4.66173310042
105	8.60909807892
110	6.17724915489
115	4.59682597962
120	9.04086266486
125	3.6557666265
130	3.23292079064
135	4.53947207801
140	4.6803505819
145	5.41219091667
150	2.71850220395
155	6.93625647141
160	5.28434855166
165	8.81801154077
170	7.11936123716
175	4.96356470136
180	3.71512505884
185	7.47217955624
190	4.56702226633
195	3.51880332521
200	2.45187502176
205	3.99375366992
210	4.35488577593
215	10.8099385231
220	7.55622918767
225	3.31776894997
230	4.26529714726
235	2.45187502176
240	3.10988816213
245	4.75452946349
250	7.79731124442
255	10.7093275262
260	9.35240146809
265	4.83091398207
270	7.8057440935
275	5.61422612822
280	6.19814337009
285	5.36989152922
290	7.5619399537
295	3.89131443384
300	6.44516004862
305	3.493276526
310	5.19007616666
315	8.59506496064
320	3.82632008174
325	3.81118136457
330	8.135367989
335	4.45323951451
340	5.27732619679
345	5.9833496421
350	2.45187502176
355	4.96447685332
360	2.90532800144
365	8.81861368585
370	7.76584185706
375	4.32195362374
380	5.22343594605
385	4.52209589064
390	6.22832489957
395	4.68769399215
400	7.01105314445
405	9.24555648806
410	8.70961508205
415	4.30912075697
420	6.12545135512
425	4.25058575183
430	8.77185615646
435	5.71367144478
440	5.2275335152
445	2.78088808842
450	9.20049681703
455	5.20754810188
460	3.11627015966
465	2.45187502176
470	8.84396163496
475	5.74946847353
480	5.58186769096
485	6.00400717836
490	2.85776155308
495	4.88997836033
500	5.04067788964
505	8.22078380904
510	4.59601108963
515	4.14491534032
520	5.29011844598
525	4.70165632688
530	3.17455440589
535	6.11948496284
540	2.91556907756
545	8.11018597923
550	6.78982204846
555	2.79537292168
560	5.83788590572
565	4.57843538947
570	5.15682257149
575	6.98931276787
580	5.33464197091
585	5.78715804712
590	7.54287414515
595	7.76021463283
600	6.48712692263
605	4.94440473425
610	6.19795157573
615	2.45187502176
620	7.4999091692
625	6.06022242533
630	9.36525461208
635	7.42417954951
640	8.94034762113
645	3.42329033208
650	3.79589689977
655	5.64573345725
660	5.22304718377
665	6.18027701034
670	5.94591058893
675	6.34058951843
680	2.45187502176
685	6.92926294498
690	7.88761226711
695	7.71051800676
700	3.42546437794
705	2.96612393924
710	5.82636465895
715	5.65806657205
720	3.79499451654
725	4.21396383628
730	8.13659929347
735	5.76595025519
740	2.81190962883
745	7.32109681782
750	6.06137994902
755	4.4507259931
760	3.52668478611
765	9.12921152811
770	9.05798931819
775	6.2754245253
780	3.91597280919
785	6.63306371324
790	4.68880092923
795	6.4148219422
800	4.60907100774
805	8.18409695246
810	6.97807853518
815	6.53662125942
820	6.91539649429
825	5.73982370297
830	8.56917646152
835	9.76102162095
840	6.6242136947
845	3.67692760351
850	7.37531506504
855	2.93191941284
860	9.67971089247
865	4.43703815646
870	4.55065909469
875	8.22820099218
880	4.1173435796
885	4.8374283612
890	2.45187502176
895	4.08229654251
900	6.73555435354
905	8.56504673065
910	2.86622695482
915	8.3928862341
920	7.80419209348
925	3.62624356228
930	6.37254785891
935	8.47049902999
940	6.86241032788
945	6.33763564037
950	4.72169717496
955	8.34214847457
960	4.72222392961
965	4.55875305256
970	6.79548562727
975	8.46681242897
980	7.48094568575
985	4.12166630094
990	9.27427951984
995	7.96361453733
1000	3.9092370736
1005	3.40398022618
1010	9.8586223843
1015	6.05968308484
1020	2.45187502176
1025	4.75328179131
1030	2.45187502176
1035	8.67671388198
1040	6.93223455241
1045	7.00884544222
1050	6.19105660705
1055	7.64361580882
1060	6.11911407432
1065	5.55686458116
1070	5.04216860483
1075	9.67488361429
1080	7.27071286033
1085	7.08292267995
1090	2.670065203
1095	5.56374853444
1100	6.25975411049
1105	6.65247718933
1110	5.00702298031
1115	3.20556661284
1120	5.38199261392
1125	6.54770211428
1130	2.54594835414
1135	4.00695251197
1140	5.65998989593
1145	3.47987071951
1150	4.81547741339
1155	4.06233349978
1160	9.52926453715
1165	3.30095908985
1170	8.31412078123
1175	7.56104276108
1180	7.27121009753
1185	5.89409012008
1190	3.06818983317
1195	4.42999754081
1200	9.57451587343
1205	7.57571083948
1210	4.83135502715
1215	5.7996475126
1220	3.92399705712
1225	2.45187502176
1230	2.87653577701
1235	7.56238531033
1240	6.87523256226
1245	9.1661852308
1250	4.33599894543
1255	7.23664065367
1260	7.72168911896
1265	3.66162911878
1270	5.21841352846
1275	5.83357216441
1280	6.96495910635
1285	6.95966123969
1290	7.41496248229
1295	6.16598336215
1300	9.93602357047
1305	7.86450591668
1310	3.17005205372
1315	4.64112725479
1320	6.51079828496
1325	5.19027187203
1330	4.0971153815
1335	5.96004075557
1340	4.65065878575
1345	9.20352396306
1350	2.45187502176
1355	6.26453078837
1360	4.79546719016
1365	5.95039899777
1370	2.7880799696
1375	4.59558044795
1380	3.9827743815
1385	8.92195066436
1390	7.50059061466
1395	3.01113884548
1400	8.37165489684
1405	4.62430343925
1410	7.0054018485
1415	8.61024769909
1420	3.61558280295
1425	5.36547039947
1430	5.39871172145
1435	5.418110311
1440	7.53938887365
1445	8.90422960284
1450	2.5832073332
1455	2.72957215034
1460	5.00379056452
1465	4.8491612968
1470	5.87074704775
1475	4.3083763196
1480	8.52592004333
1485	4.86477252836
1490	6.17860065172
1495	2.45187502176
1500	5.05767907947
1505	4.57541881442
1510	2.94694957482
1515	4.82994311266
1520	3.34973328047
1525	5.67408373217
1530	5.8738396496
1535	4.51583459314
1540	7.26272014213
1545	9.99859012632
1550	6.21326672056
1555	6.15901804865
1560	7.39466296559
1565	6.74086132139
1570	6.82801776496
1575	7.90152428289
1580	4.88566841316
1585	5.60754893531
1590	6.67656891661
1595	5.30892427435
1600	5.61236370535
1605	9.20551901211
1610	2.75851719593
1615	5.56575813733
1620	7.49146785313
1625	4.42949039563
1630	5.73047588308
1635	8.58083934135
1640	6.23230240865
1645	5.49187019838
1650	3.88103778517
1655	6.07257595014
1660	2.45187502176
1665	4.06057909659
1670	9.65089509651
1675	7.94439204797
1680	3.45454977028
1685	7.85653842718
1690	7.42668220618
1695	5.03243553445
1700	2.45187502176
1705	8.68814172466
1710	3.69801857448
1715	3.46063837248
1720	5.03868024821
1725	5.96090247604
1730	2.79756616853
1735	4.38329612833
1740	6.29424890461
1745	3.55653919175
1750	5.00647517484
1755	3.94481143112
1760	9.20506301309
1765	3.45611381038
1770	7.72946033319
1775	5.84531688668
1780	2.45187502176
