0	3.70826766415
5	4.26095368923
10	3.41279368703
15	2.1862416783
20	3.40258391712
25	4.45864366523
30	4.86848244911
35	2.20707556106
40	2.45758864865
45	2.71527019677
50	3.12040073464
55	1.72084991207
60	2.09290808354
65	2.66119416951
70	2.70562060228
75	3.8375546725
80	2.2052664127
85	4.17029476029
90	3.40781419047
95	2.98301838547
100	4.53057268552
105	2.77623958034
110	2.85045348009
115	3.15675523995
120	3.25192961861
125	2.7901575253
130	1.80963733485
135	3.42106122664
140	2.40735234978
145	2.47824704239
150	3.83659672791
155	3.59225750642
160	2.7112399222
165	3.76477711948
170	2.02647523807
175	2.7185863234
180	2.71213548609
185	3.06231416807
190	2.38130678344
195	3.76383029351
200	3.41563502753
205	2.68351955765
210	3.71030561935
215	4.21636480359
220	2.03613579186
225	1.83590442749
230	3.22187155159
235	2.87535213826
240	4.8386081954
245	3.41133625085
250	3.56346529336
255	2.76109005307
260	2.61553482966
265	3.25092602454
270	2.22736026667
275	3.0592143947
280	3.67158501645
285	3.65682223807
290	1.66912559124
295	3.31133351277
300	3.2664629037
305	3.54421108035
310	2.90605243743
315	2.36667625485
320	3.17361681217
325	3.82319077449
330	2.75623572702
335	3.22472539127
340	3.5198664383
345	3.50592675655
350	3.34041223307
355	2.50040234614
360	2.84641177482
365	3.52520407605
370	1.95129722696
375	3.03101018622
380	3.11373294811
385	3.21553567216
390	2.75395997831
395	4.40250126578
400	3.30655457474
405	2.44476525682
410	3.69372141706
415	2.07369789481
420	3.0429270653
425	3.6228756047
430	1.26450847339
435	1.92467395391
440	2.67104476092
445	3.30422915731
450	2.84442233034
455	2.58115368027
460	2.85495606138
465	2.85865852212
470	2.85482358037
475	3.15048199951
480	2.94488885897
485	2.85676632856
490	4.19990947829
495	2.33534357105
500	3.30100828747
505	3.25019148795
510	3.41463898718
515	3.27835674096
520	4.09225808493
525	1.73038908392
530	2.50494742608
535	2.29231994022
540	4.06836438996
545	2.37600747341
550	2.19249122018
555	3.31689902265
560	3.20111848068
565	3.46823452431
570	3.12943645922
575	2.19837324595
580	2.11405881222
585	4.27920111724
590	3.89036309153
595	3.53681881354
600	2.01323332127
605	3.22451553396
610	2.88205581326
615	3.41504130154
620	2.61553115
625	2.21301367524
630	3.39568231493
635	4.00100906525
640	3.96386420828
645	3.83065242734
650	3.95301990654
655	2.44077648821
660	3.60651829256
665	2.53144058004
670	3.38698660833
675	4.12656072694
680	3.3450362445
685	2.43112321813
690	2.73355235623
695	1.66477540955
700	2.17666480331
705	3.37370967803
710	3.68528944642
715	2.34096412291
720	3.22255395158
725	3.60433641869
730	2.35694082788
735	1.9287414618
740	3.42059274378
745	2.07918305628
750	3.73947312284
755	3.11918183982
760	2.90609569601
765	2.61077657716
770	4.78853946076
775	2.52946527181
780	2.77805923364
785	3.4004073942
790	4.14151648359
795	3.54277222545
800	1.78646357041
805	3.40463054621
810	3.78275182765
815	3.28193285686
820	2.72317736704
825	3.84075074948
830	3.03582185513
835	3.38691247522
840	2.44264783927
845	1.83111859199
850	2.43894517988
855	3.1816994826
860	2.9896201031
865	2.56768741825
870	2.75940285745
875	2.62213754414
880	2.35585482214
885	3.42171446786
890	3.1722710741
895	4.57652377396
900	3.99634155235
905	1.90518749938
910	3.40600070202
915	3.04443085467
920	3.25142008446
925	3.51715195983
930	2.50055557368
935	4.04283985097
940	2.9744109072
945	3.84160178445
950	4.02374656798
955	1.77398231184
960	3.55558918406
965	2.48760771696
970	3.68647895658
975	4.85467422574
980	3.31660042415
985	2.85241034161
990	2.01750641176
995	4.34342276024
1000	2.26886892212
1005	2.85214800962
1010	2.74616513309
1015	3.64290389014
1020	3.66337340095
1025	3.0580178169
1030	2.33738793128
1035	4.47891680916
1040	2.6748923149
1045	3.20164660364
1050	3.09259130249
1055	2.15709884483
1060	3.12570126985
1065	2.78481785308
1070	2.9210583831
1075	2.36660975553
1080	3.82744389092
1085	1.78285698012
1090	3.30833779579
1095	3.90746720505
1100	2.36721937211
1105	4.32452042601
1110	3.32798691671
1115	3.27314814371
1120	2.66195712182
1125	2.527327433
1130	1.5454211274
1135	2.9956647469
1140	2.84637872863
1145	2.92687914596
1150	1.95694537039
1155	2.32096125685
1160	3.65151190571
1165	2.49506593246
1170	1.96847541766
1175	2.51034173481
1180	2.8780472976
1185	4.19620928122
1190	3.09285303948
1195	2.10574305951
1200	3.49865556338
1205	2.60931295837
1210	3.30723589631
1215	3.51900877503
1220	3.89109326951
1225	3.66213954741
1230	2.89950392146
1235	4.68806753311
1240	2.7379133348
1245	2.30447319918
1250	3.21691040141
1255	3.81116566501
1260	3.41820815698
1265	2.74977351645
1270	2.18772160562
1275	3.57168380442
1280	2.22781092821
1285	2.89380628519
1290	4.0201164054
1295	3.1702197914
1300	2.64600355266
1305	3.63873916672
1310	3.93575697168
1315	3.79947700512
1320	2.14800000817
1325	2.29444099873
1330	3.73015445586
1335	3.38574101379
1340	2.73313800997
1345	3.1398573029
1350	3.63613595405
1355	4.59360075422
1360	4.89751258492
1365	2.99456672721
1370	2.43629564124
1375	2.83660719708
1380	3.4535898929
1385	4.01638262221
1390	4.1285721361
1395	3.42986116256
1400	2.80803077305
1405	2.36927754571
1410	2.71854597869
1415	2.56902573382
1420	2.01662617359
1425	3.09277813468
1430	3.92790409185
1435	2.33429521169
1440	2.25468970714
1445	4.40451621177
1450	2.80534477368
1455	1.84896493335
1460	2.55564635418
1465	1.95094126537
1470	2.85046611695
1475	4.48048148063
1480	3.95745216291
1485	3.08205973428
1490	2.68993004088
1495	3.47879456833
