0	4.69791408749
5	4.44669694566
10	4.73365739207
15	5.34689305466
20	6.32202268065
25	4.71704917417
30	4.34798534145
35	5.73762524806
40	7.41403612252
45	3.18040991962
50	5.25473015362
55	4.24133197012
60	5.43582314839
65	4.15855529074
70	6.59003372255
75	3.18040991962
80	3.18040991962
85	3.81870994892
90	5.18274249403
95	3.18040991962
100	4.84719676294
105	6.74773368618
110	6.03972508161
115	3.18040991962
120	4.43318060051
125	3.18040991962
130	3.18925157668
135	3.18040991962
140	4.27762208658
145	4.84557392271
150	3.18040991962
155	7.53632548391
160	10.9432815002
165	5.61248949574
170	3.18040991962
175	6.86560673118
180	6.22280340971
185	8.7231183122
190	3.18040991962
195	5.87859404828
200	4.87448593668
205	5.81942087803
210	4.91138167367
215	5.27894611129
220	3.18040991962
225	4.47049853934
230	5.4202880899
235	3.18040991962
240	5.72195140807
245	4.09684877487
250	3.93277504097
255	3.18040991962
260	3.18040991962
265	3.18040991962
270	6.0548981963
275	4.26722646624
280	3.18040991962
285	3.18040991962
290	3.18040991962
295	4.27635169901
300	7.18413131997
305	5.30106829089
310	3.5809319053
315	6.48470737003
320	5.74677694714
325	3.18040991962
330	6.160848479
335	5.79001971384
340	4.66234750267
345	3.43850160651
350	6.68041896931
355	3.78021307206
360	6.80100605144
365	3.76961347318
370	3.40921472596
375	5.2082631086
380	3.18040991962
385	4.51489198622
390	10.4799691589
395	7.17135284335
400	3.18040991962
405	5.79356655251
410	5.98742411104
415	3.18040991962
420	5.65147711916
425	7.0574643277
430	4.27753986858
435	3.7976409247
440	5.26540441354
445	4.04669031054
450	5.8143084402
455	3.18040991962
460	6.64566228405
465	7.01254463484
470	8.62068261389
475	6.30226915704
480	5.69872353697
485	5.98643445185
490	3.18040991962
495	6.91482235821
500	3.43377085906
505	3.18040991962
510	3.18040991962
515	3.20693601884
520	3.18040991962
525	7.61480538249
530	3.36189038281
535	3.73725393727
540	4.46106267175
545	6.900388711
550	6.89396243074
555	5.92217023875
560	5.46320726299
565	4.77110614271
570	6.29888588929
575	3.18040991962
580	4.63387997835
585	6.53240353479
590	8.29863804788
595	5.86007500312
600	3.18040991962
605	6.26047810369
610	5.32656190323
615	5.5921957202
620	4.3226169045
625	7.42887479652
630	5.70780638717
635	4.21590496946
640	3.18040991962
645	3.18040991962
650	8.21335469004
655	3.18040991962
660	3.18040991962
665	4.8214627438
670	3.18040991962
675	3.92795464641
680	3.18040991962
685	3.18040991962
690	4.64525978144
695	3.37382317024
700	3.98329406359
705	5.38870278794
710	6.19996080533
715	3.72604427201
720	3.87605320457
725	6.46495675765
730	5.29626194297
735	3.18040991962
740	4.18191490596
745	7.27395409054
750	3.18040991962
755	6.26151308628
760	3.18040991962
765	11.0730221467
770	4.71143358937
775	3.49474432817
780	3.91957902049
785	3.18040991962
790	5.12882302472
795	5.0796833222
800	3.18040991962
805	6.64129104727
810	8.31812677495
815	3.18040991962
820	3.18040991962
825	3.21216397785
830	6.17439363907
835	3.18040991962
840	4.65654411833
845	4.10250707674
850	3.82334563599
855	5.98842905395
860	3.47400807435
865	5.19527631897
870	3.18040991962
875	3.18040991962
880	3.18040991962
885	4.20214710296
890	4.33076870951
895	5.28793996138
900	3.18040991962
905	4.36723833938
910	4.87331287355
915	5.81363500288
920	4.40682256432
925	5.45124497429
930	5.23978339784
935	4.13228846192
940	6.40859765396
945	10.1793758907
950	7.68057304215
955	5.03474845937
960	3.18040991962
965	3.18040991962
970	4.95143516711
975	4.05596937536
980	3.18040991962
985	3.18040991962
990	7.17138709037
995	3.18040991962
1000	7.37442470631
1005	4.20207034583
1010	6.25142616898
1015	4.28972304208
1020	4.40298937341
1025	7.69203907455
1030	3.60429498409
1035	3.18040991962
1040	4.54017852604
1045	3.67688258344
1050	10.0428934639
1055	7.72110309287
1060	5.12791984293
1065	4.89639267587
1070	5.95052191001
1075	5.90181821831
1080	3.95643339981
1085	3.18040991962
1090	4.09968816145
1095	6.36421764692
1100	3.18040991962
1105	4.55370958542
1110	3.18040991962
1115	3.18040991962
1120	7.84634171962
1125	5.37318261822
1130	3.91898835564
1135	3.4489907677
1140	5.70267574779
1145	3.18040991962
1150	3.18040991962
1155	4.82855474985
1160	4.22890826645
1165	3.18040991962
1170	4.34118292728
1175	3.18040991962
1180	5.56201407986
1185	3.18040991962
1190	3.18040991962
1195	4.00848195394
1200	3.6663298237
1205	3.18040991962
1210	3.75825037242
1215	4.90921804084
1220	5.01883087144
1225	3.18040991962
1230	5.8204789154
1235	7.43214451123
1240	5.69469171859
1245	4.97239307281
1250	6.23258129403
1255	4.86463458642
1260	8.43803725037
1265	3.6483990162
1270	3.89810813046
1275	5.63221735903
1280	6.32190543833
1285	3.18040991962
1290	3.18040991962
1295	4.51354632652
1300	7.23744982928
1305	6.67413574302
1310	3.44969501666
1315	4.21837078838
1320	3.18040991962
1325	3.18040991962
1330	4.94027150546
1335	4.15709086683
1340	3.52846504316
1345	3.18040991962
1350	5.43149693745
1355	3.18040991962
1360	3.18040991962
1365	4.41208459573
1370	3.31503902651
1375	4.36716701657
1380	3.19728604976
1385	3.55026363299
1390	3.38554191056
1395	4.68482008585
1400	4.05301857524
1405	7.4363421526
1410	6.43264515355
1415	4.40485587003
1420	3.99385407019
1425	6.13341644158
1430	3.18040991962
1435	3.18040991962
1440	6.21788330736
1445	6.72387273151
1450	4.02795330053
1455	5.15081410387
1460	3.55230624512
1465	6.2396011441
1470	4.69768957871
1475	3.18040991962
1480	3.30674585568
1485	3.18040991962
1490	3.18040991962
1495	3.18040991962
1500	3.18040991962
1505	3.49956408398
1510	5.5614484951
1515	7.46462788361
1520	3.18040991962
1525	5.7543285045
1530	4.24055424135
1535	3.18040991962
1540	6.34335629294
1545	7.07287051323
1550	5.35401847289
1555	3.18040991962
1560	5.23637024508
1565	3.18040991962
1570	3.18040991962
1575	3.18040991962
1580	9.11070658817
1585	3.91594640211
1590	4.17622933467
1595	4.39668224056
1600	3.18040991962
1605	3.18040991962
1610	6.47593980192
1615	6.75848054941
1620	6.23435709584
1625	6.68739693141
1630	5.43641329356
1635	4.27566731453
1640	6.14059652451
