0	7.53999981058
5	3.09583607648
10	13.9728825702
15	14.9419874902
20	9.30196804865
25	14.3896343798
30	11.1443130644
35	9.39003688067
40	12.3577604753
45	11.4650545363
50	11.9257653761
55	14.2554342783
60	5.73915000227
65	10.9699228952
70	6.37387184253
75	13.661942645
80	14.73591023
85	10.3104395746
90	9.90818202487
95	11.527937421
100	7.32088505954
105	4.29358194871
110	11.2819314425
115	12.1335677411
120	10.7504975295
125	8.6144498073
130	13.6327246407
135	9.26914578412
140	8.54622267774
145	7.15111548895
150	13.354759583
155	9.29620130777
160	11.8337207116
165	3.09583607648
170	10.5310542018
175	11.1558456624
180	14.5617034524
185	10.27034432
190	4.4394539704
195	7.80408895071
200	11.936468722
205	12.419343523
210	10.2606904429
215	11.1863053509
220	9.71941206034
225	7.95457232192
230	10.5168040834
235	14.8195302384
240	11.421398946
245	12.5375428137
250	11.4619877882
255	3.53569925159
260	10.9997415166
265	15.3505484581
270	13.4652260435
275	9.51116776476
280	12.939526777
285	7.80666026002
290	10.8661018172
295	14.3645327015
300	12.3189222845
305	11.6406222844
310	6.08124143925
315	10.1213116919
320	9.96744194234
325	8.72561540591
330	9.09167264368
335	8.42263666127
340	11.2972992883
345	11.9045006855
350	10.108706056
355	9.6233088356
360	13.3035631071
365	7.54675585509
370	10.9296374387
375	11.8205421721
380	14.7075292346
385	10.5864795382
390	12.2793627989
395	5.36385041492
400	10.6956523996
405	8.44204145391
410	13.4639116415
415	10.2622813088
420	12.40652238
425	8.96565981607
430	5.60160069912
435	9.07318622071
440	9.19941756831
445	11.1584905274
450	7.22267201495
455	14.2628662994
460	3.09583607648
465	14.6203531915
470	14.6581603997
475	12.3184840073
480	14.3274639586
485	15.2299143386
490	10.6321206119
495	8.24975416153
500	8.48241647929
505	12.6632863526
510	8.7695506718
515	10.7488288706
520	8.63040755245
525	10.0492022846
530	14.6605715911
535	9.74630189605
540	15.054038912
545	7.45372484769
550	3.40693437131
555	8.24958780238
560	13.6309809847
565	9.06818807607
570	7.21135428019
575	10.8666577984
580	11.7838258869
585	10.1252197345
590	11.6127512052
595	14.6932995089
600	8.87768514726
605	9.79074115617
610	5.17378000068
615	9.10279670951
620	10.8355267236
625	8.74449374408
630	12.9248980892
635	13.4572691018
640	11.5165197184
645	8.52568594868
650	9.55558783623
655	11.9865612886
660	4.63736539187
665	13.0738907554
670	12.2338413361
675	13.9112260538
680	9.02902441069
685	13.2747763907
690	11.8292244403
695	14.4061770637
700	8.99332275868
705	3.60051771318
710	8.69375016033
715	10.4058471479
720	14.7481657063
725	10.2632622221
730	9.89931526329
735	11.6198461613
740	11.4616856812
745	12.6778912214
750	13.4575850791
755	8.22063657516
760	14.0263327532
765	14.8734624964
770	12.220727685
775	10.129383809
780	5.94994041052
785	9.71541141027
790	13.5866653852
795	12.6497752695
800	4.78377640946
805	11.0322912678
810	13.7628669163
815	5.60657222513
820	8.77533890702
825	10.0882096553
830	7.53444469611
835	13.6374449566
840	7.63381258594
845	9.65653453679
850	13.2161231543
855	7.87574965868
860	13.2375710704
865	4.7350287635
870	9.4449305629
875	6.61943622293
880	9.48102164056
885	11.1707376853
890	12.6224659598
895	7.39808334698
900	3.72907783227
905	7.93902012261
910	7.43503025695
915	6.93427309427
920	9.32096179709
925	9.80702067242
930	12.8349898856
935	7.54848169186
940	13.3208177856
945	13.3589621216
950	11.0270665498
955	10.0558473256
960	8.78614701804
965	13.5184212775
970	7.92728890636
975	6.77100723763
980	13.2065513079
985	6.15896914755
990	6.8289501839
995	13.3482339678
1000	14.0525529207
1005	4.62596520844
1010	8.96439272061
1015	12.6060059198
1020	10.3817020431
1025	9.29370483214
1030	11.5856639833
1035	5.51263494036
1040	12.63384018
1045	5.42644563906
1050	12.4769799127
1055	8.9124647248
1060	13.951342364
1065	10.8026701616
1070	6.9459972059
1075	13.5699871153
1080	12.345658096
1085	10.7296605596
1090	11.6512981493
1095	6.65028671303
1100	7.42020071079
1105	9.91552257083
1110	8.7184102264
1115	13.97769975
1120	3.94697921049
1125	12.8932412219
1130	14.2934285667
1135	14.5469317033
1140	6.09065896039
1145	3.09583607648
1150	13.2340251014
1155	14.4696738052
1160	8.04813129302
1165	13.9188070738
1170	10.9630492974
1175	5.33148989701
1180	14.4177818681
1185	9.54921618313
1190	13.0386809057
1195	8.14749370978
1200	9.78016232411
1205	5.2773191832
1210	7.09952447119
1215	12.3656496254
1220	8.62998718173
1225	11.3021925484
1230	6.41402147385
1235	8.40721921318
1240	13.9653894787
1245	9.11568979355
1250	11.5418055635
1255	10.2341576206
1260	8.85214057392
1265	8.51737413582
1270	9.17917678336
1275	14.3466391537
1280	10.6166847749
1285	9.81551208919
1290	12.7388907202
1295	10.5653306065
1300	9.65276608054
1305	7.25851013784
1310	11.7142520534
1315	10.0225078009
1320	14.3166607629
1325	4.94713652938
1330	5.73801273524
1335	7.56243856009
1340	12.0018955956
1345	14.3269133134
1350	11.5437179548
1355	14.4489959581
1360	14.0987260312
1365	12.9676639229
1370	9.63591699465
1375	3.09583607648
1380	3.26911455364
1385	10.4482255818
1390	12.0959879189
1395	9.12284531154
1400	10.0931562742
1405	10.4452687082
1410	8.30317158208
1415	11.6337844333
1420	4.78264659979
1425	13.0079012521
1430	15.2714302824
1435	14.7370799659
1440	6.06058885567
1445	3.70896080531
1450	12.7163115337
1455	8.30766716031
1460	4.92745932755
1465	14.2120398018
1470	8.95084344565
1475	10.0373081749
1480	8.73307916757
1485	13.1159026462
1490	10.8944529205
1495	5.18604832698
1500	14.7331384721
1505	7.81880999557
1510	6.44661183057
1515	8.58727518775
1520	11.8537997795
1525	7.94473711145
1530	8.99228003503
1535	9.82447582722
1540	8.08856491623
1545	9.32466942739
1550	5.95366143441
1555	7.88295641576
1560	10.0369559449
1565	12.1947560674
1570	3.09583607648
1575	4.49038447352
1580	13.8004361277
1585	8.44708543692
1590	11.9217578318
1595	13.6817139821
1600	10.0708685876
1605	12.8208469678
1610	4.18509909407
1615	12.6479985928
1620	14.6002125684
1625	13.7276515285
1630	10.3000332852
1635	7.74883213908
1640	8.90105260752
1645	15.1393192542
1650	8.04561771091
1655	8.09397913655
1660	4.11331701759
1665	12.7579224866
1670	10.2443756536
1675	14.9002435503
1680	8.9393948501
1685	4.54294880429
1690	14.1498912883
1695	10.626039225
1700	12.0006041586
