0	12.8225170498
5	12.8949871792
10	13.0243362951
15	10.0382308206
20	12.0748583931
25	11.4243290077
30	5.02743165874
35	11.5850958194
40	10.2210946584
45	12.0794081307
50	12.3949867128
55	9.4534808684
60	12.827051846
65	11.7360860091
70	9.7978104585
75	9.49475636536
80	12.9614028619
85	13.0324536902
90	12.1274520455
95	11.7018739542
100	11.6607184877
105	12.1913492137
110	12.5979407672
115	11.1878284828
120	11.2156437657
125	12.9959065895
130	11.597641326
135	12.6135006106
140	12.5062380791
145	12.6223164311
150	12.016586915
155	11.5697117813
160	12.347348029
165	12.6194200701
170	12.464720302
175	10.5517949382
180	12.4288275315
185	11.8873165121
190	11.6365750631
195	13.0254231254
200	11.225528454
205	11.0921003076
210	9.61125291829
215	12.3146493827
220	11.5942119466
225	11.1244748805
230	12.2160995191
235	11.4545872122
240	12.9933343556
245	12.707115118
250	12.9311963613
255	9.82981945404
260	12.7461123558
265	11.2046624873
270	12.6196052742
275	10.680604407
280	12.5249366854
285	9.93136993518
290	12.5637786861
295	10.9747712922
300	12.110775186
305	12.1163544073
310	12.2939758224
315	11.3591406411
320	11.6091819132
325	12.8385949905
330	11.3572182809
335	11.1375224432
340	10.9469234338
345	11.6549535461
350	12.0237982214
355	11.2287709337
360	11.6432853243
365	11.8884380395
370	12.8169882866
375	12.0079143107
380	10.5361380487
385	12.6917917189
390	12.2882692362
395	11.3948485683
400	10.7947526548
405	11.1488268262
410	13.011253707
415	11.5103689422
420	11.2428605771
425	12.7843038656
430	12.1167093745
435	11.3619407285
440	12.9341697576
445	11.628225686
450	12.5038534571
455	11.4121716078
460	11.5078620415
465	12.2167022118
470	12.9336382813
475	12.3631556941
480	12.5689064932
485	12.8376662179
490	11.452719155
495	10.9156264396
500	13.0240625051
505	11.3984931032
510	11.1450169565
515	11.754613817
520	9.82944590897
525	11.8326749619
530	12.5147546164
535	11.3906722726
540	12.6142821831
545	13.0144444002
550	11.0153283011
555	9.58761260322
560	12.64103187
565	10.99129108
570	12.1262115833
575	11.7397726389
580	12.9553680484
585	11.6428612846
590	9.69066204811
595	10.6802821813
600	12.9602448049
605	12.8151958116
610	11.5519435857
615	12.4594676987
620	12.9612161408
625	11.2637694479
630	11.7270302006
635	9.44188177775
640	11.504156989
645	12.4178964936
650	12.3527282596
655	13.0760495731
660	11.3929974695
665	10.6489256184
670	9.32923834304
675	10.4269948426
680	12.7231181008
685	12.7353912499
690	11.5292285874
695	12.1218888884
700	11.1719942917
705	12.9376027149
710	12.585416125
715	11.4894988645
720	11.9825192058
725	12.2680815272
730	9.48467103147
735	13.0524989942
740	10.0168083324
745	6.22565686234
750	12.9667703005
755	9.36355908465
760	12.6282393256
765	9.87646641864
770	11.5192920399
775	12.6850625466
780	12.5120168288
785	11.2330402734
790	12.6519502145
795	12.8893980906
800	11.139372803
805	11.604770088
810	12.0004822835
815	8.74404504323
820	12.7379616813
825	12.817353632
830	11.7999730074
835	12.6273263494
840	11.9908912735
845	12.5981085751
850	10.734132873
855	10.79829543
860	12.1031585511
865	12.2120696308
870	10.1090415839
875	12.9803660301
880	12.8737201867
885	12.7382511809
890	12.4218171069
895	11.8430606749
900	12.5643153544
905	12.7247855415
910	12.049120267
915	12.1398373464
920	12.8228644952
925	12.9526358439
930	12.5163021276
935	12.3789538209
940	11.5183961624
945	12.5577689377
950	12.5362459286
955	11.7294930389
960	10.9865340382
965	12.8669447348
970	8.9709805367
975	12.6210253773
980	11.263613767
985	10.3649411809
990	12.2075505869
995	12.4707607674
1000	12.8816557196
1005	11.6611216965
1010	10.7909800192
1015	12.4555812639
1020	12.1483551385
1025	12.1094171065
1030	12.0451136649
1035	12.1008902678
1040	12.1676386859
1045	11.6726370372
1050	9.92614402281
1055	12.0196063679
1060	11.3263512085
1065	12.9110398907
1070	11.2720846425
1075	9.59899194451
1080	12.2965434103
1085	12.1773150739
1090	11.9423368082
1095	12.1936692779
1100	9.73890215829
1105	9.35832189632
1110	12.9878549407
1115	12.3383685139
1120	12.3960211498
1125	12.5069548704
1130	12.1720273899
1135	11.395929096
1140	11.8079482458
1145	12.8312879363
1150	12.6816425289
1155	11.5774284618
1160	13.0578576313
1165	12.7171353826
1170	12.4976748817
1175	12.5668672957
1180	12.7046571786
1185	11.1847618523
1190	11.0090132734
1195	12.5932752171
1200	12.7011923591
1205	12.9898727781
1210	8.90440202847
1215	10.2027615843
1220	12.0648530975
1225	12.0646822215
1230	11.6020136973
1235	12.5978091017
1240	12.9769971749
1245	12.9734771224
1250	12.0689307659
1255	12.0744754803
1260	8.22482254888
1265	11.3017247792
1270	12.7311278111
1275	11.9879026996
1280	12.894776078
1285	12.2949816156
1290	12.9146309128
1295	9.04816685532
1300	12.9333913146
1305	8.84437790122
1310	11.1766564142
1315	12.9393318548
1320	8.25507220876
1325	11.7819012895
1330	10.1897569976
1335	12.3922625733
1340	9.1180260714
1345	11.4083898505
1350	12.7150652462
1355	11.0338448276
1360	13.056975445
1365	12.4641698008
1370	10.4706008757
1375	12.2784121895
1380	12.0054649234
1385	12.8595488541
1390	10.792964389
1395	12.490595344
1400	11.7733288364
1405	12.8882054562
1410	11.4669260165
1415	11.2415709612
1420	11.5190728364
1425	12.8905589643
1430	10.6634475027
1435	8.42099913227
1440	12.8128096849
1445	10.5675406532
1450	10.0918397518
1455	12.3900589516
1460	12.9062064441
1465	13.0171024505
1470	11.8758786369
1475	10.3568718438
1480	11.3086032383
1485	12.0911873547
1490	12.3073379906
1495	12.5273925069
1500	10.4387106182
1505	12.446748001
1510	12.6017300315
1515	12.3719245583
1520	10.4056264701
1525	12.9160395976
1530	12.373032365
1535	12.9657548579
1540	12.4500696663
1545	12.1423800289
1550	12.7746958284
1555	9.4305029466
1560	10.5826262272
1565	12.1114440806
1570	9.98495707845
1575	9.15238823598
1580	11.3117934086
1585	12.2093187248
1590	11.3675227093
1595	12.047497363
1600	12.0328416182
1605	12.53712405
1610	12.6923492162
1615	12.4136105412
