0	2.71773909048
5	2.36653686595
10	2.7672678729
15	1.8247005555
20	2.6151430741
25	2.77813616152
30	3.06554054442
35	2.5739249749
40	2.74719133044
45	3.07526652143
50	2.83952845407
55	2.92853701934
60	2.10044892447
65	3.33239159466
70	2.85372018383
75	3.01704113406
80	2.93828653789
85	2.45755991586
90	2.32907471888
95	2.7813443967
100	3.33234851916
105	2.88134809529
110	2.84673956105
115	2.7560421986
120	3.01930436369
125	2.88026424573
130	2.67173300157
135	2.80003566295
140	2.32471976545
145	3.28590880163
150	3.27380932545
155	2.98409872146
160	2.70792736049
165	2.32351137616
170	2.89934552519
175	2.524527142
180	3.10606327855
185	2.78429832489
190	2.60906993124
195	1.67296572904
200	2.30578484137
205	3.08402712129
210	2.97493428798
215	2.02505845514
220	2.79219165404
225	2.02998633706
230	2.97648440936
235	2.64841113131
240	2.816446282
245	3.36270877806
250	2.91395361143
255	1.77719781992
260	3.04749814707
265	2.93688485116
270	3.24688246001
275	3.13005325177
280	1.88446959206
285	2.69255617979
290	2.84310422029
295	2.71624725142
300	2.59887626602
305	2.43683493132
310	2.89153873358
315	2.42590877094
320	2.76619986739
325	2.16924573555
330	3.40971753581
335	2.81183481101
340	3.19142779938
345	3.04363492735
350	3.00157310931
355	2.8341032338
360	3.29308466255
365	2.37309206427
370	2.43058319803
375	2.95092595241
380	2.62431988301
385	2.88756019588
390	3.20076015504
395	2.62675891572
400	2.97235338914
405	2.71539070918
410	3.2470100909
415	2.44413646645
420	2.52064749212
425	2.99928831374
430	2.33064019235
435	2.02557337441
440	2.06967391805
445	2.93541918977
450	3.03375588665
455	3.21533498526
460	3.41038819077
465	2.9580327687
470	2.58529347252
475	2.8681206763
480	3.10570101066
485	3.33007076946
490	2.92136003954
495	3.1629929974
500	2.77175361698
505	2.94571830688
510	2.51043608767
515	3.00570512748
520	3.06161248091
525	2.98004182374
530	3.03416886212
535	3.32844852698
540	3.21266740412
545	2.68985747629
550	3.10780850959
555	2.956450216
560	3.34266045586
565	2.93696361182
570	2.10492903903
575	3.24086212898
580	3.19360611805
585	2.4147124703
590	2.95226185923
595	2.91688328685
600	2.4898050479
605	2.86361953971
610	3.3689351162
615	3.04231423892
620	2.57757030663
625	3.32117330841
630	2.96630755692
635	2.95113117784
640	2.81412276273
645	2.99318155166
650	3.31343801905
655	3.24478993046
660	2.90036916708
665	2.33073673473
670	3.08032367323
675	1.78361099019
680	3.2574657905
685	3.30463242425
690	3.18877932044
695	2.85436747018
700	2.90143923155
705	2.57764351646
710	2.55441334062
715	2.20025059513
720	3.25085798538
725	2.07216752842
730	2.68551544448
735	2.16921997122
740	2.638915097
745	2.97444204818
750	2.47167388207
755	3.15391080293
760	2.72007545665
765	2.92885110315
770	2.7402016144
775	3.14689732103
780	2.96667079081
785	3.09629434762
790	2.64584466687
795	3.36098642138
800	2.34661866247
805	2.99055605445
810	3.1735718891
815	2.37511723055
820	3.03200670016
825	3.11199818193
830	3.22474304869
835	3.30813433697
840	3.31618326248
845	3.19237192285
850	3.32357095262
855	2.26749301695
860	2.65834996862
865	1.6562999497
870	3.12424881918
875	2.60625992752
880	3.21997255347
885	2.80673022444
890	2.91227540003
895	2.90272081544
900	2.17298805086
905	2.65953592727
910	2.46082160469
915	2.91633659358
920	3.15730459577
925	2.9565996397
930	2.56970074896
935	3.12801946987
940	2.86063081017
945	2.03809113458
950	3.27165082041
955	3.17902864774
960	3.29401277561
965	2.19206484701
970	2.44406536433
975	2.51725091182
980	3.25144058782
985	2.91054290268
990	2.68973874872
995	2.20239370629
1000	2.80207579271
1005	2.57720640175
1010	2.60721595697
1015	2.65771200511
1020	3.0705289957
1025	3.10330644392
1030	3.25870636003
1035	3.35005010583
1040	2.92852679822
1045	2.91132694527
1050	2.6264186583
1055	2.71496337173
1060	3.11978010448
1065	2.8783419515
1070	2.95504745
1075	2.57685511904
1080	2.93553128703
1085	2.97288604857
1090	2.69131367142
1095	2.81453148819
1100	2.35951256411
1105	2.54181766004
1110	2.3329064859
1115	2.54960102748
1120	2.87655142068
1125	3.04492448515
1130	2.73299994639
1135	2.87405409494
1140	3.23893530949
1145	3.16619477898
1150	2.81698924973
1155	2.66390432773
1160	2.64568448008
1165	2.81527959391
1170	3.1732773854
1175	3.10585049926
1180	3.09597963963
1185	2.44348937779
1190	2.68773391178
1195	2.59391367601
1200	1.78916848416
1205	3.07452391465
1210	3.20197739781
1215	2.97547891474
1220	2.80918109566
1225	3.01870798768
1230	2.95456248339
1235	2.82953345068
1240	2.91149675128
1245	3.23371456584
1250	3.3562777596
1255	2.78054280693
1260	3.03145245956
1265	2.55940050362
1270	3.15303493314
1275	2.80165794203
1280	2.10298955222
1285	2.39681611085
1290	2.3744655052
1295	3.06781184667
1300	2.12835545258
1305	2.938254821
1310	3.09761390923
1315	3.14453414127
1320	2.88559027051
1325	3.29209908433
1330	2.51818276336
1335	2.12791748408
1340	2.87576610133
1345	2.78991418564
1350	3.30684608442
1355	2.99020992909
1360	3.16819502782
1365	2.91949831598
1370	3.28817798814
1375	3.05433454334
1380	2.19868007912
1385	2.82589941281
1390	3.06914233235
1395	3.22791332484
1400	2.84087566695
1405	2.63391758061
1410	3.1058258129
1415	1.76829393698
1420	2.97708098839
1425	1.22646045453
1430	2.74926420147
1435	2.49729025084
1440	3.09117254735
1445	2.36532311591
1450	2.77516186781
1455	3.02120984787
1460	1.9978440296
1465	2.43227535173
1470	3.44562601578
1475	3.33450294197
1480	2.49147862161
1485	3.00825809602
1490	2.13473714848
1495	3.08325790736
1500	2.42262479297
1505	2.49927783745
1510	3.13610433157
1515	2.43188735484
1520	2.65554631088
1525	3.1229186903
1530	2.56043977572
1535	2.31022190279
1540	2.63206010124
1545	3.00986690993
1550	1.96740303522
1555	3.05838455231
1560	2.33422159607
1565	3.31873989582
1570	3.32014413627
1575	3.14899690976
1580	2.65740351559
1585	2.47848188104
1590	2.06796864024
1595	2.99454196073
1600	2.57380461252
1605	2.21529369549
1610	2.1700203167
1615	3.15396458425
1620	3.27081124128
1625	2.10613116794
1630	3.07579467575
1635	2.91395370638
1640	1.73710507164
1645	3.09848033204
1650	3.26732795186
1655	2.8037606005
1660	3.17767051972
1665	2.72169807566
1670	2.50762935493
1675	3.24436485764
1680	2.96917983197
1685	3.01803549959
1690	3.1069609847
1695	2.6441646971
1700	2.39786380303
1705	2.50543231188
1710	2.67371381976
1715	3.19561141723
1720	2.32961647225
1725	2.77590539143
