0	5.22087361016
5	9.16317416084
10	3.23004628756
15	6.3695673085
20	3.91136151994
25	6.79522401253
30	5.98404574175
35	8.92549245338
40	9.6594082677
45	6.27549820626
50	5.82695394371
55	13.0707991098
60	4.69769069626
65	7.3280684793
70	8.14242262824
75	6.9867567927
80	10.3930115641
85	6.591998517
90	8.68982688996
95	8.1514210331
100	6.53620961799
105	8.3226788995
110	7.82174068839
115	4.61119018209
120	6.72289716893
125	5.24554601299
130	8.42853650769
135	3.61837938619
140	9.51159899752
145	4.66524110406
150	8.83068390284
155	9.30276125589
160	3.64846185336
165	6.58000224237
170	6.97458630498
175	5.19423915598
180	8.22269187335
185	9.26491245689
190	9.02316000817
195	13.0432958544
200	9.60871800196
205	3.60560193053
210	5.07097676557
215	4.32757975751
220	5.17137668274
225	10.25194156
230	10.9951546842
235	6.59556613576
240	5.22387407034
245	7.7309831924
250	6.26395500053
255	4.28150207519
260	7.10420703206
265	7.22628577229
270	10.1592647167
275	4.50442827468
280	8.89910249888
285	10.0722513485
290	7.63224692152
295	6.16405967201
300	4.98314217962
305	5.06634957078
310	7.53801062182
315	7.3655866598
320	10.0531795735
325	8.08558141755
330	8.45534758939
335	8.45281924795
340	5.24780662228
345	5.45387632935
350	4.80810747158
355	6.44940727626
360	6.37167644074
365	3.6586890078
370	7.24716291939
375	3.23004628756
380	6.15879327931
385	5.27523580053
390	6.68427120029
395	7.14443892956
400	4.6829544436
405	4.40805343104
410	8.91631998978
415	9.95727005406
420	9.91270601063
425	8.6176636747
430	11.3194944461
435	4.92191990212
440	9.79235554016
445	7.84016883114
450	7.63564873418
455	5.03214331602
460	5.97798713587
465	5.65897911231
470	5.36344388912
475	11.0808993812
480	8.93873282259
485	8.51676491419
490	5.22884862833
495	3.66533232845
500	11.1666925116
505	5.76886620777
510	6.7570361642
515	5.01573515149
520	5.19670081692
525	10.9144230399
530	6.62947410242
535	4.23684375302
540	5.98329731593
545	7.5418225781
550	10.8898293685
555	9.55864244172
560	7.8028310942
565	6.53395156762
570	7.39808077157
575	6.228001708
580	4.1270652935
585	7.24167976491
590	4.47727695435
595	9.70411347576
600	4.74510315649
605	8.20674786872
610	7.33361575863
615	6.68699460718
620	4.5395393132
625	9.93978878849
630	8.88822375833
635	12.53002826
640	5.70320419524
645	3.60952659856
650	6.1507742481
655	8.73332857003
660	5.80945700228
665	11.7115861119
670	3.23004628756
675	5.42299709475
680	5.98573280114
685	10.5824364281
690	7.36542642152
695	8.30930182453
700	4.85334489457
705	7.02019935922
710	5.32293140687
715	8.71436824466
720	10.0454683114
725	11.6133412959
730	6.68933740062
735	6.70786670132
740	5.85328435411
745	5.20389235293
750	10.1958022623
755	9.21278154799
760	9.04966279018
765	3.68602553043
770	8.0123283219
775	7.99612940307
780	4.22264541282
785	9.31892773333
790	8.52267512397
795	10.055439419
800	5.65318191518
805	5.44431660108
810	4.32242173847
815	7.94571648075
820	9.76066656376
825	9.48611198494
830	5.20585217602
835	7.10900941936
840	11.3786098329
845	11.5835537402
850	3.58967305891
855	6.96617614966
860	9.41251443599
865	5.35059429227
870	9.14710878361
875	7.63539601166
880	7.47743265035
885	9.23387789553
890	8.10616612756
895	6.74424986975
900	11.5448393704
905	10.8884671447
910	10.6271961983
915	6.78423100219
920	8.61989632309
925	6.00267562969
930	7.65606693727
935	11.326559757
940	4.75318349967
945	8.78745766814
950	12.2890565296
955	6.25448073377
960	8.48250911358
965	3.82004180018
970	3.38273383506
975	10.8858991175
980	7.66248570235
985	3.60004932257
990	8.9586842024
995	10.2193872567
1000	9.49931249508
1005	9.59867012009
1010	7.981890529
1015	7.740941018
1020	11.2371716733
1025	5.33926178731
1030	6.03543746762
1035	10.7908840248
1040	7.40538000377
1045	7.9293777492
1050	5.38608944728
1055	3.23004628756
1060	9.18329020829
1065	7.18421723748
1070	8.79394728717
1075	9.99670090687
1080	4.01537315823
1085	8.24223048311
1090	8.12168449531
1095	6.85961206426
1100	8.8113370446
1105	3.29823783833
1110	10.1353212442
1115	10.8130560176
1120	7.89395240677
1125	5.65740846362
1130	9.20578533098
1135	13.8824426782
1140	6.23930203316
1145	3.23004628756
1150	4.83207991708
1155	10.477341738
1160	5.2112273926
1165	6.98227346678
1170	6.91787813003
1175	5.42278550692
1180	7.25793187404
1185	11.5824543094
1190	7.23531152182
1195	4.77545005262
1200	7.55625690148
1205	8.98803644623
1210	9.23844311334
1215	5.25588798837
1220	10.2548026188
1225	4.40492511755
1230	5.31657689752
1235	9.59845494578
1240	6.43510361463
1245	4.35388911215
1250	5.66103856796
1255	5.82181442091
1260	5.17158476491
1265	5.89819807125
1270	7.10380918449
1275	7.1033277517
1280	7.24980584923
1285	5.97289185444
1290	3.96299486698
1295	8.53988495954
1300	7.79183476695
1305	11.8024445352
1310	6.40672952703
1315	5.79499159225
1320	8.31479980494
1325	3.55659968731
1330	10.4046954241
1335	8.61605457852
1340	6.64748584261
1345	7.22056255298
1350	3.51589744453
1355	8.97618871025
1360	11.3004500921
1365	7.28176973932
1370	3.23004628756
1375	10.6211574681
1380	4.9453712635
1385	8.61065650987
1390	5.21922437921
1395	6.65560211506
1400	4.45894820877
1405	11.2004780333
1410	7.51450349617
1415	5.5729734282
1420	7.41189642821
1425	5.67708232564
1430	5.5654821846
1435	3.29209545402
1440	11.2863753533
1445	9.52064160658
1450	6.99989155465
1455	10.7989631724
1460	7.61306891182
1465	6.0920174537
1470	8.78489849621
1475	6.82931999605
1480	8.24740102689
1485	7.18792217842
1490	7.46994808893
1495	9.77622943978
1500	8.61328960656
1505	9.55836604315
1510	10.9265101526
1515	3.23004628756
1520	11.6160856968
1525	8.28229770247
1530	9.94492249399
1535	11.5280239632
1540	5.89407887649
1545	6.75684698842
1550	9.33663466296
1555	5.28023890866
1560	7.19254694277
1565	3.91471474001
1570	11.2677052132
1575	8.65594864455
1580	3.23004628756
1585	7.06557118606
1590	7.45654381286
1595	8.99311744538
1600	8.42273726289
1605	9.29758573434
1610	5.67003062551
1615	8.44019596024
1620	7.98544499505
1625	5.5770856295
1630	7.01874737306
1635	3.43905955443
1640	5.19910319232
1645	9.4186954533
1650	5.49035746631
1655	6.57823254003
1660	5.094033964
1665	4.91591245053
1670	9.69716931848
1675	5.88136025926
1680	8.50348726312
1685	6.41362357936
1690	7.48594005301
1695	7.27140919086
1700	5.80708077415
1705	11.3655492277
1710	5.98880911703
1715	8.29656163822
1720	6.5509921187
1725	5.47987521019
1730	7.56139162521
1735	4.61816201405
1740	6.87717782694
1745	4.30712152404
1750	9.75608607923
1755	6.35348406905
1760	9.91562796502
1765	7.32152923017
1770	3.9883930787
1775	4.84612578223
1780	6.69428078578
1785	8.53613543244
1790	7.23200588588
1795	8.61567426518
1800	8.12424309862
1805	7.89186410514
1810	10.071372458
1815	10.648120859
1820	4.5968753141
1825	7.00550500616
1830	9.25152005155
1835	3.23004628756
1840	8.2629508415
1845	10.2547434807
1850	10.9067332442
1855	12.0370955186
1860	9.26763589287
1865	4.36829388331
1870	5.16914686679
