0	4.13000083507
5	7.75054248076
10	6.74359348774
15	7.90745059645
20	6.59996307489
25	2.25544058055
30	5.99493737559
35	6.95728215756
40	7.63864404351
45	7.26475144263
50	7.66987432977
55	1.88364152481
60	5.49001459081
65	6.92354603249
70	7.45344409067
75	7.22116214778
80	6.84067285818
85	7.00625944296
90	7.22386436817
95	7.84064652845
100	6.15478779197
105	7.0306612088
110	6.61023240583
115	7.45029639604
120	7.6716197677
125	6.45658822437
130	7.08885978259
135	7.73606595744
140	6.41967294407
145	6.66740855071
150	7.76741471493
155	7.40135814171
160	7.47133885932
165	6.08441265977
170	7.67181614913
175	6.97429070232
180	5.74215814394
185	7.68112211428
190	7.6077398107
195	7.88834142949
200	7.65963776213
205	7.8285854927
210	5.59789768145
215	5.70246952692
220	7.74541457144
225	7.6391208897
230	7.18938722035
235	6.3186341273
240	7.4735125892
245	7.78574103255
250	7.28955129802
255	7.9019139118
260	7.15601324987
265	7.4221220063
270	7.84780873662
275	6.77154183302
280	7.35320000933
285	7.64791098928
290	7.89975943196
295	6.81468333032
300	7.77822164068
305	7.79020129896
310	7.27898106762
315	5.94791092511
320	7.08435058467
325	6.67810397618
330	7.48616902343
335	7.8383071477
340	7.73522237703
345	7.83335271141
350	7.00957490021
355	6.41438246717
360	5.74268403659
365	6.0915659157
370	7.77590563821
375	6.31582791823
380	7.70770178072
385	7.85458032385
390	4.92228720043
395	6.1155611732
400	5.36386769528
405	7.41975983976
410	7.49110489311
415	6.10037609951
420	5.64742122631
425	7.64530856145
430	7.75912766
435	7.71765309803
440	7.79476948349
445	7.41199160926
450	7.83504332793
455	6.72110607301
460	7.86849782371
465	6.4681484989
470	5.85290318103
475	7.69586434954
480	7.79178033183
485	6.64278562647
490	5.893209036
495	7.19153202355
500	6.39265207205
505	5.29165561713
510	7.03083231251
515	6.66883150486
520	7.00655894429
525	6.91933713503
530	6.17258501198
535	6.62860691423
540	3.50984887384
545	6.49570696464
550	6.70346938726
555	6.78503679082
560	5.89779670935
565	7.26978236953
570	6.23007077922
575	4.52197620348
580	7.85073546474
585	7.58391471791
590	5.85084370678
595	4.95469695363
600	7.10581737836
605	5.161090631
610	6.60617732923
615	4.38765025167
620	6.70493246512
625	7.76138522264
630	7.6629530766
635	7.31819463681
640	7.65836681347
645	7.70261870971
650	7.28061487057
655	5.3960584968
660	7.64172201416
665	7.27749109468
670	7.3943086899
675	7.62742721828
680	5.99579959732
685	7.82065910562
690	6.41398220702
695	4.66535766805
700	1.58149611475
705	6.64257498809
710	6.90852797291
715	6.24683564664
720	6.26047957077
725	7.4512012946
730	6.95896568384
735	7.8888535876
740	7.30061687689
745	7.80770395351
750	7.44347549527
755	7.77014274357
760	7.5606878249
765	5.87706709013
770	7.07722094183
775	6.88802692973
780	7.69220265114
785	7.90464155742
790	6.05963171333
795	7.27035497909
800	6.72453716282
805	6.65443725067
810	7.30327173302
815	7.74379670225
820	4.93731140856
825	6.99504230523
830	7.503825342
835	4.97238079728
840	6.66112438044
845	4.97477636698
850	5.90751303493
855	7.90690876779
860	5.61640017866
865	6.21150540465
870	7.56604504219
875	5.75531065253
880	7.68654858565
885	5.60478840919
890	6.75439623879
895	5.74604735089
900	7.24934182385
905	7.83909962489
910	6.62722570272
915	6.74630344132
920	6.69045706317
925	6.66844556607
930	7.90523600132
935	7.24965724447
940	7.716245165
945	7.65980149552
950	7.54713027457
955	6.85569099103
960	7.74105836607
965	6.47173110996
970	7.33545495276
975	7.04734634375
980	6.82359242306
985	7.76670142609
990	5.26496572896
995	7.66664260664
1000	6.23774149471
1005	4.938027274
1010	5.98916579134
1015	6.14688007382
1020	4.119566549
1025	6.51648261751
1030	5.66918813378
1035	4.6733241415
1040	7.41821106716
1045	6.50227526964
1050	7.51076176185
1055	7.05912382866
1060	6.09456297955
1065	7.74105736186
1070	6.91580248946
1075	7.06983318438
1080	7.0035385109
1085	7.53661289572
1090	7.7562853551
1095	6.24993462971
1100	7.46423457116
1105	7.48977257497
1110	7.66903528199
1115	6.42828296116
1120	5.33154280343
1125	7.22257127043
1130	6.97638388348
1135	7.82556106073
1140	6.87781183326
1145	6.6575565397
1150	7.83713740284
1155	7.61279447891
1160	4.79676708019
1165	7.78645595337
1170	7.28648367382
1175	6.16929944681
1180	7.75009626496
1185	7.04938021166
1190	6.02998409993
1195	5.98058996601
1200	6.64457552691
1205	5.38772742937
1210	7.31934023169
1215	6.16947664689
1220	6.87261175172
1225	3.81711027233
1230	6.92221436908
1235	6.97022739718
1240	7.7987144854
1245	7.74068121675
1250	7.25168749631
1255	5.29886294401
1260	4.52926095082
1265	7.34613614017
1270	7.65320450681
1275	6.19972251068
1280	6.4669519059
1285	6.75570373882
1290	7.89339415568
1295	4.81790248401
1300	7.43314952988
1305	7.79517909694
1310	7.85469233975
1315	7.54540090655
1320	7.7256097034
1325	7.62105705785
1330	7.90049346277
1335	5.34932620655
1340	5.19045050722
1345	5.24572343867
1350	7.81328000503
1355	6.53584928795
1360	5.27231715382
1365	6.50012898928
1370	7.57374675291
1375	5.33992525153
1380	6.92265135409
1385	5.18596724464
1390	7.62581286748
1395	6.70121355661
1400	7.81851562488
1405	5.08514272802
1410	5.38168790403
1415	7.90326166452
1420	7.81070449261
1425	7.12664374787
1430	6.96085346556
1435	7.76385698823
1440	7.1229352684
1445	7.90172436576
1450	7.88582726826
1455	7.73002435132
1460	7.7979681211
1465	6.22342997944
1470	7.12416343824
1475	7.58606368389
1480	6.68862899
1485	7.85794716718
1490	7.67216329348
1495	6.34711248229
1500	7.29134793996
1505	7.08213743795
1510	7.5543742422
1515	6.22112875969
1520	7.66102186338
1525	6.85288801066
1530	7.08178605315
1535	7.45285993359
1540	6.20571164357
1545	6.17583432276
1550	4.64338814925
1555	7.86563681876
1560	6.17268831438
1565	6.51850192038
1570	7.42587894344
1575	7.35281554021
1580	6.46992420438
1585	7.90175384141
1590	7.71146689994
1595	7.26779826553
1600	7.24861779752
1605	7.72791360844
1610	7.28132713856
1615	7.80615517795
1620	6.48886105624
1625	4.3559954775
1630	7.74682046128
1635	7.26338278745
1640	7.39049378753
1645	6.26223260903
1650	5.74921859933
1655	7.60852772087
1660	7.84593373204
1665	6.06349594453
1670	7.5169779726
1675	7.86754561391
1680	6.25176799066
1685	7.84732181406
1690	7.84982173376
1695	7.41277715983
1700	6.98242810759
1705	7.6950309748
1710	7.80384839931
1715	7.33646352506
1720	4.83047574378
1725	6.84131988728
1730	7.74485888755
1735	7.75205459985
1740	4.12248921881
1745	6.28410020336
1750	7.73641514007
1755	7.64410738813
1760	6.94581303114
1765	5.84943592286
1770	6.16907987517
1775	6.93994948496
1780	5.66220725316
1785	7.118534501
1790	7.13512538911
1795	7.48660553123
1800	7.86475665004
1805	5.72641170858
1810	6.90491059583
1815	7.57269818305
1820	4.92602777318
1825	3.66553837473
1830	6.86946407533
1835	7.84801435359
1840	6.64758614747
1845	7.68547382016
1850	2.95653803906
1855	7.12824807994
1860	6.31669924028
1865	7.89589482587
1870	7.37596298165
1875	6.47854803875
1880	6.16660574486
1885	3.47366582988
1890	7.85565003913
1895	7.8644022799
1900	7.76883660658
1905	7.66894526968
1910	7.48527172074
1915	6.94747102381
1920	6.68978058812
1925	6.88396462579
1930	7.59717806075
1935	7.58457978008
1940	7.19817132501
1945	6.08801848255
1950	7.38481797059
1955	7.06868239914
1960	6.85680726198
1965	6.62398148698
1970	7.83811266205
1975	4.75469654633
1980	7.40338469653
