0	12.3393523361
5	9.74726667128
10	8.42374790665
15	12.5362772471
20	6.95130301406
25	10.1112642926
30	7.92215948937
35	11.0209573903
40	7.23848679561
45	12.8171923809
50	6.51587122802
55	6.01088057717
60	9.67688593723
65	6.25334386228
70	8.95475902353
75	5.37863886285
80	5.90743915807
85	10.2461191145
90	7.12448732262
95	4.94638415878
100	9.49598182299
105	12.7395638189
110	8.45853098471
115	10.3604728277
120	10.5930860384
125	10.3884382897
130	10.233231584
135	9.50402416241
140	11.6945530427
145	7.09925361952
150	5.62864722372
155	5.54066861533
160	7.91048898326
165	7.58678035723
170	12.6167104292
175	5.90092160198
180	11.9649525016
185	4.71636879474
190	12.0643312852
195	7.254431411
200	8.87848951509
205	7.99082650826
210	12.2138747187
215	7.94365800058
220	6.20655187491
225	7.15408905183
230	6.92864947527
235	7.25261685811
240	10.3456399304
245	8.92157702543
250	10.2918185296
255	8.63016875573
260	11.7279289154
265	8.00128144561
270	10.4481847296
275	9.22211372193
280	6.42094259017
285	8.35368220644
290	8.19182984719
295	10.0759944363
300	4.23261322572
305	9.78096973938
310	9.59680121567
315	10.0856035634
320	8.18852366161
325	6.58288483895
330	8.1978821094
335	10.3472577189
340	12.0434994154
345	10.5287232336
350	7.79646054631
355	8.46553551655
360	5.72233360505
365	6.25652689746
370	11.2385560775
375	9.12592424426
380	6.21904256744
385	8.70435010596
390	10.3741715246
395	7.93915102432
400	12.8332646718
405	5.44186558295
410	8.47994101639
415	11.4011342339
420	8.99191017353
425	11.387962182
430	10.7308886343
435	12.5653506179
440	10.125501989
445	10.2076692528
450	3.79151539413
455	7.77503207144
460	11.279531707
465	11.1703978316
470	7.75111303258
475	10.0923827823
480	6.37963672833
485	5.95581793316
490	11.9401993839
495	10.5953087608
500	9.58948973379
505	10.7205756522
510	6.19310299815
515	7.12843088865
520	10.4995363042
525	12.9259229419
530	5.32358761365
535	11.4364643105
540	9.66365042614
545	9.35381876599
550	7.15040739462
555	7.42363281504
560	5.05236128054
565	5.42966671376
570	8.13217563038
575	11.1880614738
580	10.1679614903
585	8.9593418633
590	8.18038394487
595	10.6636159147
600	8.29897093359
605	10.1098508673
610	13.4454565841
615	11.3549298655
620	4.72912770712
625	3.30746137989
630	11.8525423824
635	6.58951632255
640	7.73425726825
645	11.9579583254
650	9.00209708834
655	6.36242186744
660	3.22062815925
665	6.56472644713
670	6.31215254884
675	8.00728952931
680	6.67333244642
685	10.7039587583
690	8.92631062703
695	13.1197467602
700	8.23945017846
705	12.5825944352
710	11.7845296582
715	9.1051922256
720	7.00702081837
725	9.61749381594
730	12.7226550856
735	10.4830031103
740	8.80199351236
745	11.5158052082
750	10.6746220155
755	5.86861977666
760	9.92716109146
765	12.4004019182
770	12.9702772788
775	9.433805804
780	10.30662933
785	13.1279039077
790	10.282149844
795	6.76170328917
800	12.5972407766
805	6.24018531818
810	6.90520877644
815	6.69816856408
820	10.2371891911
825	3.79379070306
830	5.64032217349
835	12.0498835991
840	9.48795689698
845	8.75482206415
850	8.36290525773
855	8.35224609947
860	12.4029850346
865	9.17622594453
870	5.34865015882
875	11.1944265159
880	10.022183499
885	6.19469857549
890	6.9489546372
895	10.4906154357
900	8.27970847087
905	6.07385445059
910	5.402581152
915	11.1220316357
920	6.08091108372
925	5.83952875091
930	7.06041608424
935	11.9540991334
940	7.56349353175
945	6.2549812806
950	11.402638108
955	10.240484777
960	9.50554351722
965	11.0929068942
970	12.8012295485
975	3.46304913157
980	10.3372522381
985	11.1098482128
990	11.0779189361
995	10.1113628416
1000	9.87777141391
1005	10.6054545323
1010	9.35426558708
1015	10.012555203
1020	9.64637180067
1025	4.66058097243
1030	10.4854015505
1035	10.45618515
1040	11.6278620285
1045	11.1881541574
1050	6.73793116828
1055	9.69584279002
1060	5.84835757623
1065	12.228442279
1070	9.22655391364
1075	10.7587243345
1080	9.54901151388
1085	11.3733212217
1090	11.4549887484
1095	7.36511217186
1100	6.32021676489
1105	11.772327339
1110	8.30295003416
1115	10.8528244456
1120	8.18060734065
1125	4.58755336179
1130	11.1514152317
1135	7.94145104652
1140	10.6670174235
1145	4.84032418391
1150	6.01539480471
1155	11.440930565
1160	6.78239847749
1165	5.28554590591
1170	10.5439270414
1175	8.08961678774
1180	5.75125099806
1185	7.96881523508
1190	9.30430855367
1195	9.79623845828
1200	9.73912396593
1205	12.329382737
1210	3.57608069765
1215	5.33944579632
1220	9.42152958533
1225	8.62150987691
1230	10.2359475942
1235	10.7742851633
1240	8.02627060086
1245	8.84758617977
1250	6.84210974843
1255	10.9175545028
1260	7.40304302683
1265	8.34758569046
1270	11.1667362909
1275	9.5773337378
1280	7.39954518207
1285	8.53609345625
1290	6.08784005171
1295	13.4772476126
1300	11.434490352
1305	8.32543097417
1310	10.5164818104
1315	7.31957284988
1320	10.9137081044
1325	7.9663168846
1330	8.59442536728
1335	7.70144678241
1340	7.28842681875
1345	6.82980028855
1350	8.07724625356
1355	9.14082986848
1360	4.82113085461
1365	12.3978319231
1370	7.30954440969
1375	11.02964596
1380	10.0102197746
1385	8.95484484751
1390	9.21275671706
1395	5.92010383629
1400	8.33655318308
1405	12.087388663
1410	9.64678036058
1415	6.26408553771
1420	11.1976602929
1425	9.47059745032
1430	11.1486534221
1435	9.55336213399
1440	6.09589469535
1445	8.11804753152
1450	10.0198330785
1455	10.182532866
1460	13.0019159666
1465	12.5503134497
1470	8.33636414718
1475	6.37947377501
1480	6.6171991037
1485	9.98499810051
1490	11.8558557074
1495	11.9833157846
1500	9.56834146695
1505	10.6031083938
1510	8.47745451629
1515	10.4742106238
1520	10.4826355726
1525	9.40081886981
1530	9.16035697244
1535	6.60289990247
1540	9.56308978003
1545	8.9704072499
1550	9.95581365433
1555	11.105308713
1560	8.70176639091
1565	8.16284671235
1570	13.9162647386
1575	5.8599970214
1580	6.46630273431
1585	11.2194768312
1590	6.98513874254
1595	7.71241385393
1600	10.8242445993
1605	10.9352346488
1610	8.10711217867
1615	13.2912121771
1620	8.42803899797
1625	8.92810623464
1630	11.2357980583
1635	8.90640780733
1640	7.8841666667
1645	11.2802509703
1650	8.66966161327
1655	7.95520585019
1660	5.56777102167
1665	9.20747922448
1670	11.0980373671
1675	11.2489734635
1680	8.75557501352
1685	9.48331752756
1690	9.15135627841
1695	13.4788026292
1700	8.2430781954
1705	12.4101810318
1710	6.84040356437
1715	4.75140749022
1720	5.87849522991
1725	9.52255915161
1730	9.84865785431
1735	7.82379622276
1740	7.73934740825
1745	9.35230085565
1750	8.99638075145
1755	10.1359918468
1760	10.8009800141
1765	7.58338991549
1770	8.64707610934
1775	10.2319519045
1780	12.3121777933
1785	8.921658676
1790	3.7458545768
1795	7.62669632243
1800	10.0411526625
1805	10.1164948157
1810	12.7956071316
1815	8.50298553205
1820	5.45099178621
1825	4.64959465405
1830	6.83513903654
1835	11.0506383764
1840	8.68898064649
1845	10.9529725838
1850	5.57369452576
1855	10.4287768613
1860	11.5134465296
1865	8.16740531494
1870	11.2917913235
1875	13.1359649532
1880	6.64132591627
1885	13.24601197
1890	6.53271381978
1895	7.68089583171
1900	12.0782185589
1905	5.10537482007
1910	8.64173905293
1915	2.84222394143
1920	2.84222394143
1925	3.25744993462
1930	10.519086248
1935	7.93361674946
1940	8.40732776883
1945	11.0184741843
1950	11.0920189597
1955	8.96427214241
1960	12.8357385408
1965	4.55579745493
1970	8.68869319465
1975	4.70977060352
1980	9.10693764737
1985	8.53958130047
