0	1.52315002856
5	2.58958300508
10	1.52315002856
15	2.41600636368
20	1.92155283433
25	2.3679387265
30	2.65689415035
35	2.19411503665
40	2.63698649045
45	1.78376191365
50	2.21858850502
55	2.72626528543
60	2.53273025911
65	3.34950000385
70	1.52315002856
75	3.49254587576
80	3.65676892186
85	1.52315002856
90	2.34695119956
95	2.62063600826
100	1.52315002856
105	1.52315002856
110	1.89058405652
115	1.52315002856
120	1.65669616744
125	1.52315002856
130	3.89376230794
135	4.0837422465
140	3.45661850517
145	1.68138953429
150	3.20874230732
155	2.22738476791
160	1.52315002856
165	2.1553748362
170	4.87526189451
175	1.52315002856
180	3.15361302515
185	1.52315002856
190	2.12121400359
195	1.52315002856
200	1.91619870123
205	2.69280502846
210	3.19392212962
215	1.52315002856
220	1.52315002856
225	2.47510753659
230	1.52315002856
235	1.52315002856
240	1.52315002856
245	1.52315002856
250	1.92994647545
255	1.52315002856
260	1.52315002856
265	1.83275945633
270	2.50035629569
275	1.90079158286
280	1.52315002856
285	4.3667574225
290	2.35458050942
295	3.07567600671
300	3.47553947823
305	2.83151006538
310	2.04191928668
315	2.33665135164
320	1.78745461091
325	2.3128979054
330	1.52315002856
335	2.203972154
340	4.02893241764
345	4.12021555134
350	2.85143062538
355	1.52315002856
360	4.39799154708
365	1.65551457734
370	2.8195750906
375	1.52315002856
380	1.52315002856
385	1.85997109807
390	2.14600578962
395	1.91210851622
400	2.74677402268
405	2.60583395641
410	1.52315002856
415	2.29702217817
420	1.52495437127
425	2.14212347722
430	1.52315002856
435	1.92179760916
440	2.36055188996
445	1.52315002856
450	2.98473485688
455	3.37570550482
460	1.52315002856
465	1.52315002856
470	1.52315002856
475	3.92596386979
480	1.52315002856
485	2.24095234547
490	4.31462863204
495	4.11217201411
500	1.52315002856
505	1.53652470335
510	2.06703360258
515	2.7536960144
520	1.52315002856
525	2.47981330374
530	1.52315002856
535	1.9757560342
540	1.52315002856
545	3.58186546217
550	2.27403995857
555	1.52315002856
560	1.52315002856
565	2.56828227719
570	1.52315002856
575	2.19855917793
580	2.10239102039
585	1.52315002856
590	1.52315002856
595	1.93899256707
600	1.52315002856
605	3.60811763283
610	1.52315002856
615	2.73035088776
620	1.52315002856
625	2.06089102717
630	1.52315002856
635	3.36945160259
640	3.1337949146
645	3.60807455389
650	1.97181301707
655	3.75327358959
660	1.74078061976
665	1.52315002856
670	3.33369955299
675	3.59194893936
680	3.14557123204
685	1.75012123566
690	1.56501849921
695	2.44847104698
700	1.52315002856
705	1.52315002856
710	2.18019389175
715	1.88160534818
720	1.59276625847
725	2.89120141611
730	1.52315002856
735	1.52315002856
740	2.1419934171
745	1.52315002856
750	1.52315002856
755	3.48233034524
760	1.52315002856
765	2.05320886122
770	1.52315002856
775	1.9749546042
780	3.84543608839
785	1.96006776136
790	4.52853679977
795	2.69065800657
800	2.69846680578
805	1.52315002856
810	2.30915852964
815	3.29918188351
820	1.52315002856
825	3.02005174935
830	3.11748714694
835	1.52315002856
840	4.27268381366
845	1.52315002856
850	1.53888697842
855	2.53910969024
860	2.15788799596
865	2.30951353568
870	1.52315002856
875	1.74226553672
880	1.52315002856
885	1.86067023105
890	3.57496915458
895	4.37545852841
900	3.98817124267
905	2.20033946249
910	1.52315002856
915	2.6889426553
920	3.63142604698
925	1.52315002856
930	2.26096488808
935	1.52315002856
940	1.52315002856
945	1.8940491772
950	1.53151086958
955	2.38492422596
960	1.52315002856
965	2.18594492083
970	2.11793073266
975	1.52315002856
980	2.81956871644
985	1.52315002856
990	2.67548354231
995	1.60369427004
1000	1.65600840295
1005	2.38767766335
1010	2.03831724023
1015	2.35241309429
1020	1.89653542761
1025	1.52315002856
1030	1.52315002856
1035	1.52315002856
1040	2.12266697314
1045	2.28767857408
1050	1.91989532136
1055	1.52315002856
1060	2.93631876678
1065	3.284643324
1070	2.31818867295
1075	2.74328833754
1080	1.52315002856
1085	2.139762639
1090	1.52315002856
1095	1.52315002856
1100	1.80621945135
1105	2.68332392944
1110	2.06031836808
1115	3.55322474533
1120	1.52315002856
1125	1.70070548125
1130	1.9311389125
1135	4.41228211887
1140	1.52315002856
1145	1.87230847614
1150	2.09190703647
1155	1.52315002856
1160	1.52315002856
1165	2.02905164682
1170	1.83775841527
1175	1.52315002856
1180	1.52315002856
1185	2.39897180643
1190	1.78536448462
1195	2.50114890585
1200	5.13587964338
1205	1.70084269179
1210	2.70518965802
1215	1.52315002856
1220	1.85785681878
1225	2.94311507023
1230	1.52315002856
1235	2.45894474365
1240	1.52315002856
1245	2.24723579082
1250	3.29506489784
1255	2.52370456373
1260	1.52315002856
1265	1.71799552089
1270	2.98898975703
1275	1.81817940408
1280	2.46414352518
1285	1.82233273663
1290	3.63114760817
1295	1.52315002856
1300	2.55217911715
1305	2.32206794172
1310	1.52315002856
1315	1.75109279477
1320	1.52315002856
1325	1.92253796235
1330	2.31171686113
1335	2.60326624965
1340	1.52315002856
1345	1.96151586567
1350	4.40570750305
1355	1.52315002856
1360	2.22066462333
1365	2.58030634785
1370	2.49433330433
1375	2.35634864118
1380	1.73146630121
1385	2.38643011145
1390	1.96107064045
1395	2.21832331962
1400	1.85354070875
1405	3.4274007928
1410	1.52315002856
1415	2.37953605755
1420	2.43655022043
1425	1.52315002856
1430	1.9094446769
1435	1.7373529644
1440	4.99096026141
1445	1.52315002856
1450	3.55683007105
1455	2.80954514757
1460	2.20758559226
1465	1.59506838029
1470	2.33098214302
1475	2.21049977314
1480	4.91461355028
1485	2.8787390335
1490	2.38219219157
1495	3.07967721784
1500	2.51710298281
1505	1.52315002856
1510	2.98553257971
1515	1.78705473337
1520	2.13056729707
1525	2.80198786258
1530	3.2596408899
1535	2.7139679924
1540	2.72477092943
1545	2.7491600296
1550	1.52315002856
1555	3.61063825443
1560	1.62045841124
1565	1.8411559176
1570	2.18117320258
1575	3.82123702214
1580	1.53200067591
1585	1.96386476438
1590	1.89862285116
1595	1.52315002856
1600	2.62693913952
1605	2.44486984718
1610	3.15672632412
1615	1.52315002856
1620	2.12574722063
1625	2.42398876492
1630	2.23089015468
1635	1.68649078676
1640	1.54746872713
1645	2.02235376035
1650	1.52315002856
1655	2.01194691925
1660	2.68046097348
1665	2.49200035606
1670	2.51400001811
1675	3.06514844055
1680	2.87772041961
1685	2.51144277792
1690	1.86705326504
1695	4.58755429447
1700	1.86504603022
1705	1.72541277013
1710	3.02357876944
