0	8.75347023083
5	8.25676816246
10	8.876154924
15	9.57490245207
20	9.44375095555
25	6.41144145243
30	10.3528344266
35	9.3870989261
40	7.77789700079
45	8.72891107348
50	6.87189142899
55	8.87411758187
60	9.652029927
65	4.69804100923
70	9.6270255582
75	8.2229982484
80	7.30627011756
85	10.3896764272
90	10.3467523019
95	8.19432690134
100	11.3699858346
105	5.63656815999
110	7.77642465442
115	8.43146310174
120	8.84531116465
125	6.42086602466
130	7.8694211724
135	6.14098727579
140	8.31578958334
145	8.62953678247
150	5.70962737894
155	8.20496087523
160	9.59045523235
165	8.30220425815
170	9.53607860515
175	7.19006538028
180	7.74184063379
185	7.81544046354
190	7.60959069639
195	10.0693948514
200	8.7332072643
205	6.73801015557
210	8.26640449829
215	11.56531762
220	10.479036973
225	11.5459279502
230	8.69224599329
235	10.1247146318
240	9.08959180282
245	6.83040098708
250	11.2948581648
255	12.0312225396
260	9.47504723726
265	7.32637648209
270	6.31753864061
275	9.85427830718
280	10.804555787
285	9.99558918791
290	8.71006485367
295	4.74557503617
300	10.6423353976
305	11.3262317221
310	8.22763925913
315	7.84542027847
320	6.34991279705
325	10.7893297064
330	9.96701002348
335	8.52056452231
340	5.3139966092
345	8.82238142922
350	9.20893049365
355	7.75399868264
360	10.2116206291
365	9.46034451113
370	10.9702200083
375	10.1898332687
380	11.2068992528
385	9.37023732832
390	10.0378937868
395	5.08713626875
400	9.03283472867
405	9.12193732408
410	8.20513320524
415	8.90448178775
420	8.21835237854
425	7.97689528031
430	11.0400020753
435	9.80786930076
440	8.80963228992
445	11.3327880314
450	7.16377609013
455	9.84654303197
460	11.7180431919
465	8.67583240729
470	8.41588439141
475	8.08089643414
480	7.4793370253
485	8.27833535456
490	6.99993923842
495	7.78340416328
500	7.43641852842
505	4.82497251577
510	5.87598594412
515	10.6485242077
520	8.20670872491
525	9.15198492049
530	8.14728624294
535	10.0047914911
540	11.782199112
545	9.68499325766
550	4.1324513424
555	7.90103205704
560	8.26977702838
565	7.03614173964
570	7.86457845326
575	10.4800751987
580	10.8494266153
585	11.3246096724
590	6.63742909698
595	9.40627764331
600	11.5053974138
605	9.62241231596
610	10.2192149486
615	7.77953595575
620	10.5448804584
625	11.1969310618
630	8.1329313364
635	5.99612597789
640	10.1012114736
645	10.0286929737
650	9.71167770792
655	11.6519640675
660	8.08115377866
665	10.3254643718
670	6.87872816502
675	8.52754926259
680	8.33152324896
685	7.46101605226
690	9.30443367617
695	10.9150092188
700	7.9605187906
705	9.21528492702
710	8.26772959132
715	8.27885334444
720	10.6362621453
725	6.00969306679
730	10.4227447677
735	11.354301199
740	7.86727778086
745	8.32946820248
750	11.0627079512
755	5.76955159668
760	7.09469313895
765	11.2513939563
770	8.88835958297
775	3.88549065489
780	8.13098708748
785	8.66268706602
790	7.5669756272
795	7.42392798102
800	6.90969961907
805	7.72358837365
810	10.1924733679
815	10.4518949411
820	7.82199525865
825	9.24600438266
830	8.10937007326
835	9.1665793815
840	11.1106449967
845	10.2334606646
850	7.7391571882
855	10.1726230079
860	9.73248220039
865	8.2393777082
870	8.69090535589
875	6.5649207727
880	10.7966151733
885	10.8872567811
890	6.3683589325
895	9.10451112591
900	9.01336531139
905	8.01115671843
910	4.1294234774
915	5.39848770725
920	9.42469277378
925	9.75820478113
930	5.80342625331
935	8.73617650129
940	9.25655282431
945	7.46008977941
950	8.3325558686
955	7.94682734248
960	9.77353185642
965	10.8307545192
970	10.2626495191
975	7.9167632256
980	8.64953214532
985	9.6743280104
990	5.39991032256
995	8.17125952547
1000	7.77754434504
1005	4.98011804934
1010	11.0114078093
1015	5.18861766169
1020	6.90012768803
1025	6.90298919784
1030	9.19134204023
1035	11.0154005562
1040	10.2701860394
1045	7.71402208777
1050	8.81996173596
1055	8.2497802635
1060	7.98879052381
1065	8.47874158843
1070	9.14130599838
1075	6.3863310047
1080	9.92100355279
1085	11.6776079259
1090	10.1654275645
1095	9.68191497396
1100	8.17494715277
1105	6.74022231874
1110	7.82847078549
1115	10.7359596055
1120	7.46988259574
1125	11.04598401
1130	10.5099354339
1135	10.6848132443
1140	9.40638647858
1145	9.52147227534
1150	8.76256538098
1155	10.916298807
1160	10.1417427102
1165	8.43602180385
1170	9.56726942033
1175	6.43847338847
1180	6.98152059819
1185	10.2680260556
1190	7.00564563936
1195	6.44040337235
1200	10.0830674295
1205	9.57786218933
1210	12.0080890121
1215	8.72710069412
1220	7.99023126934
1225	11.6115097412
1230	8.33381733643
1235	7.39507585522
1240	6.66399320587
1245	7.97301231582
1250	8.18277788006
1255	11.4500348826
1260	8.42105935398
1265	8.91715510679
1270	9.50308250376
1275	8.84632760407
1280	9.95837678184
1285	11.7541067959
1290	8.89516522702
1295	7.7839091979
1300	7.57570495479
1305	8.90719454311
1310	9.42133275683
1315	8.37956678546
1320	8.168346685
1325	11.6690333509
1330	7.03634834098
1335	9.68763367501
1340	5.02668927963
1345	4.84456703
1350	9.15359545624
1355	11.890448159
1360	8.25836037303
1365	9.50391969432
1370	9.16834650856
1375	7.12667225955
1380	9.00631037399
1385	7.61636183737
1390	8.98183753694
1395	8.709743067
1400	6.96793425606
1405	9.89007139064
1410	9.1724894006
1415	11.0112795117
1420	8.21752535952
1425	8.33350116609
1430	11.2058332205
1435	9.24432479621
1440	10.6258845803
1445	10.6040303385
1450	7.98292286524
1455	9.54348915807
1460	9.03645019263
1465	10.4424597319
1470	4.44952690202
1475	4.61509785209
1480	8.70246341752
1485	11.9935046154
1490	8.93865295568
1495	10.0359764114
1500	6.77060199938
1505	8.64035124727
1510	8.10841781669
1515	8.51185345023
1520	10.2670315841
1525	4.33529015985
1530	9.01958783839
1535	8.20636584657
1540	9.19844628573
1545	10.724775774
1550	10.9003891393
1555	9.2459516744
1560	10.4871890495
1565	9.67880876551
1570	6.38059125264
1575	7.91816315693
1580	9.40432907071
1585	7.98958727586
1590	7.2380265494
1595	10.5989576974
1600	9.32147556303
1605	6.73506054818
1610	9.68810725266
1615	8.70246888937
1620	9.71062768635
1625	6.45484432261
1630	9.37587922465
1635	9.34198523788
1640	6.2398989049
1645	8.74713586816
1650	9.75039981845
1655	10.7606084975
1660	9.98651049703
1665	10.795584525
1670	9.94670126036
1675	6.54576150673
1680	10.5724172901
1685	10.1914122857
1690	10.919085353
1695	9.12761596812
1700	7.26773639175
1705	10.7644053813
1710	6.40185896
1715	10.1640747246
1720	9.13334273366
1725	8.68983830806
1730	10.779719103
1735	9.1320495493
