0	5.67824219403
5	5.51117998187
10	6.73412958996
15	5.8493059024
20	5.11143912094
25	6.11473912281
30	5.9624808916
35	6.64993249579
40	4.32583296757
45	5.51620153936
50	7.61630776435
55	6.65407575347
60	5.49894425185
65	5.7239913151
70	6.55291074604
75	5.4383992503
80	8.39818138847
85	7.26998211014
90	3.58188961317
95	5.85781082008
100	6.63416678936
105	3.41078827085
110	3.74401471376
115	7.35936422295
120	7.18543983694
125	4.31306632386
130	4.90200656652
135	6.660976629
140	6.57042382097
145	7.89912050127
150	6.33038972188
155	6.2980799597
160	4.96028626755
165	4.3411011624
170	4.34051762724
175	6.06448581242
180	3.7016607236
185	6.47583696211
190	7.1712654146
195	3.02372081628
200	3.70087967297
205	6.71440819396
210	4.59659322832
215	5.86076471597
220	4.39199364131
225	3.54189918156
230	4.97203091357
235	5.68742524298
240	2.57814855443
245	7.09790264377
250	8.00806927581
255	6.52161524814
260	4.42109626435
265	7.94984346938
270	2.14945780944
275	4.9720195202
280	4.37203366264
285	4.52343839791
290	5.27506705342
295	5.77219693829
300	6.51811386357
305	4.67863628062
310	4.18110819956
315	5.93380797367
320	6.18277302748
325	5.55040493253
330	2.79836623565
335	4.59944794073
340	7.28493833687
345	7.47711282855
350	5.88885289185
355	3.05336752557
360	8.06427489508
365	4.1957157084
370	6.23637201591
375	5.23938567874
380	6.34704614712
385	5.22589776081
390	6.19123261737
395	6.18683517358
400	3.89249587843
405	7.96923170326
410	5.60335833256
415	6.16228467685
420	6.15564398873
425	4.82891979419
430	5.41027193238
435	2.66509810716
440	3.4407143601
445	6.39746097575
450	2.7193886977
455	7.20448154259
460	2.92539875763
465	4.78560758182
470	5.47696684317
475	4.7432783312
480	4.68559020119
485	5.04466627756
490	5.26819808042
495	6.12334645327
500	4.15415852237
505	4.88236931781
510	6.07797240281
515	5.72633383838
520	5.30690043189
525	4.2253588621
530	6.12813996442
535	6.63493389807
540	7.37076853848
545	7.21250198221
550	8.24424557637
555	5.60042878261
560	3.05957125194
565	5.75988275022
570	5.95421300927
575	7.34607228588
580	5.55176667204
585	6.34695281128
590	7.30699438563
595	4.34062556746
600	7.14595642583
605	9.54192376346
610	2.14945780944
615	5.11111740471
620	4.647339162
625	6.03958958459
630	4.31813386043
635	5.86425186395
640	3.72140988669
645	5.68303834298
650	3.83227851481
655	3.51488425507
660	4.93151677756
665	5.29057242125
670	4.3587010624
675	6.24989635886
680	6.10841074625
685	5.88526772638
690	5.00626744677
695	6.88889970875
700	5.4629642571
705	3.98020855748
710	5.51075491864
715	5.02249030821
720	4.31672373418
725	3.44078713703
730	5.9337894562
735	8.1169889673
740	5.37481944114
745	5.78612891492
750	7.52017024157
755	6.69159304873
760	6.83964621146
765	7.96072421501
770	7.80592720598
775	6.5096557101
780	4.21988355498
785	6.37282162276
790	2.14945780944
795	5.73372025074
800	5.80508974544
805	2.64896552603
810	3.94225832598
815	4.02021927598
820	6.92980170697
825	4.83624986597
830	5.86148528832
835	5.43641724803
840	6.56278490479
845	8.17721264011
850	6.27271743
855	7.09975214324
860	7.24589785769
865	5.57436570149
870	3.61760721248
875	3.87947273196
880	3.10204360313
885	7.11229590873
890	4.09973998275
895	4.62620685325
900	5.27291726387
905	6.27481927635
910	6.78818745638
915	6.90039731944
920	9.56488702939
925	3.67992354229
930	3.73194349598
935	5.52723875883
940	6.60784247446
945	7.8120645473
950	7.65462021882
955	2.14945780944
960	8.23600725997
965	4.55681641343
970	3.96221273451
975	5.09870186131
980	6.21831130345
985	5.65929911512
990	5.14642142573
995	2.78547920589
1000	6.37490494326
1005	6.12139711423
1010	3.28915723494
1015	4.26531088994
1020	4.39725078408
1025	5.21483507939
1030	7.31191131715
1035	6.74115886464
1040	7.00089657523
1045	5.37549986166
1050	5.95116173689
1055	6.84235645083
1060	7.21391965433
1065	7.58613100185
1070	5.74344019262
1075	4.52930269807
1080	6.31624602829
1085	3.01759439656
1090	5.75415349049
1095	5.96908545087
1100	5.82201331369
1105	5.4623796602
1110	6.18093519387
1115	4.74872277161
1120	5.09419638366
1125	5.21611948035
1130	6.7065359885
1135	5.1323476463
1140	5.68726416985
1145	4.2801499358
1150	5.22888771902
1155	8.58138703191
1160	5.1816874921
1165	7.30836823168
1170	2.97736758897
1175	4.30162449177
1180	3.40839953018
1185	7.86891543803
1190	2.41089727329
1195	6.1629853782
1200	5.9974405942
1205	3.52715966362
1210	7.14472549459
1215	6.25687716814
1220	6.01291065659
1225	5.79898800345
1230	3.76695295997
1235	8.32356432229
1240	5.76166379021
1245	2.54392102741
1250	6.54869080999
1255	4.76014062673
1260	6.90406653888
1265	5.94647727135
1270	6.62072751269
1275	4.44791983487
1280	7.5355141854
1285	6.38716631274
1290	8.43687475255
1295	7.06593478728
1300	2.33544646949
1305	6.52387790528
1310	6.93587868943
1315	3.42661727803
1320	5.0267415466
1325	8.85741411701
1330	5.66629635852
1335	4.74459158911
1340	6.71593349708
1345	5.01785433267
1350	5.02812789052
1355	8.20652894273
1360	5.53198577742
1365	4.18207111416
1370	4.37258257641
1375	8.17883393054
1380	2.58374413794
1385	4.89521517251
1390	4.80902100091
1395	5.97197145115
1400	3.96912453453
1405	3.87246992877
1410	5.87353262677
1415	6.11909360149
1420	7.73901926358
1425	5.99299902553
1430	5.32511781505
1435	6.65003515391
1440	7.02902407942
1445	3.78769852064
1450	3.16301584404
1455	2.87981683002
1460	5.62036148894
1465	6.64966151752
1470	7.28918431895
1475	6.76316837807
1480	6.35648100579
1485	7.7974930364
1490	9.23640775729
1495	3.70830593437
1500	3.75035770775
1505	5.31249107308
1510	6.23654050337
1515	6.53782562268
1520	4.56763984786
1525	7.31858117362
1530	6.30511489763
1535	6.67510571397
1540	4.75500917849
1545	4.49928226166
1550	4.30001348229
1555	6.55271355186
1560	6.29289889494
1565	5.40882524097
1570	6.61459709808
1575	7.21620199898
1580	4.96463177739
1585	5.14352432119
1590	6.07212550286
1595	4.51073726789
1600	2.89299638058
1605	6.69647811533
1610	3.2255059395
1615	4.21303106033
1620	5.92189100603
1625	5.45957435752
1630	5.05729185349
1635	3.22485799996
1640	4.77251899666
1645	7.36003264653
1650	5.15743312377
1655	6.55580167411
1660	6.20348745848
1665	4.50192423437
1670	5.51961429438
1675	5.73233052815
1680	5.77183128186
1685	5.37750593277
1690	5.43815737196
1695	7.99358708226
1700	4.78491714945
1705	3.87251230286
1710	5.19362669317
1715	5.82280462092
1720	6.20921532839
1725	4.47155431967
1730	4.33261989819
1735	7.52644610015
1740	6.90292568643
1745	5.3851989867
1750	5.49730424075
1755	5.38971411672
1760	4.5995879747
1765	5.09313906208
1770	4.05926673401
1775	7.64580806125
1780	6.99706269156
1785	3.42178355377
1790	5.00750500195
1795	4.40937893612
1800	6.43050243844
1805	6.37685848635
1810	4.90682043082
1815	2.14945780944
1820	5.51863404518
1825	5.36810901953
1830	7.3179022444
1835	3.8055048851
1840	5.6047938928
1845	6.56661545721
1850	7.0239297272
1855	6.5920668212
1860	3.18792429049
1865	4.71740055001
1870	5.97134433027
1875	7.14764915691
1880	7.05844097389
1885	7.35064488869
1890	5.22549478377
1895	8.26581547765
1900	5.12070743986
1905	5.31448588952
1910	6.524194423
1915	3.71128792534
1920	5.11195609829
1925	6.89679852176
1930	6.41061609671
1935	7.53075200439
1940	6.69077733085
1945	6.07888823795
