0	2.52002384917
5	2.52002384917
10	2.52002384917
15	2.52002384917
20	2.52002384917
25	2.52002384917
30	2.52002384917
35	2.52002384917
40	2.52002384917
45	2.52002384917
50	2.52002384917
55	2.52002384917
60	2.52002384917
65	2.52002384917
70	2.52002384917
75	2.52002384917
80	2.52002384917
85	2.52002384917
90	2.52002384917
95	2.52002384917
100	2.52002384917
105	2.52002384917
110	2.52002384917
115	2.52002384917
120	2.52002384917
125	2.52002384917
130	2.52002384917
135	2.59916978463
140	2.52002384917
145	2.52002384917
150	2.52002384917
155	2.52002384917
160	2.52002384917
165	2.52002384917
170	2.52002384917
175	2.52002384917
180	2.52002384917
185	2.52002384917
190	2.52002384917
195	2.52002384917
200	2.52002384917
205	2.52002384917
210	2.52002384917
215	3.17011107357
220	2.52002384917
225	3.63721799031
230	2.52002384917
235	2.52002384917
240	2.52002384917
245	2.52002384917
250	2.52002384917
255	2.52002384917
260	2.52002384917
265	2.52002384917
270	2.52002384917
275	2.52002384917
280	2.52002384917
285	2.52002384917
290	2.52002384917
295	3.33033245197
300	2.52002384917
305	2.52002384917
310	2.52002384917
315	2.52002384917
320	2.52002384917
325	2.52002384917
330	2.59504550888
335	2.52002384917
340	2.52002384917
345	2.52002384917
350	2.52002384917
355	2.52002384917
360	2.52002384917
365	2.52002384917
370	2.52002384917
375	2.52002384917
380	2.52002384917
385	2.52002384917
390	2.52002384917
395	2.52002384917
400	2.52002384917
405	2.52002384917
410	2.52002384917
415	2.52002384917
420	2.52002384917
425	2.52002384917
430	2.52002384917
435	2.92745489698
440	2.52002384917
445	2.52002384917
450	2.52002384917
455	2.52002384917
460	2.52002384917
465	2.52002384917
470	2.52002384917
475	2.52002384917
480	2.52002384917
485	2.52002384917
490	2.52002384917
495	2.52002384917
500	2.52002384917
505	2.52002384917
510	2.52002384917
515	2.52002384917
520	2.52002384917
525	2.52002384917
530	2.52002384917
535	2.52002384917
540	2.52002384917
545	2.52002384917
550	2.52002384917
555	2.52002384917
560	2.52002384917
565	5.3044214215
570	2.52002384917
575	2.52002384917
580	2.52002384917
585	2.52002384917
590	2.79082195997
595	2.52002384917
600	2.52002384917
605	2.52002384917
610	2.52002384917
615	2.52002384917
620	2.52002384917
625	2.52002384917
630	2.52002384917
635	2.52002384917
640	2.52002384917
645	2.78481436253
650	2.52002384917
655	2.52002384917
660	2.52002384917
665	2.52002384917
670	2.52002384917
675	2.52002384917
680	2.52002384917
685	2.52002384917
690	2.52002384917
695	2.52002384917
700	2.52002384917
705	2.52002384917
710	2.52002384917
715	2.52002384917
720	2.52002384917
725	2.52002384917
730	2.52002384917
735	2.52002384917
740	2.52002384917
745	2.52002384917
750	2.52002384917
755	2.52002384917
760	2.52002384917
765	2.52002384917
770	2.52002384917
775	2.52002384917
780	2.52002384917
785	2.52002384917
790	2.52002384917
795	2.52002384917
800	2.52002384917
805	2.52002384917
810	2.52002384917
815	2.52002384917
820	2.52002384917
825	2.52002384917
830	2.52002384917
835	2.52002384917
840	2.52002384917
845	2.52002384917
850	2.52002384917
855	2.52002384917
860	2.52002384917
865	2.52002384917
870	2.52002384917
875	2.52002384917
880	2.52002384917
885	2.52002384917
890	2.52002384917
895	2.52002384917
900	2.52002384917
905	2.52002384917
910	2.52002384917
915	2.52002384917
920	2.52002384917
925	2.52002384917
930	2.52002384917
935	2.52002384917
940	2.52002384917
945	2.52002384917
950	2.52002384917
955	2.52002384917
960	2.52002384917
965	2.52002384917
970	2.52002384917
975	2.52002384917
980	2.52002384917
985	2.52002384917
990	2.52002384917
995	2.52002384917
1000	2.52002384917
1005	2.52002384917
1010	2.52002384917
1015	2.52002384917
1020	2.52002384917
1025	2.52002384917
1030	4.04411097281
1035	2.52002384917
1040	2.52002384917
1045	2.52002384917
1050	2.52002384917
1055	2.52002384917
1060	2.52002384917
1065	2.52002384917
1070	2.52002384917
1075	2.52002384917
1080	2.52002384917
1085	2.52002384917
1090	2.52002384917
1095	2.52002384917
1100	2.52002384917
1105	2.52002384917
1110	2.52002384917
1115	2.52002384917
1120	2.52002384917
1125	2.52002384917
1130	2.52002384917
1135	2.52002384917
1140	2.52002384917
1145	2.52002384917
1150	2.52002384917
1155	2.52002384917
1160	2.52002384917
1165	2.52002384917
1170	3.66267814819
1175	2.52002384917
1180	2.52002384917
1185	2.52002384917
1190	4.27800468105
1195	2.52002384917
1200	2.52002384917
1205	2.52002384917
1210	2.52002384917
1215	2.52002384917
1220	2.52002384917
1225	2.52002384917
1230	2.52002384917
1235	2.52002384917
1240	2.52002384917
1245	2.52002384917
1250	2.52002384917
1255	2.52002384917
1260	2.52002384917
1265	2.52002384917
1270	2.52002384917
1275	2.52002384917
1280	2.52002384917
1285	2.52002384917
1290	2.52002384917
1295	2.52002384917
1300	2.52002384917
1305	3.23819765798
1310	2.52002384917
1315	2.52002384917
1320	2.52002384917
1325	2.52002384917
1330	2.52002384917
1335	2.52002384917
1340	2.52002384917
1345	2.52002384917
1350	2.52002384917
1355	2.52002384917
1360	3.23765281493
1365	2.52002384917
1370	2.52002384917
1375	2.52002384917
1380	2.52002384917
1385	2.52002384917
1390	2.52002384917
1395	2.52002384917
1400	3.21141743546
1405	2.52002384917
1410	2.52002384917
1415	2.52002384917
1420	2.52002384917
1425	2.52002384917
1430	2.52002384917
1435	2.52002384917
1440	2.52002384917
1445	2.52002384917
1450	2.52002384917
1455	2.52002384917
1460	2.52002384917
1465	2.52002384917
1470	2.52002384917
1475	2.52002384917
1480	2.52002384917
1485	2.52002384917
1490	2.52002384917
1495	2.52002384917
1500	2.52002384917
1505	2.52002384917
1510	2.52002384917
1515	2.52002384917
1520	2.52002384917
1525	2.52002384917
1530	2.52002384917
1535	2.52002384917
1540	2.52002384917
1545	2.52002384917
1550	2.52002384917
1555	2.52002384917
1560	2.52002384917
1565	2.52002384917
1570	2.52002384917
1575	2.52002384917
1580	2.52002384917
1585	4.05984368337
1590	2.52002384917
1595	2.52002384917
1600	2.52002384917
1605	2.52002384917
1610	2.52002384917
1615	2.52002384917
1620	2.52002384917
1625	2.52002384917
1630	2.52002384917
1635	2.52002384917
1640	2.52002384917
1645	3.29395888398
1650	2.52002384917
1655	2.52002384917
1660	2.52002384917
1665	2.52002384917
1670	2.52002384917
1675	2.52002384917
1680	2.52002384917
1685	2.52002384917
1690	2.52002384917
1695	2.52002384917
1700	2.52002384917
1705	2.52002384917
1710	2.52002384917
1715	2.52002384917
1720	2.52002384917
1725	2.52002384917
1730	2.52002384917
1735	2.98005913445
1740	2.55343382437
1745	2.52002384917
1750	2.52002384917
1755	2.52002384917
1760	2.52002384917
1765	2.52002384917
1770	2.52002384917
1775	2.52002384917
1780	2.52002384917
1785	2.52002384917
