0	1.18891286896
5	2.15841596551
10	2.08447010202
15	1.90678242907
20	1.11120930785
25	0.848696915471
30	0.68784850791
35	2.03763288244
40	0.760318548074
45	0.988993958998
50	0.68784850791
55	1.6944598406
60	1.12511742891
65	1.56012808739
70	0.999355826276
75	1.43431578229
80	0.68784850791
85	1.66189438939
90	0.68784850791
95	1.48487737547
100	2.11901790772
105	1.26469622485
110	0.68784850791
115	0.68784850791
120	0.68784850791
125	0.6925786614
130	0.68784850791
135	1.0264965609
140	1.62394028782
145	1.05394161584
150	1.97668955737
155	1.64602565969
160	1.59483580877
165	0.987382840686
170	1.73078342677
175	1.40051622551
180	1.42940772832
185	1.4133165333
190	0.874954600315
195	0.68784850791
200	1.33871218842
205	1.51235651407
210	0.68784850791
215	1.10790938958
220	0.942232423551
225	1.19665526475
230	1.22666434237
235	2.04991690945
240	2.21607022234
245	2.25884229237
250	1.14294251231
255	1.61752842654
260	1.11504794577
265	1.03498542966
270	0.791124600705
275	1.55822621758
280	1.87825251231
285	2.05664093857
290	1.64729414546
295	2.24437274289
300	0.806416092251
305	0.68784850791
310	0.727980868449
315	1.67904441086
320	0.791961969418
325	2.55651622306
330	1.85903449665
335	1.73491878314
340	1.13751359563
345	0.914849290869
350	1.92819842848
355	0.68784850791
360	0.689066754957
365	0.68784850791
370	1.60014952012
375	2.26690385181
380	0.859830684145
385	2.30014529175
390	0.68784850791
395	0.796062261338
400	2.04322122344
405	0.68784850791
410	1.99342484951
415	1.09672430991
420	1.41284915281
425	1.63088554792
430	0.798967048195
435	0.68784850791
440	0.858621992143
445	0.935530824379
450	2.05660859215
455	1.80572608969
460	1.30696937138
465	0.68784850791
470	1.36976721734
475	0.9939500735
480	2.38404209561
485	1.67446280636
490	0.68784850791
495	2.02274150783
500	2.28836525166
505	1.13818230707
510	1.37476538107
515	0.74713710707
520	1.21886203356
525	1.84036673487
530	1.06473012203
535	1.14967189762
540	1.11194858477
545	1.47469503233
550	1.17240832662
555	1.44811728389
560	1.69048734657
565	2.21094980882
570	1.87658585873
575	0.998549222614
580	2.02175870129
585	0.68784850791
590	0.68784850791
595	1.44527310196
600	0.68784850791
605	1.84283666037
610	2.22996768331
615	2.11718841732
620	1.23259372056
625	0.785315694621
630	1.03290998716
635	1.75295118001
640	1.24404008322
645	0.68784850791
650	0.956980652014
655	1.1649899307
660	1.46586219979
665	0.843433161581
670	1.30289867296
675	2.41212200952
680	1.62642912321
685	1.25505252221
690	0.916213504187
695	0.68784850791
700	1.07614042876
705	0.68784850791
710	1.64519367263
715	1.5898228577
720	1.07863899078
725	1.82577163765
730	1.01037997551
735	0.941890384113
740	1.54533660197
745	0.9614258564
750	1.39376644165
755	0.771535737587
760	0.68784850791
765	0.68784850791
770	1.53323948268
775	1.12661172865
780	1.06341768309
785	1.831424298
790	1.9138911556
795	2.04023793313
800	2.57604731956
805	0.96394394157
810	0.68784850791
815	0.68784850791
820	1.60575962751
825	1.03633921613
830	1.25153621214
835	0.68784850791
840	1.97428442307
845	1.54618872099
850	1.62985532723
855	1.76658306112
860	1.7716058002
865	2.09845933387
870	1.22723970591
875	1.26804062385
880	2.13022796355
885	1.68212432846
890	1.7866932526
895	0.891066769942
900	0.68784850791
905	1.57008042521
910	1.38329332386
915	0.68784850791
920	1.47593089899
925	0.68784850791
930	0.68784850791
935	1.92149173759
940	1.21431779857
945	1.6648992362
950	1.36503368835
955	0.68784850791
960	0.68784850791
965	1.61259185201
970	0.68784850791
975	1.56389316503
980	0.902145108678
985	1.2250964818
990	0.68784850791
995	1.43336153134
1000	2.17563815966
1005	1.01883674608
1010	0.68784850791
1015	0.68784850791
1020	0.68784850791
1025	1.72915676832
1030	2.515487899
1035	0.68784850791
1040	1.50382911102
1045	0.68784850791
1050	0.68784850791
1055	1.64794201048
1060	1.15577409728
1065	1.48677781273
1070	1.62207624879
1075	0.68784850791
1080	1.47542264806
1085	1.72819261385
1090	1.72067390693
1095	0.879906852474
1100	0.83617424385
1105	0.68784850791
1110	0.866162639413
1115	2.1297967927
1120	0.79053475456
1125	1.07028421247
1130	1.0210921451
1135	1.92653453801
1140	1.68124313988
1145	1.19164512719
1150	0.718495085617
1155	1.08389188215
1160	1.0599355735
1165	1.00102671352
1170	1.47973308622
1175	1.28307419574
1180	1.17618461414
1185	2.6741112057
1190	1.32237229891
1195	0.796165655776
1200	1.68108740172
1205	2.0356575758
1210	0.68784850791
1215	0.68784850791
1220	0.818044191598
1225	0.989030995543
1230	1.67078614829
1235	0.68784850791
1240	2.26765297028
1245	0.68784850791
1250	0.68784850791
1255	0.68784850791
1260	1.84132385086
1265	2.05452798717
1270	1.45024339093
1275	0.68784850791
1280	0.68784850791
1285	1.80797102253
1290	0.68784850791
1295	0.870369102808
1300	1.50125512945
1305	1.44860333192
1310	1.59274172417
1315	1.24866938938
1320	0.68784850791
1325	0.991712357441
1330	0.68784850791
1335	1.34503202545
1340	2.22272939537
1345	0.925585284375
1350	0.68784850791
1355	1.23319234096
1360	1.15452567568
1365	0.68784850791
1370	0.84537566459
1375	2.1152572967
1380	1.28505197002
1385	0.68784850791
1390	0.892512444067
1395	2.46050602576
1400	0.968041045228
1405	2.85255317382
1410	1.25081647778
1415	0.68784850791
1420	1.87513252039
1425	2.88608868115
1430	1.3626836859
1435	1.98530107716
1440	1.14624160032
1445	1.56467440325
1450	0.957045715922
1455	1.68067840611
1460	0.840298209844
1465	2.43573505303
1470	1.40921752564
1475	0.68784850791
1480	2.46479763383
1485	1.94292380397
1490	1.27110942576
1495	1.19915818038
1500	0.797588415916
1505	1.38130783766
1510	0.871280942295
1515	0.705185757188
1520	1.44097444343
1525	1.18662349383
1530	1.61090162396
1535	0.857328894732
1540	0.805585414807
1545	1.24867810505
1550	1.65958194801
1555	1.09806853708
1560	1.5581998106
1565	0.68784850791
1570	2.21710677072
1575	2.39926069004
1580	1.02134550745
1585	0.852652263304
1590	0.68784850791
1595	0.74214490849
1600	0.887010984981
1605	0.68784850791
1610	2.60694190934
1615	0.79234273751
1620	1.76240027661
1625	0.859319396199
1630	1.82849583959
1635	1.58853247724
1640	0.68784850791
1645	0.68784850791
1650	2.19799262678
1655	0.936491773289
1660	1.1299564243
1665	1.48397796129
1670	1.31607551244
1675	1.07601773002
1680	2.00711937008
1685	1.55211735211
1690	0.68784850791
1695	1.10069635777
1700	1.13154659145
1705	2.09241187744
1710	0.900805795482
1715	1.65598808461
1720	2.51606044563
1725	1.36057294337
1730	2.00821277631
1735	0.68784850791
1740	0.804172473645
1745	1.115450866
1750	0.829718702119
1755	1.50188955756
1760	0.68784850791
