0	3.03477020338
5	3.04645880276
10	2.69489043875
15	3.1180134623
20	2.74390304654
25	2.74963860774
30	2.60648147636
35	2.30440766035
40	3.25074058972
45	1.8164668133
50	2.74892424599
55	3.23472602192
60	2.20973529092
65	2.2918731413
70	2.73119825307
75	1.85485156498
80	3.28127979566
85	2.57884688146
90	3.21597952179
95	1.98445590831
100	2.77355840197
105	1.27450292742
110	2.5460937867
115	2.83770277307
120	1.59992703212
125	2.37236720945
130	2.97752603619
135	3.10268792791
140	2.86712197407
145	2.5767762834
150	1.39175464928
155	2.76304942037
160	3.14217493818
165	1.76337709023
170	3.26535371615
175	3.19521270102
180	3.01252334011
185	3.05440884676
190	2.11527783487
195	1.32318608506
200	1.55465780199
205	2.85777054297
210	3.22263652963
215	2.83634897348
220	3.05964697336
225	2.32001904135
230	3.20644351042
235	3.19201974597
240	2.85809586245
245	2.55997714641
250	1.63272105134
255	2.43085598879
260	2.86519106478
265	2.81596808599
270	2.95328566478
275	3.05188199019
280	2.61782385401
285	2.87333502164
290	2.57549771949
295	2.98042046285
300	3.13366656246
305	3.25734219526
310	2.93288618536
315	3.18645712894
320	2.89918170864
325	3.16268403262
330	2.88907322822
335	3.27228054481
340	2.92431625292
345	2.25023641456
350	2.43229237812
355	2.61748235939
360	2.40543644889
365	3.27600954901
370	2.29892416117
375	1.85458518683
380	2.04988558499
385	1.73032512156
390	3.09791825342
395	3.22789535195
400	2.86490661677
405	2.25629594814
410	2.92094632079
415	3.09219624788
420	2.5199347515
425	3.20072104612
430	2.55537481846
435	2.23761933378
440	3.13785266903
445	2.07348021209
450	1.88978336803
455	2.41382909342
460	2.18045573635
465	3.24743679848
470	1.43166500438
475	2.58320814513
480	2.73911357321
485	1.43142167288
490	2.23921401263
495	2.62439386386
500	2.50284773416
505	2.75059435216
510	3.23877188586
515	2.12782012608
520	1.84724128349
525	2.28235249105
530	2.6188699364
535	2.95829529322
540	2.3820488649
545	2.94840210148
550	2.80085758255
555	3.09574239028
560	3.26696845658
565	3.06305859063
570	2.98101786283
575	2.88521026397
580	2.93352270548
585	2.69685230977
590	2.54562455745
595	2.16450406747
600	2.99784522986
605	2.3523114899
610	3.01682216864
615	2.42047652477
620	2.31234475528
625	2.89236890424
630	2.0101450445
635	2.42664787043
640	1.72129862999
645	3.16798595226
650	3.19466331329
655	3.0309167914
660	1.66176836281
665	2.42464908115
670	2.74022894597
675	2.70445303305
680	3.0548812327
685	2.77077500218
690	2.0957890022
695	2.19886592202
700	2.54896188731
705	2.57542736145
710	3.05748677416
715	1.97506936235
720	2.98792234729
725	2.70127070773
730	0.991107194882
735	2.60443710303
740	2.58550024921
745	2.28033260153
750	2.71159838603
755	2.49040413012
760	3.0831181585
765	3.00915844489
770	3.29012977772
775	2.89786688447
780	2.42500677122
785	3.29460711209
790	2.20610601746
795	2.87391179171
800	3.09051550881
805	3.0251871604
810	1.91346161207
815	2.98475537957
820	2.80236970451
825	2.62190979059
830	2.70582360418
835	1.93725035502
840	3.06196256341
845	2.00369999964
850	2.72718081138
855	2.90429019807
860	3.2054648055
865	2.70980830685
870	2.78720919373
875	1.78589559144
880	2.69984854721
885	2.74270672511
890	2.61295215695
895	2.14970530311
900	3.1796134425
905	2.60091461224
910	2.14582017701
915	2.81871492127
920	1.97286466579
925	3.05779225012
930	2.63900277243
935	1.76686005795
940	1.3105445952
945	2.30824077392
950	2.38914164903
955	3.27681841804
960	1.38701917098
965	2.72680584781
970	1.49870350284
975	2.1091138567
980	2.93085715408
985	3.12980755296
990	2.82604972951
995	1.58725936554
1000	2.67272323464
1005	2.55863060832
1010	2.67468501047
1015	2.73373763156
1020	3.28947098551
1025	2.53471457531
1030	2.17654184796
1035	2.80507308362
1040	3.08648016321
1045	2.30269478091
1050	3.08503148652
1055	3.19924300712
1060	2.8323200977
1065	2.59086048742
1070	2.9960658985
1075	2.62092899677
1080	2.84704528805
1085	2.71720190049
1090	2.25313520325
1095	2.59333762524
1100	2.42479153437
1105	2.7476231595
1110	2.86305594885
1115	2.6865135081
1120	3.18233025768
1125	3.12068490452
1130	2.61904721659
1135	1.91364376823
1140	2.95596125745
1145	2.93075077285
1150	3.13146390181
1155	1.94988218739
1160	3.29729803592
1165	3.17524443086
1170	2.23478021134
1175	3.28836862195
1180	3.28068248136
1185	3.2304088176
1190	2.13024758854
1195	2.68406422835
1200	3.16307038747
1205	2.20006191177
1210	3.13342120525
1215	1.54363785382
1220	2.361690075
1225	3.22997937579
1230	2.62671019232
1235	2.31589661544
1240	2.19525869584
1245	2.07632597046
1250	3.13689450913
1255	3.01944743161
1260	1.89047874096
1265	0.894104570134
1270	2.50969030971
1275	3.07511772337
1280	2.93154352695
1285	3.03176200054
1290	2.39110912266
1295	3.14875482475
1300	3.27999320253
1305	2.85942892434
1310	2.91545871194
1315	2.86294294405
1320	3.09275982506
1325	2.10741433169
1330	2.86926209012
1335	3.14940397373
1340	2.37369123184
1345	2.94623329031
1350	2.729761975
1355	2.98925216212
1360	1.72399965271
1365	3.17078386135
1370	2.79028673099
1375	3.21017279225
1380	1.81111796893
1385	1.9231777123
1390	2.92688068623
1395	2.87205542339
1400	1.864235346
1405	2.64082442382
1410	2.33015550233
1415	2.27563737648
1420	2.73294506126
1425	1.72896004273
1430	2.56919904541
1435	3.1326342437
1440	2.64902993254
1445	3.02605922743
1450	3.22485553577
1455	2.1129955097
1460	2.90723301646
1465	2.83954801568
1470	2.53188230932
1475	3.2662221589
1480	2.79693976545
1485	2.65774997041
1490	2.98582996911
1495	3.00616080046
1500	3.17245553183
1505	3.02947257146
1510	2.97489747861
1515	3.29222145973
1520	3.14322064486
1525	2.33976048821
1530	1.14136781227
1535	2.9401401107
1540	3.06664527194
1545	3.19005887301
1550	1.97505839401
1555	2.78327096572
1560	2.63647730633
1565	2.6301505149
