0	6.37657498784
5	4.09187222433
10	4.57456758771
15	4.30430555053
20	6.15397335757
25	3.04323832571
30	5.31682378946
35	4.583714181
40	4.62973061545
45	4.42218264802
50	5.23040752271
55	4.90829426966
60	4.24724992718
65	5.05338128409
70	3.90761110266
75	6.25281667734
80	5.83785764539
85	4.95181483989
90	5.50699145988
95	4.27685375514
100	2.63063424708
105	4.84923456998
110	5.7329417031
115	4.34828667683
120	3.53291681689
125	3.60904955863
130	4.78177382158
135	6.05911665054
140	6.51916923277
145	6.49083519364
150	5.71620517657
155	4.53143482563
160	5.58678420468
165	3.0812049578
170	3.93462027329
175	5.11225087701
180	5.5564373767
185	4.32110419134
190	4.03238695658
195	6.37861073176
200	5.25955308296
205	4.44460184626
210	4.19629452595
215	4.86799347179
220	3.86445894984
225	4.0222088098
230	5.301219626
235	5.41579152172
240	3.46628763405
245	4.35092599811
250	4.70392757053
255	5.38780533791
260	3.85803146626
265	5.34132089711
270	4.8268719383
275	5.19175791248
280	6.88550038496
285	3.9044787794
290	5.29674866853
295	4.32983427315
300	4.54506700318
305	4.79945663793
310	5.71988053315
315	3.29084990951
320	3.89692082126
325	4.1861128935
330	5.0626206281
335	5.16051909012
340	7.09294046621
345	5.46351585918
350	5.03113172135
355	5.08699963703
360	4.91623300601
365	6.35841271231
370	6.61200674335
375	6.67272282866
380	4.62502810777
385	5.84788065317
390	5.77983027423
395	3.9501272192
400	3.51670593229
405	4.47443653605
410	4.40924595063
415	4.74053400014
420	6.49694099272
425	2.46017741178
430	4.4877445286
435	4.45244275763
440	3.65809259508
445	5.93694461436
450	2.98087066525
455	5.62166792606
460	4.6643412904
465	5.28093383321
470	5.81382925645
475	5.1043462392
480	5.40020062103
485	4.21394853879
490	5.3080155736
495	3.44407940154
500	6.20698608341
505	5.0677112704
510	5.553791371
515	4.28697177657
520	5.61227304996
525	4.76214504021
530	6.26198754501
535	4.76329094726
540	4.7399381155
545	4.03895692031
550	4.92955893237
555	4.84490104667
560	4.18253484035
565	4.82462928396
570	5.71477944789
575	4.20000620653
580	5.05938104786
585	4.6808556993
590	4.57760692415
595	4.47458503334
600	5.37677917711
605	5.96524069549
610	6.25454477822
615	4.3364137936
620	6.53410718644
625	4.50867468457
630	3.74707833057
635	3.40622301906
640	5.19383571909
645	5.65787195196
650	4.84799667751
655	4.18813869209
660	3.67622385126
665	4.85525163003
670	5.6373759693
675	5.79733171869
680	4.56000442551
685	4.00126434131
690	3.54102932291
695	5.34164359084
700	5.63654350909
705	3.98080333108
710	5.13718264546
715	4.76179317785
720	4.04933536674
725	6.62728676753
730	5.33108027355
735	5.30218528854
740	7.20128033906
745	3.89371094109
750	5.24919045487
755	5.45684294622
760	4.97844957821
765	5.79245741717
770	5.64001582697
775	5.33686316717
780	4.7717133635
785	4.73928561573
790	5.82388619364
795	5.26974678057
800	4.66802854914
805	5.68855586558
810	4.65529433572
815	4.30879622079
820	5.79877304572
825	3.43294189318
830	4.67256509953
835	6.51685587812
840	4.50017958021
845	3.9995281025
850	3.31692318345
855	4.63510948024
860	4.68377386509
865	4.44508352234
870	5.57754143848
875	6.08282190811
880	3.20810790216
885	6.22689835092
890	3.43414472391
895	5.56217384912
900	4.00491252552
905	5.83242850457
910	5.47786109934
915	6.52607388718
920	5.28952983744
925	4.23952354891
930	5.11779869207
935	3.98694579273
940	5.75928300658
945	5.55680673483
950	5.07840335246
955	6.52929426416
960	6.09984059144
965	5.46720325899
970	4.58148463174
975	5.82842306611
980	5.63006891874
985	5.41570550535
990	4.90259075633
995	4.94889093733
1000	4.64152850247
1005	5.22318305555
1010	3.78044614943
1015	5.53012796117
1020	5.48490615192
1025	4.25256752426
1030	6.12979566462
1035	4.20641422177
1040	6.02903534598
1045	5.25212993044
1050	3.09679595971
1055	5.6998818581
1060	4.78561850567
1065	4.57764877169
1070	4.58531662669
1075	5.56100130078
1080	4.57081639841
1085	4.6504577466
1090	5.30090790314
1095	5.27314139262
1100	5.8694553184
1105	4.57722915309
1110	6.21183313739
1115	4.64603306471
1120	6.28983531373
1125	3.67908859085
1130	4.44268514901
1135	6.23269122857
1140	5.09939410581
1145	3.35027412318
1150	5.09800781481
1155	5.58378091259
1160	5.40913752536
1165	5.25911390216
1170	5.92459991951
1175	5.119020199
1180	5.16316141686
1185	5.91819614372
1190	4.81358280095
1195	5.34225828778
1200	5.56057321503
1205	6.05937736888
1210	3.4628859818
1215	5.37588885239
1220	5.40974726193
1225	4.03635654599
1230	5.89739972894
1235	6.56768539292
1240	4.40495324045
1245	4.50671750295
1250	3.80951079575
1255	4.97643012977
1260	5.1148098037
1265	6.65738912784
1270	5.13711131748
1275	3.84924166499
1280	3.39431769137
1285	3.27292083427
1290	6.28573115492
1295	4.75642871726
1300	4.37842649308
1305	5.82863595484
1310	5.74840914478
1315	3.75004049364
1320	4.96410353073
1325	6.49248399675
1330	4.46905898657
1335	4.79527391961
1340	6.58149454713
1345	5.5937304742
1350	2.77513636975
1355	4.19013739253
1360	3.2696592225
1365	3.92468042591
1370	3.22781459455
1375	5.47214698799
1380	6.0971653661
1385	3.23276136446
1390	4.72712929799
1395	5.70094538393
1400	6.72102168782
1405	6.07671309793
1410	3.96731973788
1415	4.99847063698
1420	5.54747079752
1425	3.7644889888
1430	5.30368526274
1435	4.66568358968
1440	5.28293915601
1445	6.05269101541
1450	4.38914538782
1455	3.60188780394
1460	2.66249169214
1465	5.75927767222
1470	5.52827082866
1475	5.13818599179
1480	3.41368412724
1485	4.54096638658
1490	5.13193561118
1495	5.11685538464
1500	4.06302784433
1505	5.30894132917
1510	5.68045629257
1515	5.85387334036
1520	4.74660721392
1525	4.0414890806
1530	5.32540577056
1535	4.16695777206
1540	5.52807366461
1545	3.19488163601
1550	3.78513895206
1555	4.54143123767
1560	5.26061260351
1565	5.47684256543
1570	5.57210346433
1575	3.04164761121
1580	4.24129693211
1585	4.84250357371
1590	4.12251912041
1595	4.66242184251
1600	6.82085062598
1605	5.69517144884
1610	5.38965193519
1615	4.88311601233
1620	6.28583680807
1625	5.34903738985
1630	5.85453924329
1635	4.32504872914
1640	4.06301942439
1645	5.28343752008
1650	6.25168869439
1655	4.54736386013
1660	5.55700576459
1665	4.49994496748
1670	4.2671354884
1675	4.05613115798
1680	5.26752374391
1685	4.98624227683
1690	4.54633188758
1695	3.10517577562
1700	5.8063269081
1705	4.78451633207
1710	5.8521341019
1715	4.98023644306
1720	4.09421787123
1725	4.72829705683
1730	3.40592657386
1735	6.1712214897
1740	5.46898657985
1745	5.08139825561
1750	3.96835435881
1755	3.88705169548
1760	5.37494300676
1765	6.5047547045
1770	5.65249889743
1775	5.07806872753
1780	5.9606209356
1785	3.6449469197
1790	5.93213901941
1795	6.20824941072
