0	13.3366736044
5	6.45474153486
10	10.5917057442
15	4.1072664345
20	13.5080069025
25	12.5775855887
30	12.8408639395
35	9.06250511012
40	14.7808870301
45	13.8912564899
50	10.9136101752
55	10.472939748
60	10.6195978871
65	8.99480680181
70	11.1694419407
75	11.2269550834
80	10.717451835
85	13.6843740064
90	11.8698138457
95	9.60704862612
100	12.7891558653
105	8.62417831866
110	12.5977116473
115	10.7451014265
120	12.7387196
125	13.0697271996
130	10.997869884
135	3.02114144538
140	12.0856370424
145	8.63992927595
150	11.5270956289
155	8.88538268089
160	9.75288932753
165	12.5644795724
170	12.739487074
175	13.2277632375
180	9.83450527311
185	9.74289247103
190	7.45043067742
195	13.9743872651
200	8.48312545335
205	13.6415223441
210	14.1654227231
215	10.1682307703
220	12.1311652102
225	13.9637758577
230	9.72017637865
235	11.644690059
240	14.1104996615
245	12.3755308774
250	9.1184274194
255	11.6978717372
260	7.53702807003
265	10.9359607981
270	11.23926027
275	13.7890252785
280	10.5612883665
285	13.7982087378
290	12.2808013704
295	13.5856368571
300	13.3783094173
305	11.666791466
310	10.0969723243
315	8.71440886491
320	10.3978281493
325	6.57993342512
330	12.2205537999
335	5.17836178695
340	4.76262331808
345	2.96799544846
350	6.97104389836
355	10.7871737093
360	14.0637759
365	5.09210279216
370	2.96799544846
375	11.4539160413
380	8.4232276001
385	12.1810205793
390	10.4973878454
395	10.6750147152
400	10.3962305542
405	12.980962229
410	10.8704537197
415	10.5502091538
420	8.25393823117
425	11.9248635759
430	13.0861982834
435	5.57723740961
440	9.97122916029
445	4.36360910485
450	2.96799544846
455	7.6390876663
460	10.5527821608
465	10.5177634355
470	10.9184807561
475	12.6785717822
480	6.54585528953
485	11.0828441114
490	13.6084893155
495	8.851903025
500	6.47638633221
505	12.3333706256
510	13.9371296799
515	6.87185071761
520	13.8788436242
525	11.5854882563
530	14.5818954668
535	14.5237579926
540	11.705355419
545	7.39099470802
550	8.38951236757
555	9.51993201837
560	9.74685822162
565	10.2577015398
570	7.85849309308
575	9.92405642772
580	8.83307716681
585	10.9651821021
590	5.13661206429
595	9.70918077168
600	14.4275088377
605	14.5465827244
610	13.2899257347
615	13.5547536374
620	11.6775013607
625	14.7215003301
630	13.3955383503
635	9.22031363592
640	12.6662382296
645	10.3439909796
650	11.9632573005
655	7.34164528386
660	12.8864587829
665	7.70039795015
670	11.354204917
675	9.14769269686
680	7.98304690973
685	8.01428387407
690	13.2742137318
695	2.96799544846
700	9.81185290001
705	7.5348031707
710	12.3925443451
715	6.73109528557
720	12.3080541151
725	13.4817083974
730	8.68422777838
735	10.8034419343
740	14.366698952
745	12.3185788023
750	12.0480103034
755	11.2985357329
760	7.40215696439
765	13.0452635698
770	13.1850881185
775	4.11432591657
780	13.0357483983
785	11.2599904853
790	9.17719981626
795	10.4752425668
800	12.5443277748
805	8.35407389883
810	13.1272547516
815	5.68850373117
820	7.66484756113
825	7.10278503198
830	7.89475373986
835	9.57187086879
840	12.2142671223
845	9.20903259005
850	13.9096535505
855	6.03707787235
860	5.58898505618
865	7.95364009723
870	11.9506508049
875	7.40165042774
880	7.64856684612
885	13.0761542953
890	13.1172364254
895	13.9436389877
900	7.06175452775
905	13.4311412633
910	13.0263322887
915	14.5190598664
920	5.96130597743
925	12.414513613
930	7.11093580319
935	11.4256069943
940	8.57149750249
945	3.80097592022
950	10.9916415263
955	9.44652125605
960	8.29766097235
965	13.4656535941
970	9.67341441028
975	13.5287108999
980	13.1864313134
985	11.1225580269
990	10.8535917664
995	5.39971874575
1000	6.39205228104
1005	9.83025747462
1010	10.6168030913
1015	10.8115273775
1020	7.2708366483
1025	9.07447893147
1030	8.22542167479
1035	11.2496399426
1040	10.9669303641
1045	5.89637461419
1050	5.57142211617
1055	10.7272996108
1060	13.9161994719
1065	13.6414463646
1070	11.5710784203
1075	6.32932976185
1080	11.3078121238
1085	8.07237269887
1090	7.89461589176
1095	13.633013778
1100	7.70431712547
1105	7.22067729155
1110	12.1188549231
1115	8.16627647403
1120	7.34554218787
1125	9.20737730499
1130	7.80615666303
1135	6.69429746759
1140	9.06218652261
1145	6.17722280569
1150	10.6993982768
1155	14.5017909079
1160	9.82030409089
1165	14.5551760786
1170	10.8895476559
1175	8.1283954188
1180	11.3567808986
1185	11.5859360171
1190	11.7923669927
1195	12.2244754642
1200	10.2674387905
1205	12.2711835713
1210	11.7265073171
1215	8.11613531374
1220	4.78637687702
1225	14.5106200081
1230	13.440320248
1235	12.772452602
1240	11.1071394727
1245	12.8373108081
1250	13.2762381454
1255	14.1656951273
1260	10.1380239382
1265	11.0184954901
1270	12.4716819772
1275	12.6529596109
1280	13.955443029
1285	12.6433341687
1290	12.1608777787
1295	11.8498562131
1300	8.94834223434
1305	10.4840938285
1310	5.7332728024
1315	13.5224504167
1320	7.66668041707
1325	14.0478748531
1330	10.3194101056
1335	9.07735245949
1340	6.21024254051
1345	13.2265154542
1350	8.65180527951
1355	7.70935656785
1360	10.6879478801
1365	12.5205928048
1370	13.4165594839
1375	10.9521613031
1380	11.9480395967
1385	8.48070080171
1390	12.8630373887
1395	11.9876821446
1400	6.84177149846
1405	10.3684775334
1410	10.00108504
1415	6.75915663671
1420	11.9352083585
1425	12.4203761488
1430	12.857576162
1435	8.03583003858
1440	14.2632285799
1445	6.97204303839
1450	9.60588224315
1455	10.2564578205
1460	12.3492093084
1465	10.0318621783
1470	4.8931634571
1475	13.8608992113
1480	10.759020495
1485	7.65557991125
1490	10.6299234397
1495	13.3186296129
1500	9.23842179769
1505	10.6196238964
1510	12.8904450381
1515	10.6609645376
1520	14.1071538745
1525	10.8768829683
1530	8.67603230197
1535	12.4231563396
1540	11.9764205689
1545	6.91032626257
1550	13.5330206184
1555	6.23643004707
1560	7.91555962299
1565	8.91946097108
1570	12.2469637241
1575	13.5185153373
1580	5.9172974358
1585	8.2687489246
1590	7.06678145889
1595	13.1195559773
1600	11.7889679754
1605	14.3310201925
1610	10.4910668421
1615	12.3552765288
1620	10.6442167391
1625	9.85226596991
1630	10.3745933683
1635	10.5838173322
1640	8.35087223145
1645	13.0953986411
1650	3.28191012431
1655	11.2387643034
1660	12.8643505066
1665	6.91003568967
1670	8.96064985366
1675	9.80318872839
1680	10.0282333174
1685	11.836570273
1690	11.9329520318
1695	11.0889602839
1700	11.7845143534
1705	9.3990997478
1710	8.2742892513
1715	12.0472209195
1720	11.2589802748
1725	14.345310223
1730	11.7228315004
1735	11.283472338
1740	6.82506929864
1745	9.97563382139
1750	14.1475850218
1755	11.5425026977
1760	11.3597302064
1765	11.7749514628
1770	12.6181353923
1775	5.36691463062
1780	11.0305579673
1785	13.7286294
1790	9.85563853999
1795	12.4001678757
1800	9.22983516792
1805	14.0541589936
