0	3.09629688707
5	2.07327151256
10	2.07327151256
15	2.07327151256
20	4.06395023289
25	3.62600939057
30	3.2049052017
35	2.07327151256
40	2.07327151256
45	2.07327151256
50	3.30013146222
55	2.07327151256
60	2.07327151256
65	2.07327151256
70	2.80376948862
75	2.07327151256
80	2.07327151256
85	2.07327151256
90	2.07327151256
95	4.53544015355
100	2.07327151256
105	2.07327151256
110	2.07327151256
115	2.07327151256
120	2.07327151256
125	2.38803289472
130	2.07327151256
135	2.07327151256
140	2.07327151256
145	2.07327151256
150	2.57154113445
155	2.07327151256
160	2.76098250407
165	2.07327151256
170	2.07327151256
175	5.70606336445
180	2.07327151256
185	2.07327151256
190	2.18262315248
195	2.07327151256
200	2.07327151256
205	2.07327151256
210	2.07327151256
215	2.73539126131
220	3.04326214649
225	2.07327151256
230	2.08055342228
235	2.07327151256
240	3.57154925308
245	2.07327151256
250	2.07327151256
255	4.83896869282
260	4.50624101775
265	2.07327151256
270	2.07327151256
275	2.07327151256
280	5.00710994809
285	2.07327151256
290	2.07327151256
295	2.77861804684
300	2.07327151256
305	2.69472850416
310	3.55726243952
315	2.24276413392
320	5.06291501212
325	2.07327151256
330	2.07327151256
335	2.07327151256
340	2.07327151256
345	2.07327151256
350	2.07327151256
355	2.64617144094
360	2.73567610964
365	3.72024532631
370	2.07327151256
375	2.07327151256
380	2.07327151256
385	7.13505376709
390	2.07327151256
395	2.07327151256
400	2.07327151256
405	2.99038467845
410	2.07327151256
415	2.07327151256
420	2.07327151256
425	2.8186364735
430	4.91546852253
435	3.84998675462
440	4.2238389314
445	2.28579656696
450	2.07327151256
455	2.07327151256
460	2.07327151256
465	2.07327151256
470	2.07327151256
475	4.02081046568
480	2.07327151256
485	2.07327151256
490	3.87460228241
495	2.07327151256
500	2.07327151256
505	2.07327151256
510	2.07327151256
515	2.07327151256
520	5.05250204682
525	2.97082011736
530	2.07327151256
535	2.07327151256
540	2.07327151256
545	2.69154762816
550	2.43478749278
555	2.07327151256
560	2.07327151256
565	2.07327151256
570	2.86533335311
575	2.07327151256
580	2.07327151256
585	2.07327151256
590	2.41112599425
595	4.32851789373
600	2.07327151256
605	2.29292921089
610	2.07327151256
615	2.07327151256
620	2.07327151256
625	4.14698101978
630	2.07327151256
635	3.07901409544
640	2.07327151256
645	2.07327151256
650	3.00606457845
655	3.16106988746
660	5.2678504936
665	2.07327151256
670	2.07327151256
675	2.07327151256
680	2.07327151256
685	2.07327151256
690	2.07327151256
695	2.07327151256
700	2.07327151256
705	4.25989455169
710	2.07327151256
715	2.20781009596
720	2.07327151256
725	2.07327151256
730	3.53951497141
735	3.05067321084
740	2.07327151256
745	2.07327151256
750	2.07327151256
755	2.07327151256
760	6.4392700283
765	3.35011759668
770	2.07327151256
775	3.30687151924
780	2.07327151256
785	2.07327151256
790	2.07327151256
795	2.07327151256
800	3.99362900071
805	2.07327151256
810	3.70906017892
815	2.07327151256
820	2.07327151256
825	2.07327151256
830	2.07327151256
835	2.07327151256
840	2.07327151256
845	2.07327151256
850	2.07327151256
855	6.79630908245
860	2.07327151256
865	3.47016036985
870	2.07327151256
875	2.07327151256
880	2.07327151256
885	2.07327151256
890	2.09096805692
895	2.07327151256
900	2.07327151256
905	2.07327151256
910	2.92391134967
915	2.07327151256
920	5.56042359709
925	2.07327151256
930	2.07327151256
935	2.07327151256
940	2.07327151256
945	2.07327151256
950	2.16571742109
955	2.07327151256
960	2.07327151256
965	3.0546479958
970	3.74651643133
975	4.17757571845
980	2.07327151256
985	2.47525366484
990	2.07327151256
995	2.82413979467
1000	2.07327151256
1005	2.07327151256
1010	2.07327151256
1015	2.31347560476
1020	2.07327151256
1025	2.87344154962
1030	6.68544496311
1035	3.47395890908
1040	2.07327151256
1045	2.07327151256
1050	2.07327151256
1055	2.07327151256
1060	2.07327151256
1065	2.07327151256
1070	2.07327151256
1075	2.07327151256
1080	2.84169333086
1085	2.07327151256
1090	2.07327151256
1095	3.69472639556
1100	2.07327151256
1105	3.949830388
1110	2.38551316841
1115	2.85304670115
1120	2.07327151256
1125	2.07327151256
1130	2.07327151256
1135	2.07327151256
1140	4.73872752329
1145	2.07327151256
1150	2.07327151256
1155	2.07327151256
1160	2.07327151256
1165	2.07327151256
1170	3.15400856418
1175	6.57040868863
1180	3.57882308418
1185	2.07327151256
1190	2.07327151256
1195	2.07327151256
1200	2.07327151256
1205	2.07327151256
1210	2.07327151256
1215	4.57793387289
1220	4.3030744788
1225	4.2731971934
1230	2.07327151256
1235	4.09195793883
1240	2.07327151256
1245	6.20827552951
1250	2.07327151256
1255	3.90945292863
1260	2.07327151256
1265	3.71587812809
1270	2.07327151256
1275	2.07327151256
1280	2.47057201134
1285	2.13610797548
1290	2.09271492406
1295	2.10069184393
1300	2.07327151256
1305	2.07327151256
1310	2.07327151256
1315	2.07327151256
1320	2.07327151256
1325	6.57649330087
1330	3.0217446711
1335	2.07327151256
1340	2.7151501282
1345	2.07327151256
1350	2.07327151256
1355	2.07327151256
1360	3.0921045949
1365	2.07327151256
1370	2.96764638584
1375	2.75235147214
1380	2.07327151256
1385	2.07327151256
1390	4.38291605477
1395	2.14545602411
1400	2.07327151256
1405	3.48068066339
1410	2.42894932358
1415	2.20244974406
1420	2.07327151256
1425	2.07327151256
1430	2.07327151256
1435	2.07327151256
1440	2.31472697448
1445	5.1900108649
1450	2.81109145851
1455	2.80990001462
1460	2.07327151256
1465	3.81580219118
1470	2.07327151256
1475	2.07327151256
1480	4.14171791722
1485	5.88842482138
1490	2.07327151256
1495	2.07327151256
1500	2.07327151256
1505	5.37987507249
1510	2.18672166181
1515	2.07327151256
1520	3.21038612545
1525	2.07327151256
1530	2.07327151256
1535	3.1130505653
1540	2.07327151256
1545	2.07327151256
1550	2.20079438395
1555	2.97537829292
1560	2.07327151256
1565	2.07327151256
1570	2.07327151256
1575	2.57893098121
1580	2.46268833928
1585	2.07327151256
1590	2.38558903715
1595	5.96436750302
1600	2.07327151256
1605	2.07327151256
1610	2.07327151256
1615	2.07327151256
1620	2.07327151256
1625	2.07327151256
1630	2.07327151256
1635	2.07327151256
1640	2.07327151256
1645	2.07327151256
1650	2.07327151256
1655	4.11549312395
1660	2.7932107603
1665	2.27026354943
1670	3.86067298818
1675	2.07327151256
1680	4.04896427295
1685	2.07327151256
1690	4.90757027033
1695	2.07327151256
1700	2.07327151256
1705	2.07327151256
1710	2.07327151256
1715	2.07327151256
1720	2.07327151256
1725	5.10305229793
1730	3.52253881569
1735	3.03853231192
1740	2.60554496805
1745	2.07327151256
1750	2.07327151256
1755	2.07327151256
1760	3.93933067422
1765	2.71479617447
1770	2.07327151256
1775	2.07327151256
1780	2.07327151256
1785	3.05305961244
1790	2.1670413629
1795	2.07327151256
1800	2.07327151256
1805	2.07327151256
1810	2.07327151256
