0	2.03700427868
5	2.03700427868
10	2.03700427868
15	2.03700427868
20	2.03700427868
25	2.03700427868
30	2.03700427868
35	2.03700427868
40	2.03700427868
45	2.03700427868
50	2.03700427868
55	2.03700427868
60	2.03700427868
65	2.03700427868
70	2.03700427868
75	2.03700427868
80	2.03700427868
85	2.03700427868
90	2.03700427868
95	2.03700427868
100	2.03700427868
105	2.03700427868
110	2.03700427868
115	2.03700427868
120	2.03700427868
125	3.84539405457
130	2.03700427868
135	2.03700427868
140	2.03700427868
145	3.17334396271
150	2.03700427868
155	2.03700427868
160	2.03700427868
165	2.03700427868
170	2.03700427868
175	2.03700427868
180	2.03700427868
185	2.03700427868
190	3.69538048475
195	2.03700427868
200	2.03700427868
205	2.03700427868
210	2.03700427868
215	2.03700427868
220	2.03700427868
225	2.03700427868
230	2.03700427868
235	2.03700427868
240	2.03700427868
245	2.03700427868
250	2.03700427868
255	2.03700427868
260	2.03700427868
265	2.03700427868
270	2.03700427868
275	2.03700427868
280	2.03700427868
285	2.03700427868
290	2.03700427868
295	2.03700427868
300	2.03700427868
305	2.03700427868
310	2.03700427868
315	7.53915654791
320	2.03700427868
325	2.03700427868
330	2.03700427868
335	2.68400257269
340	2.30457221628
345	2.03700427868
350	2.03700427868
355	2.03700427868
360	2.03700427868
365	2.88564305639
370	2.03700427868
375	2.03700427868
380	2.03700427868
385	2.03700427868
390	2.03700427868
395	2.03700427868
400	2.03700427868
405	5.61455773504
410	2.03700427868
415	2.03700427868
420	2.03700427868
425	2.03700427868
430	2.03700427868
435	2.03700427868
440	2.03700427868
445	2.03700427868
450	2.03700427868
455	2.03700427868
460	2.03700427868
465	2.03700427868
470	2.03700427868
475	2.43348834908
480	4.73233373794
485	2.03700427868
490	2.03700427868
495	2.03700427868
500	2.03700427868
505	2.03700427868
510	2.03700427868
515	2.03700427868
520	2.03700427868
525	2.03700427868
530	2.03700427868
535	2.03700427868
540	2.03700427868
545	2.03700427868
550	2.03700427868
555	2.03700427868
560	2.03700427868
565	2.03700427868
570	2.257020709
575	2.03700427868
580	2.03700427868
585	2.03700427868
590	2.03700427868
595	2.03700427868
600	2.15948661968
605	2.03700427868
610	5.29251761895
615	2.03700427868
620	2.03700427868
625	2.03700427868
630	2.03700427868
635	2.03700427868
640	2.03700427868
645	2.03700427868
650	2.74738052914
655	2.03700427868
660	2.03700427868
665	2.03700427868
670	2.03700427868
675	2.03700427868
680	2.03700427868
685	2.03700427868
690	2.03700427868
695	2.03700427868
700	2.03700427868
705	2.03700427868
710	2.03700427868
715	2.03700427868
720	2.03700427868
725	2.03700427868
730	2.03700427868
735	2.03700427868
740	2.39069476686
745	2.03700427868
750	2.03700427868
755	2.03700427868
760	2.03700427868
765	2.03700427868
770	2.03700427868
775	2.03700427868
780	2.03700427868
785	2.03700427868
790	2.03700427868
795	2.03700427868
800	2.03700427868
805	2.1466858613
810	2.03700427868
815	2.03700427868
820	2.03700427868
825	2.03700427868
830	2.03700427868
835	2.03700427868
840	2.03700427868
845	2.03700427868
850	2.03700427868
855	2.03700427868
860	2.03700427868
865	2.03700427868
870	2.03700427868
875	2.03700427868
880	2.03700427868
885	2.03700427868
890	2.03700427868
895	2.03700427868
900	2.03700427868
905	2.03700427868
910	2.03700427868
915	2.03700427868
920	2.03700427868
925	2.45574345608
930	2.03700427868
935	2.03700427868
940	2.03700427868
945	2.03700427868
950	2.03700427868
955	2.03700427868
960	2.03700427868
965	2.04713420901
970	2.03700427868
975	2.03700427868
980	2.03700427868
985	2.03700427868
990	2.03700427868
995	2.03700427868
1000	2.03700427868
1005	2.03700427868
1010	2.03700427868
1015	2.85981587069
1020	2.03700427868
1025	4.01010483143
1030	2.03700427868
1035	2.58006037594
1040	2.03700427868
1045	2.03700427868
1050	2.03700427868
1055	2.03700427868
1060	2.06721569811
1065	2.03700427868
1070	2.03700427868
1075	2.03700427868
1080	2.03700427868
1085	2.03700427868
1090	2.40366203306
1095	2.27801104504
1100	2.03700427868
1105	2.03700427868
1110	2.18841725668
1115	2.03700427868
1120	2.03700427868
1125	2.03700427868
1130	2.03700427868
1135	2.03700427868
1140	2.03700427868
1145	2.03700427868
1150	2.03700427868
1155	2.03700427868
1160	2.03700427868
1165	2.03700427868
1170	2.03700427868
1175	2.03700427868
1180	2.03700427868
1185	2.03700427868
1190	2.03700427868
1195	2.03700427868
1200	2.03700427868
1205	2.03700427868
1210	2.03700427868
1215	4.06320066825
1220	2.03700427868
1225	2.44621312547
1230	2.03700427868
1235	2.03700427868
1240	2.03700427868
1245	2.03700427868
1250	2.03700427868
1255	2.03700427868
1260	2.03700427868
1265	2.03700427868
1270	2.03700427868
1275	2.03700427868
1280	2.03700427868
1285	2.03700427868
1290	2.03700427868
1295	2.03700427868
1300	2.03700427868
1305	2.03700427868
1310	2.03700427868
1315	2.03700427868
1320	2.03700427868
1325	2.03700427868
1330	2.03700427868
1335	2.03700427868
1340	2.03700427868
1345	2.03700427868
1350	2.03700427868
1355	2.03700427868
1360	2.03700427868
1365	2.03700427868
1370	2.03700427868
1375	2.03700427868
1380	2.03700427868
1385	2.03700427868
1390	2.03700427868
1395	2.03700427868
1400	2.03700427868
1405	2.03700427868
1410	2.03700427868
1415	2.03700427868
1420	2.84065668866
1425	2.03700427868
1430	2.03700427868
1435	2.03700427868
1440	2.17708315117
1445	2.03700427868
1450	2.03700427868
1455	2.03700427868
1460	2.03700427868
1465	2.03700427868
1470	2.03700427868
1475	2.03700427868
1480	2.03700427868
1485	2.03700427868
1490	2.82147758169
1495	2.03700427868
1500	2.03700427868
1505	2.03700427868
1510	2.03700427868
1515	2.03700427868
1520	2.03700427868
1525	2.03700427868
1530	2.03700427868
1535	2.03700427868
1540	2.03700427868
1545	2.03700427868
1550	2.03700427868
1555	2.03700427868
1560	2.03700427868
1565	2.03700427868
1570	2.03700427868
1575	2.03700427868
1580	2.03700427868
1585	2.03700427868
1590	2.03700427868
1595	2.03700427868
1600	2.03700427868
1605	2.03700427868
