0	4.29899426313
5	4.84279761126
10	4.6760811225
15	4.26049732168
20	4.39234454297
25	4.2361739311
30	4.12512286763
35	1.54985141358
40	3.84632511078
45	3.81426778795
50	4.75399846219
55	4.24976784609
60	1.9145895777
65	4.62046209632
70	3.72146130421
75	2.93972782329
80	1.58990542194
85	4.50965397086
90	4.35913315874
95	4.49330629583
100	2.14649561427
105	3.74824435831
110	4.69833960958
115	3.15758434588
120	4.63597950487
125	4.77317982348
130	1.01272204382
135	2.58441792807
140	4.36982250605
145	4.36928587626
150	4.52245893497
155	2.59170078002
160	2.25026725627
165	2.17079479379
170	4.25113709201
175	3.26590103252
180	4.87938057784
185	4.05227880362
190	3.92195459584
195	4.50593818878
200	3.8100885352
205	3.33706535007
210	3.76837379028
215	4.8956305598
220	4.46924016755
225	4.23614101764
230	3.50566747697
235	5.03840174906
240	4.09140752064
245	4.95251939916
250	3.83853382186
255	4.98347010672
260	4.20963469976
265	4.01312126613
270	2.25104440653
275	2.86079478476
280	2.56084033967
285	4.30022522489
290	3.93561986936
295	3.37816213963
300	3.94550434011
305	3.81110152193
310	4.46496406166
315	2.97375100986
320	3.12430778916
325	4.7302182184
330	3.61070696931
335	3.31152810669
340	2.85196821272
345	2.02228681017
350	3.7047714442
355	4.83918630594
360	5.02110883083
365	4.24661465392
370	3.43043294957
375	4.37634239468
380	4.1445785131
385	3.30749920396
390	2.48221525037
395	4.49581025029
400	3.47587208216
405	3.48627256322
410	4.8223623647
415	4.83322468935
420	4.67566369526
425	4.64982894555
430	3.08199278432
435	3.57597585557
440	4.33336015146
445	4.43856142839
450	3.91131567714
455	4.48330108307
460	3.50675850386
465	3.21928325322
470	4.21619362845
475	4.56329507185
480	3.63696942269
485	2.59207653473
490	2.52830656814
495	3.00153754155
500	4.96177072609
505	1.01272204382
510	4.55492457528
515	4.62167556342
520	3.28063631326
525	3.2392351456
530	4.16244718879
535	4.43409172159
540	4.25003914777
545	4.23395355578
550	4.95016123323
555	4.96614577389
560	3.69105863322
565	3.55020768478
570	4.07318829808
575	5.02105700307
580	4.79536652876
585	4.78901882961
590	4.80593041313
595	3.8283520602
600	4.67205479817
605	4.56323812904
610	4.66164278039
615	4.48252747719
620	5.05859149905
625	3.06700891765
630	4.44799234342
635	3.4203282769
640	3.04373531733
645	3.90664208935
650	4.69215383514
655	4.11749271731
660	4.53392417688
665	3.620030743
670	2.7344691981
675	4.38995397955
680	4.52237697625
685	4.06514461339
690	3.09301351536
695	4.75952326369
700	2.69778491764
705	4.6547048826
710	4.80028114273
715	3.95983905333
720	3.49820148589
725	4.69326355282
730	4.95988079897
735	5.00919991684
740	3.6546494017
745	3.76752527906
750	4.5822513999
755	4.33240383624
760	4.69198015765
765	5.01028755913
770	3.69664855049
775	4.85644224303
780	4.87994001509
785	2.38066109762
790	4.16921898134
795	2.90083898306
800	3.42728324065
805	4.90277443944
810	4.62207722147
815	3.38180153769
820	2.32714438653
825	4.83233586265
830	4.15013300954
835	4.59661303123
840	2.92883343118
845	4.96986233297
850	3.11829009812
855	4.28738423369
860	4.95691115753
865	3.83719484548
870	4.53237225112
875	3.58657146666
880	1.61968324622
885	2.83997090783
890	3.66654121602
895	3.2249486164
900	5.02324492689
905	4.66135457529
910	3.70315158129
915	2.78774583201
920	3.11665066559
925	5.03327509778
930	3.60778255422
935	2.78820766727
940	4.46043081095
945	4.84913205409
950	4.60809197178
955	3.8425662322
960	4.39957329656
965	4.17697045852
970	3.74173398887
975	4.91424531891
980	4.12006518921
985	4.52659175486
990	4.75208934687
995	4.66799287664
1000	3.66732541564
1005	3.93283470351
1010	4.81699269854
1015	4.52033378891
1020	4.51643824519
1025	3.80501827258
1030	1.13864625552
1035	4.50046390184
1040	3.30064459965
1045	1.40807545574
1050	3.21885625746
1055	3.5866509104
1060	4.62313020709
1065	5.01645146346
1070	3.38985081378
1075	3.82621278114
1080	2.96155582853
1085	3.6328963399
1090	4.96169110446
1095	4.78770750303
1100	4.62497714392
1105	3.32937088882
1110	4.79854761173
1115	4.30127234088
1120	4.52217359294
1125	4.91970671612
1130	4.76938909878
1135	4.79019686138
1140	3.18839726014
1145	4.11949533532
1150	3.13062620571
1155	3.56953932528
1160	3.27618439521
1165	4.37566278018
1170	4.93742722938
1175	4.11052934779
1180	4.88672966619
1185	4.33110912604
1190	4.85349498458
1195	4.45434349831
1200	5.04538841514
1205	3.06238706875
1210	3.82967261742
1215	4.89590930307
1220	4.51487782551
1225	4.92401779304
1230	3.19951341907
1235	4.61887737443
1240	2.87455330304
1245	4.47399744237
1250	3.73986662402
1255	4.59806773929
1260	4.52331196067
1265	4.02461896222
1270	2.97840591759
1275	4.21221615995
1280	4.92276367207
1285	4.94871467089
1290	2.89597423058
1295	3.91199090951
1300	2.04083146153
1305	2.29795013585
1310	2.63513744283
1315	2.11601539871
1320	4.78547395497
1325	3.44612623525
1330	3.04795763817
1335	4.15844304411
1340	3.72702035156
1345	4.60346748053
1350	4.07752519534
1355	4.65161262843
1360	4.70121343047
1365	4.18020155247
1370	4.61148139835
1375	4.14816721582
1380	4.61516591907
1385	3.60497904116
1390	1.57509936477
1395	3.82920405837
1400	4.2133846906
1405	2.52923851508
1410	3.82880327714
1415	4.93533815598
1420	4.13897368428
1425	4.59998570512
1430	4.00473067361
1435	3.86651227659
1440	4.22315279348
1445	3.85110555532
1450	4.45832049164
1455	4.22108166243
1460	3.26953206304
1465	4.50352760017
1470	2.0289055573
1475	4.66557808857
1480	4.54607112917
1485	3.08609572847
1490	4.73579185118
1495	4.73611664848
