0	0.919347833943
5	0.919347833943
10	0.919347833943
15	0.919347833943
20	2.60539425705
25	2.5185065539
30	0.919347833943
35	2.58414008811
40	0.919347833943
45	0.919347833943
50	0.919347833943
55	4.12132990531
60	0.919347833943
65	0.919347833943
70	0.919347833943
75	0.919347833943
80	1.06686085777
85	2.59922089618
90	4.36488388382
95	0.919347833943
100	0.919347833943
105	0.919347833943
110	1.07616233634
115	4.05078562115
120	4.56828351313
125	1.60051021145
130	2.10524109098
135	4.22753586642
140	1.18718183636
145	0.919347833943
150	2.75943653999
155	2.30632017446
160	3.96563293961
165	0.919347833943
170	2.64707158429
175	0.998008839083
180	1.27022043717
185	1.27483940874
190	1.23654781616
195	0.919347833943
200	1.74026659254
205	1.42441831066
210	0.919347833943
215	2.58341467599
220	4.56012274913
225	1.4607458978
230	2.65564047762
235	0.919347833943
240	0.919347833943
245	1.94337281005
250	0.919347833943
255	0.919347833943
260	0.919347833943
265	0.919347833943
270	0.919347833943
275	2.67462287714
280	3.247434395
285	1.24853039616
290	0.919347833943
295	0.919347833943
300	1.08345847728
305	0.919347833943
310	3.81690128002
315	0.919347833943
320	0.919347833943
325	1.41881632794
330	0.919347833943
335	1.43767809524
340	0.919347833943
345	0.919347833943
350	0.919347833943
355	4.01295843458
360	0.919347833943
365	0.919347833943
370	0.919347833943
375	0.919347833943
380	0.919347833943
385	0.919347833943
390	2.34951378536
395	0.919347833943
400	2.95912140976
405	4.40310278792
410	2.83476930823
415	0.919347833943
420	0.986164526207
425	0.919347833943
430	1.04641295157
435	0.919347833943
440	4.42291911612
445	0.919347833943
450	0.919347833943
455	2.87327390295
460	3.35193274489
465	0.919347833943
470	0.919347833943
475	2.23180236264
480	0.919347833943
485	0.919347833943
490	0.919347833943
495	0.919347833943
500	1.6290556899
505	0.919347833943
510	0.919347833943
515	0.919347833943
520	0.919347833943
525	0.919347833943
530	1.43146068023
535	2.38104208549
540	1.37555230289
545	2.39702524847
550	3.54571314911
555	3.81305233087
560	4.13310265398
565	0.919347833943
570	0.919347833943
575	4.20852207864
580	0.919347833943
585	0.919347833943
590	1.29219275496
595	3.83396611022
600	0.919347833943
605	0.919347833943
610	0.919347833943
615	4.09618836395
620	0.919347833943
625	4.02343545261
630	0.919347833943
635	2.04390686553
640	0.919347833943
645	0.919347833943
650	4.15872721971
655	0.919347833943
660	0.919347833943
665	0.919347833943
670	2.31756026707
675	1.17896906042
680	0.919347833943
685	1.62674212841
690	0.919347833943
695	1.74643988959
700	0.919347833943
705	3.70441079198
710	0.919347833943
715	3.53504499702
720	0.919347833943
725	3.36448500797
730	0.919347833943
735	3.44963497078
740	1.38736510196
745	3.50920803559
750	0.919347833943
755	0.919347833943
760	2.59372522907
765	0.919347833943
770	4.38552971635
775	2.55925607559
780	0.919347833943
785	4.28559379601
790	0.919347833943
795	0.919347833943
800	0.919347833943
805	0.919347833943
810	4.37544055723
815	2.02203978631
820	3.21719812774
825	0.919347833943
830	0.919347833943
835	0.919347833943
840	0.919347833943
845	2.58017866587
850	3.66337358995
855	0.919347833943
860	0.919347833943
865	2.7551051957
870	0.919347833943
875	3.82796145785
880	0.919347833943
885	0.919347833943
890	0.919347833943
895	0.94860069073
900	1.64605077752
905	3.09919086236
910	3.08121902847
915	0.919347833943
920	2.97758393616
925	0.919347833943
930	0.919347833943
935	0.919347833943
940	1.04817824299
945	1.48882040536
950	0.919347833943
955	0.919347833943
960	0.919347833943
965	0.919347833943
970	0.919347833943
975	0.919347833943
980	2.56896560459
985	1.40834637283
990	0.919347833943
995	1.70664821469
1000	0.919347833943
1005	3.84950162714
1010	1.4788964993
1015	2.97021043734
1020	0.919347833943
1025	1.33312043147
1030	1.27280755035
1035	0.919347833943
1040	0.919347833943
1045	3.33904156581
1050	0.919347833943
1055	2.97826025583
1060	1.92696215263
1065	3.76315811211
1070	1.03843454596
1075	2.29527188832
1080	0.919347833943
1085	0.919347833943
1090	0.933063421831
1095	3.71288319433
1100	0.919347833943
1105	0.919347833943
1110	1.94661203208
1115	0.919347833943
1120	0.919347833943
1125	0.919347833943
1130	0.919347833943
1135	0.919347833943
1140	3.28688403879
1145	0.919347833943
1150	2.56145203085
1155	0.919347833943
1160	2.81921625155
1165	1.51185856228
1170	0.919347833943
1175	0.919347833943
1180	0.919347833943
1185	0.919347833943
1190	2.92547734582
1195	0.919347833943
1200	1.9409162854
1205	0.919347833943
1210	0.919347833943
1215	0.919347833943
1220	0.919347833943
1225	1.5940073647
1230	0.919347833943
1235	0.919347833943
1240	0.919347833943
1245	1.34439896211
1250	1.67063149142
1255	0.919347833943
1260	0.919347833943
1265	1.12136425638
1270	0.919347833943
1275	0.919347833943
1280	0.919347833943
1285	1.5234462798
1290	4.47510848391
1295	0.942712523911
1300	3.57381253041
1305	0.919347833943
1310	0.919347833943
1315	1.04550231399
1320	2.99206630015
1325	0.919347833943
1330	0.919347833943
1335	0.919347833943
1340	0.919347833943
1345	1.10160421683
1350	0.919347833943
1355	1.7380959664
1360	1.64688448884
1365	4.3576582951
1370	2.89851463433
1375	2.17624555211
1380	0.919347833943
1385	2.09745568232
1390	0.919347833943
1395	0.919347833943
1400	0.919347833943
1405	1.26822303198
1410	0.919347833943
1415	0.919347833943
1420	0.919347833943
1425	0.919347833943
1430	0.919347833943
1435	0.919347833943
1440	0.919347833943
1445	1.20458447642
1450	0.919347833943
1455	1.28422475388
1460	0.919347833943
1465	0.919347833943
1470	0.919347833943
1475	0.919347833943
1480	3.18422662325
1485	0.919347833943
1490	2.81403596526
1495	0.919347833943
1500	0.919347833943
1505	2.22341420731
1510	1.59022114223
1515	0.919347833943
1520	3.0609289694
1525	0.949205167021
1530	1.33662534538
1535	3.05057943093
1540	0.919347833943
1545	0.919347833943
1550	0.944587697526
