0	0.766629227336
5	0.766629227336
10	0.766629227336
15	1.27891726675
20	1.38075427803
25	0.766629227336
30	1.1609660414
35	0.766629227336
40	1.54987601743
45	0.766629227336
50	0.766629227336
55	0.766629227336
60	0.766629227336
65	0.766629227336
70	0.766629227336
75	1.39891288372
80	1.08770503648
85	1.42476262578
90	0.900752988265
95	0.766629227336
100	1.0307740017
105	0.766629227336
110	0.766629227336
115	0.766629227336
120	1.40280337819
125	0.766629227336
130	0.766629227336
135	0.766629227336
140	0.766629227336
145	0.766629227336
150	0.766629227336
155	1.98639825975
160	0.766629227336
165	0.766629227336
170	0.766629227336
175	0.766629227336
180	1.1969476308
185	0.766629227336
190	0.989959134873
195	0.766629227336
200	1.03861278519
205	0.766629227336
210	0.766629227336
215	1.06454888373
220	1.05276980944
225	0.942353358491
230	0.766629227336
235	0.766629227336
240	0.854572252957
245	0.766629227336
250	0.766629227336
255	0.766629227336
260	0.766629227336
265	1.79646877144
270	0.766629227336
275	0.766629227336
280	0.766629227336
285	1.08271055784
290	0.92143012435
295	0.766629227336
300	0.766629227336
305	1.65834360731
310	0.766629227336
315	2.47084428559
320	0.766629227336
325	0.766629227336
330	0.766629227336
335	0.766629227336
340	0.766629227336
345	0.766629227336
350	1.42193762742
355	0.766629227336
360	0.766629227336
365	1.52558227813
370	0.766629227336
375	0.766629227336
380	1.23449756643
385	1.00600704986
390	0.766629227336
395	0.766629227336
400	0.766629227336
405	1.29532733898
410	0.766629227336
415	0.766629227336
420	0.766629227336
425	0.766629227336
430	2.52729267417
435	0.766629227336
440	1.18320751413
445	2.01887645155
450	1.00797820468
455	0.766629227336
460	0.766629227336
465	0.790994186322
470	0.766629227336
475	0.766629227336
480	1.17081179992
485	0.766629227336
490	0.766629227336
495	0.766629227336
500	0.766629227336
505	0.90573580457
510	0.766629227336
515	0.963150304042
520	1.53695393831
525	0.766629227336
530	0.766629227336
535	0.766629227336
540	0.766629227336
545	0.766629227336
550	0.766629227336
555	0.766629227336
560	0.766629227336
565	0.766629227336
570	0.766629227336
575	1.69182348496
580	0.766629227336
585	0.766629227336
590	0.766629227336
595	1.2316413734
600	0.766629227336
605	0.766629227336
610	0.766629227336
615	0.766629227336
620	0.766629227336
625	0.766629227336
630	0.766629227336
635	0.766629227336
640	1.74765796335
645	0.766629227336
650	0.766629227336
655	0.766629227336
660	0.909056100168
665	0.766629227336
670	0.766629227336
675	0.766629227336
680	1.08600677527
685	1.38784898952
690	0.766629227336
695	0.766629227336
700	0.952486731696
705	0.766629227336
710	2.17932219413
715	0.766629227336
720	0.766629227336
725	0.766629227336
730	0.766629227336
735	0.766629227336
740	0.766629227336
745	1.65904646603
750	1.67936892594
755	0.766629227336
760	0.766629227336
765	0.766629227336
770	0.766629227336
775	0.766629227336
780	1.2018858091
785	0.766629227336
790	0.766629227336
795	0.766629227336
800	0.791446616576
805	0.766629227336
810	1.86004607038
815	0.766629227336
820	1.44781365967
825	0.766629227336
830	0.766629227336
835	0.766629227336
840	1.61910957329
845	0.979684028947
850	1.78896229891
855	0.766629227336
860	1.38370676486
865	0.766629227336
870	0.766629227336
875	0.766629227336
880	0.766629227336
885	0.766629227336
890	1.46371468178
895	0.766629227336
900	0.766629227336
905	0.766629227336
910	1.40502144311
915	0.766629227336
920	0.766629227336
925	1.62370226687
930	0.766629227336
935	0.766629227336
940	0.766629227336
945	0.766629227336
950	0.766629227336
955	0.766629227336
960	1.89353115011
965	1.33644559468
970	1.43185392981
975	0.766629227336
980	0.766629227336
985	0.766629227336
990	0.766629227336
995	0.766629227336
1000	1.34491819196
1005	2.18382940509
1010	0.766629227336
1015	0.766629227336
1020	2.32526296663
1025	0.766629227336
1030	0.766629227336
1035	0.78049949094
1040	0.766629227336
1045	0.766629227336
1050	0.766629227336
1055	0.766629227336
1060	0.766629227336
1065	1.28810249998
1070	0.766629227336
1075	0.766629227336
1080	0.766629227336
1085	0.766629227336
1090	0.766629227336
1095	0.766629227336
1100	0.766629227336
1105	0.766629227336
1110	0.766629227336
1115	0.766629227336
1120	0.766629227336
1125	0.766629227336
1130	0.766629227336
1135	0.766629227336
1140	0.766629227336
1145	0.766629227336
1150	0.766629227336
1155	0.999942376786
1160	0.766629227336
1165	0.80397115614
1170	0.976656301804
1175	1.36464005588
1180	2.23663835179
1185	0.824921167981
1190	0.766629227336
1195	0.766629227336
1200	0.766629227336
1205	0.840910437411
1210	0.766629227336
1215	0.766629227336
1220	0.766629227336
1225	0.766629227336
1230	0.766629227336
1235	1.71914935743
1240	0.766629227336
1245	0.766629227336
1250	0.766629227336
1255	0.766629227336
1260	0.766629227336
1265	0.766629227336
1270	0.766629227336
1275	0.766629227336
1280	0.766629227336
1285	1.07474608111
1290	0.989339451387
1295	0.766629227336
1300	1.16886207545
1305	0.766629227336
1310	0.766629227336
1315	2.3509772092
1320	0.766629227336
1325	0.974547979967
1330	0.766629227336
1335	0.766629227336
1340	0.816114872549
1345	0.766629227336
1350	0.766629227336
1355	0.766629227336
1360	0.816618179453
1365	2.69050466772
1370	0.766629227336
1375	0.766629227336
1380	0.766629227336
1385	0.916733220086
1390	0.766629227336
1395	0.766629227336
1400	0.766629227336
1405	0.766629227336
1410	1.20561657241
1415	0.766629227336
1420	0.766629227336
1425	0.766629227336
1430	0.766629227336
1435	0.766629227336
1440	1.45476305952
1445	0.85185183896
1450	0.904281241029
1455	0.858569505313
1460	0.766629227336
1465	0.766629227336
1470	0.766629227336
1475	0.766629227336
1480	0.766629227336
1485	0.766629227336
1490	0.766629227336
1495	0.939439383867
1500	0.766629227336
1505	0.766629227336
1510	0.766629227336
1515	0.766629227336
1520	0.766629227336
1525	0.766629227336
1530	1.39327753501
1535	0.766629227336
1540	0.766629227336
1545	0.766629227336
1550	1.07937662905
1555	0.83880785517
1560	0.766629227336
1565	0.766629227336
1570	0.766629227336
1575	0.766629227336
1580	0.766629227336
1585	0.766629227336
1590	2.37474901308
1595	0.766629227336
1600	0.766629227336
1605	1.72832796036
1610	0.766629227336
