0	2.03747482767
5	1.55062573491
10	1.55062573491
15	1.55062573491
20	1.55062573491
25	1.55062573491
30	1.55062573491
35	1.55062573491
40	1.55062573491
45	1.55062573491
50	1.55062573491
55	1.55062573491
60	1.55062573491
65	1.55062573491
70	1.55062573491
75	1.55062573491
80	1.55062573491
85	1.55062573491
90	1.55062573491
95	1.55062573491
100	1.55062573491
105	1.55062573491
110	1.55062573491
115	1.55062573491
120	1.55062573491
125	1.55062573491
130	1.55062573491
135	1.55062573491
140	1.55062573491
145	1.55062573491
150	1.55062573491
155	1.55062573491
160	1.55062573491
165	1.55062573491
170	1.55062573491
175	1.55062573491
180	1.96699322991
185	1.55062573491
190	1.55062573491
195	1.55062573491
200	1.55062573491
205	1.55062573491
210	1.73743676843
215	1.55062573491
220	1.55062573491
225	1.55062573491
230	1.55062573491
235	1.55062573491
240	1.55062573491
245	1.55062573491
250	1.55062573491
255	1.55062573491
260	1.55062573491
265	1.74382936535
270	2.55738363511
275	1.55062573491
280	1.55062573491
285	1.55062573491
290	1.55062573491
295	1.55062573491
300	1.55062573491
305	1.95524261263
310	1.55062573491
315	1.55062573491
320	1.55062573491
325	1.55062573491
330	2.06006723534
335	1.55062573491
340	1.55062573491
345	1.55062573491
350	1.55062573491
355	1.55062573491
360	1.55062573491
365	1.55062573491
370	3.29192256689
375	1.55062573491
380	1.55062573491
385	1.55062573491
390	1.55062573491
395	1.55062573491
400	1.55062573491
405	1.55062573491
410	1.55062573491
415	1.55062573491
420	1.55062573491
425	1.55062573491
430	1.55062573491
435	1.55062573491
440	1.55062573491
445	1.57326520472
450	1.55062573491
455	1.55062573491
460	1.55062573491
465	1.55062573491
470	1.55062573491
475	1.55062573491
480	1.55062573491
485	1.55062573491
490	1.55062573491
495	1.55062573491
500	1.55062573491
505	1.55062573491
510	2.68260706193
515	2.38054104485
520	1.55062573491
525	1.55062573491
530	1.55062573491
535	1.55062573491
540	1.55062573491
545	1.55062573491
550	1.55062573491
555	1.55062573491
560	1.55062573491
565	1.55062573491
570	1.55062573491
575	1.55062573491
580	1.55062573491
585	1.55062573491
590	1.55062573491
595	1.55062573491
600	1.55062573491
605	1.55062573491
610	1.55062573491
615	1.55062573491
620	1.55062573491
625	1.55062573491
630	1.55062573491
635	1.55062573491
640	1.55062573491
645	1.55062573491
650	1.55062573491
655	1.55062573491
660	1.55062573491
665	1.55062573491
670	1.55062573491
675	1.55062573491
680	1.55062573491
685	1.55062573491
690	1.55062573491
695	1.62006997751
700	1.55062573491
705	1.55062573491
710	1.55062573491
715	1.55062573491
720	1.55062573491
725	1.90254116724
730	1.55062573491
735	1.55062573491
740	1.55062573491
745	1.55062573491
750	1.55062573491
755	1.55062573491
760	1.55062573491
765	1.55062573491
770	1.55062573491
775	1.55062573491
780	1.55062573491
785	2.14189475379
790	1.55062573491
795	1.55062573491
800	1.55062573491
805	1.55062573491
810	1.55062573491
815	1.55062573491
820	1.55062573491
825	1.55062573491
830	1.55062573491
835	1.55062573491
840	1.55062573491
845	1.55062573491
850	1.55062573491
855	1.55062573491
860	1.55062573491
865	2.53521773248
870	1.55062573491
875	1.55062573491
880	1.55062573491
885	1.55062573491
890	1.75780887829
895	1.69735147645
900	1.55062573491
905	1.55062573491
910	1.55062573491
915	1.55062573491
920	1.55062573491
925	1.55062573491
930	1.55062573491
935	1.55062573491
940	1.55062573491
945	1.55062573491
950	3.25093298272
955	1.55062573491
960	2.08398503585
965	1.55062573491
970	1.55062573491
975	1.55062573491
980	1.55062573491
985	1.55062573491
990	1.55062573491
995	1.55062573491
1000	1.55062573491
1005	1.55062573491
1010	1.55062573491
1015	1.55062573491
1020	1.55062573491
1025	1.55062573491
1030	1.55062573491
1035	1.55062573491
1040	1.55062573491
1045	1.55062573491
1050	1.55062573491
1055	1.55062573491
1060	1.66019899687
1065	1.55062573491
1070	1.55062573491
1075	1.55062573491
1080	1.55062573491
1085	1.55062573491
1090	2.06555292508
1095	1.55062573491
1100	1.55062573491
1105	1.55062573491
1110	1.55062573491
1115	1.55062573491
1120	1.55062573491
1125	1.55062573491
1130	1.55062573491
1135	1.55062573491
1140	1.55062573491
1145	1.55062573491
1150	1.55062573491
1155	1.55062573491
1160	1.55062573491
1165	1.55062573491
1170	1.55062573491
1175	1.55062573491
1180	1.55062573491
1185	1.55062573491
1190	1.55062573491
1195	1.55062573491
1200	1.55062573491
1205	1.55062573491
1210	1.55062573491
1215	1.55062573491
1220	1.55062573491
1225	1.57179448445
1230	1.55062573491
1235	1.55062573491
1240	1.55062573491
1245	1.55062573491
1250	1.55062573491
1255	1.55062573491
1260	1.55062573491
1265	1.55062573491
1270	1.55062573491
1275	1.55062573491
1280	1.55062573491
1285	1.55062573491
1290	1.55062573491
1295	1.55062573491
1300	1.55062573491
1305	2.35102681129
1310	1.55062573491
1315	1.55062573491
1320	1.88883822091
1325	1.55062573491
1330	1.55062573491
1335	1.55062573491
1340	1.55062573491
1345	1.55062573491
1350	1.55062573491
1355	1.55062573491
1360	1.55062573491
1365	1.55062573491
1370	1.55062573491
1375	3.67767043562
1380	1.55062573491
1385	1.55062573491
1390	1.55062573491
1395	1.55062573491
1400	1.55062573491
1405	1.55062573491
1410	1.55062573491
1415	1.55062573491
1420	1.55062573491
1425	1.55062573491
1430	1.55062573491
1435	1.55062573491
1440	1.55062573491
1445	1.55062573491
1450	1.55062573491
1455	1.55062573491
1460	1.55062573491
1465	1.55062573491
1470	1.55062573491
1475	1.55062573491
1480	1.55062573491
1485	1.55062573491
1490	1.55062573491
1495	1.55062573491
1500	1.55062573491
1505	1.55062573491
1510	1.55062573491
1515	1.55062573491
1520	1.86190267258
1525	1.55062573491
1530	1.75891371655
1535	3.09691434769
1540	1.55062573491
1545	1.55062573491
1550	1.55062573491
1555	1.55062573491
1560	1.68099014359
1565	1.55062573491
1570	1.55062573491
1575	1.88599451794
1580	1.55062573491
1585	1.55062573491
1590	1.69549328689
1595	1.55062573491
1600	3.10442130938
1605	1.55062573491
1610	1.55062573491
1615	1.55062573491
1620	1.55062573491
1625	1.55062573491
1630	1.55062573491
1635	1.55062573491
1640	1.55062573491
1645	1.73510431605
1650	1.55062573491
1655	1.55062573491
1660	1.55062573491
1665	1.55062573491
1670	1.55062573491
1675	1.55062573491
1680	1.55062573491
1685	1.55062573491
1690	1.55062573491
1695	1.55062573491
1700	1.55062573491
1705	1.55062573491
1710	1.55062573491
1715	1.55062573491
1720	3.14341651295
1725	1.55062573491
1730	1.55062573491
1735	1.55062573491
1740	1.55062573491
1745	1.55062573491
1750	1.55062573491
1755	1.55062573491
1760	1.88654272882
1765	1.55062573491
1770	1.55062573491
1775	1.55062573491
1780	1.55062573491
1785	1.55062573491
1790	1.55062573491
1795	1.55062573491
1800	1.55062573491
1805	1.55062573491
1810	1.55062573491
1815	1.60603666244
1820	1.55062573491
1825	1.55062573491
1830	1.55062573491
1835	1.55062573491
1840	1.61601738215
1845	1.55062573491
1850	1.55062573491
1855	1.55062573491
1860	1.55062573491
1865	1.55062573491
1870	1.55062573491
