0	2.6827087961
5	3.1150484743
10	1.28899872454
15	2.59077382202
20	1.54879243671
25	3.03272333411
30	1.96917638082
35	1.28899872454
40	2.2235387376
45	1.28899872454
50	1.90341326922
55	3.45649628086
60	1.28899872454
65	1.28899872454
70	1.28899872454
75	1.28899872454
80	1.28899872454
85	2.45948352816
90	1.28899872454
95	4.36843391629
100	1.28899872454
105	2.0919983287
110	1.28899872454
115	4.197185554
120	1.45318429134
125	1.28899872454
130	1.86471740139
135	1.9406018226
140	1.28899872454
145	2.52670060603
150	2.28077721967
155	3.12800209612
160	3.60891342164
165	2.61980887055
170	2.34067711911
175	1.28899872454
180	2.70281371292
185	1.28899872454
190	2.59115948911
195	2.87068611966
200	2.88242367378
205	1.28899872454
210	2.78326591557
215	2.11702241263
220	1.28899872454
225	2.37086786446
230	2.21500891212
235	3.40534596544
240	3.08316893605
245	2.99844015443
250	1.28899872454
255	1.28899872454
260	1.63032905183
265	1.73462545622
270	1.28899872454
275	3.14567941038
280	3.49106149388
285	2.62364286583
290	3.28863700366
295	1.28899872454
300	1.69142063217
305	1.99687231871
310	1.77581103711
315	2.38955298193
320	4.28229474095
325	1.61508254297
330	1.68347060311
335	3.33131095571
340	3.7048377007
345	2.06290005391
350	2.83419384926
355	1.28899872454
360	1.71969569204
365	1.97598453778
370	3.63821533019
375	1.49665743461
380	2.60160701052
385	3.61721594305
390	3.65335962926
395	1.28899872454
400	2.85242965894
405	1.52850912605
410	2.53894868636
415	1.28899872454
420	1.43782659156
425	1.28899872454
430	3.04221117053
435	1.28899872454
440	4.07500798916
445	1.28899872454
450	5.57002311095
455	2.35706352223
460	1.28899872454
465	2.38903243444
470	2.00182040312
475	3.6503761818
480	1.50650335996
485	1.28899872454
490	1.28899872454
495	1.33749618463
500	4.18242175274
505	3.36801761441
510	2.1951932692
515	2.28628555484
520	2.94626919198
525	1.75751313951
530	4.51885832184
535	1.39918460752
540	1.28899872454
545	1.28899872454
550	2.16169476793
555	3.22743472533
560	1.86398916219
565	1.29538717313
570	1.99814627709
575	2.66533781565
580	1.58676870093
585	1.62444663361
590	1.28899872454
595	3.85534873141
600	2.8272003779
605	3.30931985572
610	2.59047594786
615	1.28899872454
620	2.62409443382
625	3.16195513543
630	1.28899872454
635	1.77942592502
640	2.97692449667
645	3.72018999024
650	1.28899872454
655	2.89911099532
660	2.56652692066
665	1.28899872454
670	1.28899872454
675	1.47727393605
680	3.94838028757
685	1.62205101755
690	1.28899872454
695	3.71856166056
700	2.61088242651
705	3.09444756938
710	2.9298344455
715	5.91775056425
720	1.84287358484
725	1.64364596572
730	1.28899872454
735	1.41911550928
740	1.28899872454
745	2.53738705164
750	3.19510784599
755	1.28899872454
760	1.6533745829
765	1.28899872454
770	1.45521455185
775	2.43202808336
780	3.562510649
785	1.28899872454
790	3.31057810955
795	1.28899872454
800	3.00036677025
805	2.18179577576
810	1.32506503495
815	1.63912698624
820	3.31147188153
825	2.82671149039
830	1.28899872454
835	2.39452635855
840	5.26307786265
845	1.28899872454
850	2.17243744464
855	3.6252541787
860	2.62064159379
865	1.28899872454
870	2.871329327
875	3.06049185042
880	1.39768697501
885	1.43466071806
890	2.01322206123
895	2.14186603016
900	2.58881052396
905	4.27150408384
910	1.58061874505
915	1.43812136292
920	1.52376014148
925	3.65954975625
930	2.01943755126
935	1.28899872454
940	1.71913250499
945	1.28899872454
950	1.28899872454
955	1.28899872454
960	1.36057614107
965	1.28899872454
970	1.28899872454
975	3.5564951814
980	1.28899872454
985	4.77471832929
990	3.57649564334
995	2.52808220631
1000	2.90037286608
1005	3.43202652521
1010	1.64301546048
1015	1.28899872454
1020	4.11756437686
1025	2.26950889335
1030	1.41297326185
1035	1.9021888995
1040	5.66062189135
1045	1.48038161739
1050	3.05132714271
1055	3.35658288106
1060	1.85844114171
1065	1.28899872454
1070	1.72249996295
1075	1.28899872454
1080	1.60591580781
1085	2.90050426022
1090	2.48102974914
1095	1.28899872454
1100	1.28899872454
1105	2.51341059984
1110	3.68418990758
1115	1.28899872454
1120	2.4697746479
1125	4.55304413273
1130	3.75101057405
1135	3.84378685598
1140	1.28899872454
1145	1.28899872454
1150	1.78459921445
1155	2.62947613069
1160	1.28899872454
1165	2.33797847438
1170	2.89096833556
1175	2.67290994525
1180	1.53575413272
1185	1.28899872454
1190	1.28899872454
1195	2.47977639587
1200	3.02016332531
1205	1.28899872454
1210	1.57310307166
1215	2.80015192028
1220	4.34535372101
1225	1.28899872454
1230	3.1357731577
1235	2.53309095435
1240	2.10849715991
1245	4.15614720793
1250	2.99508406024
1255	2.37444124966
1260	1.28899872454
1265	3.5800028403
1270	2.04219071456
1275	4.64341168439
1280	2.36840891925
1285	1.73933374659
1290	1.28899872454
1295	1.28899872454
1300	3.30605719657
1305	1.55078966087
1310	3.79448448304
1315	2.52605944151
1320	3.12823061523
1325	1.28899872454
1330	1.30357095971
1335	3.08625164146
1340	1.28899872454
1345	3.50854171923
1350	2.46443154857
1355	1.28899872454
1360	3.37911960149
1365	1.28899872454
1370	2.19745756539
1375	2.13214191178
1380	2.96202610165
1385	3.36559798318
1390	1.28899872454
1395	1.69869177999
1400	2.20743583434
1405	2.29672133922
1410	2.93503847655
1415	1.73643027468
1420	3.11338720474
1425	2.69107323114
1430	1.28899872454
1435	2.12108443807
1440	2.45098094721
1445	1.28899872454
1450	3.7502917291
1455	1.91469850218
1460	1.49720961603
1465	3.31649751014
1470	1.86889638378
1475	3.16447221339
1480	1.28899872454
1485	3.39937666585
1490	3.49446655022
1495	1.28899872454
1500	1.45118770194
1505	2.36082139967
1510	1.28899872454
1515	2.23355453882
1520	2.91570543418
1525	2.07332327881
