0	1.14047296951
5	0.522877105825
10	0.915974913212
15	0.456395046908
20	1.66254000863
25	0.414023914009
30	0.448032150148
35	0.501266290535
40	1.25468711775
45	0.475426161714
50	0.995593601162
55	0.414023914009
60	0.64633213904
65	0.414023914009
70	0.769009295394
75	0.44899018301
80	0.434043091919
85	0.814815712197
90	0.949162474673
95	0.414023914009
100	0.610219015771
105	1.07721117222
110	0.414023914009
115	0.414023914009
120	0.419475529091
125	0.575501337156
130	0.699441482787
135	0.507601147428
140	0.634748475134
145	0.414023914009
150	0.424354181802
155	0.414023914009
160	0.475038608153
165	0.558057777809
170	0.588939602812
175	0.783722904171
180	0.983635989611
185	0.414023914009
190	0.587647241532
195	0.414023914009
200	0.421520416124
205	1.49542927081
210	0.63111090232
215	0.476238254111
220	1.23751792621
225	0.414023914009
230	0.664326151526
235	0.414023914009
240	0.715203995614
245	0.897469805757
250	0.713489209373
255	0.439261880883
260	0.414023914009
265	0.414023914009
270	0.414023914009
275	0.488562559462
280	0.414023914009
285	0.876840814488
290	0.692961174528
295	0.903965695072
300	0.680250057649
305	1.01578757384
310	0.414023914009
315	0.561615287292
320	0.690093476708
325	0.560442715931
330	0.920608362342
335	0.414023914009
340	0.803139328042
345	0.414023914009
350	0.539146869136
355	0.953372430977
360	0.414023914009
365	0.414023914009
370	0.414023914009
375	0.625587756864
380	1.20856481901
385	0.904310423198
390	1.04501700482
395	0.414023914009
400	0.583573638767
405	0.65615818735
410	0.873669665385
415	0.414023914009
420	0.696640062841
425	0.414023914009
430	0.414023914009
435	0.960227760703
440	0.738434979483
445	0.416276328063
450	0.51355197059
455	0.516002042892
460	0.492103487396
465	0.414023914009
470	0.586476484374
475	0.414023914009
480	0.589693070847
485	0.414023914009
490	0.843450391198
495	0.73500780977
500	0.773519093127
505	1.22967628987
510	0.414023914009
515	0.744157374662
520	0.414023914009
525	1.04969429764
530	0.743500475782
535	1.00465601914
540	0.634617912921
545	0.655051451088
550	0.414023914009
555	0.699106578153
560	1.45822556204
565	0.414023914009
570	1.10075073951
575	0.487667000352
580	0.581415595581
585	0.558839696245
590	0.477256468168
595	1.16932049619
600	0.799203029207
605	0.414023914009
610	0.614814946572
615	0.414023914009
620	0.780474805991
625	0.621615765827
630	0.651029590172
635	0.61901552421
640	0.764209715975
645	0.698039848458
650	0.948882714214
655	0.91800467466
660	0.943114128874
665	0.56042282235
670	0.414023914009
675	0.414023914009
680	0.834937736164
685	0.424150500018
690	1.17057111764
695	0.899086076765
700	0.414023914009
705	0.495516132361
710	0.687208005247
715	0.674943314275
720	0.414023914009
725	0.414023914009
730	0.467477428488
735	0.414023914009
740	0.604474986861
745	0.606329668892
750	0.720805888562
755	0.414023914009
760	0.414023914009
765	0.64357987019
770	0.414023914009
775	0.414023914009
780	0.414023914009
785	0.716554853432
790	0.414023914009
795	0.892724674064
800	0.897282170704
805	0.414023914009
810	0.414023914009
815	0.414023914009
820	0.414023914009
825	1.14843443696
830	0.414023914009
835	0.414023914009
840	0.414023914009
845	0.414023914009
850	0.414023914009
855	0.414023914009
860	0.414023914009
865	0.414023914009
870	0.445541333476
875	1.02058494835
880	0.414023914009
885	0.414023914009
890	0.643815393111
895	0.776428031357
900	0.564158813713
905	0.414023914009
910	0.881982758278
915	1.02606938439
920	0.414023914009
925	1.33394296362
930	0.414023914009
935	0.431078167044
940	0.414023914009
945	0.520656201419
950	0.847179675365
955	0.768973615253
960	0.414023914009
965	0.414023914009
970	0.414023914009
975	0.503905126095
980	0.940242624596
985	0.414023914009
990	0.59370632531
995	1.18860486537
1000	0.92163094916
1005	0.476932376879
1010	1.09929592999
1015	0.925014296381
1020	0.528851384457
1025	0.87595450263
1030	0.63929925337
1035	0.414023914009
1040	0.475696908888
1045	0.54142029394
1050	0.414023914009
1055	1.25739892715
1060	0.930482541417
1065	0.948403513916
1070	0.757105616133
1075	0.571843091644
1080	0.808883366195
1085	0.414023914009
1090	0.536747495272
1095	0.414023914009
1100	0.414023914009
1105	0.414023914009
1110	0.679409540996
1115	0.414023914009
1120	0.414023914009
1125	0.414023914009
1130	0.414023914009
1135	0.414023914009
1140	0.497134162783
1145	0.954426028887
1150	0.414023914009
1155	0.724114484815
1160	1.14335152048
1165	0.762739531333
1170	0.866090549803
1175	0.414023914009
1180	0.414023914009
1185	0.701139797038
1190	0.414023914009
1195	0.414023914009
1200	0.917854555775
1205	0.414023914009
1210	0.453458478381
1215	0.868553462578
1220	0.748562175093
1225	0.546738486124
1230	0.414023914009
1235	0.414023914009
1240	1.0219937242
1245	0.546866944474
1250	0.423181868873
1255	0.960914055199
1260	0.45292081953
1265	1.04333999594
1270	0.68691775307
1275	0.630176941506
1280	0.414023914009
1285	0.561596006557
1290	0.417858863993
1295	0.881634656433
1300	0.58542307996
1305	0.900720999341
1310	1.32984412173
1315	0.503783367219
1320	0.414023914009
1325	0.662545911825
1330	0.719419368351
1335	0.414023914009
1340	0.753697243708
1345	0.958519509877
1350	0.414023914009
1355	0.528482319027
1360	1.18337456751
1365	0.632346548671
1370	0.869676079079
1375	0.414023914009
1380	0.414023914009
1385	0.623026046846
1390	0.414023914009
1395	0.414023914009
1400	0.500775193364
1405	0.665889784404
1410	0.422300397738
1415	0.414023914009
1420	0.414023914009
1425	0.580441433451
1430	0.571628801114
1435	0.695185586864
1440	0.653757677649
1445	0.721041242603
1450	0.503593133779
1455	0.414023914009
1460	0.950889039746
1465	0.62238700268
1470	0.421949038648
1475	0.859763934107
1480	0.414023914009
1485	0.456895007966
1490	0.581187736415
1495	0.414023914009
1500	0.489234635193
1505	0.629442278492
1510	0.621305616232
1515	0.95333830714
1520	0.417324706271
1525	1.53805474193
1530	0.803913000272
1535	0.414023914009
1540	0.600259203052
1545	0.414023914009
1550	1.33010976329
1555	0.414023914009
1560	0.603017093259
1565	0.543213585272
1570	0.567358856585
1575	0.414023914009
1580	0.414023914009
1585	0.414023914009
1590	0.755840576783
1595	0.414023914009
1600	0.814705343605
1605	0.581527492592
1610	0.486710448374
1615	0.677039281997
1620	1.0190958581
1625	0.42668683749
1630	1.22176814389
1635	1.11560802395
1640	0.672583839752
1645	0.841104955265
1650	0.414023914009
1655	1.3121368734
1660	0.414023914009
1665	1.01223170514
1670	0.673179992704
1675	0.496070823918
1680	0.414023914009
1685	0.518961183185
1690	1.22361961564
1695	0.903737530033
1700	0.837508527737
1705	0.907231858123
1710	0.485031485288
1715	0.437887854767
1720	0.414023914009
1725	0.513831667944
1730	0.414023914009
1735	0.414023914009
1740	0.618512487567
1745	0.414023914009
1750	0.581017280639
1755	0.703907240993
1760	0.414023914009
1765	0.414023914009
1770	0.555681153973
1775	1.06208947415
1780	0.4632427146
1785	0.897886375233
1790	0.414023914009
1795	0.939919807798
1800	1.01128689993
1805	0.414023914009
1810	0.707737234839
1815	0.414023914009
1820	0.663032756956
1825	0.414023914009
1830	0.414023914009
1835	0.414023914009
1840	1.13659740076
1845	1.0752621585
1850	0.414023914009
1855	0.414023914009
1860	0.746255591098
1865	0.414023914009
1870	0.414023914009
1875	0.414023914009
1880	0.414023914009
1885	0.921205147528
1890	0.414023914009
1895	0.783567198201
1900	0.927312464343
1905	0.746548550446
1910	0.586242576106
1915	0.414023914009
1920	0.414023914009
1925	0.781738678654
1930	1.05552690395
1935	0.414023914009
1940	0.414023914009
