0	1.68959752154
5	1.98672982325
10	1.81216124843
15	2.15031302591
20	2.01313235246
25	2.14605396747
30	1.91118760206
35	1.9809870664
40	2.07743929014
45	1.42710035155
50	2.11438884871
55	2.15968717011
60	1.72412546391
65	1.99268059432
70	2.13414022689
75	2.06745010426
80	2.00811300789
85	1.4616452068
90	2.04908612855
95	1.61082129883
100	1.64470872746
105	1.68395885548
110	2.07201350401
115	1.44407499736
120	2.00257157316
125	1.59065359017
130	1.9715351172
135	1.14910932323
140	1.88860707654
145	1.59409984204
150	1.90544356878
155	1.47486811423
160	1.90800628305
165	2.1461768029
170	2.06613614113
175	1.88477323883
180	2.08258985161
185	1.96532797388
190	1.95573083791
195	2.14433294067
200	1.85776700782
205	1.5131857781
210	1.9666527082
215	1.78450888311
220	2.14620348884
225	1.89628467826
230	1.26216461186
235	2.10806218388
240	2.13305701408
245	2.07018517811
250	1.99490590756
255	1.96115785311
260	2.09033997985
265	1.94086622972
270	1.84383888349
275	1.59105768102
280	1.51699936826
285	1.35050926681
290	2.05898287906
295	2.12874677744
300	1.52392030204
305	1.84292264121
310	2.15192171507
315	2.14611301631
320	1.58031384201
325	1.73348380776
330	1.81697231184
335	2.14341509136
340	1.6672796226
345	1.64846558425
350	2.02808260872
355	1.98710222918
360	1.84706414664
365	2.07453132168
370	1.93887836831
375	1.55546266625
380	2.05165742236
385	2.07652360317
390	1.81251856964
395	1.80819359345
400	2.07408075623
405	1.852241406
410	1.965871328
415	1.80959352375
420	2.01417687594
425	1.56745096526
430	2.09805398215
435	2.06470615978
440	1.94061697781
445	1.94047862136
450	1.43136442245
455	1.56277490846
460	2.11232468638
465	1.86470519705
470	2.16584688123
475	1.28135283769
480	2.03364548048
485	1.99843952107
490	1.42175594136
495	1.81300845637
500	2.03812331711
505	1.9860665643
510	2.09381085791
515	1.6118516238
520	2.01477230784
525	1.86876228054
530	1.68139709117
535	1.23376457519
540	2.06667669706
545	2.00691725496
550	2.15124219539
555	1.91091563161
560	2.15481233426
565	2.12392582814
570	2.01610510356
575	2.08273328073
580	2.00433401244
585	1.93087043122
590	1.56461462285
595	2.0727206605
600	1.8153916069
605	2.00146167662
610	1.77925834777
615	1.9567077307
620	2.0794940229
625	2.03641069942
630	2.01868675515
635	2.13457850521
640	2.08836722866
645	2.08317079116
650	2.05012747477
655	2.09349809542
660	1.92749948439
665	1.98751601764
670	1.95550161333
675	1.4628006958
680	2.12736485594
685	2.09133770163
690	1.54132190698
695	2.002579838
700	2.11905538355
705	1.31419214128
710	1.53021323226
715	1.84676371352
720	1.65845291677
725	2.16437823515
730	2.07879563388
735	1.87373729004
740	1.190066093
745	2.00662687013
750	1.94607511138
755	1.86408786253
760	2.10461263567
765	1.95052583089
770	1.83165541416
775	1.9387067811
780	1.77566418143
785	1.72613718247
790	1.65917322917
795	1.84229622741
800	1.94096037813
805	1.51206682055
810	1.08842053332
815	2.01932807064
820	1.97705676777
825	1.52375654225
830	2.12981120962
835	2.02250826945
840	1.79369584227
845	1.31775098236
850	1.66110538279
855	2.0006198752
860	1.73949157967
865	1.57099958982
870	2.03307183545
875	2.16214265633
880	1.91466887894
885	2.06990787964
890	2.01484058867
895	2.01343989529
900	1.96777047359
905	1.5192906726
910	1.60791885038
915	1.2704325782
920	1.51444433498
925	1.85023874557
930	1.53494023621
935	2.09782926456
940	1.97721044332
945	1.97795427499
950	1.95180106947
955	2.15257373121
960	1.30485321339
965	2.03125309527
970	2.02434021405
975	2.05942252695
980	1.7748974251
985	2.09203913879
990	1.74043860129
995	2.08399612864
1000	1.73740201782
1005	1.57226104739
1010	1.4118617789
1015	2.08618893094
1020	2.04500533382
1025	2.15022995879
1030	1.92656147871
1035	1.76331696078
1040	2.12678693361
1045	0.867827491592
1050	1.58810806965
1055	1.96956956447
1060	1.68818590107
1065	1.95558725405
1070	2.12472200591
1075	2.13658024742
1080	1.13587828913
1085	1.7293641819
1090	1.92648294372
1095	2.12809466653
1100	1.74582081552
1105	1.95826895845
1110	1.77260088649
1115	2.12837262938
1120	2.06722291176
1125	1.93292476264
1130	1.78546370094
1135	1.75942877188
1140	2.03390417225
1145	1.99539959086
1150	2.01594380566
1155	1.87563004878
1160	1.66958435973
1165	1.98124352556
1170	1.91380622969
1175	2.06878101209
1180	1.79726627798
1185	1.85006698612
1190	1.17739875142
1195	2.14497431214
1200	2.14239010645
1205	2.07945583518
1210	2.15827163659
1215	1.90626110971
1220	2.00197358195
1225	1.77005140391
1230	1.72365447437
1235	1.71678821373
1240	1.98582678955
1245	1.52911866705
1250	2.12659613436
1255	1.8496481699
1260	2.16085254452
1265	1.35923813414
1270	2.06504786693
1275	1.96508044603
1280	2.02082118418
1285	2.07212118217
1290	1.77123464595
1295	2.0137092276
1300	2.04854155089
1305	2.0368720485
1310	1.86780970417
1315	1.86747449465
1320	1.72796102886
1325	2.05131582224
1330	1.73518586586
1335	2.10156766615
1340	1.80170301004
1345	1.58268122919
1350	1.51625351232
1355	1.88497232997
1360	2.06852812685
1365	2.07013914693
1370	1.65933039948
1375	2.15603829337
1380	1.97586752261
1385	1.6579164091
1390	2.0894987038
1395	1.770663655
1400	2.07786973025
1405	1.98210151718
1410	1.56143284881
1415	2.03196917638
1420	1.78644078664
1425	1.67122787913
1430	1.7626517772
1435	1.98960419799
1440	1.41301113474
1445	1.558716741
1450	1.92932902775
1455	1.98035591063
1460	2.02260337099
1465	2.0497894942
1470	1.67399047443
1475	1.78109627697
1480	2.02451208568
1485	1.9842096699
1490	2.02916530365
1495	1.16168234564
1500	1.97018964913
1505	1.3965097312
1510	1.35030152021
1515	2.12716673725
1520	1.84857301556
1525	1.96455010416
1530	1.89231140259
1535	1.62496318433
1540	1.55170727043
1545	1.88315485921
1550	1.992078501
1555	1.8663586481
1560	2.14456439134
1565	1.8457472585
1570	2.06239858605
1575	1.94347789293
1580	1.87435990665
1585	2.09172839952
1590	2.13271464094
1595	1.7011915514
1600	1.66686388804
1605	2.09899283571
1610	1.83930245679
1615	1.76401284865
1620	1.87560218209
1625	2.14766506842
1630	1.66894652305
1635	1.81114186559
1640	1.52992395524
1645	1.95031166334
1650	1.91968858826
1655	1.91860110644
1660	2.08449519599
1665	1.94927256984
1670	2.05599018027
1675	1.32612504848
1680	1.73571458454
1685	2.09557814222
1690	1.99123971594
1695	1.4037617318
1700	1.75401511758
1705	1.85678620578
1710	1.51295214741
1715	1.84709481816
1720	1.99807822013
1725	2.09149426774
1730	2.03245533954
1735	2.03358378731
1740	2.06656640467
1745	1.37601188373
1750	1.95865325407
1755	1.71708347585
1760	1.80579061106
1765	2.15801194541
1770	2.00602093736
1775	1.75242423025
1780	1.32840883649
1785	1.79250842285
1790	1.97184809567
1795	2.10728620182
1800	2.05559235331
1805	2.13461535272
1810	1.99448235489
1815	1.25626741473
1820	1.66374874795
1825	1.68694651332
1830	1.11772259354
1835	1.72487147188
1840	1.86971872533
1845	1.93191843539
1850	1.57042124011
1855	2.14231346135
1860	1.67379898319
1865	1.81118227521
1870	1.31757748695
1875	1.52660301373
1880	2.04728402936
1885	1.89489291672
1890	1.9641210577
1895	1.93616443841
1900	1.81083049058
1905	2.0656502412
1910	2.14716086044
1915	1.87275005622
1920	2.03893490875
1925	1.89027613256
