0	5.64865270276
5	3.51466500926
10	5.13404931738
15	4.62564673157
20	4.08959887979
25	5.24170329357
30	6.16033268414
35	2.99083144363
40	2.21300966759
45	4.358320793
50	4.90083522679
55	5.69080833842
60	3.83181729605
65	4.29464849247
70	4.06518852416
75	3.42738267064
80	5.39955999802
85	5.20099113439
90	6.01066076367
95	4.91577083178
100	3.93774137569
105	5.09014866291
110	3.48400731655
115	5.61029065085
120	6.06914737119
125	4.00243771706
130	4.60077125597
135	4.54061973685
140	6.50000017206
145	3.00148562385
150	6.19521461401
155	2.85179211599
160	5.24504642175
165	5.43030362985
170	3.50681012801
175	1.85447505528
180	3.94334000824
185	4.24025912558
190	4.52009315764
195	3.43211900344
200	5.3866485216
205	5.66871062354
210	3.84654875685
215	3.52110593952
220	4.5187611498
225	4.44876305285
230	5.20895720479
235	4.76834391162
240	2.3269832247
245	4.62332838659
250	5.07889913523
255	5.34812007149
260	3.53234486956
265	4.9414872586
270	6.54435786513
275	3.36007754221
280	5.33842090828
285	4.26076740797
290	3.63811161789
295	3.7832072069
300	2.80862112999
305	4.20516838266
310	5.71453502151
315	4.58061794563
320	3.66294986285
325	4.16036327507
330	5.54749069397
335	3.36404163624
340	2.42040739964
345	3.83777197073
350	5.34312320703
355	4.49376848422
360	4.02094660722
365	5.28528162813
370	3.83047327849
375	3.71854978094
380	4.95237345562
385	6.24183851539
390	4.11945562357
395	4.39416558544
400	3.1023717101
405	3.04191880476
410	4.69158977923
415	5.97398704389
420	3.23871697587
425	6.58738330897
430	5.18760270386
435	4.99811152454
440	4.06836988373
445	4.52043811905
450	4.40793875029
455	3.49020502572
460	5.0451084248
465	3.9237804651
470	5.15637380903
475	4.8096729991
480	6.33491344918
485	5.36453838149
490	4.04962735719
495	2.59646890089
500	5.93752387845
505	7.01370834123
510	4.46882754817
515	4.41608640222
520	4.65511529031
525	4.55430917966
530	4.74442033265
535	6.69526606576
540	4.9208923114
545	2.09720445813
550	4.12709900493
555	5.15626068975
560	5.35109130411
565	5.96374300229
570	3.46967665655
575	3.67281529301
580	4.60848491264
585	4.48329574738
590	3.86396310998
595	5.82766397538
600	3.8496140896
605	6.32946616985
610	5.46937229804
615	4.53624635602
620	3.34576591686
625	4.58025889643
630	5.97116260732
635	5.26412084404
640	5.84986863263
645	2.42966089728
650	4.52097465041
655	5.74051426288
660	4.36307323392
665	5.03050482453
670	5.15529551953
675	4.87508015781
680	2.47393867574
685	3.69928631229
690	3.95148939259
695	4.62513306139
700	3.00851121346
705	5.1198534855
710	3.97950247066
715	4.87529850844
720	5.3246022709
725	4.67176568213
730	4.81998065504
735	3.02604542662
740	5.53702560813
745	2.93654598629
750	4.71142547206
755	4.21590672895
760	4.50437385581
765	3.12062638224
770	4.64278738589
775	4.42796779055
780	4.96821036874
785	5.32182109347
790	5.39931689889
795	5.76729769543
800	5.82992958611
805	5.352444595
810	5.70753272623
815	2.14277211738
820	3.14376799928
825	3.60383279446
830	5.44308209914
835	4.57846394139
840	2.78447609411
845	4.83393875886
850	3.98876668243
855	5.41578763131
860	5.86704338391
865	6.48485327687
870	2.054496809
875	6.00815261118
880	5.79020673248
885	2.3694004629
890	4.07226811979
895	4.93014644961
900	4.74006480172
905	6.6567441592
910	5.82662574881
915	4.02425629697
920	5.12708565273
925	2.82252909977
930	4.8268752055
935	4.03232226891
940	2.53123240994
945	3.92542769987
950	5.56644488844
955	5.47105760323
960	4.48684952934
965	4.80470088327
970	5.5523348572
975	3.38006686592
980	5.89973585786
985	3.05832947957
990	4.21552953137
995	5.9324230995
1000	5.319630002
1005	3.68012719827
1010	4.77501430593
1015	3.85511260551
1020	3.71729296651
1025	3.48923102479
1030	5.2581550934
1035	6.64357140902
1040	3.80108814898
1045	6.64903593138
1050	5.04640092227
1055	4.08028481616
1060	3.80370502127
1065	4.88161430167
1070	4.46905899067
1075	3.23737534003
1080	3.14116511072
1085	3.03882124718
1090	3.1395219004
1095	3.73468430653
1100	4.76585732783
1105	5.07742412231
1110	5.96910524068
1115	5.75332674285
1120	6.67796208459
1125	4.35114260311
1130	6.00066978111
1135	4.68611491928
1140	6.61000529989
1145	3.44787627481
1150	5.6804811444
1155	2.88047108904
1160	5.26820096913
1165	5.11534444715
1170	3.41024455088
1175	4.89784725845
1180	4.99126661177
1185	5.09195194224
1190	2.48921865437
1195	4.43521174378
1200	3.59547837209
1205	5.43261271362
1210	4.40031348442
1215	4.90218008752
1220	2.96600333379
1225	4.05611799982
1230	5.45333318282
1235	5.37917341098
1240	4.66834254888
1245	4.6010176383
1250	3.36247294969
1255	5.67432552422
1260	5.77564734064
1265	4.5948752972
1270	4.31398517801
1275	4.74039953173
1280	3.52686504892
1285	5.57638164338
1290	4.6482922321
1295	3.90387298708
1300	3.81516316878
1305	3.33115989197
1310	5.05056799884
1315	5.04290351735
1320	5.07411037046
1325	2.20361203613
1330	5.27879191414
1335	3.70458416133
1340	3.5646397464
1345	5.54039344265
1350	4.06886628171
1355	5.31791696064
1360	5.37395663031
1365	1.48771472054
1370	6.84690587321
1375	3.61747771339
1380	4.85074735899
1385	3.43854465885
1390	3.94738741052
1395	3.93394257061
1400	4.2473795716
1405	6.32659127705
1410	6.15169235348
1415	5.51235416552
1420	4.86615518161
1425	5.3596022931
1430	3.48909623362
1435	4.95985326381
1440	5.1291221979
1445	6.48139256392
1450	2.4996042721
1455	4.74006150591
1460	4.10896217282
1465	6.42761525989
1470	4.77634251273
1475	2.52125658108
1480	5.79159562003
1485	3.78638869649
1490	4.97650913351
1495	4.09047644223
1500	4.37985740095
1505	2.85271229278
1510	5.10839492094
1515	4.10566165233
1520	5.65317471918
1525	4.50934958674
1530	5.53457071422
1535	4.26445203452
1540	4.26562649468
1545	3.52486183443
1550	3.55071149039
1555	2.01312903318
1560	4.25117646483
1565	4.17212723994
1570	4.78812355123
1575	3.55793459399
1580	2.67891509924
1585	4.91760287232
1590	4.38268320917
1595	4.80416197412
1600	4.55362792244
1605	4.86420320704
