0	9.25678387906
5	8.84434662519
10	9.8059500203
15	2.07767009628
20	9.80836468226
25	2.17635591566
30	9.79036850064
35	9.80835837561
40	7.58557774995
45	9.80836855872
50	9.76407919831
55	4.87850107598
60	9.7888871881
65	7.88585259008
70	5.63531038596
75	9.78483193337
80	9.68137606369
85	9.68976700729
90	9.63087506713
95	9.76800647751
100	9.42098905166
105	9.80262453157
110	6.61694464892
115	4.44036674774
120	7.36849847473
125	8.54131675098
130	9.79786921924
135	8.14724943859
140	4.90817585869
145	9.24313511053
150	9.59582971304
155	9.80516373852
160	2.58066551719
165	4.37265081176
170	8.77617348189
175	9.32797030193
180	9.79599599262
185	7.74821083742
190	9.53662645131
195	1.96167371176
200	9.72415788233
205	9.5411683625
210	3.81010450556
215	9.18552556873
220	9.15188574422
225	9.27236994114
230	8.6485810577
235	5.41164750843
240	9.78770710978
245	9.78135350379
250	7.52913000103
255	9.68395717089
260	9.79282092177
265	9.79556183416
270	9.70204434601
275	8.231261097
280	5.91341507566
285	9.7738017549
290	8.28491632022
295	4.26159237807
300	7.86782568652
305	9.21319423332
310	4.36640138565
315	9.68982570017
320	9.71051185142
325	8.03216473021
330	8.39083993584
335	9.78477217505
340	7.49645095057
345	8.24310074301
350	9.42137113613
355	6.78065347981
360	9.61540987914
365	9.79868578706
370	9.80836829445
375	9.6066524374
380	9.40287025086
385	9.78617031097
390	8.19959117957
395	9.42888838191
400	9.16389650855
405	1.99174653952
410	9.43655185305
415	8.03041409621
420	9.80574519834
425	7.68699957945
430	9.80836855246
435	9.38472854784
440	9.72842720887
445	9.78296298126
450	9.80713997247
455	8.12793837133
460	7.92340174132
465	9.60258325288
470	8.47786922367
475	9.56298942578
480	9.57018433674
485	6.59840194738
490	1.96167371176
495	9.80804070586
500	9.72617882056
505	8.08473413548
510	9.13681997557
515	7.54775324181
520	9.72559568326
525	5.38479306483
530	8.03625321053
535	7.64415797756
540	9.80021013739
545	9.35322545369
550	9.02981443327
555	9.76529856149
560	8.56594066758
565	9.75318803038
570	9.80833302945
575	7.74399103032
580	8.30756831384
585	9.80830043507
590	6.68501174831
595	9.49782251553
600	4.82535531443
605	9.25944953768
610	2.25237207637
615	3.8929915161
620	9.69890390028
625	9.77715902421
630	3.30267638134
635	2.3557242074
640	9.80456047414
645	9.80691491024
650	9.79465288369
655	9.20305227273
660	9.80820344258
665	9.80836851324
670	7.87981469176
675	9.80301127561
680	3.88747516704
685	4.30193768122
690	7.79107408992
695	6.61672195976
700	9.55593410879
705	8.17023121247
710	9.80526955674
715	9.56340328294
720	9.80307366247
725	7.73080235716
730	9.8004023443
735	9.13926791773
740	9.8083368704
745	9.3084155189
750	6.41708586622
755	6.83070474717
760	9.80804192871
765	8.42194140505
770	9.63905243971
775	2.14993662742
780	9.80836291443
785	9.36788021339
790	3.34073688274
795	2.74935480138
800	1.96167371176
805	8.52322550869
810	9.80836777085
815	7.89776248033
820	5.86024716847
825	9.63947924186
830	9.7932705024
835	9.71975374603
840	8.29519299278
845	9.30306558633
850	9.36720904907
855	9.78776141016
860	9.80836712024
865	9.80604982252
870	9.5618923656
875	6.61842258556
880	9.17939486173
885	9.80812133988
890	9.61252441996
895	9.80836586765
900	9.80159693711
905	9.18263692432
910	5.10429062643
915	9.80111446635
920	7.41696954779
925	8.69633529311
930	9.8062134417
935	3.75188801428
940	9.80836845721
945	4.28380350216
950	9.80832721477
955	9.80123112057
960	8.13013322484
965	8.65568549588
970	9.8065585215
975	9.80836855726
980	6.51694037083
985	9.78729650886
990	9.80737705537
995	9.80595251003
1000	9.80836833863
1005	9.42149998406
1010	8.46776029911
1015	9.78239796637
1020	9.68178619564
1025	9.80834744792
1030	4.82667562706
1035	9.67388243158
1040	8.9177515467
1045	6.17930357401
1050	6.86961842021
1055	9.05757744413
1060	9.70728598607
1065	9.72873828203
1070	9.79947115125
1075	8.32229761895
1080	9.21104383747
1085	2.38528164867
1090	9.7512494929
1095	9.7963684819
1100	7.65355570932
1105	9.80836855381
1110	9.73094344124
1115	9.80458343776
1120	9.04655610206
1125	8.59469801591
1130	9.80604286358
1135	9.02265757802
1140	6.32754522058
1145	5.92810272849
1150	6.56618339623
1155	9.80784137425
1160	8.15818211846
1165	9.71363328968
1170	9.8029224386
1175	9.80835691592
1180	9.5986511931
1185	1.96167371176
1190	8.46320863741
1195	9.80647788386
1200	9.08316511121
1205	9.80549500976
1210	5.65145340484
1215	7.48666868883
1220	9.5571583963
1225	8.35557540381
1230	9.80836804148
1235	6.20272959576
1240	9.4090169865
1245	8.5135535658
1250	8.88305045122
1255	9.05673430731
1260	8.95978925734
1265	9.60088863748
1270	9.75567891283
1275	8.68109711674
1280	8.79036854561
1285	9.1738336848
1290	7.51727064372
1295	6.34207072851
1300	3.07310332912
1305	9.11818159071
1310	9.80835836723
1315	5.01428630119
1320	9.46131178675
1325	4.87490634841
1330	9.80835942474
1335	8.36427468662
1340	8.69290240352
1345	7.26977779113
1350	8.43079713659
1355	7.92742209881
1360	6.69983718079
1365	7.55270650713
1370	1.96167371176
1375	9.80820957676
1380	6.80927735538
1385	9.80173519938
1390	8.9939930767
1395	3.36488575287
1400	9.80032541413
1405	9.80808334931
1410	9.73416803856
1415	9.75870055097
1420	9.64725247831
1425	9.80315212742
1430	9.79336467812
1435	9.18867620391
1440	9.80669350088
1445	9.80725937708
1450	8.93146749311
1455	9.78968708447
1460	9.63391294471
1465	9.53535938599
1470	9.02446025646
1475	9.77893287063
1480	8.18515989165
1485	9.00029515217
1490	9.8079219169
1495	1.96167371176
1500	9.03731416198
1505	8.28136388816
1510	9.21739021972
1515	9.527368336
1520	9.80683884626
1525	5.5677505296
1530	9.8049214651
1535	9.80378760115
1540	9.77716668161
1545	8.32477643141
1550	9.78970157512
1555	9.80766601706
1560	4.06343519102
1565	9.80573530259
1570	4.65352905998
1575	9.80674423644
1580	9.65982779971
1585	9.70737265565
1590	9.8078438942
1595	9.80831524705
1600	9.40199476425
1605	9.54648568324
1610	1.96167371176
1615	9.68342319312
1620	9.78962803241
1625	9.71794464117
1630	9.22924225819
1635	9.8083641892
1640	9.80829651413
1645	7.8925378909
1650	9.80432371977
1655	4.72698659981
1660	9.66293451162
