0	2.82220957379
5	4.24845427306
10	3.22930383873
15	2.88313729042
20	1.98927253572
25	5.53858518776
30	2.87629347848
35	2.94852051426
40	1.98927253572
45	3.12675274747
50	2.67648292258
55	2.71885906243
60	2.36786722712
65	2.81007626943
70	4.51683179767
75	2.64988302144
80	3.45483322305
85	4.72298810019
90	2.58270168227
95	1.98927253572
100	3.87744662247
105	2.84213738351
110	1.98927253572
115	1.98927253572
120	3.59668513347
125	5.54195955234
130	3.81194860384
135	4.00716067705
140	4.58693313306
145	1.98927253572
150	2.11595581341
155	3.10503410382
160	3.11949118366
165	4.62465242051
170	3.76029180752
175	3.31722301949
180	1.98927253572
185	5.81601213563
190	1.98927253572
195	2.90631271687
200	1.98927253572
205	5.11033237111
210	2.52680281252
215	3.11106177592
220	2.92258780536
225	2.48078985672
230	1.98927253572
235	2.77326251365
240	3.14459238862
245	3.64460305113
250	1.98927253572
255	2.61354471519
260	3.30132174452
265	1.98927253572
270	1.99042895855
275	3.33444033477
280	4.24098233843
285	3.13475308581
290	2.27805610881
295	2.92652406295
300	1.98927253572
305	3.29180289742
310	5.77600796195
315	3.68455800138
320	3.29223456066
325	3.61751777802
330	1.98927253572
335	5.65586156427
340	4.19576067619
345	2.9686694927
350	4.70185097888
355	3.74382894651
360	1.98927253572
365	4.37547433348
370	3.13420543875
375	5.62460210009
380	2.72130575638
385	2.80990611481
390	3.59631306262
395	2.96299065786
400	2.52349673724
405	1.98927253572
410	3.12601633654
415	2.28229918827
420	1.99758239818
425	2.8913494435
430	2.3854889208
435	1.98927253572
440	5.30673344154
445	2.92501337777
450	2.8963817255
455	4.06354323021
460	4.08686858847
465	3.10037762406
470	4.15129846411
475	2.29375929618
480	3.67865084306
485	3.16937564142
490	1.98927253572
495	2.4954767349
500	2.94881547983
505	3.13879556832
510	2.20007451667
515	1.98927253572
520	1.98927253572
525	2.68264809608
530	2.68963466505
535	2.66062677964
540	3.45826988964
545	6.46541888221
550	3.93151147712
555	2.48118815764
560	5.01059307304
565	3.25390674882
570	3.13734237943
575	3.15332114827
580	3.40222531953
585	4.2456662616
590	3.61258871024
595	2.94122155126
600	2.831205401
605	3.53251919607
610	4.59167224208
615	3.75206613274
620	4.44749383168
625	4.99831359617
630	1.98927253572
635	3.41410991593
640	4.46314611632
645	2.31490350026
650	2.47322964612
655	3.52739037809
660	3.66337253252
665	1.98927253572
670	3.76039383159
675	3.91565515935
680	2.7258675536
685	3.24202133252
690	1.98927253572
695	1.98927253572
700	2.34123062488
705	3.5784290971
710	1.98927253572
715	4.1366987898
720	2.45046411741
725	5.19807598186
730	2.77246451704
735	3.53384452394
740	3.45640887022
745	3.2061417216
750	2.53182089174
755	1.98927253572
760	2.78174465963
765	1.98927253572
770	2.38443498364
775	4.56722877477
780	2.05665786384
785	1.98927253572
790	2.33711185455
795	3.41107201568
800	4.74179754593
805	2.80012174402
810	2.48694276098
815	2.75635166912
820	2.52301938471
825	2.99858735039
830	2.11130614804
835	3.04049968797
840	1.98927253572
845	3.33143022962
850	2.24782925576
855	6.84778170315
860	1.98927253572
865	2.72744130024
870	3.07216859311
875	2.93450970837
880	4.64171214224
885	1.98927253572
890	4.01585584794
895	2.66456288593
900	3.73161062219
905	5.64766504324
910	2.08505867183
915	1.98927253572
920	5.52302819264
925	4.63092681556
930	3.45360743739
935	2.86756921475
940	2.46247776156
945	3.42302998355
950	5.20406324197
955	4.58685009835
960	4.49593488876
965	1.98927253572
970	1.98927253572
975	3.19600167763
980	1.98927253572
985	1.98927253572
990	4.56691272961
995	2.34489533816
1000	3.45530850582
1005	3.15499001061
1010	2.45967018102
1015	1.98927253572
1020	4.71241993662
1025	3.93998987806
1030	4.32053012402
1035	2.94690736123
1040	2.61190705437
1045	5.54932945778
1050	5.28738426061
1055	2.66021369651
1060	3.61780808504
1065	3.73387943227
1070	3.18707316145
1075	4.07635982245
1080	4.33787780006
1085	1.98927253572
1090	3.88661645869
1095	3.73272355721
1100	3.78162157599
1105	5.0496636923
1110	2.9565818845
1115	3.34945467728
1120	5.02675315866
1125	1.98927253572
1130	2.77111845417
1135	1.98927253572
1140	5.0561332173
1145	5.50612457861
1150	2.46128898842
1155	3.52106528573
1160	3.13362061887
1165	2.30869325964
1170	2.82238433474
1175	2.28471089157
1180	1.98927253572
1185	3.51376937069
1190	2.83167349121
1195	3.28686733139
1200	5.00881153304
1205	2.87544394496
1210	1.98927253572
1215	1.98927253572
1220	2.01998587443
1225	2.70981211913
1230	2.00381783653
1235	4.18167178539
1240	4.55037339855
1245	1.98927253572
1250	2.25457571321
1255	3.14984531607
1260	3.36697035131
1265	2.4657503091
1270	4.04679152132
1275	1.98927253572
1280	2.53640345488
1285	1.98927253572
1290	4.13416095756
1295	2.44845456215
1300	1.98927253572
1305	2.64438242277
1310	2.49298024243
1315	2.39027531996
1320	2.97905355316
1325	2.13091708704
1330	3.24580278672
1335	4.16806987519
1340	5.12850249196
1345	2.03475090075
1350	1.98927253572
1355	3.39736295818
1360	4.03520227061
1365	3.35284128442
1370	4.46920475174
1375	1.98927253572
1380	2.73519533469
1385	2.13956871743
1390	2.60671379536
1395	4.76616263329
1400	1.98927253572
1405	3.43782654746
1410	1.98927253572
1415	3.99780302061
1420	2.16886653913
1425	1.98927253572
1430	2.15866616834
1435	1.98927253572
1440	3.69811186433
1445	4.12035079867
1450	3.59454805103
1455	6.2147753102
1460	1.98927253572
1465	1.98927253572
1470	4.03802794373
1475	3.11278349182
1480	1.98927253572
1485	1.98927253572
1490	3.5288999048
1495	3.02750063356
1500	5.66116355099
1505	4.37109746414
1510	1.98927253572
1515	2.05167862316
1520	2.16181327204
1525	1.98927253572
1530	2.61568048011
1535	2.73434337921
1540	4.76066550904
1545	5.00769913872
1550	4.16311481621
1555	3.65618848593
1560	2.51165258077
1565	3.17115725912
1570	6.44070130141
1575	3.49192468979
1580	3.71611846716
1585	2.8298125528
1590	3.61117993918
1595	3.42253844699
1600	2.06964403406
1605	2.95220646657
1610	1.98927253572
1615	1.98927253572
1620	2.47721365217
1625	4.21491562927
1630	2.90689230797
1635	4.51155504749
1640	5.08170406365
1645	3.03978596343
1650	3.94553979124
1655	3.77378076956
1660	3.44614320456
1665	1.98927253572
1670	4.06748569373
1675	4.08975180919
1680	4.04872832484
1685	4.29245200058
1690	1.98927253572
1695	3.05083557145
1700	4.16759156005
1705	4.78497871146
