0	3.33689383859
5	4.19106714774
10	6.15557837449
15	3.65459109908
20	3.51450842041
25	4.2458289952
30	3.37668521521
35	4.45435264026
40	3.90078310458
45	3.62517055557
50	5.03349767377
55	3.64720771369
60	4.54051898817
65	5.10437783316
70	4.93690068854
75	5.53921107289
80	2.60375208928
85	3.4413090943
90	3.02195334031
95	3.35905474069
100	2.87649000925
105	3.18554981323
110	4.93883145115
115	3.80595317805
120	5.86531801345
125	3.53620462231
130	3.3723798291
135	2.72202148929
140	4.30719790482
145	3.48843241445
150	5.23945234852
155	5.3957100334
160	4.61481618322
165	4.61834480181
170	5.10911236189
175	3.70251457673
180	4.39216352804
185	5.53231814915
190	4.09820234687
195	6.28785469241
200	4.3912290434
205	4.82106056158
210	1.69081661748
215	3.85037152127
220	2.6370682392
225	3.90853729204
230	5.2363102234
235	5.24615165635
240	4.13580416739
245	4.16515590396
250	5.71037293009
255	4.79928540622
260	3.60873837383
265	4.50257630489
270	3.18175636946
275	2.71325994334
280	4.43757797772
285	5.59974975587
290	3.29056357403
295	3.96869718397
300	3.36049392152
305	5.20700449301
310	2.3136866315
315	3.67986457459
320	3.26039798699
325	4.67504615007
330	4.99001485678
335	3.70041802201
340	4.67089707831
345	4.44647284172
350	3.48716825433
355	4.27656165042
360	5.71503988127
365	3.36847876846
370	4.60346061007
375	4.52495559595
380	5.40607560504
385	4.12394893707
390	4.84989517936
395	3.46807987374
400	5.3369318258
405	4.48851157558
410	4.85188109494
415	2.79056380421
420	3.3230830037
425	4.38403839369
430	2.9940578057
435	5.67345222026
440	3.42373037573
445	1.77167511721
450	4.69302426409
455	4.64626911468
460	1.88684111149
465	3.9288026024
470	3.54397335663
475	5.46808244783
480	4.3358812054
485	2.04205995388
490	4.38624105458
495	1.69760259725
500	5.24370792482
505	4.79107797536
510	4.28893662417
515	3.50151684634
520	4.67976436425
525	4.77130038318
530	4.17100881864
535	4.55259629755
540	6.01312549956
545	5.54265626107
550	5.27337476706
555	4.67903378045
560	4.59679002654
565	3.03683045204
570	5.7193137172
575	3.67058973325
580	4.69771373678
585	2.82532857747
590	2.8957744057
595	4.24701378804
600	2.36713112554
605	6.27817555229
610	3.75978453529
615	2.59122841861
620	5.46931259568
625	5.58712860492
630	5.17958923049
635	5.22545090868
640	4.77669119173
645	3.25781755516
650	4.72784819991
655	5.29452893182
660	2.50205461427
665	4.71774438904
670	5.64796548389
675	3.6543192165
680	5.6672150049
685	4.31156532885
690	3.29664523003
695	5.34724266336
700	4.05100705389
705	3.35907189698
710	2.99830505383
715	2.7519178485
720	4.14201344607
725	4.75170923296
730	3.49405972035
735	4.36973318264
740	3.68950293825
745	4.28628139445
750	5.63649223615
755	3.98329498501
760	5.02182307372
765	5.42983126564
770	5.17873546022
775	3.09951594789
780	3.6868220592
785	3.86291286545
790	3.8859301569
795	4.07062648905
800	3.41685558051
805	4.17018940471
810	3.82444988886
815	3.76342502095
820	2.22449949693
825	6.20881020002
830	4.14342611637
835	5.33812550787
840	5.55395878456
845	4.41894223365
850	4.05638607039
855	4.57275681793
860	4.59196200614
865	3.06625221774
870	3.62826121709
875	3.82029204068
880	4.15386676192
885	3.79985670706
890	4.52914618062
895	3.853426731
900	4.87852419023
905	4.23760857694
910	3.78763072238
915	4.24924700846
920	5.3423092602
925	5.1400308082
930	3.11955774752
935	4.62162057337
940	5.74383029028
945	3.58745373824
950	3.71110210531
955	4.61554999867
960	2.63298847939
965	3.1322220193
970	2.35512712663
975	5.12775346273
980	2.54167262411
985	6.38532436429
990	4.5038846625
995	7.25680834247
1000	4.99542938304
1005	5.51304795173
1010	3.9482039917
1015	2.48283429887
1020	2.99479497078
1025	5.18701982197
1030	1.69081661748
1035	3.92112515922
1040	4.04300025827
1045	4.90350337649
1050	5.03846766109
1055	4.4221082617
1060	4.39670052731
1065	4.6542044081
1070	5.4864861694
1075	3.69652791947
1080	2.86803866766
1085	4.79066257463
1090	4.43116437284
1095	2.02341017124
1100	2.69051474419
1105	3.84627413702
1110	5.5811402133
1115	5.17106658984
1120	5.03933011921
1125	1.98488508117
1130	4.89596289093
1135	4.30536993774
1140	5.05481973885
1145	5.46895644907
1150	5.67207401829
1155	3.61709476623
1160	4.68106019749
1165	3.41683265778
1170	3.98431008301
1175	5.62534670624
1180	4.64437223012
1185	3.93955874267
1190	1.69460815994
1195	4.85233661054
1200	4.77708441679
1205	4.63780595572
1210	3.09233739697
1215	2.06466294614
1220	4.48562824055
1225	4.6964852397
1230	3.93298781994
1235	4.1965891285
1240	3.43500457978
1245	3.96707302114
1250	4.83077714271
1255	4.08368332527
1260	5.527172044
1265	5.28317538396
1270	6.25337040814
1275	5.94723867898
1280	4.45417551049
1285	3.75982584175
1290	3.43963198851
1295	3.11783497123
1300	3.79564847702
1305	4.38328991728
1310	2.95531658515
1315	4.1532181979
1320	3.54100904495
1325	2.32160354633
1330	6.69510373925
1335	3.988057418
1340	3.30766054493
1345	3.15385062846
1350	4.54277059952
1355	3.01753973134
1360	5.3523057975
1365	4.28565913148
1370	5.35126839034
1375	3.0162893162
1380	4.33078655903
1385	2.98033981541
1390	3.58473443369
1395	6.04229609126
1400	3.79402566443
1405	4.65711923802
1410	3.51511715122
1415	5.12785930183
1420	4.17489698103
1425	5.85872247151
1430	4.02268454118
1435	3.72728643422
1440	2.98129243526
1445	5.05127794905
1450	3.02528345985
1455	3.78624717677
1460	5.46761013314
1465	2.31874439897
1470	4.93846623001
1475	4.08878071172
1480	4.54847009252
1485	4.77105656211
1490	4.04722128804
1495	3.90240553011
1500	3.91136112831
1505	5.46998284969
1510	4.63079388055
1515	2.43495894853
1520	3.90587232226
1525	2.74292197922
1530	5.13197598027
1535	3.97478899336
1540	4.39853020975
1545	3.93302004485
1550	4.72665911081
1555	4.66738394747
1560	5.68629562965
1565	3.00635907796
1570	4.83667303718
1575	4.47226698194
1580	3.65095289688
1585	5.85406247253
1590	4.95700666631
1595	3.27806064639
1600	5.32656194577
