0	14.8104955898
5	14.8128781438
10	14.8107355061
15	13.4895532887
20	14.810935635
25	13.1017885084
30	11.5983948003
35	14.2027426314
40	14.228219966
45	14.6645465267
50	14.6529689096
55	14.8128975858
60	13.2194162145
65	14.8087124432
70	12.0159574924
75	14.7910796466
80	14.8027455986
85	14.8128493253
90	14.7339134466
95	14.8005105464
100	14.8126403232
105	14.8128974164
110	14.8119836488
115	10.7745966787
120	14.3930472384
125	13.2434648647
130	13.1009673442
135	14.8128904314
140	14.8123759687
145	13.573427957
150	14.8112723381
155	14.8128873155
160	14.8028879703
165	14.5366511191
170	14.6315110329
175	14.8117028967
180	13.253158915
185	14.1477643568
190	14.7988495045
195	12.9930120921
200	14.8128971081
205	14.8127364327
210	14.8118177471
215	14.7927134431
220	14.8128973537
225	13.819442059
230	14.8091201962
235	14.6229961318
240	13.9373014462
245	14.5629213813
250	13.4888969549
255	12.2587085423
260	14.8128975483
265	14.8119352802
270	13.9818519574
275	8.54795347055
280	14.8050876015
285	13.5846514022
290	13.4475251203
295	14.800292542
300	13.222648049
305	14.7880499397
310	14.8128544014
315	13.2183213656
320	14.7882622162
325	14.8119174142
330	14.2393226889
335	14.7468093001
340	14.6399082825
345	14.2686478743
350	14.8013872332
355	14.7734787758
360	14.7746314803
365	14.8125715136
370	14.6868324507
375	14.8128734199
380	14.8128975838
385	14.8039495827
390	14.2380985472
395	11.4153060336
400	14.8093886109
405	14.7410105004
410	14.348493091
415	14.8061451002
420	14.4375619055
425	14.6581250787
430	14.3072305203
435	14.8093829385
440	14.7453410452
445	14.2965674913
450	14.8128552255
455	10.9578273261
460	14.6272278549
465	14.8096009733
470	14.7022601634
475	13.0443808621
480	14.8128887407
485	12.190409373
490	14.6147272838
495	13.4500836887
500	14.812030419
505	14.7707176778
510	14.8047295666
515	14.5710936052
520	14.2667027198
525	14.2076938184
530	14.100880689
535	14.8108374773
540	14.7332994524
545	14.8126471486
550	14.8128975754
555	14.8110005435
560	14.8044621401
565	14.4649725806
570	14.5346591489
575	14.7780639101
580	14.8128843039
585	14.1629375763
590	13.1814611887
595	14.7887967043
600	14.1407603417
605	14.8128940195
610	14.8128936112
615	14.8128975857
620	14.8128975862
625	14.1936667323
630	11.8531386052
635	14.7993102394
640	14.8128975861
645	14.8114867835
650	14.8121943023
655	14.4462024348
660	14.6775334338
665	14.5202157717
670	14.7293748452
675	14.8128547796
680	14.5968681886
685	14.812739506
690	14.050326838
695	14.8128974635
700	14.8065613006
705	14.7594462451
710	14.7682253258
715	14.7987352152
720	14.8069070312
725	14.1221882496
730	11.4672336412
735	14.7836514105
740	14.8121521838
745	13.9349667632
750	14.8109084677
755	14.4880188545
760	14.8128308501
765	14.8126565056
770	14.7224457805
775	14.2962670163
780	14.8128967564
785	12.6261826058
790	13.8431268879
795	13.9525455294
800	13.967250333
805	14.7042395315
810	14.8127903684
815	14.0504569543
820	14.7884223938
825	14.811360785
830	14.7221163489
835	14.7739708146
840	13.8080124948
845	14.1325865374
850	14.8128718246
855	14.8089090569
860	14.7559534268
865	14.8122711877
870	14.8128804163
875	13.4710696189
880	14.8128974533
885	13.6625718729
890	14.7384883122
895	14.3492100364
900	14.8128671906
905	14.7779521664
910	14.8086494574
915	11.4350303183
920	14.6834400966
925	14.7483965151
930	9.58049608273
935	14.4692152954
940	14.8128974595
945	14.5200765306
950	14.6410314365
955	14.8099847495
960	14.7404447708
965	14.8123875289
970	12.9188665171
975	14.5685071831
980	14.8127134472
985	12.3205601485
990	14.6557479286
995	14.3335347211
1000	14.0328690642
1005	14.812880314
1010	14.7892365418
1015	14.4237432481
1020	14.8100063475
1025	9.33359166773
1030	13.2158606113
1035	13.4992800215
1040	13.4507350317
1045	14.7995485295
1050	14.8128948283
1055	14.8059015084
1060	14.8128811072
1065	14.8128975862
1070	14.8121764079
1075	14.773195263
1080	14.0790567
1085	14.8127613598
1090	14.8119209909
1095	14.2369334677
1100	14.5366289322
1105	14.0609685036
1110	14.2022503427
1115	14.6992920022
1120	14.7077531181
1125	14.8127059912
1130	14.3673645258
1135	14.8104649583
1140	13.8705121081
1145	13.56290697
1150	14.3114755928
1155	14.7993330414
1160	14.8128749798
1165	13.8838123572
1170	12.6285808467
1175	14.7633804071
1180	14.0481423349
1185	14.4887284511
1190	14.0788265516
1195	14.7764152559
1200	14.1598030216
1205	14.8022843062
1210	14.8124274573
1215	14.5925589807
1220	14.7516923524
1225	14.7755841812
1230	14.6565069941
1235	6.90005854669
1240	14.3833948881
1245	14.5156712292
1250	14.7928531247
1255	13.890407807
1260	12.2907427178
1265	14.1665360658
1270	14.7020286757
1275	14.8128615804
1280	14.2288035467
1285	14.8124475739
1290	14.4542380604
1295	10.7417838626
1300	14.8121248111
1305	14.8128872721
1310	14.8128975839
1315	14.8128150392
1320	14.8128975777
1325	14.8123213783
1330	14.3299578124
1335	14.8128975782
1340	14.8059230717
1345	14.8125000898
1350	14.7990436953
1355	14.8112247162
1360	14.7162385591
1365	10.4946094333
1370	14.7997435434
1375	14.8128973314
1380	14.8093140977
1385	14.607120812
1390	7.68908805937
1395	14.8123789906
1400	14.1955271348
1405	14.2926866921
1410	12.8475205728
1415	14.8127543291
1420	13.3192364507
1425	14.7681136989
1430	14.6954857596
1435	14.3871993641
1440	14.0091267157
1445	14.7939024198
1450	14.3463903475
1455	14.7961515582
1460	13.9038701947
1465	14.8128805977
1470	14.7988430475
1475	8.26619965155
1480	14.8122392887
1485	14.812160003
1490	13.6623094667
1495	13.7961120012
1500	14.8128933406
1505	14.8128115507
1510	14.8128975611
1515	14.2710435188
1520	14.8124018343
1525	14.0744416643
1530	14.640837965
1535	14.6096496681
1540	13.7151720071
1545	14.3767742807
1550	14.401593937
1555	14.8127851645
1560	10.7946932211
1565	14.8108873185
1570	14.8015679864
1575	14.8127369602
1580	13.7325650021
1585	14.2121626028
1590	14.8087355049
1595	14.6921730881
1600	14.2364158511
1605	14.8116076574
1610	12.2321118352
