0	3.80345855153
5	8.68183082111
10	7.25017189317
15	7.6322729358
20	9.17017941928
25	5.0133371038
30	3.42917888803
35	7.15741011931
40	2.74748240159
45	4.88083342662
50	6.45941655787
55	2.74748240159
60	4.03816012605
65	2.74748240159
70	11.966096536
75	7.6675808961
80	4.84865127178
85	4.27547063356
90	2.74748240159
95	4.04835228093
100	9.13137739331
105	5.56219732149
110	3.33737045191
115	10.6087153445
120	7.10019137871
125	2.74748240159
130	6.41487624007
135	6.05057419739
140	5.23423470274
145	2.74748240159
150	2.89001920326
155	4.64904750119
160	9.31974461403
165	7.00142577351
170	2.74748240159
175	2.74748240159
180	2.74748240159
185	6.2388753617
190	10.5222290816
195	6.1485470788
200	2.74748240159
205	8.85298173614
210	7.0816968379
215	6.85948838895
220	3.17392679644
225	10.2659522425
230	3.62282285471
235	7.38977954023
240	8.35335367406
245	6.75910249594
250	9.82795004652
255	2.74748240159
260	8.06084523062
265	5.18156848152
270	4.95000298568
275	6.41139499503
280	8.20006153739
285	4.36515690138
290	5.1723582966
295	3.47993220962
300	4.31170497155
305	10.8783046405
310	2.74748240159
315	6.18851339688
320	5.11016884435
325	3.24786177956
330	7.95303564667
335	5.7737813642
340	2.74748240159
345	6.57804041405
350	9.23581544386
355	7.14959900108
360	4.73330372306
365	3.49516644994
370	5.67050569677
375	9.43456420524
380	5.0536088241
385	4.83776288346
390	10.1122708548
395	11.1747877137
400	8.52515851809
405	6.02676202812
410	9.76734925168
415	7.00203380801
420	7.37181711172
425	4.37551610052
430	11.2092602062
435	4.66347925701
440	4.98492266553
445	6.06790425995
450	3.77791826825
455	2.74748240159
460	6.09135548931
465	8.80771738215
470	12.1045474979
475	8.6342862324
480	10.750089782
485	3.04171122739
490	7.8117043983
495	5.82154121466
500	10.6296139928
505	2.74748240159
510	4.12301485085
515	6.30153508072
520	3.45931564474
525	2.74748240159
530	2.77293513372
535	8.35696636109
540	5.61738008362
545	6.81474821619
550	7.03350233483
555	5.78966187764
560	5.83717107393
565	6.05326825478
570	2.74748240159
575	4.76304461186
580	2.74748240159
585	10.6044748731
590	8.23218820729
595	5.13800611342
600	5.18896903482
605	6.85194276883
610	6.2531876843
615	5.64625186185
620	6.43492172703
625	6.94933926943
630	2.74748240159
635	9.70471925525
640	6.99629531473
645	3.14314124898
650	8.75260273711
655	2.74748240159
660	4.79795315437
665	7.95014931465
670	10.1540951686
675	8.15087433114
680	4.91639189933
685	9.47332598351
690	5.14085224128
695	6.40802234599
700	10.4160790822
705	5.17037046834
710	2.74748240159
715	6.33348570198
720	6.19762584112
725	6.30905878734
730	10.5192659643
735	8.65625518339
740	6.53034783273
745	7.59901348534
750	10.7008416832
755	9.20510496628
760	3.89543329293
765	2.74748240159
770	6.73637203448
775	3.01694499375
780	3.96441518046
785	2.74748240159
790	6.31503471943
795	8.94282097243
800	4.18740181559
805	3.4631466298
810	11.1129174839
815	6.18841476472
820	4.27318883028
825	6.96521761879
830	2.74748240159
835	2.83605819373
840	5.19036933675
845	9.36120184544
850	9.49905136549
855	8.54935357478
860	5.35057288821
865	2.74748240159
870	5.90816368927
875	6.11760926786
880	7.31373972351
885	3.89524862999
890	6.25550470101
895	5.38467380055
900	3.98124232861
905	5.15109918732
910	4.74421129408
915	9.64625498038
920	4.07843899693
925	5.68637740876
930	9.68523069541
935	2.74748240159
940	4.01295564562
945	7.2334420974
950	3.55411846388
955	6.43238487322
960	4.41545179037
965	5.36157277637
970	3.34074306726
975	8.45626467326
980	7.36570201402
985	4.03186151401
990	7.22343840713
995	7.05818127478
1000	4.76869062142
1005	9.74060294131
1010	7.87681907734
1015	5.31455275577
1020	4.98677781925
1025	3.31272567004
1030	11.3118430951
1035	8.80494869727
1040	8.81025910631
1045	7.02797046376
1050	11.8756646764
1055	4.5965941319
1060	3.56796240454
1065	10.5969094089
1070	4.96965570412
1075	7.87593496049
1080	2.74748240159
1085	3.98341652835
1090	8.88944740008
1095	5.93094574456
1100	9.60712046318
1105	3.77974715631
1110	8.22645856488
1115	8.91946508979
1120	2.74748240159
1125	6.52262399726
1130	10.178020524
1135	7.37715773827
1140	5.02389332248
1145	3.98777822978
1150	8.52777166234
1155	7.37748809637
1160	3.97043392306
1165	7.48856686814
1170	3.25102430407
1175	6.40992233857
1180	5.5319122365
1185	9.61473099592
1190	5.16094458066
1195	5.65138890688
1200	8.56826571867
1205	3.57396953728
1210	3.86430356941
1215	9.51792242585
1220	2.74748240159
1225	7.32701699491
1230	10.0367863896
1235	3.26097668792
1240	5.6033690057
1245	3.60881337548
1250	5.16122949779
1255	6.13123246837
1260	7.04632132656
1265	10.5792251708
1270	4.07927826654
1275	2.74748240159
1280	2.86399277815
1285	2.74748240159
1290	10.5788666265
1295	3.10777747087
1300	5.45789349858
1305	6.6855379703
1310	6.00029376654
1315	2.8639435045
1320	4.58381120324
1325	4.86135865729
1330	2.74748240159
1335	5.3747804029
1340	3.31567656878
1345	3.90958115599
1350	8.55812894784
1355	10.0224297399
1360	6.02690088335
1365	9.07539832937
1370	2.74748240159
1375	12.5042629674
1380	8.11414814452
1385	6.28774839612
1390	11.1208329385
1395	5.00436620034
1400	4.77271949634
1405	6.70084549223
1410	10.4142145193
1415	2.74748240159
1420	7.0679091437
1425	9.53219954599
1430	6.41063051997
1435	2.74748240159
1440	2.97578397508
1445	2.74748240159
1450	6.71979972196
1455	12.413740402
1460	3.60194213556
1465	7.04851118759
1470	4.00800877787
1475	8.42475954506
1480	3.12307316612
1485	6.08163876459
1490	2.74748240159
1495	6.46556080001
1500	3.56520497661
1505	4.86116390025
1510	7.66609830116
