0	3.2678523813
5	2.54935740857
10	2.23819253581
15	2.23819253581
20	2.23819253581
25	2.23819253581
30	2.23819253581
35	2.23819253581
40	2.23819253581
45	2.23819253581
50	2.23819253581
55	2.23819253581
60	2.23819253581
65	3.91185499781
70	2.23819253581
75	3.80290096706
80	2.35443746467
85	2.23819253581
90	2.84556992853
95	2.23819253581
100	2.23819253581
105	2.23819253581
110	2.70090895002
115	4.48668286017
120	2.23819253581
125	2.23819253581
130	2.23819253581
135	3.1594356159
140	2.4040622171
145	2.50199555462
150	2.23819253581
155	2.63822748956
160	2.89857921268
165	5.45222164793
170	2.33379745113
175	2.23819253581
180	2.23819253581
185	3.41569400259
190	2.23819253581
195	2.23819253581
200	3.71732770614
205	2.23819253581
210	2.23819253581
215	5.04863428346
220	3.10601866302
225	2.23819253581
230	5.9812720451
235	4.39419864217
240	4.06487122608
245	2.23819253581
250	2.23819253581
255	2.23819253581
260	2.23819253581
265	2.57132594027
270	2.76654260165
275	3.88912773146
280	4.46607493636
285	3.95027285475
290	2.23819253581
295	3.1103250987
300	3.69592636447
305	2.25144796673
310	2.23819253581
315	4.02198369236
320	3.4650860902
325	3.32915214401
330	6.8875284974
335	3.59393054325
340	2.23819253581
345	2.41808269802
350	2.23819253581
355	2.98455444617
360	2.23819253581
365	2.23819253581
370	2.30025466399
375	2.23819253581
380	2.23819253581
385	2.23819253581
390	2.23819253581
395	3.83013521064
400	2.23819253581
405	2.59807931542
410	2.23819253581
415	2.23819253581
420	2.23819253581
425	2.23819253581
430	2.23819253581
435	2.35957330597
440	4.32861072981
445	2.23819253581
450	2.23819253581
455	2.48155099701
460	3.35108723339
465	5.073913155
470	2.23819253581
475	4.10055516749
480	2.23819253581
485	3.91778673801
490	3.45050110219
495	2.53096682194
500	2.23819253581
505	6.77639676253
510	2.78631427776
515	2.92239050687
520	2.23819253581
525	2.23819253581
530	2.23819253581
535	2.53711371355
540	2.23819253581
545	2.408607689
550	2.23819253581
555	2.70733730966
560	2.94043160976
565	2.63709893442
570	4.3595548197
575	3.59742479934
580	4.53954434705
585	4.84243731341
590	3.61965647239
595	2.23819253581
600	2.23819253581
605	2.23819253581
610	2.305507684
615	2.79228031928
620	2.23819253581
625	2.23819253581
630	2.35891443879
635	6.98315811052
640	2.27719310942
645	2.66142654091
650	2.23819253581
655	2.23819253581
660	2.23819253581
665	2.23819253581
670	3.28734742286
675	3.45888135969
680	2.76366083025
685	3.51707687036
690	2.23819253581
695	2.26607168398
700	5.04661687787
705	2.23819253581
710	2.50822331065
715	2.23819253581
720	3.49871164881
725	2.23819253581
730	2.23819253581
735	2.23819253581
740	2.50019917794
745	6.84384010734
750	2.23819253581
755	3.84528467519
760	2.23819253581
765	4.96777663574
770	2.23819253581
775	2.23819253581
780	2.23819253581
785	2.23819253581
790	2.23819253581
795	3.17771892954
800	4.66522578901
805	5.47986323162
810	2.23819253581
815	2.23819253581
820	2.23819253581
825	3.11893006088
830	2.23819253581
835	2.23819253581
840	2.23819253581
845	2.23819253581
850	2.23819253581
855	2.23819253581
860	3.09035823166
865	2.23819253581
870	2.23819253581
875	2.23819253581
880	2.23819253581
885	2.23819253581
890	2.23819253581
895	2.23819253581
900	2.23819253581
905	2.23819253581
910	2.23819253581
915	5.58180619244
920	4.49675565374
925	2.68601718712
930	2.27336119025
935	2.23819253581
940	3.67101602435
945	2.23819253581
950	2.23819253581
955	4.82181749348
960	2.9802837387
965	2.23819253581
970	2.43790467575
975	4.66559760658
980	2.23819253581
985	2.23819253581
990	2.23819253581
995	3.11227863905
1000	4.39076385681
1005	2.23819253581
1010	2.23819253581
1015	3.17526518369
1020	3.14216911161
1025	3.96457218089
1030	2.23819253581
1035	2.23819253581
1040	2.23819253581
1045	6.71402687269
1050	2.23819253581
1055	5.22033859922
1060	2.23819253581
1065	2.6666655721
1070	2.23819253581
1075	2.23819253581
1080	4.6308595232
1085	2.23819253581
1090	3.19623026531
1095	2.23819253581
1100	2.23819253581
1105	2.23819253581
1110	4.63407656745
1115	3.25487044376
1120	2.23819253581
1125	2.23819253581
1130	5.03291519514
1135	2.23819253581
1140	3.68472137446
1145	2.23819253581
1150	2.23819253581
1155	2.23819253581
1160	2.23819253581
1165	2.40084383908
1170	4.41153048054
1175	2.23819253581
1180	2.23819253581
1185	2.85393452069
1190	2.23819253581
1195	2.23819253581
1200	4.57853108037
1205	2.23819253581
1210	2.23819253581
1215	2.56893546607
1220	2.23819253581
1225	2.37257923439
1230	2.23819253581
1235	5.42632881641
1240	2.23819253581
1245	3.55556922671
1250	5.13790383952
1255	2.30105105816
1260	2.23819253581
1265	2.23819253581
1270	6.38044548616
1275	3.90921907188
1280	2.23819253581
1285	2.23819253581
1290	2.23819253581
1295	2.23819253581
1300	5.1077643946
1305	2.23819253581
1310	5.89926812805
1315	5.13512474852
1320	2.23819253581
1325	2.23819253581
1330	2.23819253581
1335	2.23819253581
1340	5.14537404846
1345	2.48797462046
1350	2.23819253581
1355	2.23819253581
1360	3.14331005129
1365	2.23819253581
1370	2.23819253581
1375	3.44191919336
1380	2.23819253581
1385	2.23819253581
1390	2.23819253581
1395	3.30220894014
1400	4.95497312297
1405	2.23819253581
1410	3.21548696192
1415	4.45458473499
1420	2.66271596338
1425	2.23819253581
1430	5.24957256885
1435	2.67811155967
1440	3.72794989739
1445	2.23819253581
1450	2.23819253581
1455	6.03871399599
1460	2.23819253581
1465	5.21360557069
1470	4.94459816831
1475	2.48027447528
1480	3.5947616854
1485	2.64402941806
1490	6.16066475581
1495	3.07739762191
1500	2.72622287526
1505	2.98917247871
1510	5.08007251839
1515	2.36577182091
1520	2.23819253581
1525	2.23819253581
1530	2.85890013017
1535	4.9427746602
1540	2.23819253581
1545	2.23819253581
1550	2.23819253581
1555	2.23819253581
1560	3.42825524979
1565	3.98564085363
1570	2.23819253581
1575	2.23819253581
1580	2.23819253581
1585	2.88036151708
1590	2.23819253581
1595	3.19723509916
1600	2.50742008865
1605	4.87569684513
1610	3.59433212012
1615	2.23819253581
1620	2.23819253581
1625	2.5827630495
1630	2.23819253581
1635	2.23819253581
1640	2.23819253581
1645	2.25750159456
1650	2.23819253581
1655	2.65528010371
1660	2.38800496099
1665	3.22592452658
1670	3.45975206234
1675	2.23819253581
1680	2.23819253581
1685	5.56860650913
1690	5.43508388799
1695	3.48866447094
1700	6.81157741752
1705	2.23819253581
1710	2.23819253581
1715	2.23819253581
1720	2.23819253581
1725	2.23819253581
1730	2.23819253581
1735	3.12357454301
1740	2.23819253581
1745	2.96342339053
1750	2.23819253581
1755	4.21457214559
1760	3.11733213818
1765	2.23819253581
1770	2.23819253581
1775	2.23819253581
1780	2.49161647852
1785	2.23819253581
1790	2.23819253581
1795	2.4546141687
1800	3.18955701663
1805	4.04750389017
1810	2.40306117142
1815	2.23819253581
1820	2.23819253581
1825	2.23819253581
