0	3.49847797191
5	4.96971359247
10	4.1777673475
15	4.88415560178
20	2.57954836976
25	3.44179796436
30	3.67717735711
35	3.19692191442
40	3.38966739989
45	4.49054800927
50	2.29684792087
55	4.65776955775
60	4.54534661375
65	3.36429003643
70	2.53271585938
75	4.26245517922
80	3.82182964658
85	4.91359961311
90	3.28090357816
95	2.76501589194
100	3.46767877368
105	2.00602211093
110	3.2559118408
115	3.06850599612
120	2.55071532003
125	2.92377394061
130	3.01710365782
135	4.4357614536
140	3.88008954854
145	3.57390728773
150	5.11223874206
155	4.41299578591
160	3.16106290649
165	4.00791222993
170	2.52201642114
175	2.50720845257
180	3.75829917525
185	3.59305645237
190	5.64186590258
195	4.54067095811
200	3.05669298712
205	2.18064808397
210	3.46450286886
215	3.23367288548
220	3.07323986053
225	4.14507388731
230	4.82910094005
235	2.14101835199
240	3.24888906592
245	3.55065833607
250	3.3129156361
255	2.60052243987
260	5.85156748559
265	4.21739620606
270	2.64799810449
275	5.13395278545
280	3.91073569239
285	5.33325713041
290	2.79581315865
295	3.81443100585
300	3.53260664538
305	5.65419651524
310	3.90747815864
315	2.53993602724
320	3.93059871148
325	3.89791154974
330	3.79882882809
335	4.79193425498
340	3.70734572907
345	3.62825626978
350	4.54062876092
355	2.9837603239
360	3.05652774612
365	2.64360908386
370	2.98561840826
375	5.74311712352
380	3.18858704082
385	3.20091337649
390	5.05879478569
395	2.69954430441
400	3.25577006767
405	2.43149699631
410	4.31405456969
415	3.97387799642
420	4.16168018904
425	3.9176298492
430	5.04313099397
435	3.75533749468
440	3.80982027526
445	2.11426545921
450	4.12805741353
455	3.67716602928
460	4.39632676256
465	3.74647669002
470	4.5305583483
475	4.05107137557
480	3.28210644495
485	3.87272937945
490	3.9350996366
495	3.15256016904
500	2.6517876504
505	4.32083309318
510	4.79016804874
515	4.19407578747
520	4.66821546817
525	3.31974967141
530	3.05091363287
535	4.65562525766
540	2.54817459395
545	3.97494310273
550	3.23032369319
555	2.05268576353
560	4.18748861047
565	5.04717572895
570	4.09113542023
575	4.39752289758
580	2.17517123161
585	3.31871064097
590	3.88174237532
595	4.12406500468
600	3.59326159155
605	2.93580384166
610	4.32163688725
615	4.41041369693
620	4.02267281519
625	3.12875952909
630	5.61545415663
635	4.04914080796
640	3.59780775499
645	4.02743009766
650	4.07630332425
655	3.41224714905
660	1.44442231686
665	3.70884882747
670	2.40935078336
675	5.24239812228
680	4.26541439818
685	4.5621586869
690	4.17236608728
695	4.02640071644
700	4.28584795175
705	2.25717285892
710	4.45120444603
715	3.96648953584
720	5.7271312012
725	2.96139067212
730	2.97053033479
735	4.2618482484
740	5.17455367927
745	5.28839315661
750	5.01221884894
755	5.12020505994
760	2.53424524353
765	3.34901602139
770	3.50097945264
775	2.15210080825
780	4.03599287303
785	4.32944377483
790	4.74767206069
795	3.8387874623
800	3.18815037577
805	2.39657309939
810	3.18871679491
815	3.96996318752
820	4.05204693096
825	2.51434998257
830	4.52898909601
835	3.03267775783
840	3.32797987164
845	4.59965432361
850	4.58580808802
855	2.53566029745
860	2.56186712223
865	2.29525349485
870	3.48268239394
875	3.72449530395
880	3.72088337043
885	3.17923547468
890	1.57292208275
895	3.12662456416
900	4.27107835575
905	2.74510705639
910	4.37521262247
915	2.87153831701
920	5.39417577708
925	4.09982810514
930	3.30087430205
935	4.97704230069
940	4.57805716288
945	3.62488138673
950	3.33251547527
955	4.12236895509
960	4.6543868072
965	3.12042359272
970	4.14723018808
975	2.4778301289
980	3.83258199656
985	3.86480014054
990	2.65808216812
995	2.82347263027
1000	3.70306786254
1005	4.12809947341
1010	4.47167737474
1015	4.79224215494
1020	3.84665411665
1025	4.68132452451
1030	4.3111124203
1035	3.82100113837
1040	3.31803821027
1045	3.45515567763
1050	3.85684486294
1055	3.13760755557
1060	3.82277142295
1065	3.40347487802
1070	5.31775041249
1075	4.94735072836
1080	3.10411845838
1085	2.99435454218
1090	3.59471798709
1095	2.95750862126
1100	3.52861751076
1105	4.67882004077
1110	5.46680914756
1115	4.27068647606
1120	4.48428149448
1125	3.39515412842
1130	3.09395818935
1135	2.96457587644
1140	3.42090311703
1145	5.00647174993
1150	3.55741873576
1155	3.81244559469
1160	5.17860504986
1165	4.44000473715
1170	3.76146146293
1175	4.24265768565
1180	3.19301954378
1185	4.1468172015
1190	3.63591241247
1195	2.46451944252
1200	5.02757993276
1205	3.30880621057
1210	4.90702361775
1215	3.14859893768
1220	2.85829770701
1225	3.08702121888
1230	5.56313284157
1235	4.3767662511
1240	3.89518249441
1245	3.10820478369
1250	3.25032049799
1255	4.50559832589
1260	4.18559378
1265	3.89670309736
1270	3.37374081065
1275	3.86206293034
1280	3.02155701409
1285	4.53133542499
1290	4.12398274809
1295	3.27593033681
1300	1.7703724929
1305	5.18218514585
1310	4.23437559937
1315	5.67149964415
1320	4.48466417612
1325	3.04098624848
1330	4.35093712153
1335	3.59731831747
1340	3.26638851629
1345	3.7935677334
1350	3.4202355995
1355	3.91964705356
1360	4.76216810275
1365	4.53816966287
1370	2.43524826043
1375	3.52420385057
1380	3.69939940894
1385	5.36349373884
1390	4.28622425436
1395	2.57315315055
1400	4.11025632869
1405	2.30248520023
1410	3.32474689592
1415	3.36188104949
1420	4.11045078413
1425	3.26225575505
1430	4.00862693131
1435	4.39124550615
1440	4.67480355651
1445	3.53206554662
1450	3.65063987335
1455	4.55246935294
1460	3.75055659275
1465	4.12864700041
1470	2.2716997933
1475	2.17338315832
1480	4.01052127564
1485	3.17055895325
1490	4.45188097279
1495	3.17514277798
1500	4.81129234847
1505	3.05140475031
1510	3.70183483163
1515	3.4740744308
1520	5.60209541882
1525	3.49054646555
1530	3.94381715104
1535	5.00121412754
1540	2.38469181771
1545	4.09444529289
1550	3.38579810111
1555	5.41677171281
1560	2.21026281906
1565	4.68284516886
1570	4.94112932906
1575	3.59228543963
1580	3.76296589912
1585	4.62943639347
1590	3.01222661418
1595	5.07308076056
1600	3.48958185688
1605	3.86629569592
1610	3.51405622283
1615	2.63730317481
1620	2.93056818051
1625	3.60734128935
1630	4.236524762
1635	2.67334170811
1640	4.71004414663
1645	4.37646688584
1650	2.40627897616
1655	2.89725701484
1660	2.25811817774
1665	4.72969041999
1670	5.27644351962
1675	3.20245103758
1680	2.34011583435
1685	3.77771353041
1690	3.07261848662
1695	4.16639664385
1700	2.88537237963
1705	3.66975891606
1710	3.33184761322
1715	2.25675276813
1720	3.94860375133
1725	1.61410893194
1730	2.83511929096
1735	3.72591675034
1740	3.60544293267
1745	3.29170620991
1750	4.48355854514
1755	2.95165283138
1760	1.5484560502
1765	3.37546509058
1770	3.96848158641
1775	3.54036889711
1780	4.21946544181
1785	4.00200687567
1790	4.79018913764
1795	3.97427827791
1800	4.17288247916
1805	3.65369456764
1810	2.50325211045
1815	3.19772613818
1820	4.16514737742
1825	3.78464082526
1830	2.1961283875
1835	4.43785510541
1840	3.2883011792
1845	3.54425651553
1850	4.2986223235
1855	4.60770521266
1860	5.36786606029
1865	5.40804262267
1870	1.44442231686
1875	3.61819651025
1880	2.85797924848
1885	1.71682931386
1890	2.23654959073
1895	1.59926235264
1900	3.85066982097
1905	5.27205505057
1910	3.67209471447
1915	4.05295093201
1920	2.4659713286
1925	4.095585224
1930	2.25126420887
1935	2.62330813508
1940	1.44442231686
1945	3.6112446754
1950	3.7392199208
