0	1.22066995716
5	1.40168057926
10	1.2427669004
15	1.38649281787
20	1.43138593904
25	0.952476716741
30	1.20152111942
35	0.873250377279
40	1.19051076158
45	1.31503923773
50	0.978571450988
55	1.34840968616
60	1.1948323015
65	1.13503242712
70	1.57757710833
75	1.09210307045
80	1.29561985745
85	0.939945702386
90	1.31544431897
95	1.13121749043
100	1.14981119328
105	1.2802156795
110	1.33167612352
115	1.1959736579
120	1.2282354832
125	0.935364034009
130	1.24857595497
135	1.32248705037
140	1.43793516225
145	1.2049648105
150	1.181432393
155	0.828406626027
160	1.23576154439
165	0.700094110922
170	0.891423251002
175	1.30869321053
180	0.975597876406
185	0.999000025531
190	1.32416784302
195	1.02212231933
200	1.4843560322
205	1.16883926858
210	0.920204939086
215	1.37543955646
220	1.36595928312
225	0.971998151521
230	1.11313511248
235	1.33432783904
240	1.12261793996
245	1.0618516287
250	1.4060947797
255	1.02743041018
260	1.15355885008
265	0.866195480733
270	1.12432264974
275	1.10918996307
280	1.14137959003
285	1.24899147613
290	1.29101672567
295	0.968872375316
300	1.42049001686
305	1.10261642386
310	1.52084242045
315	1.3026303399
320	1.36066939124
325	1.48884812599
330	1.23564422622
335	1.08052977389
340	0.906157587612
345	0.995772254587
350	1.21545997102
355	1.27668454061
360	1.17249915081
365	1.20291076278
370	1.37007679897
375	1.05313647414
380	1.1336525002
385	1.41470175625
390	1.15929157662
395	1.37657592496
400	1.41442162642
405	1.55439268121
410	1.37885951144
415	1.00499244057
420	1.10894060311
425	1.4003406591
430	1.20046155406
435	1.54914661772
440	1.11880873654
445	0.758252854971
450	0.805945856199
455	0.804451312202
460	1.27889309779
465	1.36125499134
470	1.25182051331
475	1.14838764477
480	1.04331822237
485	0.893595192315
490	0.963729159314
495	1.31927317765
500	1.41563834987
505	1.30684186534
510	1.34208592071
515	0.791282281941
520	1.0318972219
525	1.15115700526
530	0.84820493279
535	1.30748825526
540	1.16422191666
545	1.26490824823
550	1.23967017382
555	1.45136233178
560	1.29679771414
565	1.46904552156
570	0.96153085836
575	1.16914013649
580	1.07676664717
585	1.30441714229
590	1.0979843107
595	1.14903191744
600	1.01425803471
605	1.41236829425
610	1.4725232486
615	0.994289565802
620	1.34947782231
625	1.03784757545
630	1.17124945337
635	1.40705078377
640	1.10374947883
645	1.58771257581
650	1.03515332289
655	1.35670659036
660	1.12001862565
665	1.17704068958
670	1.30951354046
675	1.39145404546
680	1.43209387569
685	1.12636800544
690	0.976379615839
695	1.30511582766
700	1.37848290077
705	1.18809671566
710	1.26000806162
715	1.48189898727
720	1.43414826136
725	1.08814662527
730	1.46219994899
735	1.24356496809
740	1.46389266242
745	1.2116407285
750	1.28770907892
755	1.29629953538
760	1.45897736443
765	1.09185175999
770	0.89379643123
775	0.92103644311
780	1.28578460443
785	1.56349484637
790	0.853963228549
795	1.36286435148
800	1.21915765632
805	0.892849189246
810	1.14467740997
815	1.32136211056
820	1.37379617684
825	1.37901183489
830	1.39236877449
835	1.1102482955
840	1.21377048923
845	0.998853135205
850	1.05092128823
855	1.36476733928
860	1.30446612251
865	1.36663696415
870	1.34995327965
875	1.22301441818
880	1.34275394338
885	1.14488518221
890	1.10736703352
895	1.38531563798
900	1.29022673294
905	1.05946825822
910	1.03164256145
915	1.19270206582
920	1.37694696611
925	1.5754987643
930	1.19508949468
935	1.24414264775
940	1.33880353874
945	1.10626661855
950	1.34023511915
955	1.36843393042
960	1.00654514497
965	1.07167421796
970	1.05518677145
975	1.06511232665
980	1.04368927333
985	0.776395851807
990	1.09910871619
995	1.03466390751
1000	0.993178268153
1005	1.39728320685
1010	1.20825838605
1015	0.984769461184
1020	1.23678204469
1025	1.31986946448
1030	0.946203424
1035	1.40152024308
1040	1.32351334889
1045	0.967569137724
1050	1.12932660799
1055	1.33656918131
1060	1.22105214276
1065	0.804513110261
1070	1.19925011432
1075	1.39863224369
1080	1.25111301325
1085	1.25989871791
1090	1.44869602674
1095	1.04051188558
1100	0.717176859584
1105	1.16772747516
1110	0.892784558647
1115	0.853800373149
1120	0.777742117138
1125	1.04261156154
1130	1.38862595198
1135	1.20911543466
1140	1.29619493909
1145	1.46591845193
1150	1.0572488132
1155	1.22673335284
1160	1.46280043079
1165	1.26781799976
1170	1.29034413474
1175	1.04674266912
1180	0.905415242247
1185	1.14397274035
1190	1.01130882194
1195	1.21992565557
1200	1.21427645685
1205	1.01404526916
1210	1.29866160789
1215	1.42493122588
1220	1.24716985305
1225	1.03601311756
1230	1.3846412841
1235	1.43797557728
1240	0.840368795657
1245	0.886062037413
1250	1.4176082911
1255	0.89878042931
1260	1.24310083354
1265	1.44418829618
1270	1.33245024329
1275	1.3093850152
1280	1.48401851249
1285	1.48642666191
1290	1.2559129169
1295	1.21868582071
1300	1.03099835872
1305	1.31049351055
1310	1.4123906643
1315	1.39388384793
1320	1.189763249
1325	1.31222505868
1330	1.36711721773
1335	1.07228166114
1340	1.25026509476
1345	1.0868097532
1350	0.767690488443
1355	1.44133533957
1360	1.36315661098
1365	1.25147983339
1370	1.30748774357
1375	1.07939397915
1380	0.830848102381
1385	1.09107420857
1390	1.19566341206
1395	1.087073559
1400	1.43840614508
1405	1.30609706563
1410	0.944648947627
1415	1.1060580385
1420	1.26372412516
1425	0.909828630431
1430	1.19311050194
1435	1.34251298916
1440	1.07718590133
1445	1.41354483686
1450	1.08897054797
1455	1.3489443475
1460	0.915746952918
1465	1.04699237861
1470	1.33788828192
1475	1.31454128797
1480	0.769322443502
1485	1.05171995098
1490	1.15705993867
1495	1.33032686873
1500	1.47839031468
1505	0.963963111061
1510	1.0568407683
1515	1.31473835384
1520	1.17537019659
1525	1.19922532949
1530	0.79388763305
1535	1.14446530678
1540	1.25098049456
1545	1.34395622296
1550	0.996237589644
1555	0.889727438648
1560	1.45739638898
1565	0.924487125271
1570	1.15406032543
1575	1.16372812613
1580	1.30191809207
1585	1.13558431289
1590	1.2036904466
1595	1.25711138903
1600	1.40875322318
1605	1.3002682026
1610	1.01883658468
1615	0.809618033734
1620	1.10820817593
1625	0.86012936188
1630	1.57944019381
1635	1.27565696301
1640	1.12257979098
1645	1.15349512914
1650	0.894260460401
1655	1.28109812931
1660	1.39840406176
1665	0.850864410091
1670	1.39623821839
1675	0.897434951923
1680	0.975739006991
1685	1.32467196491
1690	1.46029665411
1695	1.00492472524
1700	1.36211425563
1705	1.35370585586
1710	1.1946053768
1715	0.987766832647
1720	1.35954564436
1725	1.41256340736
1730	1.30164651005
1735	0.895944385093
1740	0.677005406221
1745	1.22339921687
1750	1.19859141821
1755	1.4036978665
1760	1.52861659955
