0	2.53101479109
5	1.62575901162
10	4.32040236342
15	1.40427665627
20	2.09001382071
25	3.32950604162
30	2.67484336594
35	1.76724521649
40	2.45469918416
45	2.06429929745
50	1.25606397935
55	2.13368730762
60	2.23208823812
65	1.82013930526
70	1.25606397935
75	2.35511727947
80	1.27737958319
85	2.86542957087
90	2.09039515508
95	2.57762470975
100	2.56470031905
105	2.78581350926
110	2.49210344437
115	2.85515108684
120	1.37891209768
125	2.57062393493
130	2.6876903425
135	3.05137101582
140	1.84133815417
145	3.28122294664
150	3.07745830596
155	1.55372987609
160	1.48913709623
165	1.41124213888
170	2.55555510603
175	1.87409157094
180	1.25606397935
185	2.20150220168
190	2.51903212411
195	2.70634450086
200	2.00410029988
205	2.57522732121
210	1.25606397935
215	1.25606397935
220	1.76058240281
225	2.14256936
230	1.89850071105
235	2.58059103469
240	2.1380206616
245	2.5641349928
250	1.97327610669
255	2.31301829157
260	2.0239679908
265	1.9697174217
270	1.89900151408
275	2.65974281545
280	1.8198925522
285	2.1724906759
290	1.54184365966
295	2.28128833499
300	2.04646052619
305	2.58162191895
310	1.66968488045
315	3.93316933319
320	2.6574603309
325	1.63694209703
330	1.25606397935
335	1.60820063828
340	2.09607029672
345	1.68187863547
350	2.2992917091
355	2.44395562643
360	1.49248864174
365	2.0904815936
370	2.58648820037
375	1.53094563107
380	2.09571317172
385	2.11977755918
390	2.40579945091
395	1.51785851422
400	2.16690784161
405	2.04457506422
410	2.04003226918
415	2.55776491483
420	2.24993567762
425	2.4450440324
430	2.22197144436
435	1.6731022459
440	2.16462726163
445	2.59236590851
450	2.26176219118
455	2.38704831433
460	2.82483718572
465	1.52640408477
470	1.68945515795
475	1.44425029791
480	2.67653225799
485	2.40434351838
490	1.86781997686
495	2.08346993124
500	2.66205435389
505	3.23229177376
510	2.72201386547
515	1.9077284464
520	2.73543672011
525	2.88512628557
530	1.57160515305
535	2.34913127938
540	2.17630892008
545	1.76696524768
550	2.14092985944
555	1.74441588393
560	1.62758067104
565	1.25606397935
570	1.85844529153
575	1.25606397935
580	2.11327013717
585	2.2981038156
590	3.41395767853
595	2.44084598495
600	2.43239402136
605	1.25606397935
610	1.55256918545
615	1.27948354912
620	2.44139567418
625	1.92806563332
630	2.37597035339
635	1.82868884482
640	1.81903600093
645	2.30026592528
650	1.82156480804
655	1.25606397935
660	2.01855336108
665	2.78757948653
670	1.57654042606
675	3.40237149497
680	1.79743519355
685	2.74625208188
690	1.88281558355
695	2.73142404749
700	2.21716821117
705	3.67088705609
710	1.9951038304
715	2.50872737288
720	1.5399416962
725	2.34387334522
730	2.62499733331
735	2.69103280111
740	1.63360645329
745	3.65341697054
750	1.33356553187
755	1.3299833606
760	2.49247300554
765	1.68578026312
770	2.08926270349
775	3.33370169641
780	3.30608109348
785	3.50623372337
790	3.64471669809
795	1.67615179887
800	1.42158343858
805	1.66552016499
810	2.80832276093
815	2.08359368035
820	2.52899920667
825	1.68100845506
830	2.30517480035
835	1.94729541506
840	2.58777180806
845	3.24502163984
850	2.04666155811
855	2.1582476766
860	1.25606397935
865	2.44443804487
870	1.53257428267
875	2.4388472975
880	1.55361303746
885	1.94775060812
890	1.25606397935
895	1.25606397935
900	2.34199304273
905	2.80680045523
910	1.25606397935
915	2.81477604933
920	2.35348964507
925	2.95988746747
930	3.75492922694
935	2.4504282093
940	2.06185363741
945	2.45795547683
950	1.59709583026
955	1.63562147764
960	1.29364662965
965	1.55567563723
970	1.54616232757
975	2.7637311805
980	1.25606397935
985	2.6757938993
990	1.25606397935
995	2.14950792881
1000	2.79129520394
1005	2.03953238021
1010	2.05399062597
1015	2.62302790373
1020	2.7952486651
1025	2.28883628281
1030	3.08158807653
1035	3.110195382
1040	1.52026441369
1045	1.52137083931
1050	2.42760542253
1055	1.89567026555
1060	2.84068404623
1065	3.94939452559
1070	2.76972452275
1075	1.4884251876
1080	3.59018530404
1085	3.53617355688
1090	2.17041186035
1095	1.84561310368
1100	2.44448726374
1105	2.08005770883
1110	2.54263208169
1115	1.68226961703
1120	1.7120631786
1125	1.25606397935
1130	3.96486583634
1135	2.32759491045
1140	1.25606397935
1145	2.03245101007
1150	2.8252905769
1155	1.25606397935
1160	2.80172711258
1165	2.1159204349
1170	2.68655411427
1175	2.25179918787
1180	2.00001149174
1185	2.19013415255
1190	1.25606397935
1195	2.65056833331
1200	1.66568471537
1205	3.2470733663
1210	3.872462159
1215	1.68428748556
1220	1.25606397935
1225	1.98324907999
1230	4.76028749176
1235	2.59468648388
1240	2.50876871176
1245	1.32257371929
1250	2.40872763306
1255	3.23634095142
1260	1.68752535305
1265	2.33994096096
1270	2.43967351309
1275	2.73341968385
1280	1.25606397935
1285	2.22447583223
1290	1.25606397935
1295	2.08775510788
1300	1.98044467726
1305	1.64986608223
1310	1.97507471013
1315	2.71198161122
1320	2.28452507652
1325	2.13916972033
1330	1.57504149802
1335	1.27905324875
1340	4.23791560174
1345	3.67714674515
1350	1.85860959
1355	2.01311063137
1360	1.74219235062
1365	3.1659319828
1370	2.58695809151
1375	1.28124863032
1380	2.35698704565
1385	1.36351133136
1390	2.40535255943
1395	1.9935354226
1400	1.49671066383
1405	3.06848467791
1410	2.57538830267
1415	2.75013048186
1420	2.14872249195
1425	2.17946220912
1430	1.79153061417
1435	2.55261171265
1440	1.44387795288
1445	1.58215572776
1450	1.34815252002
1455	1.99934739082
1460	2.22529344671
1465	3.27537060616
1470	2.41177856744
1475	1.78843268217
1480	2.38290436169
1485	1.50855427867
1490	1.25606397935
1495	1.95259973218
1500	1.84408626003
1505	3.23440610517
1510	2.12976923151
1515	1.25606397935
1520	1.87243232374
1525	2.92635928076
1530	1.25606397935
1535	1.79412899657
1540	1.93116099007
1545	1.25606397935
1550	2.5442822449
1555	3.44740240364
1560	2.47456858949
1565	1.25606397935
1570	2.92370782608
1575	1.25606397935
1580	2.61012587278
1585	2.60476147771
1590	1.52579662743
1595	2.5561540562
1600	2.13735983313
1605	2.25881319578
1610	1.96738270866
1615	1.97549219678
1620	1.75818629149
1625	1.59459629284
1630	1.35558269841
1635	3.20467992638
1640	2.45139880251
1645	3.46733003228
1650	2.36570738756
1655	2.64766576821
1660	2.18528144405
1665	3.49052663679
1670	1.25606397935
1675	1.61062190211
1680	1.66785802658
1685	3.57680544419
1690	1.62304965982
1695	1.25606397935
1700	2.65732839233
1705	1.5653397208
1710	3.62316681488
1715	1.61552552231
1720	2.65091991398
1725	2.18548213583
1730	2.78584622636
1735	2.44623211852
1740	1.32774331553
1745	1.62450826538
1750	2.02434440996
1755	1.54896961532
1760	1.66700817678
1765	2.39450442442
1770	1.95026458714
1775	3.22102322851
1780	2.63448368318
1785	3.78841133531
1790	1.37817581739
1795	2.04679225623
1800	1.8535415936
1805	1.95778502655
1810	1.65856559188
1815	1.74143536611
1820	2.31443776368
1825	2.33349793237
1830	3.02360975298
1835	3.06737430054
1840	2.24305334212
1845	2.46708818895
1850	1.34191113515
1855	1.64981732752
1860	1.25606397935
1865	2.14589479705
1870	3.05650081598
1875	2.48822285238
1880	2.61925420581
1885	3.17750230437
1890	2.56465860307
1895	2.63545456019
1900	2.64841565602
1905	2.54901257808
1910	1.25606397935
1915	3.06178155381
1920	1.72014533001
