0	9.24150013516
5	10.6316480643
10	8.59592209088
15	5.09956688359
20	4.66609679734
25	3.62956659402
30	4.98762185027
35	5.37850696718
40	5.64272209599
45	7.86709214411
50	7.79368549359
55	7.56507245462
60	7.79970942793
65	8.15396864639
70	6.28201243721
75	7.69507268885
80	8.32810269698
85	5.01028112016
90	4.69235786064
95	9.19891710892
100	8.76132810645
105	7.58892664364
110	9.35330852416
115	6.32987709693
120	7.60354654716
125	8.95477743054
130	8.70211004349
135	5.94198356885
140	6.75304899435
145	8.35085180313
150	5.01501807848
155	6.80781459704
160	10.9894402484
165	4.27183438529
170	3.40143278961
175	4.75336625972
180	5.83999396268
185	8.52630955772
190	8.10276193816
195	6.69148597741
200	5.34738357349
205	3.40143278961
210	7.85455627124
215	6.59051265631
220	4.84308301598
225	9.88727749473
230	5.31969959094
235	9.6046729073
240	6.97777251886
245	10.0247325688
250	10.425013805
255	4.18299177671
260	7.89307706896
265	7.04320580817
270	5.18688184286
275	5.25218286807
280	6.58195495616
285	4.80893742188
290	6.59274340483
295	11.3359674201
300	5.14958259345
305	5.35412942186
310	9.0919554459
315	7.68362782579
320	4.21594328268
325	6.37926980527
330	6.3679944672
335	7.61824648295
340	5.39804202519
345	4.89555826181
350	9.14760589633
355	7.01764108686
360	6.55890891254
365	10.2838654248
370	10.0108963614
375	9.00710615687
380	5.61209661031
385	5.30133800063
390	8.05814289929
395	3.40143278961
400	3.70939009185
405	8.37198440307
410	4.78689678977
415	7.62127697668
420	5.72821585517
425	10.2217437273
430	4.3573508369
435	5.36146056393
440	6.27308462504
445	8.06812664685
450	7.45967917169
455	10.723545581
460	9.05510268128
465	3.61794951377
470	6.39663474606
475	5.1355852438
480	10.7870785721
485	6.25842842242
490	6.06706402164
495	5.89288115413
500	8.50606993786
505	4.56562525895
510	8.2279203877
515	9.86992004991
520	5.6119749161
525	13.6792555457
530	6.32841864714
535	6.01407762306
540	7.06944868066
545	5.69798493045
550	7.76762025012
555	7.87443249356
560	10.7908334819
565	6.62306124399
570	6.25693692397
575	8.17635748293
580	8.14618614947
585	5.82858205978
590	9.58456244481
595	8.24056332913
600	6.52289824263
605	9.77634109417
610	7.95873284252
615	9.96201382399
620	4.89916472553
625	4.98721433943
630	8.16493158568
635	9.51562111627
640	10.1251783353
645	5.30240071277
650	8.62227271185
655	7.58209261065
660	4.7110569644
665	5.26405135176
670	5.62186752289
675	10.9415491122
680	5.16547298798
685	8.52766930991
690	9.57770104305
695	9.08422272508
700	8.61006050873
705	9.74459787537
710	3.40143278961
715	8.06569857713
720	4.87848655019
725	8.69983172928
730	6.14406655096
735	5.44911651751
740	5.98338786746
745	7.18274566721
750	7.99714388566
755	7.8815922923
760	10.0593695139
765	8.73252035889
770	8.89888663921
775	7.29175444954
780	8.20136929896
785	9.48756710733
790	5.97764637515
795	6.02320438569
800	3.40143278961
805	7.17602681137
810	8.26996207476
815	8.3467378618
820	5.49523354621
825	6.85482537023
830	9.05123561376
835	9.63663632989
840	5.69855429819
845	4.69798607539
850	3.40143278961
855	11.2744029484
860	7.39639658362
865	7.12373891847
870	7.20250455087
875	8.28534373943
880	5.90189552121
885	6.49350721514
890	6.85717210835
895	6.5233614557
900	4.97127506588
905	9.77294330471
910	5.64054932551
915	7.06398908969
920	4.76146347193
925	7.87562761475
930	5.71929702704
935	10.6965828832
940	6.62553574372
945	8.79514914918
950	4.54485763681
955	6.00018754564
960	9.56376043042
965	4.51346159299
970	7.27870234601
975	8.17553039196
980	7.02888253391
985	6.89797155713
990	6.54760409503
995	4.50703623632
1000	6.89299877028
1005	8.61081615115
1010	4.44062484129
1015	8.58849539183
1020	5.07484064265
1025	9.71999730021
1030	3.40143278961
1035	6.93038322512
1040	6.15648000561
1045	7.16112427127
1050	7.30904025437
1055	7.33067840415
1060	5.0987372711
1065	3.80600417674
1070	3.98207755197
1075	6.90000689615
1080	6.66218548772
1085	3.91314993061
1090	7.66468881765
1095	7.15421845819
1100	7.0414049038
1105	7.64144837722
1110	4.24735284286
1115	7.23127589524
1120	7.09064818482
1125	4.11364997035
1130	5.8956009462
1135	5.86044682495
1140	3.65464088077
1145	7.61271687207
1150	10.0625756272
1155	9.29687846825
1160	9.53475777306
1165	5.00635377288
1170	9.94786752253
1175	10.1252755683
1180	7.60003736078
1185	7.23922161369
1190	7.29815415919
1195	9.94087090042
1200	7.07963270431
1205	8.64851170867
1210	5.54260016835
1215	5.07311407263
1220	9.96149684961
1225	9.30855124415
1230	7.80292643014
1235	9.41636960568
1240	10.8298566719
1245	3.94532360667
1250	6.10189491703
1255	5.94447559423
1260	6.87147237439
1265	5.9552503772
1270	8.84580581635
1275	9.50846147564
1280	8.02115231932
1285	7.71106638267
1290	10.1258507496
1295	6.7243822063
1300	4.59526215191
1305	7.76678609323
1310	8.85607518554
1315	9.56954260422
1320	8.99026006682
1325	9.12092390399
1330	6.14517730009
1335	7.624988133
1340	3.78880740804
1345	8.38979190687
1350	6.75978945453
1355	7.74361446877
1360	3.69915929968
1365	5.51147585392
1370	8.21097960003
1375	10.0513790545
1380	7.60962915307
1385	3.93376880258
1390	11.1414064884
1395	8.63300491872
1400	7.92423455632
1405	5.56894730983
1410	6.45439030892
1415	6.43153571571
1420	8.16567067257
1425	6.04794913921
1430	10.826675499
1435	8.2427568348
1440	8.04241846874
1445	8.1367595999
1450	6.97149676814
1455	7.07180610395
1460	7.43988756741
1465	6.70119521908
1470	7.47788671287
1475	7.80366576698
1480	4.89934912166
1485	7.51330274357
1490	5.42395821869
1495	3.91355086672
1500	6.5036674534
1505	8.49108214968
1510	10.7840595691
1515	4.13619839519
1520	3.53051753929
1525	5.56063632595
1530	11.9864079237
1535	12.1495702949
1540	7.51326131829
1545	7.09952037622
1550	7.48524243203
1555	5.5833156874
1560	8.23968336509
1565	8.50794517915
1570	7.47962133852
1575	8.87380614072
1580	5.4204157241
1585	4.74806188415
1590	8.54824639215
1595	5.26762433905
1600	4.65814360651
1605	6.52873065973
1610	5.37444110701
1615	3.40143278961
1620	8.31349573587
1625	8.20232147019
1630	3.80380538312
1635	7.72838832807
1640	5.18325555509
1645	5.18791295951
1650	4.69181165803
1655	4.39981902953
1660	10.46271571
1665	7.03470906544
1670	6.51270946106
1675	8.59372270083
1680	6.60964619808
1685	4.98880599738
1690	7.09450926371
1695	9.67988322005
1700	3.42684489643
1705	6.61777233933
1710	6.15858533871
1715	5.24950297356
1720	7.90792806514
1725	6.75755133973
1730	5.9579652948
1735	9.17829533134
1740	7.44134897098
1745	4.24757694542
1750	7.50472731363
1755	5.2482780857
1760	8.75981056863
1765	8.31313529089
1770	5.34709129873
1775	10.7223986004
1780	9.96317416383
1785	7.19566384528
1790	8.69495849661
1795	4.58173184681
1800	7.13867655389
1805	7.33860555235
1810	6.07977994408
1815	7.18601883806
1820	7.94290827121
1825	7.1452420993
1830	5.92593172096
1835	5.25398911195
1840	3.96847232583
1845	6.45125929132
1850	6.54311388656
1855	7.22477517116
1860	4.248206548
1865	7.19749567458
