0	0.863555656254
5	0.815915156834
10	0.815915156834
15	2.01634090977
20	1.53837282406
25	0.815915156834
30	1.58209709193
35	1.31329424453
40	0.815915156834
45	0.815915156834
50	0.815915156834
55	0.815915156834
60	0.815915156834
65	0.815915156834
70	0.815915156834
75	0.815915156834
80	0.815915156834
85	0.815915156834
90	1.52791098888
95	1.1682481498
100	2.469152319
105	0.815915156834
110	0.890336974191
115	0.815915156834
120	2.01377064233
125	2.36539563177
130	0.815915156834
135	1.55113825601
140	1.98867772687
145	0.815915156834
150	0.815915156834
155	1.78661707684
160	0.815915156834
165	2.00615943042
170	1.32301082271
175	1.57998401106
180	2.31032032755
185	1.36210904984
190	0.815915156834
195	0.815915156834
200	1.15842633934
205	0.815915156834
210	1.40367247026
215	1.14098965506
220	0.815915156834
225	1.28116504358
230	0.957353255843
235	1.63815593488
240	0.972195420435
245	1.16036983186
250	1.3020198559
255	0.815915156834
260	1.21097614551
265	0.815915156834
270	0.815915156834
275	3.26112968417
280	0.815915156834
285	1.15688182233
290	2.33892139032
295	1.72685079212
300	0.815915156834
305	1.08031370419
310	0.815915156834
315	1.1122470095
320	0.815915156834
325	2.275910301
330	2.06523007918
335	1.22926827156
340	0.815915156834
345	1.74357462655
350	0.815915156834
355	1.59101259188
360	1.88151204471
365	1.0878917704
370	2.07470679105
375	0.815915156834
380	0.815915156834
385	0.815915156834
390	0.815915156834
395	0.815915156834
400	0.815915156834
405	0.902466869753
410	0.815915156834
415	1.08925809617
420	0.815915156834
425	1.23855085526
430	2.00694601279
435	0.815915156834
440	0.870155935336
445	2.79408970809
450	2.2353785905
455	0.90674900505
460	1.0692569945
465	0.870012363991
470	1.44823546476
475	2.40117680454
480	2.03757166866
485	0.815915156834
490	0.87334432276
495	0.989204790022
500	0.815915156834
505	0.815915156834
510	0.815915156834
515	1.78706574312
520	0.815915156834
525	0.815915156834
530	0.815915156834
535	2.47089560767
540	1.17732005118
545	1.24586358136
550	1.93953014
555	0.815915156834
560	0.91232802195
565	0.841916528831
570	0.815915156834
575	2.55666657503
580	0.815915156834
585	1.48645125226
590	0.815915156834
595	1.44138184575
600	0.815915156834
605	1.76065553862
610	0.815915156834
615	1.4251066279
620	0.815915156834
625	0.815915156834
630	1.19464350144
635	0.815915156834
640	2.42410360947
645	1.44895301461
650	1.37445101623
655	0.815915156834
660	0.815915156834
665	0.815915156834
670	1.18158478379
675	0.815915156834
680	1.41325606541
685	0.815915156834
690	0.815915156834
695	0.815915156834
700	1.38727400922
705	0.815915156834
710	1.30255767674
715	2.05242917901
720	1.1987858321
725	0.815915156834
730	2.05505107399
735	1.16614986626
740	1.28121964291
745	1.44916354606
750	1.4687233086
755	0.815915156834
760	1.7835483015
765	2.42643527759
770	0.815915156834
775	0.815915156834
780	0.815915156834
785	2.44385699494
790	0.815915156834
795	0.842320103644
800	1.91452783658
805	0.815915156834
810	0.815915156834
815	0.858957481114
820	0.815915156834
825	0.815915156834
830	0.956848808294
835	2.81818285179
840	0.815915156834
845	1.26874370983
850	0.940445038024
855	0.815915156834
860	0.878595928466
865	1.17985493699
870	0.820012008311
875	0.815915156834
880	2.34624421519
885	0.815915156834
890	0.815915156834
895	0.903057508107
900	0.850485596033
905	0.815915156834
910	0.815915156834
915	1.65736661659
920	0.815915156834
925	1.03193611367
930	0.815915156834
935	0.994587539293
940	1.69910098652
945	0.815915156834
950	0.815915156834
955	0.815915156834
960	1.00274811332
965	2.48946143472
970	2.04721387081
975	0.815915156834
980	1.4868217672
985	1.11344735856
990	1.48668675261
995	1.09728419093
1000	1.26911223833
1005	0.815915156834
1010	0.815915156834
1015	1.17492829581
1020	1.20221192209
1025	0.815915156834
1030	1.29178198425
1035	0.815915156834
1040	0.815915156834
1045	0.991875574036
1050	0.815915156834
1055	1.96822006551
1060	0.815915156834
1065	3.20607440967
1070	1.89621249997
1075	3.0179728371
1080	0.815915156834
1085	0.956016523697
1090	1.9816344343
1095	1.26675764061
1100	0.942083485623
1105	0.815915156834
1110	0.815915156834
1115	2.82290683295
1120	0.920429091805
1125	0.815915156834
1130	0.815915156834
1135	1.33957766903
1140	0.895144752087
1145	0.815915156834
1150	0.884437895363
1155	2.12704330882
1160	1.17123063171
1165	0.991890099513
1170	0.815915156834
1175	0.815915156834
1180	0.815915156834
1185	1.35461790722
1190	1.78569532675
1195	1.89937187178
1200	1.00350066559
1205	0.815915156834
1210	1.84574788692
1215	1.32582100085
1220	0.87423336508
1225	0.815915156834
1230	1.49010680813
1235	0.815915156834
1240	0.815915156834
1245	1.65777597347
1250	1.89197613989
1255	1.08081073983
1260	1.39886094577
1265	2.52815562075
1270	0.936801363891
1275	0.940637254124
1280	1.97134652919
1285	1.61094546376
1290	1.94951119118
1295	0.815915156834
1300	0.815915156834
1305	1.31625608411
1310	0.815915156834
1315	0.815915156834
1320	0.815915156834
1325	0.995295812668
1330	0.815915156834
1335	1.32664540847
1340	1.37086742214
1345	0.815915156834
1350	1.84082389037
1355	0.815915156834
1360	0.815915156834
1365	0.815915156834
1370	0.815915156834
1375	1.19743285011
1380	2.13012169863
1385	2.00322484719
1390	0.815915156834
1395	1.71928369242
1400	1.84306299138
1405	1.23642842473
1410	1.12472017305
1415	1.40380482926
1420	0.815915156834
1425	0.815915156834
1430	0.815915156834
1435	0.815915156834
1440	1.85001577273
1445	0.815915156834
1450	1.54992931949
1455	0.815915156834
1460	1.58094643463
1465	0.815915156834
1470	0.942819722074
1475	1.57690220799
1480	0.815915156834
1485	0.815915156834
1490	0.815915156834
1495	0.954289049408
1500	0.815915156834
1505	1.24905857383
1510	3.05290560671
1515	1.37549681708
1520	0.815915156834
1525	0.815915156834
1530	0.815915156834
1535	0.815915156834
1540	1.42467786492
1545	1.77602389631
1550	1.0319123127
1555	0.867977020002
1560	0.815915156834
1565	0.815915156834
1570	1.78504360671
1575	0.815915156834
1580	0.815915156834
1585	0.815915156834
1590	0.815915156834
1595	0.815915156834
1600	0.815915156834
1605	2.26019140868
1610	0.815915156834
1615	0.815915156834
1620	0.815915156834
1625	0.946500158908
1630	0.815915156834
1635	1.18000287876
1640	1.31032109282
1645	2.04881667741
1650	0.815915156834
1655	0.815915156834
1660	3.19527604572
1665	0.860697641705
1670	0.815915156834
1675	1.41778766488
1680	1.27752569433
1685	0.815915156834
1690	1.41218415699
1695	0.815915156834
1700	1.22350887135
1705	1.33882099963
1710	0.925010964379
1715	1.04452066917
1720	0.815915156834
1725	0.815915156834
1730	0.815915156834
1735	0.815915156834
1740	2.66366646611
1745	3.4958850198
1750	1.74187336325
1755	0.815915156834
1760	1.60291404582
1765	0.815915156834
1770	0.815915156834
1775	2.76502831573
