0	3.2823334673
5	3.2823334673
10	3.2823334673
15	3.2823334673
20	3.2823334673
25	3.2823334673
30	3.2823334673
35	3.2823334673
40	3.2823334673
45	3.2823334673
50	3.2823334673
55	3.2823334673
60	3.2823334673
65	3.2823334673
70	3.2823334673
75	3.2823334673
80	3.2823334673
85	3.2823334673
90	3.2823334673
95	3.2823334673
100	3.2823334673
105	3.2823334673
110	3.2823334673
115	3.40982242007
120	3.2823334673
125	3.2823334673
130	3.2823334673
135	3.2823334673
140	3.2823334673
145	3.2823334673
150	3.2823334673
155	3.2823334673
160	3.2823334673
165	3.2823334673
170	3.2823334673
175	3.2823334673
180	3.2823334673
185	3.2823334673
190	3.2823334673
195	3.2823334673
200	3.2823334673
205	3.2823334673
210	3.2823334673
215	3.2823334673
220	3.2823334673
225	3.2823334673
230	3.2823334673
235	3.2823334673
240	3.2823334673
245	3.2823334673
250	3.2823334673
255	3.2823334673
260	3.2823334673
265	3.2823334673
270	3.2823334673
275	3.2823334673
280	3.2823334673
285	3.2823334673
290	3.2823334673
295	3.2823334673
300	3.2823334673
305	3.2823334673
310	3.2823334673
315	3.2823334673
320	3.2823334673
325	3.2823334673
330	3.82851717643
335	3.2823334673
340	3.2823334673
345	3.2823334673
350	3.2823334673
355	3.2823334673
360	3.2823334673
365	3.2823334673
370	3.2823334673
375	3.2823334673
380	3.2823334673
385	3.2823334673
390	3.2823334673
395	3.2823334673
400	3.2823334673
405	3.2823334673
410	3.2823334673
415	3.2823334673
420	3.2823334673
425	3.2823334673
430	3.2823334673
435	3.2823334673
440	3.2823334673
445	3.2823334673
450	3.2823334673
455	3.2823334673
460	3.2823334673
465	3.2823334673
470	3.2823334673
475	3.2823334673
480	3.2823334673
485	3.2823334673
490	3.2823334673
495	3.2823334673
500	3.2823334673
505	3.2823334673
510	3.2823334673
515	3.2823334673
520	3.2823334673
525	3.2823334673
530	3.2823334673
535	3.2823334673
540	3.2823334673
545	3.2823334673
550	3.2823334673
555	3.2823334673
560	3.2823334673
565	3.2823334673
570	3.2823334673
575	3.2823334673
580	3.2823334673
585	3.2823334673
590	3.2823334673
595	3.2823334673
600	3.2823334673
605	3.2823334673
610	3.2823334673
615	3.2823334673
620	3.2823334673
625	3.2823334673
630	3.2823334673
635	3.2823334673
640	3.2823334673
645	3.2823334673
650	3.2823334673
655	3.2823334673
660	3.2823334673
665	3.2823334673
670	3.2823334673
675	3.2823334673
680	3.29911507579
685	3.2823334673
690	3.2823334673
695	3.2823334673
700	3.2823334673
705	3.2823334673
710	3.2823334673
715	3.2823334673
720	3.2823334673
725	3.2823334673
730	4.72773117987
735	3.2823334673
740	3.2823334673
745	3.2823334673
750	3.2823334673
755	3.2823334673
760	3.2823334673
765	3.2823334673
770	3.2823334673
775	3.2823334673
780	3.2823334673
785	3.2823334673
790	3.82007430043
795	3.2823334673
800	3.2823334673
805	3.2823334673
810	3.2823334673
815	3.2823334673
820	3.2823334673
825	3.2823334673
830	3.2823334673
835	3.2823334673
840	3.2823334673
845	3.2823334673
850	3.2823334673
855	3.2823334673
860	3.2823334673
865	3.2823334673
870	3.2823334673
875	3.2823334673
880	3.2823334673
885	3.2823334673
890	3.2823334673
895	5.11633812635
900	3.2823334673
905	3.2823334673
910	3.2823334673
915	3.2823334673
920	3.2823334673
925	3.2823334673
930	3.2823334673
935	3.2823334673
940	3.2823334673
945	3.2823334673
950	3.2823334673
955	3.2823334673
960	3.2823334673
965	3.2823334673
970	3.2823334673
975	3.2823334673
980	3.2823334673
985	3.2823334673
990	3.2823334673
995	3.2823334673
1000	3.2823334673
1005	3.2823334673
1010	3.2823334673
1015	3.2823334673
1020	3.2823334673
1025	3.2823334673
1030	3.2823334673
1035	3.2823334673
1040	3.2823334673
1045	3.2823334673
1050	3.2823334673
1055	3.2823334673
1060	3.2823334673
1065	3.2823334673
1070	5.84094751719
1075	3.2823334673
1080	3.2823334673
1085	3.2823334673
1090	3.2823334673
1095	3.2823334673
1100	3.2823334673
1105	3.2823334673
1110	3.2823334673
1115	3.2823334673
1120	3.2823334673
1125	3.2823334673
1130	3.2823334673
1135	3.2823334673
1140	3.2823334673
1145	3.2823334673
1150	3.2823334673
1155	3.2823334673
1160	3.2823334673
1165	3.2823334673
1170	3.2823334673
1175	3.2823334673
1180	3.2823334673
1185	3.2823334673
1190	3.2823334673
1195	3.2823334673
1200	3.2823334673
1205	3.2823334673
1210	3.2823334673
1215	3.2823334673
1220	3.2823334673
1225	3.2823334673
1230	3.2823334673
1235	3.2823334673
1240	3.2823334673
1245	3.2823334673
1250	3.2823334673
1255	3.2823334673
1260	3.2823334673
1265	3.2823334673
1270	3.2823334673
1275	3.2823334673
1280	3.2823334673
1285	3.2823334673
1290	3.2823334673
1295	3.2823334673
1300	3.2823334673
1305	3.2823334673
1310	3.2823334673
1315	3.2823334673
1320	3.2823334673
1325	3.2823334673
1330	3.2823334673
1335	3.2823334673
1340	3.2823334673
1345	3.2823334673
1350	3.2823334673
1355	3.2823334673
1360	3.2823334673
1365	3.2823334673
1370	3.2823334673
1375	3.2823334673
1380	3.2823334673
1385	3.2823334673
1390	3.2823334673
1395	3.2823334673
1400	3.2823334673
1405	3.2823334673
1410	3.2823334673
1415	3.2823334673
1420	3.2823334673
1425	3.2823334673
1430	3.2823334673
1435	3.2823334673
1440	3.2823334673
1445	3.2823334673
1450	3.2823334673
1455	3.2823334673
1460	3.2823334673
1465	3.2823334673
1470	3.2823334673
1475	3.2823334673
1480	3.2823334673
1485	3.2823334673
1490	3.2823334673
1495	3.2823334673
1500	3.2823334673
1505	3.2823334673
1510	3.2823334673
1515	3.2823334673
1520	3.2823334673
1525	3.2823334673
1530	3.2823334673
1535	3.2823334673
1540	3.2823334673
1545	3.2823334673
1550	3.2823334673
1555	3.2823334673
1560	3.2823334673
1565	3.2823334673
1570	3.2823334673
1575	3.2823334673
1580	3.2823334673
1585	3.2823334673
1590	3.2823334673
1595	3.2823334673
1600	3.2823334673
1605	3.2823334673
1610	3.2823334673
1615	3.2823334673
1620	3.2823334673
1625	3.2823334673
1630	3.2823334673
1635	3.2823334673
1640	3.2823334673
1645	3.2823334673
1650	3.2823334673
1655	3.2823334673
1660	3.2823334673
1665	3.2823334673
1670	3.2823334673
1675	3.2823334673
1680	3.2823334673
1685	3.2823334673
1690	3.2823334673
1695	3.2823334673
1700	3.2823334673
1705	3.2823334673
1710	3.2823334673
1715	3.2823334673
1720	3.2823334673
1725	3.2823334673
1730	3.2823334673
1735	3.2823334673
1740	3.2823334673
1745	3.2823334673
1750	3.2823334673
1755	3.2823334673
1760	3.2823334673
1765	3.2823334673
1770	3.2823334673
1775	3.2823334673
1780	3.2823334673
1785	3.2823334673
1790	3.2823334673
1795	3.5696133089
1800	3.2823334673
1805	3.2823334673
1810	3.2823334673
1815	3.2823334673
1820	3.66843735022
1825	3.2823334673
1830	3.2823334673
1835	3.2823334673
1840	3.2823334673
1845	3.2823334673
1850	3.2823334673
1855	3.2823334673
1860	3.2823334673
