0	7.01165554775
5	6.95490465456
10	6.41066445655
15	7.47057722746
20	5.92006230332
25	6.63432425948
30	7.47792088614
35	7.21426186209
40	5.75312278828
45	6.54666372856
50	7.08420497368
55	7.24271101539
60	7.0346708244
65	6.98211434134
70	7.28101878937
75	7.08602194772
80	7.35860943905
85	7.27554265734
90	7.33194996777
95	7.95184384605
100	7.64729605058
105	7.30296191695
110	6.81833596459
115	7.61676863991
120	7.39805980202
125	7.95568818415
130	7.40811668662
135	7.18831284474
140	7.605157511
145	7.67009325951
150	6.27069865224
155	6.68955682231
160	7.68539586576
165	6.96927885937
170	7.66672804177
175	7.18796739521
180	7.65022571523
185	7.7494381061
190	7.53930944352
195	7.22804340937
200	7.81979098181
205	5.72594603717
210	7.80128188943
215	7.51883264383
220	7.98696099911
225	7.99408926737
230	7.20401099901
235	6.06100737313
240	7.4950780981
245	7.56719178125
250	6.85021798636
255	7.89722781505
260	7.86437563747
265	7.68768125932
270	5.95444895481
275	7.38755468861
280	6.96974743484
285	7.1890287885
290	7.62187202375
295	6.84126410079
300	6.63616650238
305	7.99783009365
310	6.20294446627
315	7.38996202051
320	7.53504664553
325	7.75270913956
330	5.80593194311
335	7.34009360626
340	7.15763112898
345	6.53547366015
350	7.67790952358
355	7.88577777985
360	5.13756895058
365	7.4336669824
370	5.92606037551
375	7.28003559285
380	7.38739239358
385	6.99736793406
390	7.07936046554
395	5.51836892514
400	7.56211455727
405	4.50125378557
410	7.22245072741
415	6.12233557291
420	7.86782882671
425	6.69300677537
430	7.21667716917
435	7.52558009402
440	7.34768656341
445	6.75493773774
450	7.27291486486
455	5.07243124244
460	7.21138338085
465	5.30149245926
470	7.42470326225
475	7.2766563933
480	7.85601292236
485	5.14129594245
490	7.31833329399
495	7.27283331216
500	7.90625342073
505	5.7303114238
510	6.69121006379
515	7.16746555674
520	7.93584231077
525	7.98197887387
530	7.85257382905
535	3.38997619155
540	7.5261933708
545	6.7425635292
550	7.84173598036
555	7.51786413408
560	8.00645207102
565	6.71987439173
570	6.87419417955
575	6.01439654268
580	7.36889497284
585	7.1351857671
590	7.41790648074
595	7.81683063982
600	7.93489915614
605	7.81784653328
610	7.88118806774
615	7.17650520085
620	6.84326216212
625	7.08744004483
630	7.48287943555
635	7.88501204852
640	7.14369263896
645	7.84196240411
650	7.93722652433
655	7.67019477893
660	7.81281501601
665	6.76640169639
670	7.44495920552
675	6.2502524007
680	7.88511723278
685	6.32711846519
690	7.21445772674
695	7.93117807855
700	7.42010645566
705	5.18582473244
710	7.63140801625
715	4.93788488968
720	7.88800800765
725	7.59610353091
730	7.76795479877
735	5.48887595867
740	7.4295903436
745	7.90432855886
750	7.34913163689
755	7.76473488309
760	7.13064360004
765	7.26928400178
770	7.85621574101
775	5.62296817663
780	6.95316098498
785	4.44523963574
790	7.01620430826
795	7.34293491071
800	7.23000092642
805	7.97822384858
810	7.40872868899
815	7.443019871
820	7.63341339551
825	7.5217937642
830	6.24005001513
835	7.97204131841
840	7.58346269645
845	7.45266996013
850	7.69609099295
855	6.85673136471
860	5.90828853146
865	7.46165819759
870	6.975167063
875	6.13703741807
880	7.61969580156
885	7.84857266359
890	6.79457551546
895	5.68522224131
900	7.31183411188
905	7.70621159496
910	7.28783883467
915	7.76182828328
920	7.0717480538
925	7.89340966133
930	4.70150504682
935	7.23662877352
940	6.0033918754
945	6.59768150956
950	6.81757019261
955	6.19136190735
960	7.53046156743
965	6.63977889927
970	7.40044990615
975	6.90739942762
980	5.76476295681
985	7.40741456373
990	6.61787385319
995	7.62089591551
1000	6.6062541342
1005	7.43860193708
1010	6.96802822868
1015	5.263762978
1020	7.38884179413
1025	6.33257622514
1030	7.53558139831
1035	7.68415341148
1040	5.75367838479
1045	6.25093740092
1050	6.07931598908
1055	7.38319621626
1060	7.37344318633
1065	5.64035871751
1070	7.56112787991
1075	7.41002119277
1080	7.94689891242
1085	7.63416137262
1090	7.66418244544
1095	7.17799563446
1100	7.38848118425
1105	7.47544521845
1110	5.32109593435
1115	6.46282997524
1120	7.30824787816
1125	7.01528022485
1130	6.97414812535
1135	6.90201933954
1140	6.92992816665
1145	7.67374632065
1150	6.45369739103
1155	7.52254546746
1160	5.49263179879
1165	6.95706919732
1170	7.16838017604
1175	6.03599972784
1180	7.43398454045
1185	7.54762138403
1190	6.29775112056
1195	5.93527359012
1200	6.43328459346
1205	7.39133461483
1210	7.09563656858
1215	6.41944093388
1220	7.35585427448
1225	7.23678809313
1230	7.43137644558
1235	7.06672644783
1240	7.02829307959
1245	7.02149983029
1250	7.48208415453
1255	7.95950650978
1260	7.72513895444
1265	7.75631731624
1270	6.04875922117
1275	6.97314806286
1280	7.95770176514
1285	7.63080516449
1290	6.5735789796
1295	7.24400185687
1300	7.56229743288
1305	7.15165599441
1310	7.86618343534
1315	7.53219126804
1320	6.06925648929
1325	5.97078091621
1330	7.94250177664
1335	7.7680841522
1340	6.66698158025
1345	6.70867086533
1350	4.68864185076
1355	7.21379883105
1360	6.43913614042
1365	7.77030428599
1370	7.79610968421
1375	6.59757631908
1380	3.80026406996
1385	6.78346638001
1390	7.21139381514
1395	6.37638656391
1400	7.63238080748
1405	5.44441306485
1410	6.87926549493
1415	7.23376898643
1420	6.32777463113
1425	7.12471305084
1430	5.65537089382
1435	7.59409185143
1440	7.58947372674
1445	7.58602306946
1450	7.6081310718
1455	5.03031528986
1460	7.80480500141
1465	7.01584250687
1470	5.195626045
1475	7.74777567386
1480	7.72757181937
1485	7.92299227408
1490	7.70983053728
1495	7.83886541027
1500	7.57080397176
1505	7.85844012725
1510	7.28569165082
1515	7.74177329252
1520	5.95695633887
1525	7.21148286679
1530	7.19660724739
1535	6.15882686532
1540	7.32669352103
1545	7.96913157126
1550	7.53627998668
1555	7.62931421582
1560	7.43571807942
1565	6.16381016261
1570	6.33443197771
1575	7.51868641997
1580	7.4876835429
1585	7.30680480853
1590	7.10621534409
1595	7.86170372583
1600	7.61054402974
1605	7.6067678011
1610	7.44286342418
1615	7.23547850172
1620	7.59635491214
1625	7.62618316606
1630	6.39826960948
1635	7.93925217165
1640	6.89135821285
1645	7.4317849351
1650	7.91168409775
1655	6.88799474449
