0	2.78998185853
5	5.54735715456
10	6.33086567152
15	2.56237432988
20	4.00038820234
25	5.81066338904
30	3.43901924567
35	4.78491868819
40	6.39927773521
45	7.01196066476
50	4.38810645106
55	3.65763287454
60	5.18527752164
65	2.56237432988
70	4.66399223775
75	3.9266943441
80	4.80684938504
85	7.21609058073
90	5.51573505188
95	5.18474558073
100	5.59419803631
105	3.80021185235
110	3.83338761179
115	2.87089840224
120	3.37529947365
125	8.5646677641
130	5.43779361427
135	5.76785697184
140	3.15882256136
145	3.73582692052
150	2.56237432988
155	2.56237432988
160	4.1900085756
165	4.59382450193
170	2.56237432988
175	6.47809074801
180	4.75667312755
185	6.49877486791
190	9.8401559023
195	2.56237432988
200	9.43104315825
205	6.94737052984
210	2.5965720582
215	4.15615122302
220	2.56237432988
225	6.0155443626
230	2.56237432988
235	6.19711994885
240	5.17437584104
245	7.97120501548
250	4.07723499454
255	4.62048002744
260	2.56237432988
265	5.31820450941
270	4.95087224745
275	3.88201147263
280	6.27227353735
285	2.56237432988
290	3.8496341525
295	3.79264489645
300	4.01634526184
305	2.56237432988
310	2.84062549966
315	2.60853850024
320	2.56237432988
325	2.56237432988
330	4.0265811799
335	4.41229887408
340	2.56237432988
345	3.08347013092
350	2.56237432988
355	6.31084636298
360	3.61481161275
365	4.30676202184
370	6.31361949928
375	7.1305560584
380	3.60944758457
385	5.83949275422
390	6.67840429911
395	6.22882853446
400	2.56237432988
405	3.4663504589
410	4.89430009309
415	5.34232141306
420	5.30780869369
425	2.56237432988
430	2.56237432988
435	2.56237432988
440	3.09608049958
445	9.00236831078
450	5.29807685194
455	4.59792584412
460	5.78827670962
465	6.40512897656
470	6.46049715141
475	6.10920759196
480	8.85760120566
485	7.43841554737
490	3.61105822884
495	7.215684944
500	2.56237432988
505	2.56237432988
510	2.97602375301
515	5.49886179701
520	2.76956780356
525	2.56237432988
530	2.56237432988
535	4.82008830884
540	6.41596127115
545	7.26366268066
550	6.50415134974
555	2.56237432988
560	2.85874016496
565	2.68063984465
570	4.57270310369
575	2.87167859102
580	5.35698842814
585	2.56237432988
590	6.72473284848
595	4.74895987417
600	7.66294720242
605	2.77052543673
610	2.69394398183
615	3.98227511757
620	4.41978627071
625	3.60480441493
630	5.43284295063
635	2.56237432988
640	5.89472434087
645	2.56237432988
650	2.75454362782
655	5.70363042292
660	4.48462311782
665	6.4900620284
670	5.33538169339
675	2.85012661804
680	10.5791526077
685	2.56237432988
690	5.16367206675
695	3.56208511685
700	7.79696457739
705	6.77276596939
710	7.35062490602
715	2.56237432988
720	2.56237432988
725	4.77565975659
730	10.573778431
735	7.41541545676
740	2.56237432988
745	5.5911835175
750	8.74911527612
755	4.51494501173
760	5.82935512861
765	7.40587174583
770	2.56237432988
775	4.98973629316
780	2.56237432988
785	7.39007530976
790	8.07517408477
795	9.97836272175
800	6.20272622995
805	2.56237432988
810	2.56237432988
815	7.15487300007
820	2.73893854093
825	4.45041105293
830	10.3964465132
835	3.08429227018
840	4.34806283311
845	2.56237432988
850	2.56237432988
855	2.56237432988
860	6.71124218099
865	2.56237432988
870	8.46716163383
875	3.74818605652
880	5.4235037763
885	2.56237432988
890	4.89296492017
895	2.56237432988
900	3.10449518163
905	5.5209256538
910	6.22374376581
915	9.47833530068
920	7.0216757208
925	3.68307869174
930	5.53085353376
935	6.84996305556
940	4.8079535125
945	6.16652064545
950	8.11644542168
955	5.46779356458
960	8.27982519646
965	2.56237432988
970	2.56237432988
975	5.66311108543
980	4.84943060033
985	4.51212497727
990	2.56237432988
995	3.46397127747
1000	2.56237432988
1005	3.00109469853
1010	2.56237432988
1015	2.56237432988
1020	3.07234304456
1025	7.04303691051
1030	2.56237432988
1035	3.3943695958
1040	5.45497709274
1045	5.66983011896
1050	7.44831759018
1055	2.83218764805
1060	2.56237432988
1065	6.42020456481
1070	3.3795825854
1075	4.72167273701
1080	5.70625265158
1085	4.21006046489
1090	9.58581602392
1095	7.22285939048
1100	4.09958274215
1105	3.29393054957
1110	6.11406565562
1115	4.74192911687
1120	2.6429185758
1125	2.56237432988
1130	7.86907451503
1135	4.13001741888
1140	8.50167479774
1145	8.78678374679
1150	6.72516175089
1155	7.51833951452
1160	2.56237432988
1165	3.55741004134
1170	6.51293075307
1175	2.56237432988
1180	5.27114772821
1185	3.66595951363
1190	9.0052484785
1195	2.66136072084
1200	2.95814328523
1205	6.96204399371
1210	5.43084583612
1215	6.33407640497
1220	2.56237432988
1225	6.52183008138
1230	3.65044661191
1235	4.92976988928
1240	2.56237432988
1245	6.62550281104
1250	3.97177093772
1255	2.56237432988
1260	2.82302283945
1265	7.81241941316
1270	6.1593880246
1275	4.31014682872
1280	8.00430739807
1285	2.56237432988
1290	2.56237432988
1295	2.56237432988
1300	6.43710093776
1305	3.073391341
1310	2.69004857964
1315	7.87876863096
1320	2.56237432988
1325	5.94589135793
1330	3.86709634998
1335	5.49703521377
1340	2.56237432988
1345	7.18992753411
1350	2.56237432988
1355	6.95333640101
1360	6.72679312087
1365	2.87992504795
1370	2.56237432988
1375	6.5961505295
1380	7.21807009297
1385	7.22272186868
1390	4.2610139012
1395	2.88618693973
1400	8.30248351752
1405	5.6294428042
1410	2.56237432988
1415	3.79704270616
1420	8.27941423349
1425	5.20150029309
1430	2.59637162939
1435	4.21353865726
1440	6.25649681238
1445	2.56237432988
1450	3.65175451367
1455	2.56237432988
1460	2.80878857828
1465	2.99755146873
1470	3.99721740441
1475	3.85880759022
1480	3.53581700439
1485	4.90797429101
1490	3.49407345472
1495	2.56237432988
1500	2.56237432988
1505	2.56237432988
1510	5.37564425843
1515	2.56237432988
1520	2.56237432988
1525	2.56237432988
1530	2.56237432988
1535	4.70035580248
1540	5.64629697459
1545	8.36245099753
1550	6.46330596415
1555	6.62910302526
1560	4.0292262514
1565	2.56237432988
1570	4.4953996077
1575	4.44934459377
1580	2.56237432988
1585	2.63676474449
1590	7.43072211133
1595	3.70121689868
1600	4.80879765304
1605	6.98421478957
1610	6.42736121897
1615	2.85993742577
1620	7.43356728068
1625	6.06758568111
1630	7.41197482187
1635	7.52805721663
1640	4.95044623288
1645	3.38149811992
1650	5.96287592985
1655	4.36065811692
1660	2.56237432988
1665	3.77671276308
1670	2.56237432988
1675	4.75649614776
1680	3.09642074301
1685	6.12749449605
1690	8.1970181742
1695	3.55711782939
1700	2.56237432988
1705	4.23105145513
1710	3.45837055058
1715	5.85172741926
1720	4.28783292176
1725	4.92749444146
1730	2.56237432988
1735	3.55603766523
1740	2.56237432988
1745	5.25612951365
1750	5.68780881522
1755	4.07949458807
1760	3.83531243841
1765	4.05781696467
1770	6.81243001806
1775	2.80060136438
1780	7.29899333531
1785	2.56237432988
