0	14.4938568851
5	13.7852716156
10	11.443713536
15	15.5555194999
20	15.0611081894
25	6.28016669038
30	8.3899912057
35	9.28462215801
40	13.9521464374
45	8.80258419673
50	9.43415748925
55	6.29371728684
60	13.0093393898
65	15.0155942257
70	8.77510651673
75	12.6435559423
80	12.206356225
85	11.7543932308
90	11.7222933147
95	9.38806439406
100	12.5039340078
105	10.1060518813
110	9.72870305502
115	8.89723230968
120	12.2760426224
125	14.3716815671
130	14.2387619791
135	8.74446146659
140	7.81777295369
145	10.0852082987
150	14.0763885705
155	10.2781271232
160	9.96041931295
165	10.8398483049
170	11.2670327533
175	14.2255821187
180	13.5288322387
185	8.65172674307
190	12.9794384076
195	9.90526954816
200	13.1508860756
205	7.0124301152
210	13.2234092318
215	11.7514219165
220	15.6654824859
225	12.1718935626
230	15.2385027287
235	9.34527237528
240	15.2559022027
245	13.8730385904
250	9.49585440848
255	10.1645934927
260	12.1563875118
265	11.1863744788
270	12.1526674628
275	11.7165370442
280	12.9700848269
285	10.7001135504
290	12.9076814454
295	12.2412871928
300	14.6938206366
305	14.3401605194
310	9.64573806682
315	11.853160196
320	8.54624995504
325	12.1155523814
330	13.9681088341
335	12.7246729902
340	16.0641187989
345	12.4377219995
350	11.9145236834
355	13.3101471693
360	13.3719421711
365	8.09496054938
370	12.9061203349
375	14.3687638585
380	10.6055243721
385	12.8989169747
390	12.8994995672
395	8.03516912878
400	10.2331485835
405	14.5048208476
410	13.2477076703
415	11.3376664128
420	11.0225309415
425	8.95109989212
430	14.7658680876
435	7.58677699846
440	10.3716276337
445	8.01305219894
450	8.63560407937
455	13.5138768004
460	7.44197378004
465	12.7866953422
470	6.12459602377
475	15.2866991914
480	10.821598546
485	14.3121533833
490	7.57880225673
495	7.34819021981
500	9.20887794849
505	14.0028175964
510	10.7841011604
515	10.2889101127
520	9.50769419662
525	12.5181226009
530	11.020996531
535	10.3036227361
540	7.41428342809
545	7.83186441297
550	11.4611638695
555	14.8187138346
560	10.117925144
565	14.0872007012
570	12.0463046961
575	10.970355204
580	12.4286667301
585	12.9419733736
590	11.2870033466
595	10.0237871314
600	12.0247081227
605	8.56261559506
610	12.4395922128
615	11.8804490499
620	12.7664909311
625	12.4048686131
630	10.5479655012
635	15.3131063612
640	11.2096081673
645	15.0405766228
650	14.8069944934
655	13.182664688
660	8.98763737658
665	12.0556191658
670	12.3273304228
675	11.5275712978
680	13.3071018084
685	13.8210641013
690	8.67528544495
695	13.1600762363
700	15.2980509612
705	8.0913331203
710	8.24466962108
715	8.33023663019
720	14.8678429479
725	10.6075726047
730	10.7305457901
735	13.3098110511
740	16.1120493094
745	11.6411214644
750	14.9945382565
755	11.594470689
760	15.3690923115
765	13.386313727
770	14.0984488812
775	13.7189404181
780	11.4488482775
785	11.9295519865
790	12.7095194993
795	11.4698726019
800	13.6545328445
805	9.06156233559
810	10.6001930303
815	16.2141856182
820	13.4413029166
825	11.4306104126
830	11.9964671683
835	11.0009719945
840	8.37180617582
845	12.8955456608
850	13.4885843593
855	15.1803707154
860	14.3945502337
865	14.2346337607
870	15.4267200951
875	13.4971576697
880	8.65746137303
885	13.1356544998
890	13.985168266
895	12.270985005
900	14.542859481
905	15.6038327433
910	11.0136723032
915	9.24118377248
920	15.1072364829
925	13.9721884706
930	12.9766833516
935	15.6477818922
940	9.98687127176
945	13.2339563569
950	14.317584872
955	13.2911909995
960	10.1423742658
965	10.7538822613
970	4.33117159447
975	7.05288541454
980	13.4525593899
985	12.1692801049
990	14.4447778749
995	10.7300379433
1000	9.48770541884
1005	10.3115595948
1010	12.8046160922
1015	11.3934090597
1020	8.72829704361
1025	10.0438675715
1030	12.8054298051
1035	12.0053523515
1040	7.93826380237
1045	14.9551723248
1050	11.6932162484
1055	11.77003118
1060	12.0952896577
1065	14.1433545524
1070	12.2025458996
1075	9.95531029057
1080	13.0026366096
1085	6.53057050603
1090	12.8272854479
1095	6.50502350978
1100	16.0336126524
1105	11.7987414698
1110	13.3653215277
1115	6.05702346259
1120	9.4246853304
1125	11.4145367037
1130	10.6481453745
1135	13.7617943482
1140	14.7377584718
1145	11.4451526075
1150	14.427910914
1155	14.303206401
1160	9.47258918589
1165	12.7818339653
1170	10.773652396
1175	13.5242930805
1180	13.4316168098
1185	11.9516441787
1190	14.3275633763
1195	12.6175928349
1200	10.7222130953
1205	11.9580653111
1210	10.7740372251
1215	7.7648053142
1220	14.695432726
1225	9.87789267822
1230	14.6677471314
1235	10.0464678122
1240	12.6176445273
1245	14.5036985024
1250	9.24305876322
1255	12.5160124941
1260	12.0859869788
1265	8.10595458903
1270	10.4106358059
1275	7.75013788686
1280	12.616979114
1285	7.26910825735
1290	8.72767076141
1295	15.2378034964
1300	14.9209715879
1305	12.4434212237
1310	13.7270371036
1315	14.413923533
1320	14.1104754162
1325	10.5263834135
1330	9.34064219387
1335	9.82693350175
1340	12.0981495033
1345	9.8910522135
1350	6.16573236192
1355	7.80428628861
1360	14.2719711057
1365	13.8547473459
1370	10.182175733
1375	13.4013041933
1380	12.4664634022
1385	12.7317021388
1390	11.2047425551
1395	10.8358535215
1400	13.216192717
1405	12.0659642869
1410	14.1325828102
1415	12.7455848189
1420	10.8742842489
1425	14.5046063948
1430	14.2205575124
1435	10.7432828633
1440	13.8238986846
1445	14.6399141309
1450	16.0038583607
1455	12.0137747641
1460	14.484985367
1465	10.3758012041
1470	12.8183153056
1475	13.51911614
1480	13.4746726431
1485	14.430159152
1490	10.2718251069
1495	12.603378421
1500	8.81051647044
1505	12.2054522228
1510	11.6248210314
1515	11.4217690236
1520	14.9375139177
1525	8.88531502501
1530	13.7341609419
1535	14.5511772229
1540	9.79676039899
1545	8.88064562628
1550	14.0180639919
1555	13.6892260041
1560	9.78529287556
1565	8.33468764777
1570	13.0516616805
1575	8.67698453599
1580	14.7652014665
1585	7.52277553344
1590	9.52497172869
1595	11.9366724697
1600	12.0980555684
1605	6.27305773017
1610	11.0162979335
1615	13.5216346771
1620	14.805840953
1625	12.2042289301
1630	10.48373197
1635	9.55917192579
1640	13.5254704395
1645	9.37135533339
1650	11.5149539844
1655	11.9074418491
1660	13.5507338545
1665	10.50454821
1670	11.682997588
1675	11.2825710909
1680	9.51658377566
1685	13.7439339896
1690	10.058226942
1695	12.2773792927
1700	15.8959372837
