0	2.98469680163
5	2.99927373661
10	2.60537438019
15	2.99909013827
20	2.99914304839
25	2.99926231412
30	2.99784902665
35	2.9984700693
40	2.99916907971
45	2.96250302637
50	2.70818242228
55	2.74599653727
60	2.96109111618
65	2.9858916235
70	2.9982072589
75	2.88816254591
80	2.99927653297
85	2.75620236067
90	2.91966534658
95	2.99112099072
100	2.92434653784
105	2.99925755874
110	2.92948540298
115	2.99836711299
120	2.99927597284
125	2.99923914751
130	2.99918587507
135	2.82491450004
140	1.9550101404
145	2.99907507391
150	2.99008566134
155	2.93068384056
160	2.99746163058
165	2.99873930134
170	2.99835259126
175	2.88870606892
180	2.99927651683
185	2.99150931018
190	2.99073538766
195	2.99927652919
200	2.9788357191
205	2.99828702885
210	2.99646626081
215	2.993437343
220	2.61400925959
225	2.8444826809
230	2.98400244143
235	2.88865202185
240	2.97197912065
245	2.28731855633
250	2.81376058453
255	2.99927650569
260	2.99915437103
265	2.46287298452
270	2.99889409315
275	2.33435443834
280	2.92858807783
285	2.99927311788
290	2.99838305234
295	2.79775583091
300	2.99927651292
305	2.96419863705
310	2.98708809776
315	2.99887262819
320	2.9253292645
325	2.99925525671
330	2.97454588621
335	2.99882891421
340	2.99544397464
345	2.84294786348
350	2.30783663006
355	2.99790599833
360	2.99926649101
365	2.99804577353
370	2.97173191291
375	2.95075381593
380	2.99551033302
385	2.9992429602
390	2.1373032382
395	2.99402048853
400	2.99918292906
405	2.85822078539
410	2.94684026587
415	2.99824478465
420	2.99927624102
425	2.99847703402
430	2.92832831053
435	2.9828779386
440	2.76768980855
445	2.73589422204
450	2.99284092518
455	2.69952607984
460	2.97834228774
465	2.99568879199
470	2.99231769032
475	2.99911472403
480	2.99927653376
485	2.89403091834
490	2.9964174249
495	2.99924208059
500	2.9991670262
505	2.93438890664
510	2.93675045248
515	2.7663507193
520	2.99104648099
525	2.93260650929
530	2.99746586526
535	2.97170949547
540	2.99927653608
545	2.60123120273
550	2.96913100641
555	2.98818131115
560	2.99854773764
565	2.96567347716
570	2.99922778057
575	2.9596712454
580	2.52677249498
585	2.85185892926
590	2.99927653609
595	2.99885927086
600	2.99926047687
605	2.99394481354
610	2.9992765245
615	2.24378099029
620	2.64732760331
625	2.98523810645
630	2.99383897392
635	2.98884089688
640	2.94477884966
645	2.85665948083
650	2.99918796207
655	2.99927216541
660	2.9989898773
665	2.79516765427
670	2.99926884695
675	2.69800753838
680	2.92971849598
685	2.9991710065
690	2.98602299185
695	2.99688541087
700	2.99927649116
705	2.74094168504
710	2.99927317236
715	2.9112649358
720	2.92226128507
725	2.99825721661
730	2.92384909713
735	2.99897363437
740	2.53040615495
745	2.99927620826
750	2.98550572253
755	2.71484276041
760	2.98014233856
765	2.96200836497
770	2.99489623438
775	2.98030286008
780	2.99754831103
785	2.83278760844
790	2.71208648256
795	2.996248267
800	2.99927441144
805	2.97648506659
810	2.99729053776
815	2.99927651588
820	2.9987102841
825	2.99927645065
830	2.9992765358
835	2.05788524585
840	2.97790341917
845	2.57143221019
850	2.91136907612
855	2.70524687398
860	2.99905251381
865	2.96816487225
870	2.99918955806
875	2.97177149483
880	2.99395653346
885	2.99927638103
890	2.90654751423
895	2.99852176063
900	2.99881289441
905	2.94272908704
910	2.96953386179
915	2.99927652209
920	2.84845851386
925	2.98345664012
930	2.92592548665
935	2.99042873467
940	2.99927360382
945	2.92360232776
950	2.99894625725
955	2.99762951862
960	2.99838657263
965	2.99054716058
970	2.84910019108
975	2.98501636512
980	2.52473041042
985	2.82215437202
990	2.99927653465
995	2.99076042459
1000	2.99927121874
1005	2.9981939352
1010	2.82776958851
1015	2.99923488221
1020	2.65381700915
1025	2.90402114224
1030	2.99924443381
1035	2.8493123493
1040	2.99927653502
1045	2.99730426428
1050	2.9986772982
1055	2.99278989993
1060	2.92734911549
1065	2.99865770473
1070	2.95332099115
1075	2.53138598818
1080	2.81380258696
1085	2.98538913224
1090	2.96165151625
1095	2.99927157387
1100	2.99927648295
1105	2.89462960933
1110	2.9992510381
1115	2.99926815155
1120	2.99218769415
1125	2.99710139347
1130	2.92964404878
1135	2.99207683703
1140	2.84096710228
1145	2.99927653398
1150	2.99920531254
1155	2.99920958976
1160	2.7930210058
1165	2.16434552127
1170	2.99920785999
1175	2.97344911197
1180	2.99807779792
1185	2.99875967547
1190	2.93925157426
1195	2.26844716618
1200	2.73846641735
1205	2.95907203822
1210	2.89193190487
1215	2.53096576959
1220	2.99926355451
1225	2.99576385573
1230	2.99357119736
1235	2.9992752149
1240	2.95178491549
1245	2.88388336068
1250	2.81240059762
1255	2.89682597101
1260	2.9473626063
1265	2.72919917627
1270	2.99924324133
1275	1.65774983892
1280	2.99588163194
1285	2.98182570875
1290	2.98853004018
1295	2.99758437372
1300	2.93524550313
1305	2.90240612339
1310	2.99491324324
1315	2.99927606788
1320	2.90077395004
1325	2.98726264222
1330	2.99927651463
1335	2.999254893
1340	2.61790802166
1345	2.94250912691
1350	2.99843023695
1355	2.88636804181
1360	2.99926647738
1365	2.99925186288
1370	2.89033779669
1375	2.89327223616
1380	2.99919624709
1385	2.99927653607
1390	2.99925949602
1395	2.89915706616
1400	2.9992765361
1405	2.99834807389
1410	2.99602216959
1415	2.92619650777
1420	2.90250826825
1425	2.99613833044
1430	2.99927651261
1435	2.99901927434
1440	2.95376583288
1445	2.99075390313
1450	2.97899769258
1455	2.94653827623
1460	2.9992765361
1465	2.86223030884
1470	2.9045546181
1475	2.97055324898
1480	2.96487007958
1485	2.99927461764
1490	2.94573560155
1495	2.95996799055
1500	2.99806086493
1505	2.87721835167
1510	2.96691987553
1515	2.99578343679
1520	2.99649716568
1525	2.98446809393
1530	2.99010459535
1535	2.99922254779
1540	2.9992738499
1545	2.97239760629
1550	2.99927653587
1555	2.9992765361
1560	2.99177053271
1565	2.78704199335
1570	2.20444649453
1575	2.66377788897
1580	2.99078440889
1585	2.99926015244
1590	2.99926867374
1595	1.79639439195
1600	2.64155049804
1605	2.96151346029
1610	2.908908637
1615	2.99350899546
1620	2.99800941711
1625	2.88923250799
1630	2.99921432793
1635	2.99458476304
1640	2.98344348533
1645	2.99926070729
1650	2.99920382393
1655	2.99009065353
1660	2.9981758478
1665	2.9143843164
1670	2.83883269909
1675	2.98279724166
1680	2.99927140567
1685	2.76665800919
1690	2.97843335554
1695	2.99052935598
1700	2.99044268899
