0	4.31335600213
5	4.46930015517
10	4.46556549881
15	4.46835462418
20	4.44440371135
25	4.46660853894
30	4.4702046261
35	4.4426778722
40	4.45010400385
45	4.4701702338
50	4.42808713337
55	4.47020444356
60	4.45069314383
65	4.4682735511
70	4.47020462556
75	4.44748522709
80	4.46979961508
85	4.34301135375
90	4.09269016071
95	4.30176943648
100	4.38222662179
105	4.47020462608
110	4.46031862803
115	4.47020462091
120	4.46900835206
125	4.46582563823
130	4.47020430123
135	4.46836550567
140	3.62030176589
145	3.93316573619
150	4.47020320226
155	4.47001898641
160	4.00651755392
165	4.47020462611
170	4.47020462611
175	4.45899498812
180	4.47018646716
185	4.4164640991
190	4.47020460563
195	4.47020462611
200	4.45436593366
205	4.45635091383
210	4.46485839229
215	4.47018842532
220	4.47020102196
225	4.34335349187
230	4.47020462594
235	4.45785431596
240	4.40815449041
245	4.47012132167
250	4.47020435038
255	3.78327223792
260	4.47020458185
265	4.47020462611
270	4.41654941651
275	4.46519216564
280	4.47020462604
285	4.4687716386
290	4.47016216237
295	4.33726926973
300	4.47010587269
305	4.470204626
310	3.85975732829
315	4.46511175163
320	3.9052179006
325	4.47020425705
330	4.3978951835
335	4.47020462611
340	4.47002863158
345	4.46877537402
350	4.47020451406
355	4.47018114989
360	4.47019577876
365	4.47020412049
370	4.47020461918
375	4.47020430649
380	4.00150643895
385	4.47020462611
390	4.45573528851
395	4.4702039942
400	4.47020454257
405	4.47020460004
410	3.37241405619
415	4.47020462611
420	3.6290442483
425	4.47020462444
430	4.47011858514
435	3.74403151293
440	4.47020462611
445	4.3341312737
450	4.46947184795
455	4.46760552487
460	4.47020456372
465	4.21515759081
470	4.47020134967
475	4.47018979089
480	4.08962515939
485	4.41006436909
490	4.47020462328
495	4.46364001862
500	4.46919053974
505	4.38273439906
510	4.37922666262
515	4.47020462611
520	4.37916064835
525	4.47020462434
530	4.47020462611
535	4.46934209372
540	4.28700815633
545	4.45605811093
550	4.46671476494
555	4.44036555103
560	4.46583977729
565	4.44312331581
570	4.27441467315
575	4.47020422551
580	4.47020459136
585	4.40995485791
590	4.47020461754
595	4.46944328076
600	4.47019600336
605	4.46160987694
610	4.44054089314
615	4.46932760373
620	4.45589827964
625	4.47020462602
630	4.29055602568
635	4.01463639926
640	4.45671478652
645	4.30640192892
650	4.47020462596
655	4.46878137869
660	4.46737726147
665	4.25310880115
670	4.46912664513
675	4.05728175824
680	4.47020462611
685	4.47020462611
690	4.47007932449
695	4.45560467384
700	4.47020462441
705	4.45103580349
710	4.47019583758
715	4.47020432968
720	4.40562739743
725	4.47020078
730	4.38156004285
735	4.46458039374
740	4.18550917173
745	4.43104253833
750	4.47008616766
755	4.39277246556
760	4.38985393285
765	4.47020462608
770	4.46533873916
775	4.44630921094
780	4.47020462611
785	3.82676642936
790	4.44257725632
795	4.47020462611
800	4.47020458166
805	4.47014057553
810	4.47020460266
815	4.21822356474
820	4.46987594453
825	4.42472319457
830	4.44027549949
835	4.38763223789
840	4.33815966339
845	4.47013228404
850	4.47020462209
855	4.47020353196
860	4.46963624944
865	4.47020454103
870	4.47019027124
875	4.47019996896
880	4.35538825246
885	4.47002918385
890	4.39517250224
895	4.4261515723
900	4.46438076954
905	4.4694644955
910	4.47020129161
915	4.45765954897
920	4.4702046089
925	4.45603225931
930	4.39523387883
935	4.47020122514
940	4.46959297109
945	4.4399450514
950	4.46723117632
955	4.00605128766
960	4.47019520304
965	4.4671652213
970	4.47020461872
975	4.47020462611
980	3.84888939453
985	3.32745615361
990	4.36783347413
995	4.46702595016
1000	4.47020462611
1005	4.47020083086
1010	4.47020462611
1015	4.4701263197
1020	4.47018270267
1025	4.47014774715
1030	4.47020447349
1035	4.47018676581
1040	4.47020462611
1045	4.46743760519
1050	4.01250460005
1055	4.47020462611
1060	3.9735501292
1065	4.47020453036
1070	4.46960718692
1075	4.47020462431
1080	4.47003969598
1085	4.47020462611
1090	3.98496316652
1095	4.47020462611
1100	4.47019540005
1105	4.46955769175
1110	4.4702045537
1115	4.47020454717
1120	4.28954843325
1125	4.47020462611
1130	4.47020305965
1135	4.4702046261
1140	4.41026450534
1145	4.40462617001
1150	4.40088744407
1155	4.47020462611
1160	4.23415138117
1165	4.44421555662
1170	4.47020462611
1175	4.46984776457
1180	4.47020461834
1185	4.47020462608
1190	4.47018788249
1195	4.4702046248
1200	4.47008534731
1205	4.44195107392
1210	4.44386039735
1215	4.47020462611
1220	4.46290146624
1225	4.46749817418
1230	4.47020435598
1235	4.4700701078
1240	4.4677062958
1245	4.47019397086
1250	4.46885069251
1255	4.47010056271
1260	4.47014877203
1265	4.39253150683
1270	4.47020462611
1275	4.46837131226
1280	4.4702034467
1285	4.46986951155
1290	4.15190839895
1295	4.31416660789
1300	4.45938961962
1305	4.47020459391
1310	4.47011656972
1315	4.4702034861
1320	4.46932821989
1325	4.47020462554
1330	4.47020462608
1335	4.47018912056
1340	4.4702046261
1345	4.46457159129
1350	4.47019908526
1355	4.46969841501
1360	4.47020460437
1365	4.43288005251
1370	4.30581146793
1375	4.39923098504
1380	4.37805051689
1385	4.45436875278
1390	4.47020461861
1395	4.47020450074
1400	4.47020461782
1405	4.16516070995
1410	4.37881252685
1415	4.47020462573
1420	4.02954002411
1425	4.46004622656
1430	4.47020460458
1435	4.46348359569
1440	4.47020462611
1445	4.47020137737
1450	4.47020462571
1455	4.46947007223
1460	4.46746168597
1465	4.45934750891
1470	4.47020433147
1475	4.47020462611
1480	4.47016441021
1485	4.47009073286
1490	4.47020462611
1495	4.47020340841
1500	4.47020462611
1505	4.47019737451
1510	4.47020433168
1515	4.44047181228
1520	4.44958653429
1525	4.47019246835
1530	4.47019784157
1535	4.46835805349
1540	4.3752308294
1545	4.46021311417
1550	4.4702037628
1555	4.21407757379
1560	4.47020462596
1565	4.47020298505
1570	4.43597638158
1575	4.47020462551
1580	4.47013701099
1585	4.46342923019
1590	4.44654672444
1595	4.47020460746
1600	4.47020462611
1605	4.47020453807
1610	4.47020462598
1615	4.4427677851
1620	4.46921197939
1625	4.40265680226
1630	4.46993741812
1635	4.44462444046
1640	4.47017847978
1645	4.47020462611
1650	4.46903392637
1655	4.46421372761
1660	4.41467854194
1665	4.47020462574
1670	4.42797583127
1675	4.33913860871
1680	4.46056716286
1685	4.46315474666
1690	4.21131554294
1695	4.47020462597
1700	4.47020462611
1705	4.41952038749
1710	4.4701406705
1715	4.47020462607
1720	4.47020435885
1725	4.47020373377
1730	4.47020462611
1735	4.43296938742
