0	6.23992315185
5	5.54735957618
10	6.2432403328
15	4.54613162723
20	4.76486371427
25	5.02935833804
30	5.12587555764
35	5.3505484838
40	5.67939806274
45	6.23938967638
50	5.53541954121
55	6.12621548865
60	5.49897535633
65	5.12606079613
70	6.08439157332
75	5.98071585168
80	5.96573560366
85	4.63284055269
90	4.96732519632
95	6.22056880776
100	5.42818100806
105	6.3635321026
110	6.05850628237
115	5.00774697011
120	5.74104263485
125	3.90100121676
130	2.93901305659
135	4.23797163646
140	5.7541390308
145	5.5247505722
150	5.46032849143
155	5.77132847466
160	5.90722752865
165	6.2945929629
170	2.84928971675
175	4.96440308608
180	5.64060139117
185	5.24389186005
190	5.88936238278
195	5.39608428339
200	5.74790808498
205	4.57558192422
210	5.80803636986
215	6.18786993172
220	5.14969190836
225	4.51065631916
230	5.60118197497
235	4.89336818841
240	5.43081771459
245	5.72019055607
250	5.40764226981
255	5.80329733444
260	5.36385827316
265	5.60084997981
270	4.43430446435
275	5.2881136484
280	5.82904612842
285	6.24306799411
290	5.36075508532
295	5.87627620066
300	6.02961313262
305	5.27631521198
310	5.87848412456
315	6.25671653557
320	3.89684516519
325	6.16967994905
330	6.17479174718
335	4.66996304194
340	5.44979850291
345	5.47448708391
350	5.7803887827
355	4.72380145
360	5.88254676878
365	5.32841748635
370	4.12812328496
375	4.83942048598
380	5.15763779285
385	5.55215370831
390	5.9711801602
395	5.91620219764
400	4.18746598784
405	6.19428953727
410	5.90296228788
415	4.92859692982
420	4.91947485807
425	5.44112088574
430	3.38011219304
435	6.22058461761
440	5.95011487643
445	3.5814916521
450	5.28393332506
455	4.57857068408
460	4.75391977416
465	5.66958273483
470	5.92828654783
475	6.24025372107
480	5.4948704892
485	5.87716506031
490	2.83282470272
495	4.5435837021
500	5.41481901361
505	4.84185893135
510	5.94274110116
515	5.89853438056
520	4.64326208062
525	4.73260281744
530	5.18191385363
535	5.87617746009
540	6.14305436011
545	6.37504335306
550	3.7735662124
555	5.54124728934
560	6.24088975201
565	4.89521683012
570	4.94235218691
575	3.90110743973
580	5.00811453445
585	5.26501648753
590	5.62032671164
595	5.82873739678
600	5.35676323856
605	3.68776742842
610	5.23216092361
615	3.97981821403
620	5.99002997107
625	5.3491236853
630	4.98062149691
635	5.05546928598
640	4.1703024659
645	4.69075452839
650	2.96144812879
655	5.74074906582
660	4.11381372796
665	5.81989141723
670	6.38383880428
675	4.50932455024
680	5.3745340532
685	5.26245857488
690	4.08359811319
695	5.33574886398
700	4.54063194265
705	5.15851600658
710	4.30242120214
715	6.06611159615
720	5.81452605142
725	5.2067701721
730	6.3115759881
735	5.74416833169
740	5.24602294783
745	5.50363801827
750	5.8317519316
755	3.91426067611
760	5.39462416135
765	5.01145400837
770	5.26972759367
775	4.32970239316
780	6.1717674473
785	5.48525085482
790	6.01489300921
795	6.40410302421
800	6.23072966853
805	4.63143058164
810	4.90477427999
815	5.45484364661
820	4.66849492213
825	5.56107739534
830	5.62590381493
835	6.22866825019
840	5.61077929775
845	4.40527006502
850	4.69386359683
855	6.35463671138
860	3.96504176668
865	5.607861551
870	6.12865306581
875	4.71920116655
880	5.13751537645
885	6.14839776262
890	4.89471988168
895	5.67831856826
900	5.9439508639
905	5.26403612145
910	4.81149970036
915	5.65883002377
920	6.11748518171
925	6.37452856946
930	4.82996239241
935	3.42888848518
940	3.8678618086
945	5.88361688719
950	4.95357426379
955	4.13709101045
960	6.32968421417
965	2.83506663626
970	3.10143641498
975	4.65783602207
980	5.9324009173
985	5.07274261498
990	5.06872383539
995	5.15108153149
1000	5.32022982102
1005	6.43440493568
1010	4.80177460598
1015	5.46183527418
1020	4.26555411819
1025	6.06482202122
1030	5.20380570973
1035	5.66729549148
1040	5.38373431042
1045	5.27873627142
1050	5.95678993276
1055	5.4227038396
1060	5.68703888617
1065	5.63701969856
1070	5.41748389586
1075	6.06623483848
1080	5.50262008471
1085	5.82442280368
1090	5.15823213081
1095	4.27479107904
1100	5.67053893847
1105	5.86338935923
1110	5.28513133322
1115	3.22743539009
1120	5.09656728896
1125	5.13685422882
1130	4.87782166375
1135	5.85021086148
1140	4.979470542
1145	4.73494704669
1150	4.95497555707
1155	4.18195426272
1160	4.98281835017
1165	3.25259371196
1170	6.24089722767
1175	5.91811406822
1180	4.14101689026
1185	6.00697296496
1190	4.91459301925
1195	4.65063864661
1200	5.18661930185
1205	5.39910318209
1210	5.21169973293
1215	6.12227623235
1220	4.48971542926
1225	5.64201184214
1230	5.64084698946
1235	6.1355860736
1240	5.70148356067
1245	5.74504248184
1250	5.75822885554
1255	5.92749529137
1260	6.40905665631
1265	5.88224856317
1270	5.48324803169
1275	5.33333833396
1280	1.94052805807
1285	5.01435427688
1290	5.66536236054
1295	5.80475498969
1300	4.43201892955
1305	5.76193522248
1310	6.02331703879
1315	4.73142890835
1320	6.09154647477
1325	5.29967322996
1330	5.39086335577
1335	5.1191907931
1340	3.78682591597
1345	4.0374410794
1350	6.21617770948
1355	5.53642437303
1360	5.18429371144
1365	2.79725936865
1370	4.27245516175
1375	4.54443397585
1380	5.31408965322
1385	5.75869298689
1390	6.11611165155
1395	5.03262427526
1400	5.72415998579
1405	4.68951532648
1410	5.76365539166
1415	4.81986549427
1420	4.76910770178
1425	5.99997743975
1430	6.18573469076
1435	4.01891106981
1440	5.45795088783
1445	5.7535022362
1450	3.97685216138
1455	5.45381286283
1460	4.32226361425
1465	4.24591990981
1470	3.02655692087
1475	4.93298642604
1480	5.47414069826
1485	6.05192234452
1490	5.1749278672
1495	4.91670839925
1500	5.78995527297
1505	5.76262392582
1510	6.09755116229
1515	6.29952106864
1520	4.808676247
1525	4.70690883845
1530	4.3617360145
1535	4.97497450868
1540	4.5699088474
1545	4.74531802537
1550	5.87551269252
1555	4.99184824593
1560	4.42237680051
1565	5.00094675506
1570	3.76295821489
1575	6.05692086261
1580	6.27766159567
1585	5.14618338912
1590	4.05147763174
1595	4.59881394141
1600	5.50707162898
1605	4.39717328165
1610	5.9062854991
1615	4.78314009757
1620	4.81124157412
1625	5.23525561022
1630	4.68961279117
1635	6.0602814285
1640	5.28160358189
1645	5.90838901596
1650	5.82544584464
1655	5.4165170577
1660	3.74105687268
1665	6.02208582609
1670	6.35741904708
1675	5.27405319659
1680	5.5946068608
1685	3.73308029805
1690	4.3554070733
1695	5.62460786528
1700	5.21501988244
1705	5.04525369891
1710	6.18517047479
1715	6.32620643089
1720	6.10761661765
1725	5.32777379425
1730	6.03963894414
1735	6.06081077217
1740	4.48852180762
1745	5.56647782648
1750	3.50593961528
1755	4.41620325392
1760	4.757493693
1765	5.96839196423
1770	5.66180275163
1775	5.34734675666
1780	5.286829426
1785	3.97138152497
1790	5.56907045368
