0	5.12265847301
5	2.48235968445
10	2.48235968445
15	2.48235968445
20	2.48235968445
25	3.3208380857
30	3.88838632407
35	2.48235968445
40	4.14041537246
45	3.13111699056
50	2.98084558294
55	2.48235968445
60	2.48235968445
65	2.48235968445
70	2.48235968445
75	2.48235968445
80	3.96030881429
85	3.03650848661
90	2.48235968445
95	2.52783821632
100	2.48235968445
105	2.48235968445
110	2.70831202718
115	2.48235968445
120	2.48235968445
125	2.48235968445
130	3.13025714228
135	2.48235968445
140	2.48235968445
145	2.48235968445
150	3.9674199983
155	2.48235968445
160	4.32442800542
165	4.74683756137
170	3.999745149
175	2.48235968445
180	2.48235968445
185	2.8442252308
190	2.48235968445
195	2.48235968445
200	2.81048480269
205	2.48235968445
210	2.60562958815
215	2.57758427332
220	2.48235968445
225	2.48235968445
230	2.48235968445
235	3.12432181396
240	3.47540109298
245	2.48235968445
250	3.02726009617
255	2.48235968445
260	2.48235968445
265	3.07638975105
270	2.52252504738
275	2.48235968445
280	2.63226787962
285	4.28097503617
290	4.1807144402
295	2.48235968445
300	2.48235968445
305	6.96198478144
310	2.48235968445
315	2.48235968445
320	2.97710130237
325	5.75667277762
330	2.70024268993
335	4.30704194596
340	2.48235968445
345	2.48235968445
350	3.28235482266
355	2.48235968445
360	4.99736782366
365	2.48235968445
370	2.48235968445
375	2.48235968445
380	2.48235968445
385	2.48235968445
390	2.48235968445
395	2.48235968445
400	3.78752373447
405	2.48235968445
410	2.48235968445
415	4.34512400197
420	2.48235968445
425	4.58540396755
430	3.92996619311
435	3.04493696452
440	3.73985927484
445	2.48235968445
450	4.93935795977
455	2.48235968445
460	2.48235968445
465	2.95429920575
470	2.48235968445
475	3.75294056547
480	2.48235968445
485	2.48235968445
490	5.04834515898
495	3.07344035048
500	2.51120003461
505	2.48235968445
510	2.48235968445
515	3.99191717229
520	2.48235968445
525	2.89245334591
530	2.48235968445
535	2.75343842257
540	2.48235968445
545	2.48235968445
550	2.61887402421
555	3.76337679231
560	2.68825057045
565	3.89611537797
570	4.87399487394
575	4.98659582499
580	2.48235968445
585	3.26323820729
590	2.48235968445
595	2.48235968445
600	2.48235968445
605	2.48235968445
610	2.48235968445
615	2.48235968445
620	2.48235968445
625	2.48235968445
630	2.48235968445
635	3.18856138948
640	2.48235968445
645	4.55604836108
650	2.48235968445
655	2.48235968445
660	2.48235968445
665	2.48235968445
670	3.22735706118
675	2.48235968445
680	2.48235968445
685	2.48235968445
690	2.48235968445
695	2.48235968445
700	2.48235968445
705	5.1624050083
710	4.92410596829
715	2.48235968445
720	3.02575042771
725	5.30884870656
730	2.48235968445
735	2.48235968445
740	2.48235968445
745	6.97614331935
750	2.48235968445
755	3.51866944954
760	2.48235968445
765	2.48235968445
770	3.93869866138
775	2.48235968445
780	2.48235968445
785	2.48235968445
790	3.0064234648
795	2.48235968445
800	2.48235968445
805	2.48235968445
810	2.48235968445
815	2.48235968445
820	2.48235968445
825	2.71024456539
830	3.64375547314
835	2.48235968445
840	4.59228650094
845	2.48235968445
850	2.48235968445
855	2.48235968445
860	2.48235968445
865	2.70644060287
870	2.48235968445
875	2.48235968445
880	2.48235968445
885	2.64115506951
890	2.48235968445
895	2.48235968445
900	2.48235968445
905	3.06966382943
910	2.48235968445
915	2.52163649022
920	2.48235968445
925	2.48235968445
930	2.48235968445
935	2.48235968445
940	2.48235968445
945	5.06688080288
950	5.13004607394
955	3.63221102486
960	6.31731224262
965	3.51890876591
970	2.73026207502
975	5.05984198098
980	2.48235968445
985	2.48235968445
990	3.233152893
995	2.67934296034
1000	2.48235968445
1005	2.96744553842
1010	2.48235968445
1015	2.48235968445
1020	2.48235968445
1025	4.41531601601
1030	2.48235968445
1035	2.92054114271
1040	2.48235968445
1045	4.38605251377
1050	2.48235968445
1055	3.16376767299
1060	2.48235968445
1065	2.48235968445
1070	3.10748003624
1075	4.68022363567
1080	2.48235968445
1085	2.48235968445
1090	3.51302910457
1095	2.48235968445
1100	2.48235968445
1105	2.48235968445
1110	2.48235968445
1115	3.24264860123
1120	2.48235968445
1125	2.48235968445
1130	2.98955550811
1135	2.48235968445
1140	2.48235968445
1145	2.48235968445
1150	2.58965237945
1155	2.48235968445
1160	3.24834295728
1165	3.28901220244
1170	2.48235968445
1175	3.19968203007
1180	2.48235968445
1185	3.37479006311
1190	2.48235968445
1195	2.48235968445
1200	2.48235968445
1205	3.47867580681
1210	2.48235968445
1215	2.68769793609
1220	2.48235968445
1225	2.48235968445
1230	2.48235968445
1235	3.9929538743
1240	2.48235968445
1245	4.08316086389
1250	2.794477663
1255	2.48235968445
1260	2.48235968445
1265	2.48235968445
1270	4.61844681117
1275	3.88110370798
1280	2.48235968445
1285	3.06872749923
1290	3.16841143876
1295	3.74429295973
1300	2.48235968445
1305	4.74567832502
1310	2.48235968445
1315	3.34271122166
1320	2.94270374512
1325	4.57916387266
1330	2.48235968445
1335	2.64694379549
1340	2.48235968445
1345	2.48235968445
1350	2.48235968445
1355	2.71794910983
1360	2.48235968445
1365	2.48235968445
1370	4.31157313824
1375	3.52250383203
1380	4.18938384066
1385	4.00790709995
1390	3.06627710873
1395	2.48235968445
1400	2.48235968445
1405	3.55057351287
1410	2.48235968445
1415	2.48235968445
1420	2.48235968445
1425	4.47839911857
1430	2.48235968445
1435	4.00399167665
1440	2.48235968445
1445	2.48235968445
1450	2.48235968445
1455	4.78005920848
1460	3.00301443688
1465	2.48235968445
1470	2.48235968445
1475	3.07462471406
1480	3.33780607752
1485	2.48235968445
1490	2.48235968445
1495	2.48235968445
1500	2.48235968445
1505	2.48235968445
1510	5.88977804377
1515	3.15231735251
1520	2.48235968445
1525	2.48235968445
1530	2.48235968445
1535	2.48235968445
1540	2.7504807402
1545	2.48235968445
1550	3.02187731197
1555	2.48235968445
1560	6.14631050059
1565	4.21649778935
1570	2.48235968445
1575	3.28389889658
1580	3.67280926567
1585	2.48235968445
1590	2.48235968445
1595	2.48235968445
1600	2.48235968445
1605	2.62267314358
1610	2.48235968445
1615	2.48235968445
1620	2.48235968445
1625	2.48235968445
1630	2.48235968445
1635	2.48235968445
1640	2.48235968445
1645	2.48235968445
1650	2.48235968445
1655	2.48235968445
1660	4.54360488757
1665	2.48235968445
1670	2.48235968445
1675	2.48235968445
1680	2.48235968445
1685	2.48235968445
1690	2.48235968445
1695	2.48235968445
1700	2.48235968445
1705	2.48235968445
1710	3.76893925385
1715	4.96531559836
1720	2.67204643652
1725	4.92569292722
1730	2.75608871305
1735	2.48235968445
1740	3.74260959041
1745	2.78822669622
