0	4.92540884456
5	5.42346081384
10	3.97880965911
15	4.08187743726
20	7.15214758735
25	5.38624295833
30	6.19731454872
35	5.64241805957
40	5.89435016682
45	4.84196685502
50	7.40241891467
55	5.56101095055
60	3.88893534453
65	4.0200140221
70	3.97265648141
75	5.00821565484
80	2.62149649531
85	4.64405823195
90	4.60989184034
95	4.7196324248
100	4.51566564965
105	2.5591882724
110	5.00052702719
115	3.14057274822
120	4.68255607281
125	5.28931302707
130	3.88632309244
135	5.31311723313
140	5.0222097041
145	5.14094590364
150	5.92554265686
155	4.92672461412
160	4.0701487451
165	5.21415098432
170	4.71776991403
175	5.16215029962
180	3.81529224144
185	7.23015270203
190	3.70457816775
195	3.62941267458
200	5.78821076375
205	4.38573531738
210	2.89375793448
215	7.40690083456
220	3.85232145005
225	5.63096260267
230	3.30249795154
235	3.61156443889
240	3.22821094142
245	3.49201584042
250	3.3011331298
255	7.42277174024
260	5.23741017796
265	5.34190944907
270	3.27790327007
275	4.87640202146
280	5.79579904513
285	3.10926059817
290	6.6204375953
295	5.13784925783
300	4.32228845144
305	5.47913036747
310	2.31224077921
315	5.93364767032
320	3.33000778424
325	3.66849868008
330	2.77709157334
335	3.50802719371
340	5.33517222631
345	5.66364651591
350	5.87503157434
355	2.18704960805
360	2.84121458748
365	5.92453863173
370	5.42021771134
375	5.94179786494
380	5.75254490272
385	3.56494636364
390	2.09541588375
395	5.51588115842
400	5.88764311343
405	3.41924126892
410	5.53309665332
415	7.41362359085
420	5.3864184913
425	4.63937771805
430	5.87081106734
435	6.08463400362
440	4.50283659601
445	7.00918645376
450	5.12444623812
455	2.09541588375
460	4.31419600251
465	5.29738868488
470	3.97917761882
475	4.35055458133
480	4.40445071683
485	5.84635239764
490	7.04948778183
495	2.09541588375
500	5.4663928173
505	4.57492085631
510	5.33196933445
515	4.6477881216
520	5.37569887351
525	4.54612294632
530	4.9002085268
535	5.64020148501
540	4.62200018924
545	4.08515428561
550	3.77209389092
555	4.04880396976
560	2.09541588375
565	5.48723985757
570	5.78996176233
575	5.43482557898
580	5.92418838861
585	5.16285397355
590	7.63297805282
595	5.72939083728
600	5.6292265834
605	4.96726967467
610	5.5425858991
615	2.28906583084
620	7.21938745899
625	5.85853964769
630	4.74418479155
635	4.41317209269
640	4.23763581394
645	5.49673334554
650	5.00142834898
655	4.47914500361
660	4.38980889011
665	4.55222874359
670	6.9226813839
675	4.18192859686
680	5.08144333147
685	3.96361322499
690	3.67850702725
695	4.87818463816
700	4.35053413029
705	4.55317923562
710	5.18418591307
715	5.89289616015
720	5.01488661108
725	5.76282615194
730	4.33299012055
735	7.05761310945
740	4.27270029768
745	5.15609774885
750	3.39535064664
755	4.77998977259
760	6.0325151743
765	2.29128542818
770	4.74632649161
775	7.79743709488
780	4.28374078919
785	6.26205925099
790	4.54573534519
795	5.35895594126
800	4.6040974717
805	5.01533940867
810	4.66766496484
815	6.56516584442
820	4.97566693685
825	2.09541588375
830	5.11932057219
835	2.09541588375
840	6.35601265641
845	5.44418610574
850	6.02896266334
855	3.22613511715
860	4.56505990906
865	3.71347603933
870	7.42653691246
875	5.01687691771
880	2.67255778965
885	6.26658887332
890	5.73467825981
895	6.16962639978
900	4.62495341561
905	3.73699634601
910	5.46088199439
915	5.18994380047
920	3.92464298665
925	4.48246334142
930	3.91215142053
935	4.35889490307
940	3.74792389573
945	5.5145842326
950	3.17099448138
955	3.35559616981
960	4.90607512846
965	3.4262977097
970	3.29267688417
975	4.78228052336
980	4.41000945273
985	6.86623708301
990	6.65797723342
995	3.22223111075
1000	5.3604245495
1005	6.72058939607
1010	5.32055928166
1015	2.46808261802
1020	6.37020090962
1025	5.95729949779
1030	2.99701777395
1035	5.52237649127
1040	6.00058419545
1045	4.21593769283
1050	2.50224583376
1055	4.5550916822
1060	8.57022881585
1065	6.32148932461
1070	6.28536948687
1075	3.91060785616
1080	5.01125481808
1085	3.0527268995
1090	5.77018967366
1095	4.40029821951
1100	6.4847661803
1105	3.78993669471
1110	6.56275674944
1115	3.58951095688
1120	6.7508758786
1125	5.93559558119
1130	2.4598699527
1135	4.5384202181
1140	5.75992285611
1145	3.78485844683
1150	4.21310766958
1155	2.72190800124
1160	5.63613967146
1165	3.60480241277
1170	6.51667389021
1175	4.09263694926
1180	3.99025741399
1185	5.50386690247
1190	5.18024007646
1195	3.91596767992
1200	2.45024365796
1205	4.87126368291
1210	5.52131537414
1215	4.58317092185
1220	6.84220599122
1225	5.36442902774
1230	5.40946656321
1235	4.93250196773
1240	5.02868738566
1245	4.47502154608
1250	3.44606041272
1255	4.87929395119
1260	5.9318464497
1265	2.09541588375
1270	6.19059070403
1275	4.44026604213
1280	6.34112811781
1285	2.95043833799
1290	2.98680448498
1295	6.05518502186
1300	5.98916811528
1305	3.49632818275
1310	5.4575554725
1315	6.04338503536
1320	8.49540664025
1325	5.60961135453
1330	4.98040090993
1335	4.77403794928
1340	4.74585244074
1345	3.15912677122
1350	5.08978418912
1355	6.20660509257
1360	7.43525408318
1365	5.31862414562
1370	5.33137673284
1375	4.88835439795
1380	7.27333126761
1385	7.7476050319
1390	5.38393922338
1395	4.94928114003
1400	3.89467384516
1405	6.56840382559
1410	4.25943951754
1415	6.59916503503
1420	5.76695320568
1425	4.37630039168
1430	6.15672057715
1435	6.164776864
1440	7.25121489415
1445	6.51403087448
1450	3.90398174209
1455	7.15061425451
1460	6.57246686877
1465	5.92107810823
1470	4.24983313158
1475	5.5634457779
1480	4.37980863767
1485	6.21307106662
1490	3.94356819162
1495	4.01991902036
1500	5.97867353747
