0	11.0358732395
5	9.65323994356
10	10.9136471569
15	8.34284818397
20	7.14986035111
25	8.17335918785
30	7.70023500582
35	7.99971949003
40	8.8393319161
45	8.04678351393
50	11.9242685829
55	9.1120769147
60	8.17753590588
65	6.29516815944
70	9.41915063303
75	10.9916644579
80	8.03796441231
85	9.23826276605
90	5.47544415039
95	7.40834998678
100	7.7880997131
105	9.04273950834
110	6.3299746521
115	10.0859224324
120	7.69690080774
125	8.75372232309
130	9.8352956616
135	7.91007438742
140	10.8356862627
145	9.48198070231
150	8.22280631846
155	6.12441650694
160	5.66825645133
165	8.0961854777
170	8.20388347588
175	9.54461344719
180	4.70155625249
185	8.4348821864
190	12.1359256961
195	9.64570045728
200	8.68772009483
205	9.93202801581
210	10.7647461961
215	5.90908083838
220	8.40018651695
225	5.76626004637
230	8.3886794734
235	9.39151524758
240	7.45802401094
245	4.19349031705
250	8.22821599585
255	3.92308447142
260	7.84599637629
265	10.171437868
270	6.87102953512
275	9.58278910923
280	9.82717784371
285	8.70376856748
290	7.28714740915
295	8.49591552114
300	6.10669690061
305	8.15343588699
310	11.3266221231
315	8.9006071848
320	10.0201728022
325	9.5534150827
330	5.84649264851
335	6.94485027697
340	7.48769017675
345	8.86768365909
350	8.53413454354
355	6.60876148765
360	7.23357669588
365	11.0112054548
370	4.85302100379
375	9.83067813881
380	6.82617441182
385	4.49798427575
390	10.9840459747
395	8.34357526201
400	6.61251719586
405	5.94838621015
410	10.2622109199
415	6.88485450957
420	9.94819227641
425	5.16700494939
430	8.115409143
435	11.4700594885
440	8.38086901081
445	5.51581789458
450	7.61735124429
455	7.02501748265
460	10.476245994
465	7.43782580012
470	5.16106805718
475	7.70549234637
480	4.51530404192
485	11.4876890779
490	8.50812870714
495	8.18811179078
500	10.0445035508
505	9.79416639115
510	8.64087621268
515	5.46479622115
520	7.99896863579
525	9.16849611343
530	9.42979422744
535	10.8638199132
540	9.40882732727
545	6.05274299082
550	7.92464372745
555	4.29683696344
560	6.52555516202
565	11.1131078877
570	6.50612852267
575	5.5998825284
580	9.88010895365
585	7.52999445555
590	8.73605088994
595	7.79461507075
600	6.22797306311
605	10.3677960042
610	6.80934300463
615	4.91749274929
620	5.73391360529
625	4.10216064249
630	9.19130675336
635	9.69508842629
640	10.8962706044
645	12.2865627063
650	7.3399900257
655	8.62172602155
660	6.67853975703
665	6.43138803131
670	7.89819959303
675	10.0413453731
680	7.3435294464
685	4.31621955526
690	10.3244643991
695	7.12420706079
700	10.2824676197
705	8.12183195807
710	5.64923583295
715	6.26716190299
720	7.99204868922
725	7.20888333478
730	5.23222742175
735	6.83968439123
740	6.65836237507
745	9.96112611761
750	5.9134263698
755	4.89829918902
760	8.63411599562
765	11.1926404205
770	11.2692897758
775	6.59134988364
780	8.91928704104
785	7.39361260212
790	12.8667574159
795	5.18182264477
800	7.84510497793
805	10.812697989
810	10.2035561743
815	8.34697036761
820	10.2801812385
825	10.7082791057
830	4.79154430325
835	8.57530430894
840	9.94239811171
845	7.23843809793
850	8.94050350924
855	5.60716540333
860	9.15113443467
865	8.31912073501
870	10.1389500372
875	7.17472256951
880	7.17195017883
885	9.67677116471
890	9.27521175815
895	10.3576588051
900	11.3357345873
905	6.71187982023
910	3.86429642247
915	5.79538801514
920	7.48863386101
925	8.55659208085
930	3.82491276347
935	8.9555240903
940	9.57850890812
945	6.26151307807
950	9.21931262753
955	10.9435180687
960	7.55518365822
965	4.89800598591
970	6.99204039872
975	5.41215729562
980	7.25913520008
985	7.17334006366
990	9.93347439309
995	5.25803467458
1000	8.12085857784
1005	11.3443727975
1010	8.76168560763
1015	11.2822552242
1020	9.86937021135
1025	8.86695810421
1030	9.2894152315
1035	6.803772638
1040	7.61566303416
1045	10.0597045413
1050	8.87116251883
1055	9.48612391774
1060	8.4057774665
1065	11.0796629396
1070	7.01698805627
1075	5.55951670686
1080	5.26824491549
1085	3.96254444994
1090	5.94082781248
1095	8.39674791528
1100	7.57665177194
1105	8.91034792379
1110	10.7342859148
1115	9.89686450092
1120	6.90465383466
1125	8.25952928742
1130	9.97368950448
1135	4.6932083595
1140	6.37894540949
1145	9.21148857737
1150	11.041396748
1155	6.91095642903
1160	6.21558382596
1165	7.48941722998
1170	5.26918462055
1175	10.2112763398
1180	9.41244703377
1185	6.34946797351
1190	6.89635033529
1195	6.87818617051
1200	7.52302110602
1205	7.51646920419
1210	10.0163941503
1215	11.0228194396
1220	8.88498534873
1225	7.81348409215
1230	9.49022481973
1235	5.67067405542
1240	10.1613137701
1245	10.9604999138
1250	8.55602170051
1255	8.90208279676
1260	5.13126103186
1265	6.50886152419
1270	9.7105253734
1275	7.65350212724
1280	7.92606969453
1285	8.66850926955
1290	8.34449558295
1295	8.16535049657
1300	7.37849164866
1305	7.30096294786
1310	8.28163117117
1315	6.43949140703
1320	8.99157752277
1325	9.36446018723
1330	5.56165464668
1335	8.38299727848
1340	8.07451882267
1345	10.7339921513
1350	4.3189584373
1355	9.8145063395
1360	6.33159997424
1365	5.33126607474
1370	9.2540999325
1375	6.19422233707
1380	7.62780958231
1385	6.96444392767
1390	6.89276928597
1395	7.76083820302
1400	9.68992374143
1405	8.85033003975
1410	6.45643248907
1415	9.40241921089
1420	9.70600168698
1425	10.1874665758
1430	8.59774126414
1435	3.16304906668
1440	6.31972645632
1445	7.53564591148
1450	5.92903110322
1455	8.44837807039
1460	8.04497631276
1465	11.1993203195
1470	9.62361799314
1475	6.28621397013
1480	8.83893313708
1485	5.18321917316
1490	9.32960216435
1495	5.40031539081
1500	5.42464687426
1505	6.67576549799
1510	7.35333556488
1515	10.260153849
1520	8.71156473526
1525	10.8529926601
1530	7.3128628616
1535	8.23189632234
1540	5.80160168039
1545	8.03261386887
1550	8.42170717114
1555	3.77526524279
1560	9.08845678776
1565	9.83160222417
1570	6.96368306552
1575	6.23829786134
1580	9.22921241172
1585	8.3937995622
1590	6.73360036946
1595	8.08607983994
1600	10.4581173835
1605	8.04204892619
1610	4.2175717811
1615	9.63242330783
1620	9.95379646155
1625	12.5450007479
1630	9.05857118789
1635	7.67643383041
1640	3.53036532348
