0	11.9209349303
5	12.8769047786
10	10.8681610105
15	8.10719397256
20	10.8366298063
25	10.8305599335
30	11.5080565228
35	9.78319163152
40	11.3484251113
45	11.5508837147
50	10.1675232505
55	12.2165140653
60	9.63721878851
65	11.5289698363
70	6.91415488581
75	6.99072384415
80	9.80901370323
85	9.87631337145
90	11.0982223137
95	10.0514251229
100	6.76949810862
105	12.8435184388
110	12.1846449632
115	10.7778113427
120	11.7805675696
125	8.3707072669
130	8.60192738494
135	12.3269334413
140	8.43165602049
145	11.8907082104
150	12.7894573616
155	10.7971595808
160	9.85504941206
165	9.3826196061
170	7.73076641977
175	9.73573526309
180	11.4147059987
185	11.032154155
190	10.0261751039
195	8.41590500309
200	10.1152961793
205	7.31359884488
210	11.396499682
215	9.2900958566
220	9.89250638609
225	12.3437331668
230	9.74710324403
235	8.37023259028
240	11.7385467273
245	9.22908283908
250	5.99508407211
255	10.5550523625
260	8.54643981722
265	9.80573533987
270	9.04242037874
275	11.0857980598
280	10.7618944786
285	11.4238965942
290	12.8492974747
295	9.58786504739
300	12.3437471892
305	12.750848358
310	11.0734028851
315	11.0229257886
320	9.48659284274
325	12.0917055611
330	11.5985753765
335	10.9895407139
340	11.7605700779
345	11.1544142366
350	10.7531774958
355	8.68904549089
360	12.37658637
365	9.85164084259
370	7.13446350604
375	7.14536236642
380	12.4518561866
385	8.99944606079
390	13.0051548891
395	12.7415354289
400	8.04821625264
405	11.3980727528
410	9.75419970929
415	11.9916322463
420	12.0567278351
425	9.20483579161
430	9.37480257657
435	9.12606031572
440	12.5587622803
445	10.2957217871
450	9.63440838396
455	10.8146432531
460	10.8955895286
465	10.6330172161
470	12.5521092152
475	12.5100867293
480	10.9645941074
485	10.1649808084
490	11.5670395984
495	10.5201728351
500	11.2534064406
505	9.23232981808
510	9.81862263391
515	10.6909024047
520	11.0326982118
525	10.439506975
530	10.580108243
535	11.5050943086
540	9.27271662281
545	10.2729413083
550	10.1140008205
555	10.3921234185
560	11.8501466902
565	9.2267821723
570	9.33262715521
575	8.96382015974
580	12.5005683334
585	9.16000075882
590	5.57065128231
595	8.56848265138
600	9.63895544069
605	11.4210733007
610	11.4954195418
615	11.7157734571
620	10.5398951847
625	12.2777361256
630	11.1086048512
635	10.1642397741
640	3.7090710872
645	10.9637189146
650	8.02763051105
655	6.23812461416
660	10.0259322027
665	10.2994264518
670	12.2771365083
675	10.2012449834
680	12.3281456554
685	11.5872356447
690	8.3030193038
695	10.449968771
700	3.93338030592
705	6.4242318066
710	11.6561300634
715	11.0372195547
720	10.1331567738
725	10.9924880187
730	10.8520357279
735	11.577041378
740	11.1618364221
745	9.75350339547
750	11.8761020759
755	6.68006667447
760	12.4087380603
765	8.90966905614
770	8.02559113691
775	9.13932563416
780	9.57762791187
785	12.6357907807
790	11.6195707597
795	11.4412344088
800	11.5159105452
805	11.6346968508
810	10.7659466343
815	10.8094743815
820	12.8852828481
825	8.33375766693
830	12.1713136613
835	8.9445136539
840	11.8107157561
845	11.6713042088
850	12.0207197377
855	9.89596172225
860	11.7045540717
865	10.3535016081
870	9.96262601045
875	10.3880685855
880	12.128757326
885	11.1579217849
890	8.87199054783
895	12.1349357933
900	11.3976700645
905	10.000774045
910	9.17659163149
915	9.43075388066
920	11.7831690733
925	10.5573334991
930	10.5758952224
935	10.6279911244
940	6.52679666833
945	12.1687385221
950	12.2013850433
955	12.5080895336
960	8.64576273267
965	12.2304865029
970	11.8540764982
975	12.6294361687
980	8.34165629974
985	9.29662365372
990	8.2051159226
995	10.0905210389
1000	8.52670242641
1005	10.865869998
1010	8.1202882286
1015	12.0614203124
1020	8.53310178163
1025	6.79369898112
1030	12.1618980849
1035	9.83135152869
1040	11.2617011952
1045	12.3758506186
1050	11.133188123
1055	9.25946174581
1060	9.51066681924
1065	8.14971736463
1070	11.9710334737
1075	8.98157827413
1080	8.45319881545
1085	10.6168930364
1090	11.9573117846
1095	10.6469775769
1100	8.04233676105
1105	8.196662198
1110	8.7526966774
1115	8.76483578732
1120	10.6344188458
1125	11.126452061
1130	9.83784164076
1135	11.7351252775
1140	5.91527850445
1145	11.2100096828
1150	7.56751788083
1155	10.0246254003
1160	8.22371340075
1165	10.4305950466
1170	8.57400115078
1175	12.9263931167
1180	11.7365624407
1185	9.63023622346
1190	8.82781518121
1195	11.377206354
1200	12.4012566261
1205	8.41393044073
1210	6.88851502901
1215	6.88128161049
1220	10.0424862919
1225	11.0030703815
1230	9.14375128289
1235	8.47546194285
1240	11.3996651247
1245	8.69719846906
1250	8.74276578084
1255	7.31916897185
1260	9.49375019588
1265	10.8430247711
1270	9.59436386971
1275	7.35838141554
1280	6.03066213108
1285	9.78634554806
1290	9.06822348098
1295	12.1644817834
1300	9.91364007797
1305	11.5777741054
1310	10.0505977131
1315	10.4142126982
1320	9.16745921494
1325	10.6521360177
1330	11.8762421824
1335	9.91566292319
1340	12.0584118639
1345	10.8051265883
1350	9.9628288535
1355	11.9032016803
1360	11.9908102662
1365	11.9134506432
1370	11.1678838514
1375	11.4751341884
1380	9.0317173652
1385	12.7909882655
1390	9.55195872646
1395	9.92415717031
1400	11.674388088
1405	9.81683397751
1410	11.3979464436
1415	8.63203875179
1420	10.8353625448
1425	10.5909415639
1430	11.7998055496
1435	11.9137291305
1440	5.55582101084
1445	9.43868691248
1450	10.1577955071
1455	12.5140759794
1460	8.78721734584
1465	12.0365502777
1470	7.94889447943
1475	7.93670818609
1480	9.22108739657
1485	10.7516792172
1490	10.4700595691
1495	11.8523423178
1500	12.1394256117
1505	8.95018647735
1510	10.2944663107
1515	8.66384426185
1520	10.4447921947
1525	10.8609717401
1530	6.40914109954
1535	9.07523171662
1540	8.81348529788
1545	11.8458489416
1550	10.1746428426
1555	11.0185113981
1560	11.8766886611
1565	8.97966147188
1570	6.24740367781
1575	12.5625894899
1580	11.6936790888
1585	10.6537392939
1590	10.1497404823
1595	10.2744094943
1600	11.9943586016
1605	12.0431319362
1610	10.6085426376
1615	12.3099157795
1620	7.32708919904
1625	7.2541187745
1630	11.3002885258
1635	3.95403896106
1640	8.3067429156
1645	11.377604658
1650	9.84960024539
1655	10.0673531952
1660	10.1100926019
1665	9.6804224926
1670	9.14227879505
1675	5.85547266769
1680	12.401296104
1685	12.3471063912
1690	8.70439792061
1695	11.8408276512
1700	10.530149642
1705	7.93122501453
1710	9.5013063542
1715	11.0681604253
1720	11.6033852325
1725	6.98132530759
1730	9.215847241
1735	9.93760790414
1740	10.1955679139
1745	7.22709243618
1750	10.1808352229
1755	12.3179120338
1760	12.3187696922
1765	10.9382620272
1770	9.77944751744
1775	11.9849374824
1780	10.4546308936
1785	10.7294690491
1790	10.7504802486
1795	11.3656857789
1800	9.34186680029
1805	9.99209726787
1810	11.397149333
1815	9.4691164845
1820	10.3727593575
1825	12.1475182855
1830	6.82639217169
1835	11.7624480552
1840	10.3260276722
1845	9.64267836688
1850	8.73990598149
1855	11.1525338172
1860	10.0854503736
1865	9.86063407038
1870	8.22722150149
1875	10.6777462653
1880	10.5942263858
1885	11.3390978351
1890	11.5081627431
1895	10.4743221203
1900	8.61099873837
1905	12.0626505613
1910	11.2877398991
1915	8.0341885693
1920	7.42303531157
1925	10.7905920301
1930	9.97371796286
