0	2.04564666424
5	1.61759861406
10	1.92109106916
15	1.83454362135
20	2.63043237861
25	2.49141534283
30	2.11658314496
35	1.64154003885
40	2.5875124215
45	2.8587218378
50	1.12834134184
55	1.92460558036
60	2.02442571983
65	1.50437551322
70	1.45007101151
75	1.81842189384
80	1.59473587833
85	2.28202677467
90	1.78137274797
95	2.71738843297
100	2.53063762751
105	2.72979967473
110	2.30256664567
115	2.50666010801
120	0.836685994959
125	2.92693513935
130	1.69649438994
135	1.2030501624
140	2.172349871
145	1.66806905688
150	1.86062261682
155	2.78013181449
160	0.978959642756
165	3.01566885311
170	0.699580015502
175	2.36975532543
180	2.03004636499
185	1.49737736844
190	1.85450121507
195	2.40071545157
200	1.66987493045
205	2.21204337264
210	1.43232432797
215	2.57070384644
220	2.62374117317
225	2.55620822881
230	1.65211762673
235	2.08372975253
240	2.65390672906
245	1.96792352381
250	1.26657267759
255	2.35693656618
260	2.09165825346
265	2.90459373985
270	1.55688886119
275	1.43949579872
280	2.59781875389
285	2.11189138478
290	2.45699632995
295	1.20661687174
300	2.51981724987
305	1.39933462837
310	1.85872198666
315	1.79036595967
320	2.45672776593
325	2.39314689673
330	2.07529813321
335	2.83708051472
340	2.19546515127
345	2.73201867899
350	0.965086716963
355	1.69497260136
360	1.49957261766
365	2.57947884061
370	2.46668048234
375	1.76448090494
380	2.54600365081
385	2.65875244029
390	1.62336845076
395	1.98396891161
400	2.29593659298
405	2.63630290867
410	2.6330962057
415	3.17498919691
420	1.56185180368
425	2.85441382027
430	1.84194540191
435	1.7831192889
440	1.15056234715
445	1.69550252456
450	2.68734991338
455	1.9036429387
460	2.20459784843
465	2.17183363468
470	2.48459060231
475	1.07708618772
480	0.70320182182
485	0.971725051971
490	2.06008854429
495	2.58779606818
500	1.77637922604
505	1.94695204218
510	2.09355584104
515	2.87194741956
520	2.52520280251
525	2.24400114086
530	1.77186484009
535	1.9821205383
540	1.78938005728
545	2.79473968058
550	1.608916566
555	2.21068955478
560	1.7293092145
565	2.55794119446
570	1.89209981483
575	2.37342934018
580	2.32028390602
585	3.06434379604
590	0.699314109652
595	2.53764899529
600	2.04497310265
605	1.30532021631
610	1.27325475891
615	2.65448079696
620	1.42669617559
625	1.40858518591
630	2.26022879789
635	1.12624197882
640	1.22992796369
645	1.84236319106
650	1.69592802273
655	2.93828356837
660	3.0044453698
665	1.69937559759
670	1.47367922817
675	2.61304445841
680	1.21126376366
685	1.85647870622
690	2.52018792215
695	0.757305074986
700	1.40148422405
705	2.10453988975
710	2.83594778061
715	1.56191272569
720	1.27395636649
725	1.26417887102
730	2.48449680048
735	2.08318412317
740	1.47494736621
745	1.2460305146
750	1.94399563958
755	2.81513508328
760	2.18262591662
765	1.46114735736
770	2.24890689254
775	1.94028461315
780	1.44956911539
785	2.62832220215
790	2.69478566541
795	1.92801670725
800	2.12790040111
805	1.11634607832
810	2.10305388048
815	2.52462472402
820	3.08651313917
825	2.52750699532
830	2.03279544708
835	2.23073585233
840	1.46025607147
845	1.68778689682
850	1.56984739553
855	1.45958734132
860	1.10132496313
865	1.53944792857
870	2.27385638505
875	0.799242990076
880	0.716012903826
885	1.88629314793
890	1.98319045483
895	1.83187344237
900	2.73452282836
905	2.09019597426
910	0.937296674414
915	1.2149274598
920	2.54836482291
925	2.8265844628
930	1.35915547484
935	2.04116016046
940	1.47472907048
945	1.22606503428
950	2.89906008184
955	2.62122236399
960	3.02016637803
965	1.13941764007
970	2.28711703596
975	2.7440018717
980	2.13560473938
985	1.95006966794
990	2.44751571562
995	2.08874081845
1000	2.05032356478
1005	2.30437339309
1010	2.20320481617
1015	1.54954489834
1020	1.88351465584
1025	1.74075933932
1030	3.06980186794
1035	2.06500013997
1040	1.9969255747
1045	1.92662199287
1050	2.20318151155
1055	1.93322439572
1060	1.59811654481
1065	2.93475392717
1070	2.58862011267
1075	1.99779361096
1080	1.72951426011
1085	1.73353580689
1090	2.03619529566
1095	1.320726796
1100	1.73783097177
1105	0.877737319181
1110	1.50805538819
1115	2.14036634223
1120	1.56041970978
1125	1.15806430035
1130	2.67837497312
1135	1.55746087303
1140	1.94900544459
1145	2.77155175419
1150	3.06357229092
1155	2.79106968428
1160	1.79462022977
1165	1.58855214113
1170	2.24864235482
1175	0.99062923177
1180	1.92835249584
1185	2.42546524482
1190	2.32441724097
1195	1.69123036149
1200	2.05859960652
1205	2.13825827296
1210	1.52515533211
1215	1.94375940115
1220	1.88395350228
1225	0.944518830192
1230	1.43498032435
1235	2.15104154244
1240	1.5102581058
1245	2.68120145478
1250	1.68736959963
1255	2.64916729146
1260	2.38888990122
1265	1.51873726908
1270	1.12070597648
1275	1.74104685152
1280	1.94449720776
1285	1.90221809327
1290	2.68583422624
1295	1.69790628291
1300	1.61483960622
1305	1.5030727947
1310	1.86705010047
1315	1.54715079333
1320	2.53987357453
1325	1.5553664696
1330	2.82150341085
1335	2.72999437414
1340	1.23213846841
1345	1.7314878597
1350	2.08685630818
1355	1.60633610838
1360	2.23451993774
1365	2.27008589871
1370	2.11353429075
1375	2.30241279397
1380	1.97601420925
1385	2.7108093529
1390	1.91193057132
1395	2.76358551701
1400	2.22439362279
1405	3.11848919972
1410	2.77637542311
1415	1.40003738735
1420	1.88869131193
1425	2.44168030111
1430	2.4585190507
1435	1.4099946461
1440	2.53994391675
1445	1.73884394075
1450	2.47861140061
1455	1.5799761402
1460	2.40181033185
1465	1.67980327544
1470	1.53361634112
1475	2.09999322363
1480	2.4769182857
1485	2.19023548638
1490	1.42884296988
1495	1.63196002131
1500	0.699314109652
1505	1.7892053225
1510	1.44469217191
1515	2.50596169621
1520	1.22800926474
1525	2.62480910637
1530	2.62761822057
1535	2.88275438249
1540	1.63617785184
1545	1.58999606068
1550	2.11804136657
1555	1.26325951478
1560	2.48246844403
1565	0.826186221291
1570	1.15107365606
1575	2.03420676972
1580	1.6546491711
1585	1.83427325605
