0	0.605167200713
5	0.641277790584
10	0.605167200713
15	0.605167200713
20	0.764468145852
25	1.45560652684
30	1.19738174512
35	0.605167200713
40	0.605167200713
45	0.605167200713
50	0.605167200713
55	0.605167200713
60	0.605167200713
65	0.605167200713
70	0.605167200713
75	0.775368894133
80	0.605167200713
85	0.605167200713
90	0.716291666869
95	0.605167200713
100	0.605167200713
105	0.605167200713
110	0.605167200713
115	0.605167200713
120	0.605167200713
125	0.605167200713
130	0.605167200713
135	0.605167200713
140	0.605167200713
145	0.605167200713
150	0.605167200713
155	0.605167200713
160	0.605167200713
165	0.605167200713
170	0.605167200713
175	0.67792227767
180	0.605167200713
185	0.605167200713
190	0.609542974569
195	0.605167200713
200	0.770626521869
205	0.605167200713
210	0.605167200713
215	0.605167200713
220	0.605167200713
225	1.2016084083
230	0.605167200713
235	0.605167200713
240	0.605167200713
245	0.605167200713
250	0.605167200713
255	0.605167200713
260	0.695090598756
265	0.605167200713
270	0.605167200713
275	0.605167200713
280	0.605167200713
285	0.605167200713
290	0.605167200713
295	0.605167200713
300	0.605167200713
305	0.605167200713
310	0.605167200713
315	1.07317046747
320	0.605167200713
325	1.0250064481
330	0.605167200713
335	0.605167200713
340	0.605167200713
345	0.605167200713
350	0.605167200713
355	0.605167200713
360	0.605167200713
365	1.5192303979
370	0.605167200713
375	0.605167200713
380	0.605167200713
385	0.605167200713
390	0.605167200713
395	0.605167200713
400	0.605167200713
405	0.605167200713
410	0.605167200713
415	0.605167200713
420	0.883772099369
425	0.605167200713
430	1.31007180843
435	0.605167200713
440	0.605167200713
445	0.605167200713
450	0.933654996008
455	0.605167200713
460	0.605167200713
465	0.605167200713
470	0.605167200713
475	0.605167200713
480	0.605167200713
485	0.69893493707
490	0.605167200713
495	0.605167200713
500	0.605167200713
505	0.605167200713
510	0.614945904677
515	0.605167200713
520	0.605167200713
525	0.605167200713
530	0.853683592827
535	0.605167200713
540	0.605167200713
545	0.605167200713
550	0.605167200713
555	0.605167200713
560	0.605167200713
565	0.605167200713
570	0.605167200713
575	0.605167200713
580	0.605167200713
585	0.605167200713
590	0.605167200713
595	0.605167200713
600	1.01496647273
605	0.605167200713
610	0.605167200713
615	0.605167200713
620	0.605167200713
625	1.3573942308
630	0.605167200713
635	0.77930239428
640	0.605167200713
645	0.716420623414
650	0.605167200713
655	0.605167200713
660	0.605167200713
665	0.605167200713
670	1.84858250015
675	0.611923998636
680	0.605167200713
685	0.605167200713
690	0.627444812462
695	0.605167200713
700	0.62347261517
705	0.605167200713
710	0.605167200713
715	0.605167200713
720	0.605167200713
725	0.910825463116
730	1.11378296081
735	1.19840198521
740	0.605167200713
745	0.605167200713
750	0.734006545297
755	1.19511721135
760	0.605167200713
765	0.636225678538
770	0.605167200713
775	0.605167200713
780	0.605167200713
785	0.605167200713
790	0.605167200713
795	0.605167200713
800	0.605167200713
805	0.605167200713
810	0.605167200713
815	0.605167200713
820	0.605167200713
825	1.29852911478
830	0.605167200713
835	0.605167200713
840	0.605167200713
845	1.17029750834
850	0.605167200713
855	0.605167200713
860	0.605167200713
865	0.948527278644
870	0.605167200713
875	0.605167200713
880	0.605167200713
885	0.605167200713
890	0.605167200713
895	0.605167200713
900	0.605167200713
905	1.18091335588
910	0.605167200713
915	0.605167200713
920	0.605167200713
925	0.661224083317
930	0.605167200713
935	0.605167200713
940	0.793468978012
945	0.636072615241
950	1.76259405186
955	0.628350172559
960	0.605167200713
965	0.605167200713
970	0.605167200713
975	0.605167200713
980	0.821022518606
985	0.605167200713
990	0.605167200713
995	0.605167200713
1000	0.605167200713
1005	0.605167200713
1010	0.851499981637
1015	0.605167200713
1020	0.605167200713
1025	0.605167200713
1030	0.973506153162
1035	0.666444318035
1040	0.605167200713
1045	0.605167200713
1050	0.605167200713
1055	0.605167200713
1060	0.605167200713
1065	0.605167200713
1070	0.605167200713
1075	0.605167200713
1080	0.605167200713
1085	0.605167200713
1090	0.605167200713
1095	0.981420860006
1100	0.605167200713
1105	0.605167200713
1110	0.689692499193
1115	0.605167200713
1120	0.605167200713
1125	0.605167200713
1130	0.605167200713
1135	0.605167200713
1140	0.605167200713
1145	0.605167200713
1150	0.605167200713
1155	0.83062884971
1160	0.605167200713
1165	0.605167200713
1170	0.605167200713
1175	0.605167200713
1180	0.605167200713
1185	0.605167200713
1190	0.605167200713
1195	0.605167200713
1200	0.605167200713
1205	0.775860665273
1210	0.605167200713
1215	0.605167200713
1220	0.605167200713
1225	0.605167200713
1230	0.605167200713
1235	0.605167200713
1240	0.605167200713
1245	0.605167200713
1250	1.0055133624
1255	0.832210030757
1260	0.883317340844
1265	0.605167200713
1270	0.605167200713
1275	0.605167200713
1280	0.605167200713
1285	0.605167200713
1290	0.605167200713
1295	0.605167200713
1300	0.672024763509
1305	0.605167200713
1310	0.605167200713
1315	0.605167200713
1320	0.605167200713
1325	0.605167200713
1330	0.863411743435
1335	0.605167200713
1340	0.605167200713
1345	0.605167200713
1350	0.605167200713
1355	0.605167200713
1360	0.605167200713
1365	0.605167200713
1370	0.605167200713
1375	0.819423293833
1380	0.97123928116
1385	0.605167200713
1390	0.975901654331
1395	1.07209027856
1400	0.605167200713
1405	0.605167200713
1410	0.605167200713
1415	0.605167200713
1420	0.605167200713
1425	0.605167200713
1430	0.605167200713
1435	0.605167200713
1440	0.605167200713
1445	0.605167200713
1450	0.605167200713
1455	0.605167200713
1460	0.605167200713
1465	0.605167200713
1470	1.25489132342
1475	0.605167200713
1480	0.605167200713
1485	0.677462468128
1490	0.605167200713
1495	0.605167200713
1500	0.79979956921
1505	0.605167200713
1510	0.605167200713
1515	1.02345117361
1520	0.605167200713
1525	0.605167200713
1530	0.605167200713
1535	0.605167200713
1540	0.605167200713
1545	0.605167200713
1550	0.605167200713
1555	0.605167200713
1560	0.781582883177
1565	1.12326074255
1570	0.605167200713
1575	0.605167200713
1580	1.36962416673
1585	0.605167200713
1590	0.605167200713
1595	0.605167200713
1600	0.605167200713
1605	0.605167200713
1610	0.605167200713
1615	0.605167200713
1620	1.33507438852
1625	0.909227927571
1630	0.605167200713
1635	0.738538130275
1640	0.714935001533
1645	0.662973673469
1650	0.605167200713
1655	0.829769672894
1660	0.605167200713
1665	0.605167200713
1670	0.605167200713
1675	1.3004200141
1680	0.605167200713
1685	1.36593006896
1690	0.605167200713
1695	1.2132404441
1700	0.84848361983
1705	0.605167200713
1710	0.605167200713
1715	0.634240142818
1720	0.829484169581
1725	0.605167200713
