0	0.902538781116
5	1.32993936551
10	1.52738211911
15	1.14658321698
20	1.14220401351
25	1.57853255231
30	0.977904839076
35	0.902538781116
40	1.30353089729
45	2.03660092126
50	1.06429073751
55	1.72597034771
60	1.87930383959
65	1.5470619289
70	1.02949240392
75	1.98218947842
80	1.42423790375
85	1.57654002327
90	2.46181047538
95	1.57676287235
100	1.21006955088
105	1.56787560797
110	0.902538781116
115	2.40250425787
120	1.15104372027
125	2.18027818123
130	1.35522959143
135	1.4238239185
140	1.93557660299
145	2.56844182935
150	1.3852618869
155	1.78148318575
160	1.83332852355
165	1.10612543666
170	1.42135080618
175	0.942625029216
180	1.13920469828
185	1.07113345541
190	1.58028036417
195	2.54725408109
200	0.902538781116
205	1.20205516882
210	1.33022977387
215	2.6547770919
220	1.7164305954
225	1.61845133868
230	0.95182875196
235	2.03853181071
240	1.36569496913
245	0.902538781116
250	1.43119622172
255	0.912638585148
260	0.902538781116
265	1.55240180996
270	1.6247942577
275	2.27583541261
280	1.92335670719
285	0.902538781116
290	1.00355041378
295	0.902538781116
300	1.59892294647
305	1.09466856533
310	0.902538781116
315	0.902538781116
320	1.28631892973
325	2.32884190417
330	1.07159948578
335	0.902538781116
340	1.89259534673
345	0.902538781116
350	0.902538781116
355	1.58954206841
360	1.24017483775
365	1.2906556845
370	1.55945117111
375	2.60301457218
380	2.24614632341
385	1.56653531796
390	1.64356495163
395	0.902538781116
400	0.971657174243
405	1.10141730927
410	1.91300271562
415	1.43923499022
420	0.920783808991
425	0.902538781116
430	0.902538781116
435	1.18504723649
440	1.74228437731
445	3.18384830591
450	2.12472032068
455	1.96783489163
460	1.83300910854
465	1.04660410172
470	2.09390848123
475	2.56714146802
480	0.977129399937
485	0.902538781116
490	1.20615278149
495	2.20483178149
500	2.8442213033
505	1.65783958968
510	2.29517943413
515	1.05069056427
520	1.09564852923
525	1.47232571252
530	2.2599661877
535	1.62300470302
540	0.902538781116
545	2.07939713846
550	1.10699301725
555	1.15706017447
560	1.55506219398
565	0.93449059591
570	1.15565389026
575	1.06967061026
580	2.92209313971
585	1.79676038335
590	1.66003875415
595	0.919636459312
600	0.902538781116
605	1.03807362698
610	1.65139073628
615	0.908652233172
620	0.902538781116
625	1.12105927059
630	1.51872530074
635	1.41069360841
640	0.902538781116
645	1.51857141261
650	1.8568868328
655	1.85439675989
660	1.25129374774
665	1.51011334323
670	1.18908859911
675	2.40408450047
680	1.27169997345
685	0.902538781116
690	0.902538781116
695	2.24222337188
700	1.17434389234
705	1.22753296059
710	1.47318200378
715	1.33282043424
720	1.64836080753
725	1.99797441394
730	1.65674642131
735	2.87150378598
740	2.14116192101
745	1.47143533608
750	2.07234621057
755	2.35676538334
760	1.53282277637
765	2.12829687436
770	2.15470122766
775	1.57357908189
780	0.902538781116
785	0.922144967525
790	1.7239869184
795	1.9365332391
800	0.902538781116
805	1.53372250521
810	1.97483338393
815	1.08788500616
820	0.918352282115
825	1.89290910071
830	1.44118957184
835	1.28274578668
840	1.09010749058
845	2.92491229393
850	1.09890752489
855	1.90956707119
860	0.921920818461
865	1.30119130013
870	1.35082236025
875	1.07216341834
880	1.26840696849
885	1.16790132048
890	1.09233900712
895	1.15805987758
900	0.902538781116
905	2.37482214769
910	0.902538781116
915	1.52134195311
920	2.31084763947
925	1.15739624375
930	2.38631007954
935	1.04514609982
940	1.07802870039
945	1.60399195092
950	1.533289645
955	1.71795565315
960	1.69493119788
965	1.11164184292
970	0.902538781116
975	1.89499150116
980	1.74865467811
985	1.33092971571
990	1.14071311173
995	1.96245057727
1000	1.55609848601
1005	0.902538781116
1010	0.902538781116
1015	1.58343812421
1020	1.46819040317
1025	0.902538781116
1030	1.61541179551
1035	1.01250987391
1040	1.01213160247
1045	1.91471139905
1050	1.0167907247
1055	0.902538781116
1060	2.07094405038
1065	1.66267555138
1070	1.21301085231
1075	2.22549315258
1080	1.75260996378
1085	2.8298554936
1090	1.00765515915
1095	1.26978587108
1100	2.18001243602
1105	1.16253974897
1110	0.902538781116
1115	1.926323289
1120	1.49037437698
1125	2.4216993569
1130	1.54070513037
1135	2.77787730782
1140	1.68370628589
1145	0.902538781116
1150	1.27333530791
1155	1.07353689694
1160	1.55546589795
1165	2.02802770921
1170	1.16515990368
1175	1.55278516098
1180	1.6401363596
1185	1.89383269975
1190	1.29054152531
1195	2.34551488951
1200	1.04349406898
1205	1.12319137195
1210	0.988613353785
1215	1.53750634644
1220	1.65660444512
1225	2.05699178084
1230	2.12486710436
1235	0.941781307571
1240	1.10481442123
1245	1.04771544344
1250	1.19770530055
1255	2.26315322905
1260	1.30858456751
1265	2.36142864575
1270	1.63293929514
1275	1.52986787658
1280	1.25542221738
1285	1.4827408152
1290	0.902538781116
1295	1.48409503424
1300	1.66849022131
1305	1.19510524779
1310	2.0973284698
1315	1.21102983285
1320	1.3742644878
1325	1.55102198479
1330	2.11052323103
1335	1.29508475157
1340	1.72985152175
1345	1.11125384321
1350	0.902538781116
1355	1.22356072339
1360	0.902538781116
1365	1.93630475534
1370	1.30512499386
1375	1.74113841775
1380	2.37581420325
1385	1.1948579193
1390	1.09540711739
1395	1.03973305572
1400	1.29793933408
1405	1.75889181529
1410	1.06863213631
1415	1.22345908802
1420	1.37009590613
1425	0.902538781116
1430	0.902538781116
1435	1.39319550287
1440	1.64771151705
1445	1.45820241416
1450	1.13533894143
1455	1.69249305782
1460	1.07019089818
1465	0.902538781116
1470	0.902538781116
1475	0.970033338919
1480	1.04287215996
1485	0.933733513529
1490	0.902538781116
1495	1.48055612975
1500	0.902538781116
1505	2.34447018718
1510	2.26835994451
1515	2.2360495564
1520	1.60940029107
1525	1.52652716827
1530	1.01797043809
1535	1.24743126703
1540	1.49249880303
1545	1.34386477373
1550	3.33257809608
1555	1.30835673545
1560	2.17179847252
1565	1.22445851965
1570	1.19394655038
1575	1.29063849741
1580	0.902538781116
1585	0.902538781116
1590	2.08531457941
1595	1.10192678007
1600	0.902538781116
1605	1.3017462964
1610	1.91786872256
1615	1.78946612177
1620	1.44749422926
1625	1.98813564448
1630	1.88704597527
1635	0.902538781116
1640	1.21122281509
1645	1.71912460498
1650	1.01934507763
1655	0.902538781116
1660	1.54961284862
1665	1.02152501829
1670	0.902538781116
1675	1.8776646184
1680	0.902538781116
1685	0.902538781116
1690	1.33738187277
1695	2.38614364536
1700	1.80960402841
1705	1.38490765004
