0	2.8454104759
5	2.42525810976
10	3.25161969016
15	7.51543200877
20	2.42525810976
25	2.42525810976
30	2.42525810976
35	3.24126441328
40	2.42525810976
45	4.71383913611
50	4.13746808907
55	2.42525810976
60	2.76757962321
65	2.42525810976
70	6.27114187753
75	2.98564235369
80	5.44035260885
85	2.42525810976
90	2.42525810976
95	2.5638465634
100	2.42525810976
105	4.24268029026
110	2.42525810976
115	2.42525810976
120	3.41975332898
125	6.27844442632
130	2.61208326934
135	3.18540911393
140	2.42525810976
145	2.42525810976
150	2.42525810976
155	2.42525810976
160	2.42525810976
165	2.72081108028
170	2.42525810976
175	2.42525810976
180	2.64546101514
185	2.42525810976
190	2.42525810976
195	2.42525810976
200	3.37777654995
205	4.81053899298
210	2.42525810976
215	2.42525810976
220	2.42525810976
225	2.42525810976
230	2.42525810976
235	2.42525810976
240	2.42525810976
245	2.42525810976
250	3.60865111247
255	3.60172587961
260	2.91370252419
265	2.42525810976
270	2.42525810976
275	3.45403382026
280	3.81701538121
285	3.78440021865
290	2.42525810976
295	5.56916285813
300	4.48748217361
305	6.17758652935
310	2.42525810976
315	4.32121718856
320	3.86724438175
325	2.42525810976
330	2.42525810976
335	5.27958874587
340	2.42525810976
345	7.54512346615
350	3.42526481547
355	2.42525810976
360	5.32512534297
365	2.59459084221
370	2.42525810976
375	2.42525810976
380	4.10597040282
385	5.28062047135
390	5.85252954016
395	4.79638494585
400	2.42525810976
405	8.53698408324
410	2.78039505362
415	4.0058930718
420	2.42525810976
425	2.42525810976
430	5.94621787946
435	6.17436390705
440	2.42525810976
445	2.42525810976
450	2.42525810976
455	2.42525810976
460	2.42525810976
465	4.06430974119
470	6.45259842826
475	7.55146198486
480	5.43403998844
485	2.42525810976
490	2.42525810976
495	2.42525810976
500	3.04746483818
505	2.42525810976
510	5.69494237972
515	5.81306714364
520	3.01776780426
525	2.42525810976
530	2.42525810976
535	2.42525810976
540	5.05425869817
545	8.00800864003
550	2.42525810976
555	2.42525810976
560	2.42525810976
565	4.08027794155
570	2.42525810976
575	4.82604716886
580	2.42525810976
585	2.42525810976
590	4.29671276243
595	7.6218443319
600	2.42525810976
605	2.96786316188
610	2.42525810976
615	2.42525810976
620	2.42525810976
625	4.26666833553
630	4.03840611496
635	2.42525810976
640	3.33086003986
645	2.42525810976
650	2.95500206385
655	2.49067504814
660	2.42525810976
665	3.44388380188
670	2.42525810976
675	5.02309046827
680	5.3275232925
685	3.69187833385
690	2.42525810976
695	2.42525810976
700	4.41167878372
705	2.92010164379
710	2.42525810976
715	2.42525810976
720	3.98925864449
725	2.42525810976
730	2.42525810976
735	6.62556848984
740	3.74424567091
745	2.42525810976
750	4.41804481471
755	3.54785691239
760	2.42525810976
765	2.42525810976
770	2.78002066125
775	5.70254821792
780	2.42525810976
785	2.42525810976
790	2.42525810976
795	2.42525810976
800	8.78970610714
805	2.42525810976
810	2.42525810976
815	2.42525810976
820	2.42525810976
825	2.42525810976
830	3.5055705089
835	3.87199247728
840	2.42525810976
845	6.2635380147
850	7.83672897833
855	3.52189166537
860	7.71578026539
865	5.36837500091
870	4.87049410304
875	2.42525810976
880	2.42525810976
885	2.42525810976
890	2.42525810976
895	7.08309675576
900	2.42525810976
905	2.42525810976
910	3.19551903639
915	2.42525810976
920	2.42525810976
925	2.42525810976
930	2.42525810976
935	3.58768769997
940	6.34698437482
945	4.92910210092
950	2.84880415564
955	4.6320796164
960	2.74197896129
965	2.42525810976
970	4.14920688287
975	6.57345639809
980	3.84416334965
985	2.42525810976
990	2.42525810976
995	4.35038891262
1000	6.33344409526
1005	2.60890677984
1010	2.93055691334
1015	2.42525810976
1020	2.42525810976
1025	2.42525810976
1030	2.42525810976
1035	6.78933337253
1040	2.42525810976
1045	2.42525810976
1050	2.42525810976
1055	6.00095664578
1060	2.42525810976
1065	2.47093025278
1070	6.07150902034
1075	3.12039364232
1080	2.42525810976
1085	5.50719020519
1090	2.72605132736
1095	5.06784178541
1100	4.88856274738
1105	2.42525810976
1110	2.42525810976
1115	2.42525810976
1120	4.17099612112
1125	4.79454195849
1130	2.42525810976
1135	2.42525810976
1140	3.33391314366
1145	3.53201566519
1150	3.86007349848
1155	4.31370857575
1160	2.62720493435
1165	2.42525810976
1170	5.29417914771
1175	2.42525810976
1180	4.3873333582
1185	2.42525810976
1190	2.42525810976
1195	5.74055986137
1200	2.42525810976
1205	3.74281508651
1210	2.84686670799
1215	5.99317858523
1220	5.79526991325
1225	5.51707373893
1230	2.42525810976
1235	2.42525810976
1240	7.76503674658
1245	2.42525810976
1250	5.06770746798
1255	3.73611480761
1260	3.16088228015
1265	7.28296042036
1270	2.42525810976
1275	4.29244419001
1280	6.85074905709
1285	2.42525810976
1290	3.08998266744
1295	2.42525810976
1300	4.57304210386
1305	2.42525810976
1310	2.84207508521
1315	8.41286012036
1320	2.42525810976
1325	4.20988059468
1330	2.42525810976
1335	3.83468203743
1340	5.61804593435
1345	4.87821887807
1350	3.8519486135
1355	6.25155231872
1360	2.42525810976
1365	2.42525810976
1370	2.42525810976
1375	2.42525810976
1380	3.44681679415
1385	5.31311415709
1390	4.63760267864
1395	9.98120762807
1400	5.85710328402
1405	4.92931860892
1410	2.42525810976
1415	9.79203675743
1420	4.22775174002
1425	2.42525810976
1430	2.42525810976
1435	2.42525810976
1440	3.37498995278
1445	4.13651194382
1450	2.42525810976
1455	3.02582267689
1460	2.42525810976
1465	2.42525810976
1470	2.42525810976
1475	4.41393264023
1480	5.02485205074
1485	3.0978216154
1490	2.42525810976
1495	3.99581023722
1500	2.42525810976
1505	2.42525810976
1510	3.07476210757
1515	3.27143402197
1520	4.59616487822
1525	2.42525810976
1530	3.1825069603
1535	2.42525810976
1540	2.42525810976
1545	8.97246992687
1550	6.81750626971
1555	2.42525810976
1560	2.42525810976
1565	2.42525810976
1570	3.21750143931
1575	2.42525810976
1580	2.42525810976
1585	2.42525810976
1590	3.50654772342
1595	2.42525810976
1600	2.42525810976
1605	3.78846715618
1610	2.42525810976
1615	2.42525810976
1620	2.42525810976
1625	4.60725740522
1630	2.42525810976
1635	2.42525810976
1640	3.55799287556
1645	4.01864327431
1650	2.42525810976
1655	4.38053131476
1660	4.23942561789
1665	2.42525810976
1670	2.51881957744
1675	2.42525810976
1680	2.42525810976
1685	4.17693170193
1690	2.42525810976
1695	2.42525810976
1700	3.10670882822
1705	4.11290418325
1710	2.42525810976
1715	5.15718935478
1720	2.42525810976
1725	5.71876267169
1730	5.2674427802
1735	5.02182193298
1740	4.01905845091
1745	3.56892323289
1750	2.42525810976
1755	2.42525810976
1760	4.46209529939
1765	2.42525810976
1770	7.68045963854
1775	3.78782683446
1780	3.49146341123
1785	2.42525810976
1790	2.65494643595
1795	2.42525810976
1800	2.62428048782
1805	3.11674854178
1810	2.42525810976
1815	5.36100266334
1820	2.71614660091
1825	5.59723524571
1830	7.08187610806
1835	2.42525810976
1840	2.56291734116
1845	2.42525810976
1850	3.23928971349
1855	3.84371152505
1860	2.42525810976
1865	3.50556596123
1870	3.02603539833
1875	2.42525810976
1880	3.4246449023
1885	2.42525810976
1890	2.42525810976
1895	2.42525810976
1900	2.42525810976
1905	5.34398051578
1910	2.42525810976
1915	4.73801738507
1920	2.42525810976
1925	6.89958153469
1930	2.42525810976
1935	2.42525810976
1940	3.25717105253
