0	3.75085564655
5	3.46399795566
10	10.625148616
15	12.6692329347
20	11.8735885525
25	8.88376591193
30	3.46399795566
35	3.46399795566
40	15.6944443488
45	11.9159808878
50	11.4265396901
55	5.97956451814
60	3.92297887488
65	3.46399795566
70	11.849332492
75	12.9699349659
80	16.9937129686
85	10.9933728166
90	12.0176559213
95	8.88252855501
100	11.1358001458
105	3.46399795566
110	3.46399795566
115	3.46399795566
120	3.46399795566
125	4.72402516973
130	8.07393255997
135	4.07187004216
140	8.28011017038
145	11.5463149744
150	10.6588990833
155	14.2859779524
160	7.03442329243
165	16.6681452908
170	7.28904844354
175	12.4362068179
180	9.7661121162
185	6.17767262942
190	14.567950007
195	3.46399795566
200	7.66413623448
205	6.02082258857
210	3.94330495954
215	3.46399795566
220	7.17865002311
225	14.3880805184
230	3.78636001079
235	6.31891189178
240	7.9430985222
245	3.46399795566
250	3.46399795566
255	8.98151911861
260	7.43163279334
265	8.67461956806
270	8.61292531173
275	3.48015837906
280	3.80454460567
285	13.9603903818
290	3.46399795566
295	13.7302840395
300	13.7683113336
305	6.48199409901
310	8.39145823993
315	9.65766617478
320	5.80878821313
325	11.0510087173
330	9.78406696634
335	8.34468565073
340	6.44152597034
345	8.99067857143
350	12.2836099531
355	5.59807995171
360	6.8204798894
365	3.46399795566
370	3.89686803077
375	3.46399795566
380	12.4456246014
385	9.25843515749
390	11.8295595155
395	3.46399795566
400	5.16561482402
405	6.25193767424
410	3.46399795566
415	6.10228411669
420	4.1109704922
425	7.28272238808
430	7.59018930587
435	7.69526853638
440	8.30753531764
445	13.7936253828
450	11.5729252141
455	7.897575535
460	7.86645328055
465	5.33855452914
470	6.54628018215
475	12.0483329954
480	4.60241606225
485	3.46399795566
490	4.1540543187
495	13.9842221882
500	4.94465483092
505	11.0282353612
510	5.89906380128
515	16.740203369
520	3.46399795566
525	3.46399795566
530	7.60340247662
535	3.46399795566
540	6.37471737287
545	16.651571454
550	11.919512714
555	3.46399795566
560	10.7776886266
565	3.46399795566
570	11.2163634779
575	10.5396298589
580	4.49446753018
585	3.46399795566
590	9.10196534127
595	3.46399795566
600	16.9131405886
605	9.20955599182
610	8.39759132472
615	3.46399795566
620	6.14405174913
625	6.22180440508
630	9.70923950233
635	6.29637014666
640	6.46413259579
645	3.46399795566
650	3.46399795566
655	6.50509674909
660	4.291085016
665	12.364878734
670	3.46399795566
675	5.75535842138
680	3.46399795566
685	4.31828335264
690	6.27549727246
695	13.5421472131
700	5.85808389315
705	6.99138354829
710	12.2715887201
715	8.18623009206
720	14.5416507966
725	12.0206523183
730	16.647594947
735	8.79805592647
740	4.87115924429
745	14.1278837835
750	3.46399795566
755	3.46399795566
760	10.9130367878
765	3.93499126103
770	4.12695439484
775	3.46399795566
780	15.584722861
785	8.44933275971
790	10.9559422578
795	3.46399795566
800	13.2283111196
805	3.46399795566
810	3.46399795566
815	6.83847715306
820	13.3973656323
825	8.21206188901
830	12.0562654102
835	3.46399795566
840	3.46399795566
845	3.46399795566
850	8.26800878745
855	4.07739180709
860	3.70696563714
865	5.7125674462
870	13.6493466818
875	4.3488951677
880	16.0066457981
885	3.53056872085
890	8.96741525486
895	11.4602277413
900	11.7177141771
905	4.24981329344
910	16.4158661985
915	16.7915852662
920	3.46399795566
925	15.0752078512
930	3.72006742521
935	12.0644867143
940	4.98098573874
945	5.70760736689
950	3.46399795566
955	3.46399795566
960	5.40839965069
965	3.46399795566
970	11.5415036718
975	13.8785232242
980	3.46399795566
985	6.7415529517
990	7.18761856941
995	14.704738842
1000	6.67367176846
1005	14.9139331679
1010	3.46399795566
1015	14.9405032869
1020	3.46399795566
1025	12.6891847134
1030	7.38810105178
1035	5.65286386594
1040	5.843535641
1045	4.4696816892
1050	5.41889939436
1055	7.87010268674
1060	3.46399795566
1065	3.79535989532
1070	13.2530838534
1075	3.46399795566
1080	4.87645491715
1085	7.97521074334
1090	5.05674453259
1095	11.1069400944
1100	7.05795357034
1105	6.96718204682
1110	14.6533459872
1115	5.41810505997
1120	10.8976457585
1125	8.20042710344
1130	3.49031850564
1135	3.46399795566
1140	8.4271063305
1145	3.46399795566
1150	4.94575794416
1155	3.46399795566
1160	6.62711860343
1165	6.26936412251
1170	15.4978952648
1175	3.46399795566
1180	9.28421318204
1185	8.35795144398
1190	9.45853694957
1195	5.51882810639
1200	11.27267028
1205	3.46399795566
1210	7.01091346691
1215	3.46399795566
1220	8.51659888783
1225	3.53169913635
1230	14.8210575022
1235	3.46399795566
1240	10.1783690062
1245	6.83367343669
1250	12.3480979804
1255	10.3942807376
1260	3.46399795566
1265	12.7866919967
1270	11.7930693003
1275	10.1643312501
1280	7.01400248784
1285	7.74758667755
1290	15.0954142668
1295	6.04501481793
1300	3.46399795566
1305	5.26666791927
1310	3.46399795566
1315	3.46399795566
1320	9.26803155965
1325	14.3978709632
1330	10.4983326567
1335	5.49743545034
1340	3.46399795566
1345	8.03260048718
1350	8.44948703605
1355	10.8305999752
1360	6.26497708471
1365	5.10947007715
1370	3.46399795566
1375	8.06832325797
1380	3.93471322812
1385	3.46399795566
1390	3.46399795566
1395	3.77976672923
1400	12.4044646625
1405	3.46399795566
1410	5.36122877158
1415	3.46399795566
1420	6.65972604236
1425	3.46399795566
1430	6.59871113318
1435	12.337004372
1440	6.85969709712
1445	5.61775059202
1450	7.40964836975
1455	8.74792889212
1460	7.37009711071
1465	11.3554110845
1470	9.50965005865
1475	15.4132605815
1480	3.46399795566
1485	5.72728149354
1490	3.46399795566
1495	3.46399795566
1500	4.97023731785
1505	3.46399795566
1510	3.46399795566
1515	3.62790745982
1520	3.46399795566
1525	7.34372476998
1530	3.46399795566
1535	4.28093455662
1540	3.46399795566
1545	11.3237736696
1550	4.5119033693
1555	3.46399795566
1560	7.87163706679
1565	3.46399795566
1570	7.96055935383
1575	15.3816420797
1580	15.9633059489
1585	6.78129617844
1590	11.4071406506
1595	7.18558378827
1600	3.46399795566
1605	13.5151273671
1610	10.3384627527
1615	15.3179551118
1620	3.46399795566
1625	4.69073106105
1630	14.2883061691
1635	8.47733803341
1640	13.8223060064
1645	5.07941687211
1650	3.46399795566
1655	16.9228021942
1660	3.9224739496
1665	11.0576731115
1670	10.0517487388
1675	3.46399795566
1680	17.000122184
1685	8.83236374869
1690	3.46399795566
1695	11.8132657922
1700	9.60948918896
1705	8.42520136595
1710	4.36879111014
1715	4.77449422744
1720	3.46399795566
1725	3.97302927351
1730	9.47392495528
1735	10.6854755205
1740	7.02203319998
1745	5.17569406584
1750	3.46399795566
1755	11.2081729141
1760	6.69176552465
1765	3.76093714861
1770	5.35988408967
1775	7.78168158602
1780	3.46399795566
1785	8.82548438042
1790	13.3966784387
1795	11.229315043
1800	4.82120822204
1805	12.5153411271
1810	11.6674384979
1815	3.46399795566
1820	9.71139756151
1825	15.8010815099
1830	10.4437288517
1835	14.4358489003
1840	3.46399795566
1845	13.2561674699
1850	3.46399795566
1855	9.74111908597
1860	3.46399795566
1865	3.46399795566
1870	3.46399795566
1875	5.59782620842
1880	9.83561880868
1885	3.83171433066
1890	4.04464557766
1895	4.676271956
1900	12.0889807475
1905	7.43663055902
1910	5.22259277568
1915	6.18653335578
1920	3.46399795566
1925	12.6591959082
1930	4.26748711896
1935	11.6814559439
1940	12.3708837975
1945	10.2548815092
1950	5.25768291079
1955	8.42308819454
1960	4.32523671325
1965	12.7855922345
