0	1.53151981282
5	2.20043444788
10	3.10361475752
15	1.06976155103
20	1.09158071009
25	1.06976155103
30	2.39308470141
35	1.06976155103
40	3.85466108296
45	2.33796232738
50	1.57759727239
55	1.89691091326
60	1.23453044629
65	1.06976155103
70	1.06976155103
75	2.56887326725
80	2.44191753167
85	3.77602426355
90	1.46497451018
95	1.06976155103
100	1.06976155103
105	3.06797074602
110	3.21056424213
115	1.06976155103
120	1.17529260227
125	2.65494739617
130	1.59280517286
135	1.06976155103
140	1.06976155103
145	1.67193406567
150	2.09461145436
155	1.06976155103
160	1.06976155103
165	3.20229126817
170	2.48717680306
175	4.06415780389
180	1.90112471224
185	1.60236463723
190	4.239405643
195	4.97823091553
200	2.11612479378
205	2.96003483125
210	1.93083926299
215	2.71079664745
220	1.06976155103
225	1.06976155103
230	2.33244821774
235	1.41292828873
240	2.383349636
245	1.84862897592
250	2.40204506912
255	1.85919851356
260	1.09660509861
265	1.06976155103
270	1.96290874772
275	1.06976155103
280	3.43211507206
285	1.06976155103
290	1.07100089411
295	2.99393172965
300	2.37325109507
305	1.11393367998
310	3.52753713214
315	1.06976155103
320	1.28568160057
325	3.62866089678
330	4.84566142868
335	1.66839423272
340	2.5779694089
345	2.13279144458
350	2.0894837797
355	1.13299720579
360	4.20828408206
365	1.86101035702
370	1.12285799958
375	3.54225183416
380	1.06976155103
385	1.06976155103
390	2.56242651299
395	2.49603605259
400	1.06976155103
405	1.18022213734
410	1.20647740554
415	1.06976155103
420	2.73835825193
425	3.50051971416
430	4.84964318495
435	1.87838381308
440	3.00585703169
445	1.06976155103
450	1.08464343483
455	1.85534141537
460	1.13622158657
465	2.50277311252
470	4.28225068807
475	1.83700485726
480	1.06976155103
485	4.82282155168
490	1.06976155103
495	2.04566726822
500	1.06976155103
505	1.06976155103
510	1.06976155103
515	1.06976155103
520	2.09478289638
525	1.09475530115
530	1.15194473064
535	2.9449920801
540	1.06976155103
545	4.44772140171
550	1.78254920811
555	2.52401437477
560	1.06976155103
565	3.56496912907
570	2.86784939725
575	4.13996787121
580	1.06976155103
585	1.46523193299
590	1.06976155103
595	1.23019773632
600	2.3524345415
605	3.85550082194
610	3.12624913986
615	1.06976155103
620	1.06976155103
625	2.90659800188
630	2.3070749661
635	1.1257336589
640	2.15526123131
645	3.52815783718
650	1.4558236409
655	1.58552296351
660	1.06976155103
665	2.12499798412
670	1.06976155103
675	3.26338292391
680	3.23665769948
685	1.42837175416
690	1.42481332969
695	2.0906484465
700	1.67805598242
705	1.69834445919
710	2.16651078065
715	3.02149725064
720	1.06976155103
725	1.06976155103
730	1.25180487043
735	1.06976155103
740	3.19373160746
745	4.08392221453
750	2.88159458093
755	1.06976155103
760	2.16629777593
765	1.85624802159
770	3.43542707831
775	3.61103846282
780	3.80173800687
785	1.11110532084
790	1.24727536878
795	1.70620302086
800	2.17105172166
805	1.06976155103
810	2.7805765473
815	2.47839911324
820	2.58169648765
825	1.06976155103
830	2.44282036786
835	1.95516844591
840	1.06976155103
845	3.34311441759
850	2.92202795213
855	2.57263688637
860	3.17999777446
865	1.96729759443
870	1.06976155103
875	2.01844830968
880	1.72106069879
885	1.06976155103
890	1.92509620086
895	2.47730375154
900	3.07472210214
905	4.2228195602
910	1.22850170133
915	1.97584748529
920	3.24107845714
925	2.19713274289
930	2.83493404519
935	1.06976155103
940	1.06976155103
945	1.06976155103
950	1.06976155103
955	1.30652165914
960	2.74025405733
965	1.09349789819
970	2.67607967733
975	1.61428687216
980	2.92779583091
985	3.55649552651
990	1.45276151784
995	1.30465193211
1000	1.06976155103
1005	2.31336799775
1010	3.68141755335
1015	2.16249459166
1020	1.06976155103
1025	1.06976155103
1030	2.90116999734
1035	1.10128929015
1040	2.47649674142
1045	1.06976155103
1050	1.06976155103
1055	1.06976155103
1060	1.37163499174
1065	3.45478102092
1070	3.91697014796
1075	2.86593934043
1080	1.81076050824
1085	1.56118569292
1090	1.42486271736
1095	1.18016243086
1100	2.89015841957
1105	2.9915098955
1110	1.37411822674
1115	1.61920091666
1120	3.18503505042
1125	1.06976155103
1130	2.76524792047
1135	1.60284279906
1140	1.06976155103
1145	1.96250505182
1150	2.22887592105
1155	3.18778438413
1160	3.45832584325
1165	2.78631539442
1170	2.016514833
1175	2.94557988333
1180	1.06976155103
1185	2.91647163263
1190	2.7718165224
1195	1.25546076208
1200	3.32729576384
1205	3.41055612976
1210	1.10175915608
1215	1.06976155103
1220	1.33648103945
1225	3.40027253357
1230	4.16574653631
1235	3.21856144769
1240	3.89763863062
1245	3.94577578172
1250	2.79689136235
1255	1.06976155103
1260	2.55135668086
1265	2.14388147519
1270	1.53408852381
1275	1.36322405397
1280	1.32246391039
1285	2.03323888418
1290	2.07322965321
1295	2.29188679877
1300	1.06976155103
1305	3.74006480357
1310	2.39437456599
1315	1.36373514308
1320	2.64583495338
1325	2.14493962083
1330	3.56220897798
1335	2.39091464477
1340	1.73632178404
1345	1.06976155103
1350	3.37257567509
1355	2.78947817492
1360	1.06976155103
1365	1.06976155103
1370	2.11934307822
1375	1.89957811066
1380	2.5609872223
1385	3.9907320994
1390	2.54141577407
1395	1.06976155103
1400	1.06976155103
1405	1.06976155103
1410	3.0990839737
1415	1.30356973389
1420	2.19393418263
1425	3.56093098796
1430	1.06976155103
1435	2.09029466057
1440	1.34436425609
1445	1.06976155103
1450	3.23003040787
1455	1.06976155103
1460	1.10855121485
1465	1.06976155103
1470	2.59041710543
1475	2.10823525493
1480	4.04339832662
1485	1.24499557177
1490	2.57214636819
1495	3.08808010405
1500	3.90826881759
1505	1.68967289447
1510	1.72317035202
1515	3.67602309022
1520	2.24566369864
1525	2.5223537651
1530	1.72653708297
1535	1.86940605379
1540	2.98534759383
1545	4.30700118052
1550	1.5888880416
1555	1.208940563
1560	3.2765547311
1565	2.93519160595
1570	1.06976155103
1575	1.46780877092
1580	3.08878203851
1585	1.06976155103
1590	2.65394128036
1595	3.23828186596
1600	2.26531443502
1605	1.06976155103
1610	1.06976155103
1615	4.01825824088
1620	1.91956342809
1625	1.57514380798
1630	1.34087608869
1635	1.06976155103
1640	2.57680487672
1645	2.37685663902
1650	4.35159219918
1655	1.99430241107
1660	1.42336325238
1665	2.70146805072
1670	1.10126150608
1675	1.87376485912
1680	2.70023565278
1685	1.70466683634
1690	1.06976155103
1695	3.49843044118
1700	4.35343990452
1705	1.06976155103
1710	3.53378644267
1715	2.25559726031
1720	1.95066903362
1725	2.16733975076
1730	3.53593047647
1735	4.05601946744
1740	1.06976155103
1745	2.19897566414
1750	2.52108818289
1755	1.06976155103
1760	1.06976155103
1765	1.54906906218
1770	1.06976155103
1775	3.48501245248
1780	1.68974835656
1785	4.64005002234
1790	1.06976155103
1795	3.16732187275
1800	1.06976155103
1805	1.06976155103
1810	1.18848149665
1815	2.89581725648
1820	1.93065217065
1825	2.52880648586
1830	3.77223731902
1835	3.19485467595
1840	4.28603502084
1845	1.06976155103
1850	1.70382792494
1855	2.61836037826
1860	1.38696461176
1865	1.72731819655
1870	3.0411370206
1875	2.2576247471
1880	1.06976155103
1885	1.77617151546
1890	4.48981185126
1895	3.86918995271
1900	1.06976155103
1905	1.06976155103
1910	2.68019400399
