0	3.34013692961
5	2.61192445802
10	1.71244723635
15	3.28972294121
20	3.72040958839
25	2.6864554384
30	3.4186574735
35	5.24296871781
40	3.28639913512
45	6.3807782255
50	5.56882432899
55	3.86923137418
60	1.71244723635
65	2.14617167497
70	1.71244723635
75	1.71244723635
80	3.74257746574
85	1.71244723635
90	4.10693483173
95	3.61469889353
100	3.07695100544
105	4.99320227562
110	2.4092888802
115	3.92976561896
120	3.18238114833
125	4.64180180445
130	2.24040851663
135	3.29676897043
140	2.57874776849
145	6.16988306687
150	2.47698930677
155	3.06471591708
160	4.34383729699
165	1.94033036792
170	2.82666068103
175	1.71244723635
180	2.91942135534
185	3.34403484007
190	2.98740747604
195	2.57425730805
200	4.0139117741
205	3.48084840729
210	2.44463896932
215	3.92276409529
220	3.75861926014
225	4.92079521787
230	4.52930073539
235	2.76004171801
240	2.14223891126
245	4.11817921781
250	3.09470668361
255	2.84659062322
260	4.71249525311
265	3.68341163385
270	4.45150693659
275	2.47630024586
280	3.37976123566
285	3.6456725631
290	1.93387199038
295	5.50787967099
300	3.52614501487
305	2.3611216233
310	3.19848269258
315	3.7325043199
320	3.65612250216
325	4.31290982244
330	3.92130062934
335	3.2391172037
340	3.83771216887
345	3.258900095
350	3.64242920874
355	3.29124742286
360	3.50578208073
365	2.25347513431
370	1.71244723635
375	2.37971103244
380	2.56083565257
385	3.14859349286
390	5.65272108023
395	2.86118967362
400	4.65940474709
405	4.72638602359
410	3.43209820381
415	4.46219147039
420	4.33225886811
425	3.27747155361
430	2.34055335579
435	4.05338403411
440	2.35299562822
445	1.71244723635
450	3.34862361515
455	2.31133437597
460	3.14412876107
465	3.95518799583
470	3.88416961684
475	2.85058544316
480	3.14461808156
485	1.71244723635
490	4.47099881433
495	3.07783167134
500	3.48277677218
505	3.48669229545
510	4.13412657956
515	1.71244723635
520	3.11497816558
525	2.53284597037
530	2.00803024379
535	3.65765604902
540	4.75932941841
545	3.08414153006
550	4.98390243928
555	3.97566122519
560	5.2893419799
565	3.91106700997
570	3.47151052259
575	4.47173898784
580	4.33884377205
585	4.189219716
590	2.52609461805
595	3.67808930507
600	4.23399148258
605	4.86000160067
610	2.15038529742
615	3.44372816068
620	1.71244723635
625	3.61855724568
630	5.2802051357
635	4.24423385519
640	1.71244723635
645	3.803936371
650	2.00905816068
655	1.71244723635
660	5.13335276065
665	3.20046151278
670	2.1525193763
675	3.18238152941
680	3.00564330627
685	2.16896675024
690	2.29281647488
695	4.15702888738
700	1.7184362733
705	3.25820255897
710	1.74094405649
715	3.34571029529
720	4.1784478718
725	4.55768899402
730	3.27344914963
735	3.32123077358
740	3.67417628739
745	4.27451275956
750	1.71244723635
755	1.94756235103
760	3.29805321777
765	3.79816957796
770	4.13328444678
775	2.93766345563
780	2.32358307614
785	2.98235155997
790	3.5056650756
795	4.02680908668
800	1.84383739575
805	4.47275964698
810	4.03073858026
815	5.40230091647
820	5.70695839639
825	2.03524511776
830	3.09143411174
835	3.03839634355
840	2.54002008475
845	2.12006237668
850	2.11624823644
855	2.16557335761
860	1.98928058112
865	3.40051408807
870	5.45517971045
875	3.64508811284
880	4.91933710305
885	2.33469080453
890	5.26088407666
895	2.75867772197
900	3.94423047814
905	3.16879729401
910	1.71244723635
915	2.56173511861
920	1.90627165811
925	4.72886403228
930	1.71244723635
935	2.33247703729
940	4.09452685764
945	4.46344892962
950	3.30696307693
955	3.3596812043
960	2.27646560814
965	3.34010060618
970	4.28990164615
975	3.67566191779
980	2.95498152517
985	3.16527299673
990	4.6986012494
995	2.08244665623
1000	4.10351643487
1005	2.87593306008
1010	5.06508853315
1015	5.57904307361
1020	3.49161600167
1025	3.39976737489
1030	2.91498947179
1035	2.52317360574
1040	5.56675790855
1045	3.87822998234
1050	3.83603606528
1055	3.56771962124
1060	1.98194088633
1065	2.70507133266
1070	3.15340871217
1075	5.08809046556
1080	3.08054960247
1085	4.26994385563
1090	6.39492067385
1095	4.53841762799
1100	2.75648304551
1105	2.16011639008
1110	2.36244753068
1115	7.0874951854
1120	1.71444156888
1125	1.71244723635
1130	4.07938415671
1135	4.43029414575
1140	2.75824108949
1145	3.51107665409
1150	3.01815423589
1155	3.39563834961
1160	2.62977270646
1165	3.56556143376
1170	1.71244723635
1175	2.20150965589
1180	2.16373507354
1185	3.27872551077
1190	3.55836211276
1195	4.63925957762
1200	4.25898957377
1205	3.6014317413
1210	2.57373140983
1215	4.01130193165
1220	2.42933485384
1225	2.61651593843
1230	3.48365867635
1235	1.71244723635
1240	3.34890443132
1245	3.71899237233
1250	4.15868415779
1255	2.78310767995
1260	2.78561135228
1265	3.24653526709
1270	1.71244723635
1275	3.35360035763
1280	1.71244723635
1285	4.99344549284
1290	1.71244723635
1295	4.2769204357
1300	4.43723220221
1305	3.42942209274
1310	3.87771413282
1315	1.78846063647
1320	3.5066690417
1325	1.96145743802
1330	2.62395910898
1335	2.68868062599
1340	1.71244723635
1345	5.02504462761
1350	4.99266904644
1355	2.0126866151
1360	2.73572187089
1365	3.7409461486
1370	3.29478033782
1375	4.39365945303
1380	4.30997198735
1385	2.92327549146
1390	2.63570294522
1395	2.91066529777
1400	3.88826496074
1405	2.24692416577
1410	2.80196793486
1415	4.37263969273
1420	3.3108816599
1425	5.09385888721
1430	4.62259982989
1435	3.49891328658
1440	4.93642649339
1445	1.7882165466
1450	2.02201081911
1455	2.45732058212
1460	2.14138182448
1465	3.52423034706
1470	3.2874546436
1475	2.97143463136
1480	3.41316462794
1485	2.73936577319
1490	3.87273153672
1495	2.26151756483
1500	2.58540612258
1505	2.68807248309
1510	4.03858553013
1515	1.93153701208
1520	3.02211390216
1525	4.93936891532
1530	3.67539765374
1535	5.04724110421
1540	3.6714784575
1545	2.77987866138
1550	2.97588261678
1555	5.60503106688
1560	5.94380648426
1565	3.77593328675
1570	1.71244723635
1575	3.93640130579
1580	5.00713851562
1585	2.92905752674
1590	2.88314337815
1595	1.77014490503
1600	4.72346082045
1605	4.09593297271
1610	3.67960858745
1615	3.30688887646
