0	4.38464838048
5	9.50461787581
10	5.93936269232
15	6.7892008484
20	2.71509986843
25	6.4837914171
30	5.56217559556
35	7.43187143795
40	9.72748007505
45	9.64927104194
50	7.21529820099
55	7.17659132093
60	5.06318361108
65	6.40887549814
70	8.85179545533
75	6.82970838476
80	7.08281616524
85	5.45074483088
90	9.10824442456
95	7.34263593576
100	7.83611547865
105	8.36008796109
110	7.81570845889
115	5.07846380654
120	4.9495063323
125	7.32956618444
130	9.04116774141
135	5.53341101272
140	5.43339211432
145	5.90459063807
150	9.17820550317
155	9.31827832548
160	9.594974632
165	7.95376822282
170	4.02240638341
175	9.82475135743
180	6.66392241177
185	4.74890799049
190	5.60852167321
195	7.53864264088
200	6.64087392894
205	7.6767322827
210	8.5388309504
215	6.06778057479
220	9.48489477041
225	6.03355169693
230	6.90533094176
235	7.28005315166
240	6.5023591201
245	10.0526087083
250	8.16827473357
255	5.2640393944
260	6.46303845919
265	7.59626284683
270	7.7002668897
275	7.86368360669
280	6.95949258058
285	4.55579848772
290	8.64907314216
295	4.71479699606
300	9.08596296915
305	9.88315339015
310	5.77160043863
315	5.97472056181
320	5.72964311906
325	6.24547798927
330	5.17437307193
335	4.88457825639
340	8.88943766933
345	5.09809877653
350	7.85575552307
355	8.11833986623
360	4.9751876445
365	6.20787962898
370	9.47525106109
375	4.55620733343
380	8.50398181555
385	8.50056433087
390	5.93851336383
395	8.19261674734
400	8.04823437504
405	5.7226228069
410	7.66823516223
415	6.29677316684
420	6.36833602004
425	9.77169949141
430	7.96869255393
435	6.39074463872
440	9.37253582895
445	9.09864058299
450	6.48881066311
455	5.26274380579
460	7.78174655692
465	5.66414377009
470	7.25600471296
475	6.72194448852
480	6.53737770842
485	6.20942871203
490	6.77499625624
495	9.22509093391
500	7.68490327753
505	8.46288997063
510	7.47842796345
515	7.80081006195
520	8.90481399479
525	4.24734978625
530	7.55228355051
535	5.45439646438
540	9.0760763851
545	6.07147663847
550	8.6923168591
555	9.19398745898
560	8.82720717162
565	7.39286768199
570	6.27226151969
575	7.40310633045
580	8.92232938935
585	7.10222115884
590	8.42495792386
595	5.95504816019
600	10.3659902079
605	7.63347462058
610	5.95997175907
615	9.60820465682
620	9.16221311168
625	8.01302104732
630	7.35654203697
635	8.27490537606
640	7.47950197788
645	6.14100944122
650	7.36572789576
655	7.43316900639
660	6.04655931989
665	9.49901367446
670	8.53535933256
675	9.78230752845
680	7.05130116368
685	6.28184592676
690	8.21313035071
695	7.45508449936
700	10.4423167534
705	6.23791266451
710	7.0615500957
715	7.02820171903
720	5.75239085277
725	7.0327701874
730	5.77528416803
735	6.94097519586
740	9.63487188839
745	7.36320184964
750	4.72348181065
755	6.35448111193
760	6.90313116078
765	6.53335287894
770	9.74935578875
775	8.25803264353
780	4.3137754644
785	8.94609466792
790	6.36908523605
795	8.35828442947
800	5.56416311356
805	5.81187150741
810	6.9835608665
815	7.39736928148
820	7.6580919667
825	8.64335649754
830	9.30044634693
835	8.37964043845
840	7.87289717133
845	6.5373009684
850	8.14366171788
855	5.49665895342
860	4.66664273948
865	7.53702321325
870	6.54166520828
875	8.57866533102
880	7.64869347414
885	7.55974841893
890	7.26883144522
895	7.61571118779
900	8.13361007181
905	6.33629652147
910	6.3900566828
915	5.50450938481
920	7.74359495449
925	8.91697305604
930	5.23870916486
935	7.80140170673
940	5.59958586484
945	8.19133733055
950	9.62533709024
955	7.16139515115
960	7.61376584481
965	8.71025310868
970	10.2591064977
975	4.40507554732
980	5.26590987831
985	9.95178945514
990	8.40992589338
995	6.28169678297
1000	9.15599455571
1005	4.63985399786
1010	6.61069241965
1015	5.8413495957
1020	6.3650897117
1025	8.86450041976
1030	5.55947578563
1035	7.6006309232
1040	8.46499847253
1045	9.13495018546
1050	6.40312060754
1055	4.82471868548
1060	7.16424329216
1065	8.13988375197
1070	10.0087077178
1075	8.48962225369
1080	9.9774719044
1085	7.66405699399
1090	5.82040927383
1095	8.60817415396
1100	4.14378439506
1105	6.23736075257
1110	9.50035999476
1115	8.21458934072
1120	6.09686966063
1125	8.07474075856
1130	8.92034196804
1135	8.84423194576
1140	8.02871408436
1145	4.79550684455
1150	8.3526992322
1155	9.17764546259
1160	8.47643360559
1165	7.6294330346
1170	4.5453194227
1175	5.51013477757
1180	5.40123866458
1185	7.92334819806
1190	6.3724622768
1195	5.11875135603
1200	9.30618127179
1205	8.99254019357
1210	7.60585195065
1215	7.55011925117
1220	7.92060229064
1225	6.84389054613
1230	8.10373421342
1235	6.17240992358
1240	6.64223323697
1245	5.81954965066
1250	6.75777431375
1255	7.91187318902
1260	7.6183275779
1265	3.68266449798
1270	7.15218167572
1275	4.97381110155
1280	7.70984876974
1285	5.82730371951
1290	9.76478067965
1295	9.58921837662
1300	7.5505080799
1305	4.78344507225
1310	7.01733062768
1315	7.34795261772
1320	7.47308777328
1325	6.24694081824
1330	10.2635488901
1335	5.68056661676
1340	3.57717616998
1345	7.42849181018
1350	9.24777131643
1355	11.3588652701
1360	8.29100449559
1365	6.82461740214
1370	6.66984925317
1375	6.98178756908
1380	5.31772207851
1385	7.07722349318
1390	4.06172632328
1395	9.00014458616
1400	5.22678851183
1405	7.35884319218
1410	7.22713118171
1415	4.37544388324
1420	6.34367065065
1425	8.16192344613
1430	6.95483767587
1435	5.79942005576
1440	8.24499104801
1445	7.84732031232
1450	8.28740406996
1455	8.16093116812
1460	8.66767690885
1465	8.77559412531
1470	9.01391519984
1475	7.91505335301
1480	9.19424890605
1485	7.17808377377
1490	6.39938471727
1495	8.41275564816
1500	9.264954767
1505	5.16136004482
1510	4.68930396673
1515	8.91514695462
1520	7.11163000439
1525	6.84634500363
1530	7.68341075072
1535	5.60199449626
1540	6.20496119819
1545	5.07327860849
1550	8.08859604187
1555	5.55879145718
1560	6.96890841089
1565	10.6640406782
1570	7.64047354665
1575	5.50841353372
1580	9.3221420771
1585	10.058106195
1590	6.24759995495
1595	8.16786025009
1600	8.31380585909
1605	7.64926915638
