0	2.4575780469
5	2.67172045104
10	2.66958101793
15	2.44231008282
20	3.95763658407
25	1.92168356738
30	1.92168356738
35	2.56135038543
40	2.26705518794
45	1.92168356738
50	1.92168356738
55	2.46927402004
60	3.67808116851
65	2.86302398486
70	1.92168356738
75	1.92168356738
80	3.94259736161
85	2.02653744372
90	2.47857282003
95	2.41624423588
100	2.93643352996
105	1.92168356738
110	1.92168356738
115	3.00970339075
120	1.95184419205
125	3.23414151261
130	2.25695374581
135	3.64705389625
140	3.17588090638
145	1.9399702282
150	1.92168356738
155	4.06590276711
160	2.15447443477
165	2.27429318357
170	2.41947638477
175	1.92168356738
180	2.98336334486
185	3.25513482181
190	1.92168356738
195	1.92168356738
200	3.42378399375
205	2.73149481954
210	2.09916490384
215	5.64332375483
220	3.29048502367
225	4.0594857753
230	2.82742920446
235	1.92168356738
240	2.60653593589
245	1.92168356738
250	2.24968215144
255	3.81188400144
260	2.72615489388
265	3.24647714889
270	1.92168356738
275	1.92168356738
280	2.17688000089
285	1.92168356738
290	2.00489421888
295	3.51766849038
300	2.13092204996
305	1.92168356738
310	2.33587207585
315	2.19778305242
320	1.92168356738
325	2.01807931295
330	2.09909493443
335	3.13376357861
340	2.95444847994
345	3.133238679
350	2.60652448169
355	1.92168356738
360	2.79909539118
365	3.58954141348
370	1.92168356738
375	2.47960890457
380	1.92168356738
385	3.80492993445
390	3.71310253827
395	1.92168356738
400	2.53293918373
405	3.26109267852
410	4.00564615979
415	2.59489426166
420	2.95823710345
425	2.29512793774
430	1.92168356738
435	3.32388538571
440	5.34486924642
445	3.2939703722
450	1.92168356738
455	4.92825538616
460	1.92168356738
465	4.8338459849
470	1.92168356738
475	3.29959588653
480	1.92168356738
485	2.68262780084
490	2.34898121706
495	1.92168356738
500	2.35838962086
505	1.92168356738
510	3.13782422967
515	1.92168356738
520	1.92168356738
525	4.98680184605
530	2.44506997322
535	2.88562844659
540	3.16526848435
545	3.49004745831
550	2.69622672605
555	2.135869226
560	3.38750371956
565	2.11832019866
570	2.4030021309
575	4.81750029866
580	2.08607232926
585	4.08963706278
590	2.66247125622
595	3.33355763709
600	2.06394031035
605	1.92168356738
610	3.70831642851
615	2.3452436226
620	5.3149414147
625	1.97756303223
630	2.73656361242
635	1.92168356738
640	2.87200243129
645	2.11521394405
650	2.93760592302
655	1.93609939628
660	4.79557220025
665	3.01922407408
670	2.8941664071
675	1.92168356738
680	2.84394812065
685	3.19210705674
690	1.92168356738
695	1.92168356738
700	5.81057391214
705	3.4408066332
710	3.04130488317
715	3.18348410292
720	2.18267704741
725	1.92168356738
730	1.92168356738
735	1.92168356738
740	2.43454156212
745	1.92168356738
750	2.39713418329
755	2.10501066306
760	1.92168356738
765	2.86113323213
770	3.18472795246
775	1.92168356738
780	1.92168356738
785	2.63550129202
790	2.54180363171
795	1.92168356738
800	2.34986318353
805	2.17686912394
810	2.13867432553
815	3.05819631793
820	1.92168356738
825	2.06188754976
830	2.79309087752
835	3.51292373072
840	3.02041100689
845	1.92168356738
850	1.92168356738
855	1.92168356738
860	2.89657606841
865	2.20426121065
870	3.0429389166
875	3.02314670344
880	2.07517077086
885	3.33119138567
890	3.03741637505
895	3.95991315152
900	1.92168356738
905	3.04619511407
910	2.73650623263
915	5.1104427682
920	3.40100566194
925	2.04155740201
930	4.7262633952
935	3.50484428046
940	1.92168356738
945	1.92168356738
950	3.9373959131
955	3.09128505585
960	2.05323998134
965	2.8250881769
970	2.18141641431
975	3.30163706986
980	5.49098021846
985	1.92168356738
990	2.26396136656
995	2.28389150775
1000	3.12712364238
1005	1.92168356738
1010	2.42850548027
1015	2.61665899609
1020	4.22082853861
1025	3.31433752262
1030	1.92168356738
1035	1.92168356738
1040	4.36419853162
1045	1.92168356738
1050	1.92168356738
1055	1.92168356738
1060	2.7990932394
1065	1.9478976388
1070	2.96111769601
1075	5.77727243709
1080	2.04697244056
1085	4.27974328507
1090	3.20138509061
1095	5.32325098272
1100	1.92168356738
1105	2.42003611335
1110	2.08206987306
1115	1.92168356738
1120	3.54160145478
1125	3.4039008822
1130	3.37510783638
1135	2.32888491874
1140	3.85028002088
1145	2.49926687936
1150	2.72858464578
1155	1.92168356738
1160	2.63252743093
1165	1.92168356738
1170	1.92168356738
1175	2.08969577219
1180	2.44841996651
1185	2.36495841696
1190	1.92168356738
1195	2.22801378102
1200	2.91072356078
1205	3.0452037176
1210	1.92168356738
1215	1.92168356738
1220	2.01263389908
1225	2.36890637495
1230	1.92168356738
1235	2.11064420407
1240	4.33802377254
1245	3.3547781575
1250	1.92168356738
1255	1.92168356738
1260	3.56948371457
1265	1.92168356738
1270	4.14792393161
1275	2.2724053562
1280	1.92168356738
1285	1.92168356738
1290	2.02564187292
1295	1.92168356738
1300	2.86807110605
1305	1.92168356738
1310	1.92168356738
1315	1.92168356738
1320	3.60309722287
1325	4.96834560535
1330	1.92168356738
1335	3.67724119271
1340	3.48785526584
1345	3.10147856778
1350	1.92168356738
1355	1.9591772745
1360	1.92168356738
1365	1.92168356738
1370	1.92168356738
1375	2.2743277465
1380	2.88893891341
1385	1.92213786989
1390	1.92168356738
1395	2.1913914682
1400	4.9976300556
1405	1.92168356738
1410	2.53375220191
1415	3.20743721221
1420	3.95728710204
1425	6.73594875472
1430	1.92168356738
1435	4.60276677872
1440	1.92168356738
1445	2.3771072205
1450	1.92168356738
1455	2.33329928487
1460	1.94916641027
1465	2.2577575282
1470	3.90949656154
1475	1.92168356738
1480	2.51052090604
1485	3.70264302227
1490	4.76712807541
1495	2.04055002896
1500	1.98017388207
1505	2.18535625579
1510	1.92168356738
1515	2.74241929842
1520	3.4038007867
1525	1.92168356738
1530	3.78416913029
1535	1.92168356738
1540	1.92168356738
1545	3.3599825697
1550	3.09681733659
1555	1.92168356738
1560	2.244239194
1565	2.59707610826
1570	1.92168356738
1575	1.92168356738
1580	2.46523941438
1585	1.92168356738
1590	2.22531713959
1595	2.52390978403
1600	2.67911411401
1605	2.83386834021
1610	2.75330218513
1615	2.72842262483
1620	1.92168356738
1625	2.57729651965
1630	1.92168356738
1635	3.86509375069
1640	2.22434525594
1645	2.67492746099
1650	2.20797662387
1655	1.92168356738
1660	1.92168356738
1665	2.4193910526
