0	3.79336128574
5	7.42738453511
10	4.06310835277
15	2.77919898355
20	4.24389411914
25	6.12649943914
30	6.72806549063
35	6.17172838448
40	5.02846746353
45	6.31966261958
50	7.32602991566
55	7.06361814109
60	5.26072402589
65	6.25939840388
70	4.25635665245
75	5.13375167226
80	6.92699559666
85	4.53645928272
90	5.63918345988
95	8.7389303596
100	6.66831950373
105	6.99515798512
110	6.59873331588
115	5.02016845161
120	4.18541522724
125	4.4320318958
130	4.6140805503
135	6.03212742391
140	6.51629676578
145	3.7520074822
150	5.79943550033
155	3.53666591715
160	5.24407331667
165	4.88096940918
170	5.031649733
175	4.41516374573
180	5.59021174092
185	6.90053450802
190	7.36376350211
195	6.45911192386
200	4.17567945327
205	3.51830819595
210	3.97143941793
215	6.43132619358
220	5.67406538767
225	7.09269707702
230	5.03496925703
235	7.79514383775
240	7.52113610546
245	3.48514431472
250	5.5845164426
255	5.17149727182
260	5.76246890014
265	7.90503087874
270	4.51949474115
275	4.2099970411
280	2.30109613626
285	4.83403476512
290	5.12261823391
295	8.04766579477
300	6.31063895586
305	4.84213231883
310	3.92899104587
315	6.25054835374
320	2.97890811087
325	5.96643084374
330	5.79205041816
335	4.04774144689
340	6.31142329879
345	6.80838828933
350	5.79717480947
355	7.16822204792
360	4.41131615866
365	6.95626146426
370	5.81917167698
375	5.5631355961
380	6.91067979864
385	6.29139328226
390	6.7063958723
395	7.06689805352
400	6.02606003301
405	6.08891291292
410	6.40741477367
415	6.10266664044
420	8.50271574201
425	5.55015448675
430	5.33924302604
435	6.80858596171
440	6.41074075597
445	5.40265432695
450	3.59066509863
455	6.7833944109
460	4.45306417971
465	3.27642172351
470	5.21649434761
475	6.47523402099
480	3.49749519084
485	5.06603714043
490	5.06441767946
495	6.95658642322
500	7.19995863333
505	4.77834137046
510	7.03446455376
515	3.33126426309
520	4.72351760886
525	5.61047484796
530	5.53000440544
535	6.70080399657
540	3.45062191969
545	5.8918480548
550	3.14380745319
555	4.66648334503
560	5.2881962732
565	6.90627700744
570	6.18060455944
575	4.64074564709
580	3.90838884595
585	6.71670659406
590	3.41345961322
595	5.54872949215
600	5.58545654413
605	5.27326419499
610	4.31509220767
615	4.52727567524
620	5.91931379338
625	5.42173644831
630	4.82941788748
635	3.88921106126
640	5.1197617855
645	6.69001671818
650	7.20549041633
655	5.57733514099
660	7.70336311559
665	5.77545966964
670	6.35183906478
675	3.91464245343
680	5.73974940047
685	2.67573531866
690	6.93057027963
695	4.59191236269
700	6.06959230184
705	5.37251746921
710	4.40294449246
715	3.55574103579
720	4.41704376041
725	5.8871081086
730	7.37933509011
735	3.40433038396
740	4.19752584343
745	5.23205095622
750	4.47752289446
755	2.92841516357
760	6.53832144365
765	6.92552615575
770	5.84561408385
775	4.76276999549
780	6.0930818812
785	6.29451766453
790	7.62661539572
795	3.70107483095
800	7.05168078623
805	7.02836822455
810	4.51324421274
815	7.77503952173
820	6.17134671372
825	7.36286971699
830	8.459292336
835	5.88659885127
840	7.55510603906
845	5.29077465281
850	6.07290022141
855	5.33410334853
860	6.03265973136
865	3.70760174925
870	5.56000848946
875	6.59771152037
880	6.07037894704
885	5.19905636414
890	5.46694807483
895	3.49314441838
900	4.83152240086
905	6.36479862137
910	6.71928175649
915	3.44252009434
920	5.28198512239
925	5.16601085962
930	7.33565376915
935	4.84101903224
940	4.86194401281
945	4.28763553356
950	3.80676354793
955	8.19029298462
960	4.71514517059
965	3.11043859619
970	6.19298715177
975	3.59840166728
980	8.99957355694
985	3.53967880902
990	5.4875351225
995	4.148285338
1000	5.50215458514
1005	5.68572701918
1010	7.36416329617
1015	5.62684595334
1020	5.93017583079
1025	3.26582724423
1030	4.61584138313
1035	3.48311855287
1040	6.0464418628
1045	6.28898275605
1050	5.67338054641
1055	6.62928929545
1060	5.2243311016
1065	4.00415085364
1070	7.68288292869
1075	2.30109613626
1080	4.92870980867
1085	8.13901716922
1090	4.9762780088
1095	4.20321752529
1100	3.83812862544
1105	7.30501641528
1110	6.8491231576
1115	5.22529952082
1120	3.26999578848
1125	7.63324392704
1130	4.05376880285
1135	3.21428922181
1140	6.49714324041
1145	6.42357828445
1150	6.61602095561
1155	3.00773136521
1160	3.65397297082
1165	6.89476984724
1170	6.82020982755
1175	6.23473820156
1180	4.60522056661
1185	5.12024332216
1190	7.00762326761
1195	4.57847327169
1200	3.12312687024
1205	4.23286035899
1210	6.28539258416
1215	3.95020848256
1220	8.94846432351
1225	2.40670413409
1230	6.12548816813
1235	4.65209521361
1240	6.57365384056
1245	5.86088607241
1250	4.80491650804
1255	6.82653268133
1260	8.26887090409
1265	6.75559674062
1270	3.91646611986
1275	5.23251222869
1280	4.2992000369
1285	6.73328768668
1290	4.90293624785
1295	6.15124044775
1300	3.8341591854
1305	3.19628347948
1310	5.39954226172
1315	3.38659876718
1320	8.92374744424
1325	2.70523514409
1330	4.86132791707
1335	5.52175015598
1340	7.39139733494
1345	5.31956556665
1350	4.75911022088
1355	6.49996144124
1360	4.60454025512
1365	3.88750097656
1370	6.47351652776
1375	4.2133293759
1380	6.46017508832
1385	6.01827227433
1390	5.56314506738
1395	7.75711864219
1400	7.23489375027
1405	7.38105039387
1410	4.13730595226
1415	4.98115791251
1420	5.63843555513
1425	3.3478820635
1430	4.39638514777
1435	6.41012202404
1440	6.55951163333
1445	5.3918421963
1450	4.85464006324
1455	7.34853806503
1460	3.87914626661
1465	7.77255743314
1470	8.08635438233
1475	4.87084442694
1480	4.89004894806
1485	5.27572547721
1490	6.35261467574
1495	8.97507600327
1500	6.33199788443
1505	6.09194247632
1510	3.57839569125
1515	8.72965431574
1520	5.08207639532
1525	6.13239509399
1530	7.1591732598
1535	4.00486477708
1540	4.31556120196
1545	6.87173957639
1550	7.67946972511
1555	4.50978405407
1560	5.34642347526
1565	3.34818264512
1570	3.52648285924
1575	4.54324040033
1580	4.47411190653
1585	8.50743483846
1590	5.21501894196
1595	5.76824900416
1600	5.08823401475
1605	6.12781306512
1610	4.5993206197
1615	6.63787204944
1620	6.69281547337
1625	3.50189470269
1630	3.60334944418
1635	6.27479136613
1640	4.62466376609
1645	8.80906356438
1650	3.98401391206
1655	5.25192647019
1660	4.8262489946
1665	4.88704562425
1670	3.88302086875
1675	4.79847732904
1680	7.11332521491
1685	4.96338611645
1690	5.08645587549
1695	4.06492436505
1700	6.08150052807
1705	4.10803080513
1710	5.41887736745
1715	6.85087374339
1720	6.27066500413
1725	6.38397108378
1730	6.23223984435
1735	4.67007000834
1740	6.8386730626
1745	3.51719111161
1750	3.66880958611
1755	6.13740903559
1760	2.97988168798
1765	5.35014934787
1770	5.29916821356
1775	7.13011436367
1780	4.10244718265
1785	6.34872680318
1790	5.22273570891
1795	5.96827734771
1800	3.1102040285
1805	8.05841861364
1810	5.25034877917
1815	7.2904750867
1820	2.47224828172
1825	7.5790996119
1830	4.9736310456
1835	3.60619968479
1840	5.67109341253
1845	5.60222998673
1850	3.87338514091
1855	3.57547938772
1860	5.72585628161
1865	5.48520976554
1870	6.06847650418
1875	5.83799954932
1880	8.08411241802
1885	5.97842650781
1890	5.48736133387
