0	5.75691638872
5	9.25637358619
10	9.42811788311
15	6.75191771554
20	6.50357342987
25	6.19711283498
30	7.87261615274
35	8.08506479868
40	8.11936608243
45	7.55462540473
50	9.13968829413
55	9.37332395975
60	8.26488838053
65	7.83688295428
70	9.59981183983
75	7.05640115255
80	8.45846023653
85	6.70391708184
90	7.1786535976
95	8.56584286934
100	8.87638008737
105	10.0445104168
110	9.15800242021
115	7.87792552783
120	7.70751597932
125	7.15702234104
130	6.09734560617
135	8.53490739298
140	9.20267785433
145	8.33119936986
150	10.440128087
155	8.90429470649
160	7.69420271216
165	8.70622762793
170	10.5102780635
175	9.59302397072
180	8.98083165072
185	5.41809996564
190	9.27897908363
195	8.03731625821
200	7.59853586315
205	9.59975148756
210	7.00830108722
215	10.0929931396
220	9.44910247701
225	9.88543251005
230	6.01228720465
235	6.1742884224
240	8.92713668277
245	6.74760679937
250	10.3927019255
255	9.81796448596
260	7.76753483748
265	7.56647461358
270	6.56016902923
275	7.51742695902
280	5.9002157996
285	9.88200672986
290	7.66493068137
295	7.53746588722
300	9.65960001901
305	10.1701864102
310	8.07130944062
315	6.99500752153
320	8.68067474555
325	10.002114967
330	6.56065562914
335	8.07828093006
340	5.85793839589
345	7.32866630404
350	8.56037483325
355	5.81178805112
360	8.66885145386
365	7.36732789394
370	7.87946769139
375	9.78041000662
380	10.4765493625
385	10.4605907065
390	8.47821384821
395	9.60665929775
400	10.5500812224
405	6.45676338202
410	6.31730263762
415	7.27387402916
420	8.58124588699
425	8.47640910526
430	8.90889376174
435	5.3085290222
440	8.78629765399
445	9.88367243449
450	8.96581299084
455	9.84383363145
460	8.86866097998
465	9.9071359627
470	10.436356533
475	7.10123295621
480	7.65975063011
485	8.54482800026
490	9.29817528567
495	10.4687028327
500	7.44177724507
505	8.73008421335
510	5.65019151564
515	10.121983886
520	7.16127796421
525	7.07307441215
530	6.75523733567
535	8.98499193163
540	7.62819663089
545	6.58905984621
550	9.98372858135
555	8.02286965017
560	9.91076596018
565	5.94872280207
570	8.24185456266
575	8.23201198677
580	9.73990370951
585	5.7584667995
590	6.3906589349
595	7.60030582381
600	9.42295617092
605	8.72358359953
610	8.57125229344
615	7.59795777093
620	5.85164396615
625	6.54082375132
630	9.23493198326
635	9.17466157866
640	9.32672840201
645	8.95314620998
650	8.80054096334
655	7.42546734983
660	8.82893453895
665	7.63118515869
670	8.97122258489
675	9.42041957663
680	9.30410276982
685	9.88082424571
690	7.0588022045
695	8.90439020002
700	6.97905508037
705	9.0232750044
710	9.44282265147
715	6.36737661665
720	7.99384326991
725	9.76154680036
730	8.0968560115
735	9.05001263924
740	8.81349035601
745	7.76340930066
750	9.08058976284
755	9.67304269036
760	6.2158753725
765	8.67527249186
770	8.5686667456
775	8.53449607035
780	8.75660187565
785	9.21873077337
790	9.33980018135
795	9.23046844406
800	5.58964070682
805	6.50867326107
810	9.4016651571
815	7.93869851204
820	9.93091076439
825	7.62695038119
830	6.13103796067
835	9.00958572262
840	8.52013851622
845	8.72955817877
850	6.57509027083
855	7.76622303852
860	9.03989262185
865	8.14771765495
870	7.70465881927
875	9.144167024
880	9.05119468736
885	9.48871460312
890	6.87335784996
895	8.17027784684
900	10.1891888294
905	9.67718652473
910	8.7854105116
915	7.38467232861
920	9.69265789092
925	8.66785504511
930	9.34622050989
935	7.77477357453
940	7.66271934802
945	9.0609271893
950	4.96263810307
955	9.39717414741
960	8.32208007527
965	9.68272762696
970	10.0205160502
975	7.57318421967
980	9.23253958058
985	8.62636712935
990	7.66920681591
995	8.82503647879
1000	8.328766007
1005	6.74498996149
1010	8.29376309194
1015	6.22936644704
1020	8.43878853255
1025	8.79148738531
1030	9.08502598469
1035	7.90566608271
1040	6.36905034222
1045	5.97231756004
1050	9.14537384242
1055	9.41495859964
1060	6.94471334495
1065	9.49412448168
1070	10.2509270647
1075	8.79028853199
1080	7.87226031483
1085	9.19714497408
1090	9.48134321183
1095	9.03840621837
1100	7.65708665556
1105	6.4529024198
1110	7.1839755804
1115	8.71117670964
1120	6.45365734665
1125	8.39480922591
1130	8.43783722494
1135	8.23926002343
1140	9.41866198463
1145	5.98755045389
1150	8.85343598733
1155	7.25187798807
1160	6.58220607781
1165	9.33204466522
1170	10.3296786313
1175	7.42022545719
1180	7.29474296181
1185	6.7340472073
1190	6.02600173645
1195	9.2628672165
1200	5.9308286025
1205	9.68323737784
1210	9.69997406711
1215	7.86407927818
1220	8.07028920327
1225	7.40721639328
1230	9.78647978119
1235	9.29159106075
1240	9.01043612298
1245	9.64783354799
1250	10.3062738333
1255	6.69005545688
1260	8.41473774908
1265	8.95623445241
1270	8.41086171205
1275	8.10302874291
1280	5.797017439
1285	8.00281637742
1290	8.48533350588
1295	8.09132896655
1300	6.10889696715
1305	8.0364384018
1310	10.0126060668
1315	6.97114679992
1320	8.69173923945
1325	5.32701635949
1330	7.42315557991
1335	7.66916809086
1340	8.09209212162
1345	10.5854635685
1350	8.92130125669
1355	7.69920191002
1360	9.23889249356
1365	9.52504960681
1370	7.36480983735
1375	8.13008927327
1380	7.99316095144
1385	10.2589697283
1390	8.68546407741
1395	7.9680604151
1400	10.8166187917
1405	7.97987099413
1410	7.74914419368
1415	9.27584192313
1420	9.72837724238
1425	5.93831673621
1430	7.50063136526
1435	5.61234720294
1440	7.91348920691
1445	8.19437748608
1450	8.55727989733
1455	9.79691708042
1460	7.54071094928
1465	7.63628595192
1470	8.88391735532
1475	6.90249110219
1480	8.8538884002
1485	8.59532853295
1490	6.38513906052
1495	9.33514658366
1500	9.02148441763
1505	8.80061135706
1510	8.69819361145
1515	7.74615648533
1520	9.78479919345
1525	9.15012813127
1530	4.31968483311
1535	7.98218162031
1540	7.61450339464
1545	8.14467732658
1550	9.38612640162
1555	8.38607435411
1560	7.83287226543
1565	10.0534707521
1570	7.87927632864
1575	7.06794834271
1580	6.5392688566
1585	8.97441247659
1590	8.97123092042
1595	8.7181691647
1600	7.03745522037
1605	7.094234999
1610	6.61846601303
1615	8.19790761014
1620	9.39659091466
1625	7.66721258772
1630	7.47309308337
1635	8.16536057321
1640	7.64771289324
1645	8.35677716212
1650	10.5808500959
1655	8.3393968061
1660	8.06508740586
1665	8.85584992592
1670	10.0125077857
1675	7.90966008378
1680	7.43612060695
1685	10.6112836054
1690	9.33073960456
1695	9.61172419949
1700	7.76154274764
1705	6.40615750367
1710	8.64026898804
1715	6.60238523142
1720	8.7753676154
1725	8.44169216844
1730	10.3412450988
1735	7.50434636918
1740	9.09450243066
1745	6.64935717038
1750	8.80725858218
1755	7.24725453795
1760	10.2383445405
1765	6.80655034787
1770	8.88013778685
1775	8.91422440109
1780	7.86575739419
1785	8.88050745675
1790	5.63623886159
1795	7.03132382657
1800	6.2450325337
1805	8.1396394528
1810	8.7847268462
1815	9.21996198414
1820	8.61168776965
1825	8.97623067073
1830	9.87010820033
1835	5.91375349134
