0	6.36571457523
5	4.60258371566
10	6.9999781919
15	6.96859305157
20	4.8901601223
25	5.7840294738
30	4.90439974399
35	6.37293358595
40	5.41944371165
45	6.85763202595
50	8.23660165417
55	6.69998835583
60	4.94495261381
65	5.64617865729
70	3.77473760149
75	2.54324230816
80	4.00971613316
85	7.12075928071
90	4.1679726908
95	6.92331673848
100	7.34576448859
105	6.12511967422
110	7.75934209951
115	5.82576090514
120	5.37991360098
125	5.09934375065
130	2.27898999374
135	6.10527104733
140	7.20213081102
145	5.53490038681
150	4.75506779034
155	3.28618577832
160	5.57091661574
165	6.31449342273
170	2.94555954273
175	1.98140710905
180	5.22918415438
185	7.1912366819
190	6.46547446327
195	4.60219220972
200	3.06907800856
205	4.83212399005
210	2.3254371183
215	6.32189027543
220	4.25908324638
225	6.60742177615
230	3.70572988768
235	6.59702227423
240	5.83707327648
245	6.6286794849
250	2.45300197535
255	3.18095242307
260	6.03414916915
265	7.49072974027
270	6.04965714611
275	2.74792565711
280	6.09034061087
285	6.90403157642
290	4.36582501214
295	4.59633331314
300	3.08775658805
305	5.6265729961
310	6.97171976741
315	3.75304171784
320	6.18881418096
325	4.03089805304
330	5.2233152563
335	4.25419931346
340	3.75666855161
345	5.46223219025
350	6.29125121952
355	6.58020655343
360	5.24116612523
365	4.93756645948
370	7.58276236905
375	5.78482209052
380	3.28155986774
385	5.82207975683
390	6.38846400789
395	4.51801912672
400	4.3236596453
405	7.82667209852
410	7.9194638167
415	5.99834490239
420	7.96690865356
425	7.62640898948
430	6.09816368635
435	5.05858502474
440	3.57939132704
445	3.5265529038
450	3.75119916105
455	4.54257664896
460	5.34481023946
465	5.69719016291
470	2.37385032309
475	4.98648011081
480	3.22606189978
485	6.72482955833
490	5.87970543008
495	6.61406990771
500	8.30999172095
505	8.30905835948
510	8.20703705791
515	3.05725550257
520	3.12893918939
525	8.29435959921
530	4.93383040068
535	5.9148175025
540	5.59099373506
545	6.2305079619
550	2.5985173806
555	6.71424780485
560	5.50510696567
565	4.53261517265
570	7.56957235613
575	6.15260547754
580	5.44828940484
585	5.90893820009
590	5.65001463386
595	4.44458295742
600	4.46905684365
605	4.48135292388
610	6.52880247637
615	4.87319399209
620	3.69556135469
625	4.83888505594
630	6.96156542527
635	4.49877728561
640	5.29275933122
645	6.55608986609
650	5.68550059383
655	6.97365287805
660	5.76300888808
665	4.86743886829
670	6.49600289713
675	3.99267890734
680	3.67148904965
685	5.08268047009
690	3.54330636406
695	5.89757403913
700	5.70162905718
705	4.28826535915
710	6.46251463936
715	6.54933754871
720	6.99093805776
725	4.77001008314
730	7.04977950453
735	5.34172921319
740	2.76407529265
745	4.63354249026
750	6.75565860731
755	3.73997608779
760	6.57313751035
765	8.04639783402
770	4.64273143834
775	3.58633130701
780	4.71214359947
785	5.59522271727
790	4.91917193434
795	8.10983491331
800	6.44798773967
805	7.52013597864
810	8.54937597804
815	8.36936261823
820	6.4177175816
825	6.29732520776
830	5.63706463977
835	8.01189119019
840	7.96883763667
845	6.59056232287
850	2.60475318412
855	5.29478790995
860	5.07887980347
865	7.59057582534
870	6.2309488157
875	6.72663944229
880	6.05546093745
885	6.33724228595
890	5.81424459458
895	6.58721188471
900	3.80472499299
905	5.14077474569
910	4.96626243641
915	6.60020062564
920	4.72830305233
925	5.84417103986
930	6.05437608176
935	5.8615488965
940	8.12731440843
945	6.53283655588
950	7.13338470862
955	6.94341248696
960	6.93941948291
965	6.76899001936
970	7.29124135791
975	5.46022874585
980	5.72810634549
985	7.80029044506
990	7.46885272219
995	8.07853919488
1000	6.07643787166
1005	5.65972699945
1010	6.85755583225
1015	4.89687800037
1020	4.7709525072
1025	6.16973468135
1030	6.32830699419
1035	5.33011348802
1040	2.5971061603
1045	4.89069851119
1050	6.31240778795
1055	7.97314945921
1060	6.44764942704
1065	7.89188296075
1070	2.92361841033
1075	2.92289444553
1080	6.09348914218
1085	6.69712905166
1090	9.00032055522
1095	5.18937094278
1100	6.80043698227
1105	5.98986569953
1110	4.38699608885
1115	7.11023862514
1120	6.80812243596
1125	6.44459505698
1130	2.01085889226
1135	4.5529136457
1140	1.98140710905
1145	3.53903086432
1150	2.58164262832
1155	4.25668296875
1160	3.28333469742
1165	7.43189844483
1170	3.11212900552
1175	5.55662787796
1180	7.35670043076
1185	7.51514850771
1190	7.60978718229
1195	2.83948000683
1200	4.89093521871
1205	5.76936158192
1210	6.10966520148
1215	6.98149565243
1220	7.45817390481
1225	5.02282764605
1230	8.08776228968
1235	6.01852871875
1240	8.47094815296
1245	6.54850979031
1250	5.18701437299
1255	5.60830553356
1260	2.86083077417
1265	4.00738304812
1270	7.13366807414
1275	6.20177484118
1280	4.28690237427
1285	5.89559526313
1290	8.77913874773
1295	5.85406932945
1300	3.34293932684
1305	3.8575163275
1310	6.41148803709
1315	5.03195402284
1320	4.64250342861
1325	6.82913181637
1330	6.74142781957
1335	5.89863604856
1340	7.48060245768
1345	6.86272000747
1350	4.70101056672
1355	3.13664536004
1360	8.30113247954
1365	4.48097365986
1370	5.56012026367
1375	4.38503045356
1380	6.64850934311
1385	2.59049365045
1390	4.07169160887
1395	4.51904659982
1400	7.54139075837
1405	6.81458579021
1410	6.66954884232
1415	4.14783093575
1420	5.17825966721
1425	5.3009401542
1430	4.21639810765
1435	4.70376869659
1440	2.4200471373
1445	4.86920213006
1450	5.97489943797
1455	3.1965540605
1460	6.00613022184
1465	7.08759857158
1470	5.83092811695
1475	4.46666800602
1480	6.67238039789
1485	4.26911941983
1490	3.36188732904
1495	7.87809176957
1500	7.94656481659
1505	5.27692927291
1510	4.96830649969
1515	4.34161553642
1520	4.17855494385
