0	1.11989238901
5	2.23677652088
10	1.33341300589
15	1.24404331355
20	1.91930386583
25	1.77551769751
30	0.701033535934
35	2.72218879134
40	1.55797022436
45	2.40563696706
50	1.25101421165
55	1.32525901898
60	0.819337466424
65	1.07392257769
70	1.51912607679
75	0.678217828479
80	3.23442311954
85	2.03963757855
90	1.14607457414
95	0.678217828479
100	1.24769730921
105	0.678217828479
110	2.62796995075
115	1.69144710628
120	2.63566940258
125	1.35377336155
130	2.50974224839
135	0.940071675442
140	1.71785016694
145	0.683293080918
150	2.61309933626
155	1.21458567192
160	2.50840609567
165	2.38780328448
170	2.66087628679
175	1.74314465396
180	1.58079331173
185	1.48514080938
190	1.59788973076
195	2.07648132748
200	1.3840857324
205	0.678217828479
210	0.678217828479
215	2.77496773038
220	0.756514385292
225	2.29237828595
230	2.23577211993
235	2.10093745607
240	1.25297463452
245	2.27765527569
250	1.37990506748
255	0.678217828479
260	0.893204707527
265	2.32927735072
270	0.834465593324
275	1.36163908817
280	0.678217828479
285	0.678217828479
290	1.92004188216
295	0.726481133998
300	1.21803438148
305	2.59121354445
310	0.678217828479
315	1.62181362178
320	1.01485512122
325	1.89507375849
330	1.81029763753
335	2.80710820105
340	1.49162736772
345	1.75891642923
350	1.56324955074
355	1.54002804358
360	1.83391367219
365	0.678217828479
370	1.60080265215
375	2.25707850739
380	1.67946569367
385	2.04096856621
390	2.51436929027
395	2.36592046244
400	0.902374565152
405	1.83087967307
410	0.678217828479
415	2.26516539475
420	1.51015318486
425	2.16294434375
430	1.65052540058
435	2.5808764292
440	1.20959344425
445	0.678217828479
450	0.980698345629
455	2.37184920943
460	0.818827702007
465	1.33909573856
470	0.678217828479
475	1.36888644994
480	2.18135289557
485	1.01294025419
490	1.29673541008
495	2.35764637727
500	0.960831359714
505	1.21984091533
510	0.678217828479
515	1.17465063553
520	1.34976012853
525	2.14945821111
530	1.33264175472
535	1.8766329608
540	1.40189784064
545	1.26027001773
550	1.2917756154
555	2.0522569415
560	2.09479309956
565	1.19618066962
570	1.91135540315
575	1.59433763452
580	1.77350983448
585	1.60023548719
590	3.16698260744
595	1.47040462875
600	0.941919330626
605	0.678217828479
610	0.688024690008
615	1.43389068832
620	1.87016731719
625	1.40777847628
630	1.28018407419
635	1.04233805483
640	1.99583092838
645	1.11564155457
650	0.844679359581
655	1.0062051749
660	1.67178903508
665	2.00668595615
670	0.765744412266
675	1.38050339646
680	0.678217828479
685	2.05201583101
690	1.18293528905
695	1.54746855388
700	2.75624400254
705	0.788501912088
710	0.94249130174
715	1.37017963089
720	1.57640740787
725	1.54555484757
730	0.866575807272
735	1.38797384213
740	0.847344070367
745	1.89495330776
750	0.746502477361
755	1.95540081227
760	0.842584515528
765	1.05497916236
770	1.94177292047
775	2.57524980038
780	0.719041019747
785	0.678217828479
790	0.678217828479
795	1.06335800925
800	2.51914659749
805	1.76903014356
810	1.63574016281
815	0.986511638913
820	0.678217828479
825	2.31674027218
830	2.86325791004
835	2.0721918774
840	1.99625579196
845	0.678217828479
850	1.67653801624
855	0.935773520888
860	1.99146997995
865	2.1699980233
870	0.678217828479
875	1.96958125434
880	1.1686564194
885	1.26277934653
890	2.44348844147
895	1.97786390596
900	1.76059269702
905	2.05764213453
910	1.7378086326
915	1.63167829798
920	2.5724580296
925	2.46394188533
930	0.903588829806
935	1.96691046172
940	1.93932417096
945	1.81825893581
950	2.27370697681
955	0.845867027117
960	0.678217828479
965	2.9826973848
970	2.75716856648
975	2.48402308806
980	1.45124825611
985	0.874186672744
990	1.20200513088
995	1.18167221828
1000	2.05033841424
1005	1.04294575586
1010	1.08955081528
1015	1.45222854445
1020	1.69060783714
1025	1.98673190435
1030	0.922222106728
1035	1.01841220971
1040	1.17071533703
1045	1.12326080134
1050	1.59047548862
1055	1.25432671856
1060	0.678217828479
1065	1.61516797845
1070	1.50021356825
1075	1.81974691705
1080	1.20912387556
1085	2.56919236124
1090	0.82377769771
1095	1.3494882791
1100	2.53594636641
1105	1.04756961428
1110	0.965550989892
1115	2.45500233317
1120	1.02585282845
1125	0.678217828479
1130	1.28967395754
1135	1.35721255951
1140	1.39339380148
1145	2.21645768843
1150	2.55993596869
1155	1.13445528814
1160	1.17672126327
1165	0.796067512098
1170	2.23930042813
1175	1.01889518791
1180	0.805624151385
1185	1.78404476601
1190	0.678217828479
1195	1.39935995072
1200	2.33480445407
1205	0.945397450001
1210	1.17747347224
1215	1.490628452
1220	1.26276051167
1225	1.38856381711
1230	1.62721300844
1235	0.678217828479
1240	0.836035047764
1245	1.73594152162
1250	2.91183154944
1255	1.14038758149
1260	1.08717991431
1265	2.40910845171
1270	1.82315566493
1275	0.678217828479
1280	0.678217828479
1285	1.13535383231
1290	1.69717323353
1295	1.46107402308
1300	1.55159737058
1305	1.99232236902
1310	0.700203396336
1315	1.56652794894
1320	0.795019533333
1325	1.37655460819
1330	1.01258880834
1335	0.772606067573
1340	1.02676451051
1345	2.30352849975
1350	1.4314945081
1355	1.15724670323
1360	1.27393831975
1365	1.89826909959
1370	2.38560655306
1375	2.30307749342
1380	1.37153344825
1385	1.19801256674
1390	1.87373140659
1395	1.82936844032
1400	1.33236131203
1405	1.5869343683
1410	1.37954571921
1415	1.03412676176
1420	1.49599812107
1425	0.678217828479
1430	2.6111173491
1435	0.987244621312
1440	1.32997149882
1445	1.88027042979
1450	2.83630814292
1455	0.684449304121
1460	1.34442319091
1465	1.13077315457
1470	0.678217828479
1475	2.05524314348
1480	2.19788933801
1485	0.678217828479
1490	0.951754456763
1495	1.4244988905
1500	1.59240637326
1505	2.13183603336
1510	1.02206645532
1515	2.11168685969
1520	1.55019964753
1525	0.981946187233
1530	2.03388352284
1535	0.763235301468
1540	1.52877628873
1545	0.678217828479
1550	1.56435340997
1555	2.57360037103
1560	0.678217828479
