0	8.5439017868
5	12.3696940754
10	10.4158167242
15	8.38136672374
20	11.0724783767
25	12.2951199411
30	11.2047888091
35	9.58314717947
40	12.637390216
45	10.4749885745
50	12.0079913175
55	11.7951190558
60	11.2502492647
65	11.2362876177
70	12.3697234515
75	10.5295496586
80	11.813118315
85	8.4627162641
90	11.7677470076
95	14.0485201047
100	13.345966878
105	12.9021437001
110	13.1542286545
115	12.1801825765
120	10.5699283024
125	13.4631801367
130	11.7695196611
135	15.6955793972
140	12.5901592001
145	10.038751685
150	11.2239195435
155	10.4924075951
160	9.13173401123
165	13.4702639836
170	10.2088042151
175	15.4616782408
180	7.47135134363
185	7.61705553123
190	14.6789175964
195	9.49982575849
200	8.93497316388
205	15.2519900638
210	8.20389836399
215	8.15869427586
220	9.8727136018
225	9.02972244901
230	9.36323262789
235	12.3318236794
240	9.02465019767
245	13.0253397574
250	9.94701412939
255	11.6375684691
260	7.25910757543
265	11.4964610983
270	13.3220207035
275	12.8412850109
280	11.5904505062
285	10.4754730935
290	15.195243249
295	13.5670540606
300	12.0143475835
305	12.2268917454
310	10.4607535611
315	9.01455153512
320	11.9164648734
325	10.563855289
330	5.44364852588
335	8.23445200193
340	10.5862888273
345	10.1447693711
350	13.3414577562
355	13.1691654534
360	10.3159823878
365	12.4139001909
370	11.3361673662
375	9.38094209028
380	9.35700293789
385	9.26967867226
390	9.49441631602
395	7.69271845292
400	12.1596876185
405	11.682360416
410	10.1009224244
415	13.3530168125
420	13.5042886858
425	11.5466360377
430	10.62516353
435	13.7864129588
440	14.367113002
445	11.1855017033
450	14.8074555747
455	8.66239401995
460	13.6274896781
465	10.9270765635
470	10.0702538096
475	12.6644320851
480	13.9869602629
485	8.51206443691
490	13.145816346
495	7.90947305485
500	12.8117107011
505	12.9098471443
510	8.74796006267
515	8.96374638316
520	14.4903714738
525	13.3231982201
530	10.3731546157
535	13.9388338075
540	15.3635077651
545	13.5169754427
550	11.0015988398
555	8.92776943095
560	12.2543683908
565	10.2082915368
570	10.6078504411
575	10.7323109995
580	15.2101909408
585	14.9770792587
590	10.1990242114
595	11.3043099453
600	9.73838327871
605	13.8303096535
610	14.4143620995
615	10.6697936761
620	15.5342504671
625	9.11728923078
630	11.3467322907
635	10.5158462818
640	13.2756401956
645	13.279067601
650	9.16898064042
655	10.6863280314
660	15.36052919
665	7.74137788954
670	14.1985487957
675	14.3935546652
680	14.1716073889
685	11.5563343318
690	13.4058589909
695	14.2380495974
700	13.5174478811
705	13.7251231191
710	12.2163852334
715	14.9146729244
720	15.1893672853
725	9.67357376524
730	13.2964887656
735	11.0339701841
740	11.1511843723
745	16.591565209
750	13.0012184227
755	14.6811922379
760	12.0745334364
765	7.69012374162
770	12.8050157328
775	9.58742970475
780	10.9008190191
785	12.1587211556
790	12.1732944318
795	11.7681780701
800	13.6020662114
805	10.4405217256
810	11.5028841739
815	12.4376798748
820	13.4808767125
825	11.66403603
830	7.97812010955
835	10.6687687452
840	10.7474614137
845	11.5670280136
850	13.6417126434
855	14.408895921
860	8.25183388483
865	11.2716159561
870	14.2229857652
875	9.39985318718
880	12.452601853
885	15.4568559984
890	11.7461174341
895	13.8534216901
900	8.74776642837
905	7.42081787228
910	12.9187683525
915	14.123577979
920	11.7195489576
925	16.1698945249
930	11.8679089404
935	10.7226622528
940	12.4182353578
945	12.6565904446
950	12.456184776
955	12.5907522355
960	11.229097852
965	13.0638718609
970	6.78157501857
975	10.1925752082
980	10.1167176773
985	15.5897258526
990	11.0758172118
995	9.0285569197
1000	11.0334841696
1005	9.98649686719
1010	10.2133022107
1015	12.3296003618
1020	9.41240751389
1025	15.5552742646
1030	13.9863495055
1035	6.32127396643
1040	11.139769004
1045	6.59403925985
1050	13.6132883369
1055	11.3462996335
1060	12.8916424686
1065	13.4141090268
1070	11.8277122069
1075	12.8912492425
1080	14.0740355979
1085	12.5149565219
1090	12.886945069
1095	13.9019798889
1100	14.0044645
1105	9.3144899991
1110	10.5389415742
1115	12.0074014669
1120	14.2630625236
1125	10.6413879771
1130	13.9535699471
1135	14.6655569862
1140	10.6988563062
1145	13.3859616446
1150	11.2163553393
1155	15.5832608993
1160	10.5961441153
1165	11.4808924475
1170	8.78767301501
1175	13.8293808945
1180	8.805419377
1185	9.56437039952
1190	10.9843887773
1195	10.0711589352
1200	9.20189718043
1205	14.727666578
1210	9.10070385414
1215	10.3012502659
1220	11.2111907034
1225	10.0953949788
1230	9.06918087026
1235	9.02532860619
1240	10.0257941041
1245	10.9595473926
1250	14.2600917942
1255	14.5031845491
1260	11.8211170814
1265	13.0497985451
1270	8.34752704986
1275	12.2772292982
1280	12.7858658649
1285	7.87539643572
1290	14.447438942
1295	9.33875811592
1300	13.4402788639
1305	14.0802336239
1310	9.99232151901
1315	12.9679406447
1320	13.7620694961
1325	11.5753863871
1330	12.78546279
1335	11.6217698122
1340	11.15935335
1345	13.316742423
1350	11.0116015699
1355	10.2861058372
1360	7.54270036127
1365	14.1345027487
1370	12.8709252074
1375	11.7149926856
1380	13.5058704163
1385	14.1642850647
1390	15.4406413405
1395	6.05290707443
1400	14.1456856172
1405	10.6597617892
1410	12.1389436021
1415	12.8400636338
1420	9.25599978939
1425	14.6534957674
1430	12.3968089297
1435	11.1893561553
1440	11.016093468
1445	10.5673338929
1450	11.8227332907
1455	10.1070912826
1460	13.460126177
1465	14.8772057916
1470	12.754503982
1475	13.0914168673
1480	11.3853583287
1485	15.3087154221
1490	13.7299006145
1495	12.8150690233
1500	11.3762882623
