0	4.96558163712
5	4.29127690558
10	4.45578682678
15	5.09936748965
20	3.14564279919
25	2.86352476872
30	3.34707381057
35	4.26805044111
40	4.51406331214
45	4.23992306537
50	4.71190838992
55	3.97975601878
60	3.6840460924
65	4.56288467072
70	3.22168244407
75	4.29143080165
80	4.41121422928
85	3.10850124543
90	3.38442473529
95	4.40355971965
100	2.94806201984
105	3.95984426089
110	4.13070286648
115	4.0653120438
120	3.69836953471
125	2.55753509838
130	3.39885231402
135	3.99004353427
140	4.58937757768
145	3.16391216687
150	3.67953667485
155	4.10728021758
160	4.73798379721
165	2.85799427603
170	3.91525130833
175	4.68964749678
180	4.73822867067
185	3.16259857165
190	4.30438938486
195	3.64000264794
200	2.20766802332
205	1.88486603447
210	2.35939160641
215	3.49727008809
220	4.40978646061
225	4.46749132332
230	5.00197140269
235	4.69513897796
240	3.97499735189
245	4.06823988967
250	4.39080814977
255	3.79063308582
260	3.79344686273
265	3.69112816928
270	3.96855378969
275	4.55169075904
280	5.39300493911
285	4.62198671948
290	3.91160556232
295	4.21403391529
300	4.25356443604
305	3.5654697942
310	5.12944775506
315	3.3223275653
320	4.96410467946
325	4.94200891864
330	4.21069050894
335	5.20441914545
340	5.11977660859
345	3.77364985938
350	2.78853306427
355	4.48108358876
360	3.41868814455
365	4.16706917588
370	4.71975206967
375	4.06201431627
380	3.80055752087
385	4.81262335569
390	4.95641177086
395	4.39482565915
400	4.28215927308
405	2.72696307613
410	4.90451781378
415	4.85152809908
420	5.00906578495
425	3.6213300935
430	3.67388263368
435	4.26143025922
440	3.93119621504
445	4.7565177958
450	3.91170963601
455	4.76563066685
460	3.46439980378
465	4.3469724582
470	3.73900378768
475	4.54708180891
480	4.5264496912
485	3.34055162194
490	3.61894317713
495	3.06338930629
500	4.01919658916
505	4.67473923955
510	2.4547627176
515	2.45213277926
520	5.10670002537
525	4.28697089586
530	4.94640698445
535	4.24413196311
540	3.14706173983
545	4.36277874426
550	4.54539516267
555	4.78011493559
560	4.74834412911
565	5.03197479923
570	4.99393959043
575	4.87987241702
580	3.84854602579
585	4.92579929036
590	3.55039735592
595	3.37284346942
600	4.90850375735
605	3.82931752897
610	4.48571737098
615	4.33319031154
620	4.6103009849
625	4.89666766892
630	4.75804187132
635	5.18012071063
640	4.57094171227
645	3.25202200237
650	4.63584232687
655	4.94167344666
660	4.87576022512
665	5.17917216924
670	4.26819088616
675	4.6696644944
680	3.799079535
685	3.43560049233
690	5.49434125391
695	4.09094320207
700	4.24523005908
705	3.01849819014
710	4.58086943664
715	3.6516143831
720	3.53485673534
725	3.0005173173
730	4.38439472028
735	4.02384898087
740	4.21954916685
745	3.54328777856
750	4.96884250243
755	3.36938538191
760	5.10326857309
765	4.51299845937
770	4.2471478141
775	4.17535719678
780	3.19106206651
785	3.94333595033
790	4.73800742212
795	4.44004916754
800	5.37631043355
805	2.07406854784
810	4.38054019912
815	5.08323132419
820	4.9860846928
825	4.60789160887
830	3.4499552958
835	4.0014363039
840	4.13738742158
845	5.11885023253
850	4.47615760475
855	4.6534390487
860	4.04991768532
865	3.85099782488
870	4.30652071935
875	4.80385022157
880	4.64775035351
885	4.48731230549
890	3.41495344804
895	3.3422324352
900	3.552462551
905	4.32673220555
910	4.57344302914
915	4.66222939205
920	4.7006267462
925	3.71418353181
930	5.13418064939
935	3.01988896342
940	4.06587408315
945	3.67585847964
950	4.60282370791
955	4.90201653505
960	4.14772396297
965	5.37835136365
970	3.85938665002
975	4.82419841262
980	4.21843409723
985	3.03113973396
990	5.08553905948
995	3.6573441935
1000	4.17766689571
1005	5.19740598387
1010	4.41032057588
1015	4.48929862913
1020	3.22272146169
1025	3.50686115727
1030	4.25857642717
1035	3.95122317928
1040	4.12380112472
1045	4.79351785351
1050	3.68433393194
1055	5.02243787826
1060	4.20423801327
1065	4.44458683494
1070	4.84538689894
1075	4.64937453024
1080	3.4048212262
1085	4.56290780564
1090	2.56613186216
1095	3.96148477717
1100	4.74110743934
1105	3.77910440168
1110	4.5909441721
1115	4.4327896258
1120	3.88842865089
1125	4.84410445682
1130	5.0912141264
1135	4.34708857322
1140	3.26450242797
1145	4.06399249433
1150	4.57043842614
1155	4.2515574858
1160	4.87491436055
1165	3.65638863594
1170	4.19507502934
1175	3.58105340271
1180	2.73171850687
1185	5.39788258831
1190	4.13362674778
1195	3.40959152538
1200	2.60335307236
1205	4.22968831691
1210	4.42339273559
1215	4.08864889449
1220	4.37064438849
1225	5.17516145719
1230	4.73384286186
1235	3.71600835337
1240	2.26842835009
1245	3.68146895122
1250	4.50177490485
1255	3.7650069162
1260	3.13969094914
1265	3.74767633165
1270	4.30268519368
1275	4.20697565147
1280	3.67410521707
1285	4.49032189777
1290	2.74717682108
1295	4.62124093874
1300	4.28295897988
1305	4.94943728307
1310	3.58377494349
1315	5.35339214949
1320	4.61604909114
1325	4.15584426767
1330	4.6775429184
1335	3.83242891867
1340	3.44091031195
1345	3.1508648475
1350	3.83616383331
1355	3.89954126859
1360	4.93183993092
1365	2.60370405076
1370	3.92042761328
1375	4.44000914026
1380	4.07915186513
1385	3.46352917708
1390	4.32805555379
1395	4.68733921995
1400	5.14358028729
1405	4.32409295465
1410	5.14005007051
1415	2.40471140145
1420	4.30824952634
1425	4.93196582813
1430	3.93795477069
1435	4.91363086309
1440	4.90089390599
1445	5.08495970676
1450	4.97623684931
1455	3.59319913906
1460	2.66485929756
1465	4.75653102665
1470	4.15603937201
1475	4.19511672263
1480	4.48071977602
1485	4.21036314889
1490	3.52223949874
1495	4.5140600035
1500	4.77094074844
1505	3.23982495223
1510	3.56187245781
1515	4.82270942202
1520	5.05181797206
1525	4.45078087973
1530	5.1654278917
1535	3.09343611497
1540	4.14744496119
1545	3.72731782606
1550	3.17191737689
1555	4.10626322745
1560	3.99933526256
