0	0.4
5	0.544778220983
10	0.4
15	0.4
20	0.4
25	0.888049488804
30	0.4
35	1.156753514
40	3.13805667703
45	0.4
50	0.4
55	0.4
60	0.733903998709
65	0.4
70	0.4
75	2.9147989539
80	0.4
85	20.9736424338
90	0.732266972523
95	0.4
100	18.6625406285
105	2.45805326637
110	1.31176442384
115	3.97106866563
120	0.4
125	11.7161075307
130	0.4
135	0.662668428906
140	1.16888872553
145	0.4
150	1.4385591047
155	0.4
160	0.4
165	0.772537835706
170	0.4
175	0.4
180	16.4779441274
185	0.802937949396
190	0.4
195	3.02585660195
200	4.52232520238
205	1.81252247683
210	14.7003181361
215	18.398901295
220	0.4
225	0.4
230	1.97332399391
235	0.4
240	0.4
245	0.4
250	8.5388597905
255	1.76299269947
260	0.4
265	0.4
270	0.4
275	0.974797580452
280	0.4
285	23.7615882075
290	2.53060915084
295	13.672349769
300	1.58991709777
305	0.4
310	0.417781116287
315	0.4
320	2.3560920569
325	1.20771131394
330	6.55547076906
335	2.34106454776
340	0.4
345	0.911167881138
350	0.4
355	3.17514892892
360	0.4
365	0.934177047275
370	0.4
375	0.4
380	10.5040534252
385	0.4
390	0.4
395	2.9932407826
400	34.781059638
405	14.723024797
410	8.37823893006
415	2.41912968471
420	0.4
425	0.4
430	0.4
435	5.1437484976
440	0.4
445	16.5133517542
450	3.25274703683
455	0.4
460	0.4
465	0.4
470	3.51517497348
475	2.56988485158
480	0.4
485	4.12803032601
490	0.505236212634
495	0.4
500	0.4
505	0.4
510	0.4
515	15.1694434216
520	0.4
525	13.0324084202
530	9.36743909166
535	5.11895807538
540	0.4
545	0.4
550	0.4
555	0.4
560	5.76158398402
565	0.4
570	1.11997349268
575	1.15536516961
580	3.4961190767
585	1.88537947034
590	6.39207334232
595	2.66760212149
600	0.4
605	0.504507441786
610	0.4
615	1.53241949591
620	5.95936252255
625	0.4
630	0.4
635	21.5178556385
640	0.4
645	1.23369033762
650	0.4
655	0.4
660	0.4
665	0.4
670	1.82383026496
675	27.9417702814
680	0.4
685	7.88481236645
690	0.673356682437
695	0.5189114832
700	0.4
705	1.92377707711
710	0.45518840553
715	0.4
720	0.4
725	0.4
730	0.4
735	0.4
740	0.68487976225
745	0.4
750	6.44497658614
755	0.4
760	0.4
765	0.635973208743
770	2.70283158188
775	5.11586855811
780	10.6862753216
785	0.4
790	0.4
795	0.4
800	0.4
805	0.42158852061
810	4.97607190556
815	11.2818074553
820	35.8144627226
825	0.4
830	0.4
835	0.4
840	0.4
845	0.4
850	0.4
855	0.4
860	1.27014792278
865	0.4
870	0.489573117011
875	0.4
880	0.989128734836
885	0.4
890	13.5124137677
895	0.4
900	5.38242566476
905	6.21503085791
910	4.87547303388
915	0.4
920	1.64214820512
925	0.4
930	0.4
935	3.57085470464
940	0.4
945	0.4
950	0.4
955	1.62122624721
960	0.4
965	0.4
970	0.4
975	0.403509657342
980	1.720973566
985	5.52496998939
990	0.4
995	10.4204575923
1000	0.4
1005	0.4
1010	3.10404636026
1015	0.4
1020	0.4
1025	0.4
1030	0.4
1035	0.4
1040	0.4
1045	0.4
1050	0.4
1055	0.4
1060	0.4
1065	0.4
1070	0.4
1075	0.4
1080	0.4
1085	2.75537749024
1090	0.73205847389
1095	2.1424039718
1100	0.4
1105	0.4
1110	0.4
1115	0.4
1120	0.4
1125	0.643349232943
1130	0.4
1135	2.77636526111
1140	0.810032093261
1145	0.825861597364
1150	0.4
1155	0.4
1160	0.4
1165	20.7453283211
1170	0.4
1175	0.4
1180	0.718245776685
1185	0.4
1190	0.4
1195	0.4
1200	0.4
1205	1.97234987032
1210	0.46249879734
1215	0.4
1220	0.4
1225	0.4
1230	1.597394318
1235	17.0462116737
1240	15.3010153888
1245	0.85298867308
1250	2.32331735388
1255	0.4
1260	0.4
1265	0.4
1270	0.4
1275	0.4
1280	24.3950864703
1285	0.4
1290	9.84305113714
1295	2.54630288899
1300	1.08252243314
1305	0.4
1310	0.4
1315	0.826602431573
1320	2.45646675412
1325	0.4
1330	9.85023618066
1335	0.4
1340	0.4
1345	0.524473869735
1350	19.099561723
1355	0.4
1360	0.4
1365	0.4
1370	0.435168560968
1375	0.4
1380	0.4
1385	4.61421007079
1390	4.82380534706
1395	5.63202391446
1400	0.4
1405	0.4
1410	8.24312447351
1415	1.52145014347
1420	2.82156312106
1425	0.4
1430	1.39369015076
1435	0.488190951496
1440	0.4
1445	6.95996517176
1450	0.4
1455	1.47053037835
1460	0.4
1465	1.50946121307
1470	0.4
1475	0.4
1480	2.08389288195
1485	5.39964097963
1490	3.54265990931
1495	21.3789062673
1500	0.4
1505	0.4
1510	0.4
1515	41.2375703928
