0	7.49716270979
5	28.0124028484
10	18.8351304803
15	25.434625
20	15.7579045818
25	18.0857164847
30	22.1319977838
35	2.29606112082
40	17.6051570587
45	16.4488262782
50	8.88428551603
55	19.2623076943
60	1.05946833115
65	20.9464047864
70	14.6584137248
75	31.4758488925
80	24.3538175813
85	6.2706793002
90	51.3843272354
95	5.60790308793
100	20.4855605777
105	13.7872474996
110	4.62128427873
115	1.21982177816
120	4.49382440525
125	10.6330592424
130	46.6668955993
135	14.3860104201
140	4.87960353589
145	12.2449981828
150	3.400100681
155	1.00836326964
160	60.4502717036
165	7.33092851508
170	21.5153295236
175	9.42290576984
180	0.964287066819
185	5.27126734342
190	21.4606187746
195	13.5222097005
200	10.6685822255
205	18.6515484872
210	5.20223386607
215	1.14315961993
220	16.0885305005
225	17.9132360242
230	25.494310872
235	5.01899904712
240	3.62247056505
245	7.99229675569
250	10.23874801
255	14.0106266098
260	25.637776977
265	9.06126044001
270	15.3259445485
275	10.7309714262
280	11.616006692
285	11.1068117366
290	10.6024970838
295	40.4148205099
300	10.2234094459
305	8.81087796039
310	5.15141582886
315	26.87716717
320	26.0929036105
325	10.7258319816
330	2.82385035838
335	78.4942044455
340	25.6096783071
345	0.898921955117
350	3.07759323551
355	4.79991374793
360	8.83765104377
365	5.64771583934
370	24.0219166544
375	0.772149613183
380	13.1730671744
385	10.3408558259
390	9.70707235977
395	11.659956733
400	0.453086088712
405	25.5249934375
410	7.24311223709
415	23.2717990661
420	33.3244779967
425	2.41676114745
430	32.379906239
435	5.07734071638
440	18.9425677384
445	7.21697045016
450	31.5668139002
455	8.32807524876
460	0.449564878819
465	21.2330928545
470	10.7605040803
475	6.01007358951
480	8.67594269535
485	11.8054766871
490	11.9312196968
495	5.01335957344
500	20.667194246
505	0.4
510	8.35758615075
515	4.81404937182
520	37.9535619213
525	17.4744518271
530	19.2847740791
535	7.2376597313
540	4.64865215988
545	19.608614494
550	9.56429884045
555	1.96521134314
560	47.877463525
565	7.26798759441
570	5.60397303031
575	7.44887904392
580	21.5819660147
585	3.21664536437
590	25.017490469
595	1.23699317317
600	4.3226546444
605	9.92444565186
610	3.64665698229
615	2.2575610739
620	13.463867011
625	9.22542788567
630	29.1061738171
635	5.97492438552
640	16.0685609782
645	1.79654289782
650	35.9828098101
655	15.678163238
660	7.04426637418
665	14.8063968578
670	5.26117016108
675	5.03272470625
680	26.3127426395
685	13.0263325679
690	12.0889640384
695	11.4202717558
700	15.4170799157
705	9.08153039421
710	16.4691761612
715	1.37795144231
720	1.76788584006
725	37.3368515574
730	14.544358035
735	2.71275381649
740	11.3348589527
745	14.0220131833
750	21.4071632664
755	8.42161091085
760	27.6313271418
765	35.4287725476
770	10.9809009836
775	7.71896900411
780	20.0900972926
785	1.9424471894
790	11.9669551613
795	11.8277055921
800	5.06081223006
805	11.8818262673
810	15.3742375939
815	1.69189004489
820	13.9954777039
825	28.7557594786
830	25.278608113
835	20.7795707682
840	3.09000824939
845	27.2503934746
850	11.4515334386
855	17.9945991199
860	6.29164486373
865	19.5451813889
870	3.9483850531
875	34.291262117
880	1.33673605682
885	23.3074256108
890	15.0722854835
895	57.444770174
900	5.04384500451
905	5.29929750577
910	10.4726481596
915	34.2752884852
920	11.8839349917
925	2.46566413301
930	9.77111980851
935	13.3757042422
940	3.57370023565
945	15.8642057939
950	8.16551830031
955	27.9874071416
960	4.2298887083
965	5.96477184713
970	2.39001717989
975	5.40359628428
980	8.69961149477
985	3.50746289474
990	29.9223488289
995	3.08950772599
1000	19.4716352078
1005	13.7463906561
1010	8.44273266126
1015	8.99426636872
1020	59.5249509867
1025	9.11273765757
1030	1.14668379127
1035	32.2805222012
1040	13.2738949186
1045	9.72650680641
1050	1.53057364171
1055	9.29678968983
1060	2.21983466256
1065	4.23852111858
1070	7.23878642466
1075	5.41177664539
1080	1.36475278898
1085	4.54010167199
1090	8.30593848509
1095	52.9379435415
1100	7.77438014837
1105	20.0956142863
1110	7.13487462548
1115	2.48842738413
1120	5.71129980038
1125	6.26918089906
1130	25.9510687137
1135	7.02392134371
1140	3.22244897167
1145	25.8911531348
1150	13.1186789008
1155	3.00283203067
1160	14.1186789721
1165	11.9837446714
1170	10.5393238617
1175	2.99999465611
1180	0.4
1185	2.30749341814
1190	20.9638777436
1195	62.8010969038
1200	9.91793886684
1205	1.71104543966
1210	8.99723211354
1215	5.81121246926
1220	5.72087659611
1225	8.39237524176
1230	12.9680691331
1235	7.74877818057
1240	1.51115613933
1245	21.4083391172
1250	9.8005765306
1255	17.2787547936
1260	10.2720863553
1265	7.84783289463
1270	23.4685193751
1275	25.0351975654
1280	6.61756016069
1285	4.96253896263
1290	7.23496320016
1295	14.0310412255
1300	38.6994355698
1305	27.2711054682
1310	4.21121435329
1315	6.13601061754
1320	19.1788204662
1325	0.4
1330	12.685500911
1335	10.8385139759
1340	9.98357218548
1345	8.48765018245
1350	10.8546285107
1355	17.4394893486
1360	8.03997393527
1365	8.49642053531
1370	7.04250613616
1375	8.76438029021
1380	29.880571986
1385	4.39213665821
1390	22.3784364333
1395	17.9287573489
1400	13.387526523
1405	9.79750490552
1410	4.14391236571
1415	29.1605395491
1420	27.9140589418
1425	43.6269890312
1430	10.9895878887
1435	9.65830653164
1440	4.56611779855
1445	10.4519225923
1450	23.0304854448
1455	31.5451506813
1460	7.02041186014
1465	31.1196817286
1470	44.6060326368
1475	16.8409764586
1480	5.07188618612
1485	7.08014430689
1490	6.09003257736
1495	34.9044905372
1500	8.26214905603
1505	16.4179512494
1510	11.6507110953
1515	16.9198997526
1520	22.561836967
1525	7.41005116169
1530	58.403219878
1535	11.0517327349
1540	18.6311355971
1545	4.78027898104
1550	64.0021301142
1555	20.1580465149
1560	8.98583489003
1565	27.4664740456
1570	10.3741273019
1575	18.9258848282
1580	9.55687732961
1585	35.9018160229
1590	17.0298759755
1595	8.33443451791
1600	67.2691498234
1605	12.7354223896
1610	8.01560379397
1615	33.7144151023
1620	15.7922477548
1625	29.8557845994
1630	1.32125089355
1635	3.24330508029
1640	4.78934046082
1645	15.7114631946
1650	27.2623819118
1655	20.7836172762
1660	16.5267436919
1665	2.04404391043
1670	3.70936563694
1675	3.51733393788
1680	14.8952896256
1685	18.7584564079
1690	23.222416457
1695	12.3786348314
1700	3.4067121704
