0	2.71608218575
5	3.83114671671
10	4.14643244285
15	0.4
20	5.37789453544
25	11.7023506364
30	4.45695023601
35	11.0375941028
40	2.36988082407
45	8.0184159982
50	6.4921411545
55	0.958100120304
60	12.7379834162
65	2.07027407011
70	0.677520881581
75	0.9993444106
80	0.483494957452
85	6.19078994057
90	1.41566745615
95	2.47294909256
100	7.78519195917
105	4.31546537905
110	29.9064314277
115	2.93729831477
120	8.36519437607
125	2.90617830434
130	3.94421193832
135	8.09493076749
140	0.938621367592
145	11.4487447687
150	2.55841599638
155	4.78112364378
160	6.47259817609
165	1.36134188709
170	3.86877077966
175	2.22895002783
180	5.94446649023
185	6.77195053542
190	9.08095144621
195	2.29902679781
200	9.99045334859
205	10.5369832688
210	2.1807820585
215	3.56462122339
220	4.11439942098
225	0.745778214424
230	1.07343431535
235	0.4
240	6.16456154869
245	14.6070355219
250	5.47321354319
255	12.9077082889
260	0.421261708876
265	2.36694459134
270	5.19788814326
275	4.03917261269
280	2.24354464158
285	6.92910570102
290	6.5206926393
295	2.37635681857
300	5.65428660654
305	2.81474092877
310	8.51624961851
315	6.45272662379
320	6.53753973565
325	7.46134815169
330	5.55214598109
335	3.71071618452
340	2.23319886482
345	4.93399433779
350	9.93028803425
355	2.40637812403
360	8.39770498324
365	3.09089935888
370	2.5781883961
375	10.0762119339
380	6.87975251296
385	1.19798753639
390	0.692339360262
395	14.2072679233
400	4.19112453091
405	2.46318031656
410	0.768297387323
415	1.45488614263
420	6.90009510726
425	11.1653207147
430	1.88706662058
435	6.86434978752
440	1.64206149477
445	0.787787125542
450	2.09544910827
455	0.4
460	3.15291466047
465	5.31457490953
470	4.88296263869
475	3.15791213727
480	4.41758723927
485	6.30860373147
490	0.4
495	1.95008008687
500	6.22054436154
505	3.55416516742
510	4.39355725732
515	0.969660918167
520	3.43144078425
525	6.1457859825
530	3.45945692681
535	0.819507560493
540	0.720565026082
545	8.75164409999
550	4.69636914294
555	1.72763248727
560	2.02895436576
565	4.32985355252
570	5.83435672269
575	4.98306198947
580	0.823411499833
585	0.4
590	1.75939271145
595	8.71218912286
600	5.72753334943
605	3.10003206759
610	3.52301879224
615	20.0573996558
620	6.3457459507
625	5.20751592517
630	4.06203836727
635	7.47942320701
640	1.58662529541
645	0.4
650	1.42925967577
655	18.3067513637
660	3.38086074502
665	5.59796201643
670	1.17898435532
675	11.4540820721
680	2.21001074536
685	9.16358495375
690	5.46970520624
695	2.83914924424
700	3.56743879672
705	15.0396620179
710	0.952511456811
715	4.2409440262
720	0.901266138532
725	3.15458400027
730	2.16295530654
735	1.61467483244
740	4.36505808481
745	1.54585043716
750	9.69053273558
755	4.67856199286
760	1.46046758944
765	0.599060606604
770	6.53444386133
775	3.24794704306
780	6.42013015684
785	1.71913749955
790	2.84264837977
795	0.754101052792
800	2.13717419443
805	1.69475271608
810	4.46067618322
815	8.67096582829
820	1.35305340093
825	3.80476862183
830	2.89160942126
835	5.73984592763
840	1.1758823946
845	2.08955949805
850	4.52363769908
855	7.71777258798
860	6.80909252778
865	4.9861430493
870	6.28396574941
875	7.60224883465
880	7.66248079309
885	1.13967035603
890	3.23493275431
895	1.55967333391
900	4.30951683399
905	4.52842416739
910	6.98980614924
915	1.72020657233
920	3.53138929747
925	3.34505438357
930	18.5826913798
935	0.4
940	0.787392240743
945	1.59442770163
950	0.773071897568
955	3.07664214392
960	6.69641226666
965	3.14037266642
970	4.47346308535
975	9.20058169172
980	5.0771794863
985	2.54887062375
990	2.87453947243
995	4.60681411024
1000	7.04646774886
1005	6.20018802696
1010	0.423976494578
1015	2.73622645136
1020	6.95708939046
1025	0.964301948442
1030	10.2657063293
1035	1.15703161306
1040	5.49689337195
1045	8.75204172328
1050	0.440178403119
1055	1.57829700463
1060	0.89165640738
1065	1.25109018505
1070	0.83501188782
1075	10.4075718209
1080	1.90376000083
1085	0.697058058599
1090	1.76735362203
1095	4.19278539518
1100	7.24686510727
1105	0.635563839758
1110	5.92353113058
1115	3.83435587336
1120	0.4
1125	0.445061390703
1130	16.2085959795
1135	11.1478804821
1140	2.96447661779
1145	2.56573141109
1150	2.19894000789
1155	12.4672215868
1160	0.768829223732
1165	1.76764642756
1170	0.759592688409
1175	12.3538113867
1180	9.82600509973
1185	3.09843979565
1190	8.05423574963
1195	0.4
1200	1.49881706248
1205	1.36553540841
1210	2.69855062322
1215	1.13295582145
1220	3.21979213738
1225	2.45728327015
1230	0.4
1235	6.02207276844
1240	2.44388991545
1245	1.34180756178
1250	0.4
1255	4.66195475181
1260	2.62334403481
1265	8.06549453998
1270	10.3065806989
1275	2.94833097209
1280	7.43588875344
1285	1.25697306234
1290	0.4
1295	4.08929250242
1300	5.86863926978
1305	0.448959268368
1310	0.711262243868
1315	3.11796803988
1320	0.616826889125
1325	6.9674950703
1330	2.38857030088
1335	1.44664049215
1340	2.4574585103
1345	3.4593801512
1350	1.97317848932
1355	9.5276386279
1360	4.87115925751
1365	4.63167983339
1370	2.40614662686
1375	1.31039568259
1380	0.886668683735
1385	10.2056993651
1390	5.64558243824
1395	4.42821668156
1400	9.3080676714
1405	2.02979484278
1410	1.67465258595
1415	6.29584811407
1420	3.32053546601
1425	1.88969594522
1430	4.98501428677
1435	5.8745195036
1440	2.87024659073
1445	6.12376949571
1450	3.1645808382
1455	5.74982531312
1460	4.54612980231
1465	10.9300046271
1470	2.67956888756
1475	1.1243733692
1480	19.5184875147
1485	5.87737927962
1490	0.4
1495	1.1317971033
1500	0.4
1505	4.87166045844
1510	10.8045218395
1515	1.00571887141
1520	10.7342554156
1525	0.4
1530	2.30183765099
1535	2.51376987105
1540	2.46014768863
1545	1.33889894303
1550	14.5968668119
1555	1.37348992192
1560	3.80578494534
