0	17.8752429908
5	22.6607173202
10	11.892607677
15	37.1762435171
20	50.4915157366
25	56.8607276799
30	59.7219362283
35	13.9587580646
40	11.2901609313
45	47.4109187312
50	30.6993238834
55	29.3178012914
60	29.9742393798
65	43.4361579684
70	33.1124242848
75	58.9087754521
80	26.0838385042
85	21.5850911528
90	23.6377513107
95	35.6245948609
100	14.0155354195
105	64.1877511305
110	46.3965742606
115	38.647412951
120	32.9722487211
125	9.0823946205
130	58.282394432
135	21.847525828
140	37.5277135234
145	24.5875659606
150	20.0462708664
155	22.7399359339
160	29.6506911733
165	26.1530042596
170	44.7035789241
175	24.3369628647
180	40.6863892064
185	26.1482862388
190	4.2786656921
195	11.9815828924
200	15.9773101103
205	24.6215794109
210	6.59362990676
215	30.1650383526
220	52.6530975256
225	22.3750873039
230	32.8760375547
235	63.4378807554
240	14.9888932847
245	28.5578027908
250	25.4143596458
255	18.2060123649
260	69.0984140417
265	66.1231769169
270	26.734081511
275	46.9660979073
280	89.1862927986
285	20.7084872402
290	18.6245930318
295	36.0992034792
300	12.7403188244
305	47.8769018064
310	46.7863859139
315	42.0263017336
320	93.8436121968
325	46.8685191831
330	16.768455697
335	20.6038858053
340	14.5108878587
345	29.4893168464
350	37.6922530507
355	19.256181751
360	75.9265375318
365	45.9908813034
370	61.2418843063
375	19.3922035267
380	8.25636322156
385	16.4850638328
390	27.2165465546
395	27.0568580052
400	40.2380187379
405	43.2199827154
410	22.2263203349
415	36.7070794934
420	18.4809327655
425	38.1271995588
430	40.1874064987
435	9.28001793546
440	25.9755789688
445	13.9602893699
450	13.3968271733
455	9.92253381007
460	71.9055481634
465	21.5698802871
470	54.4463906503
475	20.8398415976
480	39.19726372
485	20.6720864686
490	17.9626523612
495	31.8053354099
500	21.0729052835
505	39.3727696735
510	21.4043297092
515	55.5025884691
520	28.9779942553
525	24.2878914787
530	19.5507166234
535	34.8932868968
540	12.9200960221
545	64.6054421378
550	16.6466502869
555	28.6791839834
560	53.3216733487
565	15.6817164379
570	84.4936655694
575	9.06877397828
580	57.1585743107
585	16.4704641079
590	53.2269371845
595	45.3458889671
600	54.2540181157
605	12.3372937285
610	14.2312555936
615	80.5381125918
620	31.5914882116
625	43.3574632609
630	53.3174981099
635	55.7085153533
640	32.3301301821
645	14.8040413476
650	23.4450403009
655	40.4505730883
660	21.5975264795
665	42.8525534689
670	23.1470647071
675	46.4632156941
680	16.9000862607
685	15.3361168109
690	56.7355172752
695	82.4676562327
700	19.8019738215
705	16.3032940379
710	71.4894258212
715	50.7727982279
720	19.8610392332
725	56.7908780824
730	23.5949199863
735	43.8605111103
740	38.8287565648
745	44.4371399666
750	35.1989727501
755	29.7033397722
760	32.5055765752
765	20.009657372
770	39.8475389756
775	11.1287622314
780	14.848522095
785	19.0108954219
790	75.0824424178
795	28.6885374511
800	32.1762783066
805	22.2554873333
810	38.3520322083
815	34.6448369018
820	22.5379963122
825	37.929344418
830	30.7727207981
835	56.713443894
840	33.3141787982
845	52.4169869455
850	68.8297596867
855	25.0442250151
860	19.1880737107
865	104.463863521
870	29.8320499334
875	21.6661293842
880	101.901542309
885	36.3023897559
890	24.2602108576
895	39.3370508505
900	19.2118729619
905	63.460096353
910	43.2750160909
915	30.0041576263
920	26.050222446
925	26.4385276443
930	71.2281084959
935	49.1152992384
940	50.854105389
945	5.02753721468
950	61.5904226175
955	35.6334172864
960	44.7857463054
965	61.6799572963
970	19.7321900419
975	29.0775004113
980	32.1817695723
985	40.4682989115
990	32.8970986094
995	57.9546524646
1000	14.6841992696
1005	26.130052519
1010	53.0388262291
1015	4.21512110786
1020	55.9832503961
1025	41.5980043146
1030	24.3107505795
1035	13.419092289
1040	8.43220265912
1045	12.2692934571
1050	18.2107959306
1055	52.2076886701
1060	27.6099004941
1065	66.285833486
1070	19.7091223804
1075	16.5937938323
1080	73.6066977955
1085	59.8674263385
1090	19.2494725139
1095	35.2144161346
1100	28.5019212934
1105	37.6381548921
1110	68.2385555394
1115	15.7661412662
1120	56.4109483799
1125	33.2170407702
1130	23.0902158408
1135	21.3870447039
1140	97.7526468895
1145	49.4153032948
1150	24.8630202709
1155	39.2330429238
1160	36.8624860982
1165	20.4385316979
1170	39.2013194084
1175	31.9386513808
1180	90.6034960187
1185	32.1847024143
1190	9.93953181295
1195	25.0542338655
1200	68.450625709
1205	40.8932850138
1210	20.2190718237
1215	43.2189777794
1220	4.11379307198
1225	56.9853968545
1230	19.4169397053
1235	18.903745838
1240	43.5718280556
1245	38.3854602143
1250	35.7823986411
1255	34.8805339982
1260	30.6959621134
1265	31.3719664403
1270	59.3267089613
1275	74.0147269838
1280	50.0443154314
1285	16.7313757424
1290	96.9514501918
1295	46.9254417817
1300	58.1044917714
1305	12.6402865617
1310	48.8974093073
1315	38.1234630199
1320	65.6501134294
1325	18.9472314672
1330	23.0389062393
1335	33.9170908415
1340	40.5108212519
1345	22.3387826729
1350	60.6363760142
1355	17.2191056304
1360	37.123328471
1365	19.4147584025
1370	14.527227089
1375	27.7613547929
1380	27.2430041936
1385	19.6827624226
1390	18.4929767036
1395	16.6348102308
1400	32.4279259025
1405	3.3839962002
1410	22.0661395549
1415	31.2885049851
1420	42.982612521
1425	11.3717509063
1430	45.2086931117
1435	25.1722529123
1440	30.8182096252
1445	41.7574533113
1450	25.9147720293
1455	7.39891029329
1460	39.0414112663
1465	4.87222785422
1470	43.9993507015
1475	64.8411915622
1480	25.8339929202
1485	11.8652463643
1490	34.3967895061
1495	50.2945473337
1500	21.2212641889
1505	66.5571605093
1510	50.704813905
1515	10.2549797191
1520	20.3695034388
1525	34.8922334139
1530	21.5634841744
1535	31.5347950522
1540	45.1012576225
1545	50.0762234869
1550	44.3603695987
1555	29.3384032717
1560	26.2510397233
1565	25.1445250897
1570	71.7901600933
1575	46.7673184266
1580	23.4550537966
1585	20.5338526717
1590	16.6023787947
1595	30.7304463231
1600	38.2829083254
1605	23.0158720631
1610	24.7501108452
1615	102.698789956
1620	56.9808548147
1625	32.3907562642
1630	20.709489584
1635	36.6239792135
1640	32.7377140502
1645	13.0757189806
1650	41.6459494006
1655	102.733861298
1660	32.5980785275
1665	38.3674374812
