0	0.4
5	20.5505978307
10	26.413242216
15	2.33178998137
20	0.4
25	0.4
30	1.85432722822
35	4.44454493394
40	0.497439560899
45	0.4
50	2.03049061534
55	0.4
60	9.65708783549
65	0.61803840074
70	12.3712365756
75	17.5266434665
80	0.4
85	0.891508616951
90	0.4
95	4.29989923726
100	0.4
105	1.72196294354
110	0.4
115	0.4
120	1.64885989246
125	1.03908459771
130	4.30047152425
135	12.9372542101
140	0.4
145	6.56379181144
150	0.4
155	0.4
160	0.634991099067
165	0.4
170	8.20414338214
175	0.4
180	0.4
185	0.4
190	0.4
195	0.4
200	0.4
205	20.9697080292
210	0.4
215	1.1323259128
220	0.4
225	0.4
230	0.4
235	0.4
240	0.4
245	0.4
250	0.4
255	0.4
260	0.704183369466
265	5.31990990373
270	0.4
275	0.733120518939
280	0.4
285	0.960897045621
290	0.4
295	1.86265096899
300	0.4
305	0.4
310	0.4
315	0.4
320	0.4
325	0.968147378813
330	0.4
335	8.06208959083
340	0.4
345	0.4
350	3.27581482439
355	0.4
360	0.4
365	0.4
370	3.6139757716
375	0.4
380	0.4
385	5.96724326322
390	0.4
395	0.4
400	0.4
405	1.37388499642
410	0.4
415	3.69238240917
420	0.4
425	0.4
430	0.4
435	0.4
440	0.4
445	0.4
450	0.4
455	0.4
460	1.41612936949
465	0.402567825167
470	0.4
475	0.596788140082
480	0.4
485	0.4
490	4.00950618807
495	0.4
500	0.4
505	0.4
510	0.4
515	0.503846480293
520	0.4
525	0.902376124225
530	0.4
535	0.570214950929
540	0.4
545	0.4
550	0.4
555	0.4
560	0.4
565	1.21613165242
570	16.1112095782
575	0.4
580	1.72498325075
585	5.1685250134
590	1.36974116154
595	20.1096478405
600	0.4
605	0.4
610	1.64799786279
615	0.4
620	0.4
625	1.15997524561
630	4.96171152607
635	10.6017287232
640	0.4
645	0.675001081969
650	0.4
655	0.4
660	3.74825089756
665	0.4
670	3.91438650112
675	0.4
680	1.48727189703
685	0.4
690	0.478342902504
695	0.4
700	1.14285026595
705	0.4
710	0.639596592479
715	0.4
720	0.4
725	0.4
730	0.781680338137
735	6.24370601849
740	2.31479479489
745	0.4
750	4.64865201139
755	0.4
760	0.4
765	0.4
770	0.4
775	0.4
780	0.4
785	0.4
790	4.74446896973
795	1.07962361035
800	0.4
805	2.90858774399
810	8.40853459466
815	3.27946492057
820	0.4
825	0.670676556648
830	0.4
835	0.457619302273
840	0.4
845	0.803155468385
850	0.941049242241
855	1.91209938416
860	1.87177024858
865	0.4
870	0.4
875	0.4
880	0.4
885	0.4
890	1.45619040454
895	0.4
900	0.4
905	6.24547961238
910	0.4
915	0.4
920	0.4
925	0.4
930	0.4
935	1.80142573096
940	0.4
945	2.90918353165
950	1.14987171155
955	0.4
960	0.4
965	1.98584236472
970	3.80129256866
975	0.4
980	0.4
985	0.977699772315
990	0.4
995	0.4
1000	0.828635139232
1005	1.51331586443
1010	5.19088115672
1015	0.4
1020	0.4
1025	0.4
1030	0.4
1035	3.86027520866
1040	9.67584600532
1045	0.4
1050	0.4
1055	1.55714506183
1060	5.11354544091
1065	0.452641031481
1070	0.4
1075	4.56265453308
1080	0.4
1085	4.42084481598
1090	2.04751194254
1095	3.66926943154
1100	2.38783900885
1105	0.4
1110	0.4
1115	0.4
1120	2.46436311244
1125	0.4
1130	0.4
1135	0.465910500522
1140	0.4
1145	1.44980337897
1150	10.6399769382
1155	1.380247442
1160	2.73498105722
1165	0.4
1170	0.4
1175	1.88677028279
1180	0.598921852268
1185	0.4
1190	2.81773051335
1195	0.4
1200	0.4
1205	5.46130220361
1210	1.70840435613
1215	1.87515962885
1220	0.4
1225	1.27848522506
1230	0.4
1235	0.4
1240	0.4
1245	0.4
1250	0.4
1255	0.4
1260	0.4
1265	1.84181901686
1270	0.4
1275	0.4
1280	2.4597304296
1285	4.96001191536
1290	0.4
1295	0.4
1300	0.4
1305	0.642166162459
1310	0.4
1315	0.4
1320	0.4
1325	0.4
1330	1.24730797521
1335	0.782777823341
1340	0.4
1345	1.78212553483
1350	0.4
1355	0.4
1360	1.40278492702
1365	0.511636046522
1370	0.4
1375	0.4
1380	0.631220587486
1385	0.4
1390	3.36674894727
1395	0.439223939925
1400	1.15849576399
1405	0.4
1410	3.7293085186
1415	5.1366564752
1420	8.18746623272
1425	0.676178761493
1430	0.4
1435	0.4
1440	0.4
1445	2.37751789469
1450	0.4
1455	0.4
1460	18.8971472111
1465	0.4
1470	12.0776565434
1475	0.4
1480	0.423134192454
1485	0.4
1490	0.4
1495	0.4
1500	0.4
1505	3.77784054518
1510	0.4
1515	0.4
1520	2.24465361494
1525	0.4
1530	1.80958956126
1535	1.59813648006
1540	0.4
1545	0.4
1550	0.4
1555	0.4
1560	0.463556763736
1565	0.4
1570	0.4
1575	4.97545051903
1580	0.4
1585	1.78306117609
1590	0.4
1595	0.4
1600	0.4
1605	0.4
1610	0.412425332096
1615	0.434516891304
1620	0.4
1625	0.4
1630	0.554841982097
1635	0.4
1640	3.88860911361
1645	1.06829263118
1650	0.4
1655	0.4
1660	4.9159935596
1665	7.53684347675
1670	1.048026712
1675	0.4
1680	0.4
1685	0.500658908795
1690	0.4
1695	0.423973292035
1700	0.4
1705	1.52821295251
1710	0.4
1715	0.4
1720	4.30926075733
1725	4.93013302218
1730	0.4
1735	0.4
1740	0.4
1745	0.4
1750	17.5685725674
1755	0.4
1760	0.4
1765	6.54258944332
1770	0.4
1775	8.53168451459
1780	1.45243110501
1785	0.4
1790	0.4
1795	1.26082891748
1800	1.51190318528
1805	0.489105751525
1810	0.4
1815	0.4
1820	1.53169815677
1825	0.4
1830	0.4
1835	0.4
1840	1.05466857315
1845	0.954668300827
1850	0.4
1855	0.4
1860	0.4
1865	0.4
1870	2.8025569772
1875	2.46110148687
1880	0.4
1885	0.4
1890	0.593531819292
1895	2.65299723736
1900	0.891246703168
1905	0.4
1910	1.70710798282
1915	0.619557079955
1920	0.4
1925	0.4
1930	0.4
1935	16.5503477474
1940	2.09459621859
1945	0.4
1950	0.4
1955	5.60757171665
1960	0.4
1965	1.01173095644
1970	0.904884419282
