0	9.25926849037
5	1.99150461439
10	14.1400497694
15	7.1589518327
20	26.835935347
25	11.6261341333
30	6.17026382216
35	22.8212980746
40	1.37048983677
45	19.020617685
50	8.93059108171
55	10.1296654567
60	5.80275747728
65	3.44421877132
70	0.996813775805
75	2.62897418793
80	2.68971285774
85	7.13069875873
90	3.82175754287
95	2.02453112094
100	12.4560383412
105	6.22535450314
110	13.0272428009
115	13.3135062515
120	17.1827935429
125	1.18070984345
130	27.7935725027
135	20.2234424312
140	6.36414950974
145	33.4279487621
150	4.60541733179
155	2.32338790665
160	5.24078011516
165	25.0242140037
170	7.81377428919
175	3.24737572654
180	6.60442016698
185	4.77386266044
190	4.42424764525
195	4.16449586701
200	9.21828688841
205	13.4588469376
210	5.32253493882
215	9.13687929672
220	6.3662756939
225	9.49021365011
230	7.36470861086
235	8.25982394154
240	7.4944785261
245	15.481449285
250	20.8620704586
255	26.8972394585
260	28.9498007547
265	17.2017383206
270	10.1350045156
275	24.9031333578
280	7.33134613562
285	6.56059188876
290	1.10618189408
295	8.13319226994
300	5.45704708946
305	6.44890154976
310	4.76335912233
315	7.37340184711
320	11.9773109867
325	1.98422909604
330	3.23141128608
335	6.0841693136
340	14.6625798071
345	3.63099504945
350	3.40495979414
355	16.2894310019
360	12.7983173348
365	3.04981145607
370	5.52029076229
375	13.6741949767
380	4.31798757196
385	1.69570458261
390	8.81385175146
395	33.9321596508
400	8.867110586
405	0.402028353633
410	4.5195823488
415	17.8452624293
420	15.5549059346
425	27.3440523964
430	8.76161200369
435	4.26095257852
440	6.09079394485
445	5.93989448558
450	13.839368101
455	5.15754544796
460	12.6285556203
465	0.4
470	5.49838638073
475	3.98030233873
480	20.1604959282
485	20.9819696541
490	2.46801121403
495	1.30291902099
500	4.79439957311
505	13.9556092062
510	0.40966591392
515	13.76962314
520	3.69375985003
525	13.1995532614
530	8.68206013195
535	1.86207611711
540	4.84594384273
545	4.61453433632
550	8.74722021236
555	0.837895798206
560	5.02760799271
565	12.4871579276
570	13.7046813198
575	5.43562635669
580	7.92406024626
585	15.5873778398
590	39.9220612396
595	1.40796404249
600	4.40878911781
605	12.6793494996
610	8.38319644233
615	5.74531200771
620	5.31636021672
625	2.85173930392
630	14.9758149643
635	8.64829911017
640	35.6365491853
645	20.8945207223
650	17.2908151401
655	1.48769603803
660	12.6338252507
665	7.92434960159
670	0.4
675	2.13384259382
680	0.618601666911
685	12.2730484204
690	25.0299237637
695	11.4140819069
700	1.74378875311
705	0.507704591235
710	9.42677561591
715	11.8684320371
720	8.1144992148
725	2.35474186214
730	6.89468748347
735	8.99833262365
740	2.72886804993
745	3.99313887779
750	8.687167077
755	1.06305617097
760	6.38995867486
765	12.7644955728
770	5.05041365894
775	4.90520242521
780	5.61943548231
785	19.0973388892
790	9.64469575949
795	23.5545091295
800	10.3546840797
805	9.38126731111
810	11.8547706808
815	14.2255184724
820	4.79998199751
825	20.7832555627
830	2.69614917914
835	2.25887643056
840	2.30511624022
845	11.6651524306
850	1.80830346961
855	5.55441029989
860	5.27200286353
865	5.84803416201
870	4.18641184355
875	2.20781343245
880	40.9608926642
885	7.17211300128
890	6.79513775811
895	12.4001529491
900	7.15231054062
905	20.5112716628
910	7.4486669514
915	3.43324490995
920	20.8108391284
925	30.5033401167
930	1.63192953377
935	27.2960267908
940	7.97739433361
945	10.348343018
950	16.056427778
955	6.54663285122
960	5.35961930269
965	7.50621968703
970	0.757931544726
975	5.43868886981
980	9.82488082087
985	1.9617359738
990	2.59424319296
995	1.30378475148
1000	5.46671726405
1005	9.64694975016
1010	6.45616613402
1015	5.14950784737
1020	3.04531622977
1025	0.470359462164
1030	19.3110472435
1035	23.0926936124
1040	18.9128946284
1045	17.3200860777
1050	7.11364124635
1055	2.12635696567
1060	13.7186954539
1065	1.3616249825
1070	2.43248292224
1075	1.85039925206
1080	1.9177231716
1085	3.53871490413
1090	2.93835331973
1095	9.96130947062
1100	15.231265888
1105	20.6592077577
1110	10.4579320459
1115	4.98231163721
1120	2.07918691679
1125	3.00876805286
1130	3.08311932679
1135	27.7106611229
1140	13.1452205147
1145	7.61651491186
1150	11.9194297591
1155	4.42527015687
1160	6.99824675389
1165	6.59986410791
1170	21.4012337566
1175	6.58857587294
1180	32.5642306882
1185	4.81653170983
1190	8.07245834509
1195	52.589077015
1200	5.33919737978
1205	27.4238242093
1210	4.9912549018
1215	2.73429347705
1220	1.75608315116
1225	6.33527719069
1230	14.8785407168
1235	8.63371033962
1240	4.32707054301
1245	2.66333225673
1250	11.4053340683
1255	17.8356195031
1260	10.2472743825
1265	24.6820129792
1270	4.36325519841
1275	2.62715105258
1280	5.93159090739
1285	36.6090628775
1290	3.54735088329
1295	20.8334234739
1300	15.5629712796
1305	2.60006730359
1310	15.3189084799
1315	20.1161100791
1320	6.23420367175
1325	11.4853612928
1330	42.0661327611
1335	11.0266722935
1340	0.4
1345	1.25923694492
1350	25.5284631317
1355	23.1918353507
1360	2.27628431711
1365	7.37387506019
1370	45.7670546746
1375	0.4
1380	21.2019539055
1385	7.21426487171
1390	12.4733798424
1395	14.9715408637
1400	9.73650956628
1405	1.39480461508
1410	7.83236023663
1415	12.7344513704
1420	12.6079528818
1425	10.8162527671
1430	1.58686749177
1435	3.69438745902
1440	17.9419371097
1445	0.4
1450	17.2640602014
1455	9.8967626371
1460	2.13681677594
1465	34.656465206
1470	35.6820766394
1475	37.7255945464
1480	17.2163291276
1485	2.00783807179
1490	6.65333503065
1495	8.38617624087
1500	4.58716807707
1505	0.4
1510	8.71841852036
1515	14.649846547
1520	4.98395724841
1525	6.11392118596
1530	25.1414224846
1535	11.3366426183
1540	26.2856902505
1545	22.283470257
1550	14.0246730183
1555	10.5806699541
1560	3.2119617696
1565	12.384293958
1570	4.65251708887
1575	15.4056506469
1580	10.8487492727
1585	3.11070114174
1590	7.13015302483
1595	24.9661447693
1600	12.1726034115
1605	8.66633601658
1610	5.70618722413
1615	4.61136378373
1620	1.00711437722
1625	14.0666992359
1630	18.6342084351
1635	16.8954683358
1640	3.166040476
1645	1.56902932202
1650	34.3887077828
1655	11.220471206
1660	14.1632179367
1665	25.7570619346
1670	1.29063772763
1675	20.2900129312
1680	9.89733858205
1685	15.7031064598
1690	11.7180938911
1695	9.96338495667
1700	19.1078318851
1705	0.4
1710	21.425353731
1715	4.03052167871
1720	6.41588826286
1725	3.08694157831
1730	6.61516345697
1735	8.74023074161
1740	5.63944207631
1745	14.1239026083
1750	9.5438330469
1755	0.4
1760	18.6027510146
1765	11.78774595
1770	36.9257664156
1775	2.66770421969
1780	16.5252673183
1785	7.12521281596
1790	9.743586686
1795	18.6867509833
1800	12.4327661386
1805	15.3154071154
1810	3.41570546281
1815	4.50539724688
1820	10.7890681561
1825	4.9882151875
1830	13.9417100158
1835	16.4969110008
1840	8.43038829177
1845	37.9265559919
1850	7.68764158514
1855	6.66331765493
1860	7.39972100317
1865	10.3454447813
1870	2.87983467183
1875	1.16248578039
1880	14.8238641444
