0	0.4
5	0.4
10	0.486013226002
15	0.4
20	0.4
25	0.665459316364
30	0.4
35	0.4
40	0.4
45	0.4
50	0.4
55	0.4
60	1.20062799351
65	0.4
70	0.4
75	0.4
80	0.4
85	0.4
90	0.4
95	0.4
100	0.460788235731
105	0.4
110	0.4
115	0.4
120	0.4
125	2.76579695325
130	0.4
135	0.4
140	0.4
145	0.594505311653
150	0.4
155	0.4
160	0.565531666375
165	0.4
170	0.4
175	0.4
180	15.1411387899
185	1.0129186865
190	0.4
195	0.4
200	0.4
205	0.4
210	0.4
215	1.31123985029
220	2.94248620839
225	0.4
230	2.33096236967
235	0.4
240	13.9024007208
245	0.4
250	0.538185069395
255	0.4
260	0.4
265	0.4
270	0.4
275	0.4
280	0.4
285	0.4
290	2.38183986445
295	18.787478767
300	0.4
305	0.4
310	0.4
315	0.4
320	0.4
325	0.4
330	0.4
335	0.4
340	3.75856855417
345	0.4
350	0.4
355	0.4
360	0.4
365	0.4
370	0.4
375	0.4
380	7.75163976357
385	19.933104956
390	0.4
395	0.4
400	1.67436149482
405	0.4
410	0.4
415	9.8983879178
420	0.4
425	0.4
430	0.4
435	5.48805437085
440	0.4
445	0.4
450	0.4
455	0.4
460	0.445666215236
465	0.4
470	0.4
475	0.4
480	0.475487064671
485	2.91468382757
490	0.4
495	0.4
500	0.4
505	0.4
510	0.4
515	0.4
520	0.4
525	0.4
530	0.4
535	0.4
540	0.4
545	0.4
550	32.9121698143
555	19.7251638801
560	2.52005406425
565	0.4
570	0.4
575	0.4
580	0.4
585	0.4
590	0.4
595	3.10965337236
600	0.4
605	5.56118776785
610	0.4
615	0.929700970337
620	0.4
625	0.4
630	0.4
635	0.4
640	0.4
645	0.4
650	0.4
655	10.0682956431
660	0.4
665	0.4
670	0.4
675	0.4
680	0.4
685	0.4
690	10.8352671058
695	2.17315417012
700	6.60520636071
705	0.4
710	16.780326793
715	1.20258449819
720	0.4
725	0.4
730	1.27978268516
735	0.4
740	0.4
745	0.4
750	0.4
755	0.4
760	0.4
765	0.4
770	0.4
775	0.4
780	0.4
785	0.4
790	0.4
795	0.4
800	0.4
805	0.4
810	0.470343213571
815	0.4
820	0.4
825	0.4
830	0.4
835	0.4
840	0.4
845	0.4
850	0.4
855	0.4
860	0.4
865	0.4
870	0.4
875	1.74172711376
880	0.4
885	2.03376986301
890	1.87487529258
895	0.4
900	0.4
905	0.4
910	0.4
915	0.4
920	0.4
925	0.4
930	0.4
935	0.4
940	2.45510913754
945	0.4
950	0.4
955	11.0557745169
960	0.4
965	41.0666278877
970	0.4
975	0.4
980	0.4
985	0.4
990	0.4
995	0.4
1000	20.1569982116
1005	0.4
1010	0.4
1015	0.4
1020	0.4
1025	0.4
1030	0.4
1035	10.6545991856
1040	0.4
1045	0.4
1050	0.4
1055	0.429091753803
1060	0.4
1065	0.4
1070	0.4
1075	0.746161710359
1080	0.4
1085	0.4
1090	2.71814540865
1095	2.35625377249
1100	0.4
1105	0.4
1110	0.4
1115	0.4
1120	0.4
1125	5.91945923154
1130	6.19769911533
1135	0.4
1140	0.4
1145	0.4
1150	6.84881205547
1155	0.4
1160	0.4
1165	0.4
1170	0.4
1175	0.4
1180	0.4
1185	0.4
1190	0.581276070314
1195	0.4
1200	4.59247121832
1205	0.4
1210	0.4
1215	3.83392517142
1220	0.4
1225	0.4
1230	0.4
1235	0.567400498573
1240	0.4
1245	0.4
1250	0.4
1255	0.4
1260	0.4
1265	0.4
1270	0.4
1275	0.4
1280	0.4
1285	0.4
1290	0.4
1295	0.4
1300	0.4
1305	0.4
1310	0.559948617644
1315	5.44444113523
1320	0.4
1325	0.4
1330	0.4
1335	0.4
1340	0.4
1345	0.4
1350	0.962136875985
1355	0.95896289819
1360	40.2831139266
1365	13.1541272383
1370	0.786272922767
1375	0.4
1380	0.938274652441
1385	6.55299721718
1390	0.4
1395	0.4
1400	3.60286006656
1405	0.4
1410	0.4
1415	0.4
1420	0.4
1425	0.4
1430	8.94461860749
1435	0.4
1440	0.4
1445	1.63154933419
1450	2.54570967303
1455	0.4
1460	0.4
1465	0.4
1470	1.07991922318
1475	0.4
1480	0.4
1485	0.4
1490	0.4
1495	11.9777501452
1500	0.4
1505	0.4
1510	0.44952003456
1515	0.4
1520	0.4
1525	0.4
1530	0.4
1535	0.4
1540	0.4
1545	0.4
1550	1.16733854988
1555	0.4
1560	0.4
1565	0.4
1570	0.4
1575	0.4
1580	0.4
1585	0.4
1590	0.4
1595	0.564615298528
1600	0.4
1605	2.20100311444
1610	0.4
1615	0.4
