0	114.184095014
5	176.662406602
10	64.7167383776
15	124.530178519
20	139.46588642
25	51.3279220045
30	73.221509645
35	125.672371765
40	89.2685299883
45	79.2930068736
50	60.5064831136
55	130.354627239
60	95.9067199426
65	116.100267573
70	93.6099007041
75	81.0147842159
80	122.803666924
85	139.001638136
90	92.9369918456
95	104.332344855
100	100.047144956
105	131.523158727
110	153.663672611
115	143.429148815
120	150.557702218
125	74.3029504945
130	154.567892789
135	123.363929893
140	181.602112508
145	84.4390596845
150	180.37524335
155	206.901875129
160	134.869906486
165	108.153304913
170	146.042299322
175	87.3237238159
180	53.5788494599
185	92.3176555101
190	150.213737779
195	128.059784715
200	158.977610472
205	174.320546801
210	154.550376043
215	120.355615608
220	93.7668499002
225	115.889705549
230	104.948522726
235	112.564244498
240	91.93301716
245	199.235513566
250	80.1357418564
255	175.107505156
260	108.809673576
265	175.110072954
270	157.374309557
275	59.7320333328
280	127.526735931
285	46.0637166843
290	106.37594704
295	63.2993090308
300	123.55339135
305	163.780108181
310	137.974763187
315	142.630308131
320	106.994385571
325	92.1709065892
330	168.861386913
335	135.43279369
340	75.3214076125
345	77.41687774
350	159.823027433
355	85.8507051572
360	98.5950775574
365	133.65108171
370	103.312195404
375	84.8747804043
380	102.560668079
385	136.449948742
390	143.62036738
395	111.8613772
400	80.0298315022
405	97.6402929597
410	92.2770638009
415	130.148281691
420	80.5118884697
425	97.1574464211
430	71.1976723082
435	151.071108925
440	97.6932260477
445	119.432515996
450	159.583927788
455	95.1313850675
460	130.233128952
465	130.618701603
470	250.098207117
475	104.961843974
480	90.320851868
485	161.089132082
490	126.866646565
495	104.146106445
500	150.647304386
505	62.3250780153
510	197.054523841
515	204.670808225
520	61.021515912
525	110.343504446
530	79.8889071709
535	88.3781029988
540	142.223190088
545	96.9554081447
550	97.977281598
555	154.815058711
560	115.779065951
565	179.899431692
570	114.0343571
575	143.09760295
580	119.876104484
585	150.462279372
590	144.058222496
595	142.396470824
600	147.580155104
605	103.245874721
610	138.708571217
615	75.0491090196
620	111.233006252
625	110.770917576
630	159.937821665
635	128.672424847
640	122.96763147
645	57.6916865294
650	128.171774343
655	151.85554372
660	115.791932692
665	163.966743025
670	120.079153033
675	103.354172577
680	73.9155225082
685	145.70333409
690	94.5903605666
695	198.178356739
700	112.686875101
705	118.440940746
710	55.5451417011
715	89.2493831522
720	70.612644503
725	116.050070891
730	106.551890574
735	141.388813934
740	42.8658840913
745	102.806969055
750	94.2421012503
755	147.472886208
760	129.907645746
765	131.466285122
770	151.93398323
775	105.26414514
780	86.9809457337
785	92.3818114913
790	131.408110298
795	57.8378311196
800	85.5749428113
805	150.060201335
810	73.8051660749
815	159.00134799
820	120.33368027
825	82.7132114546
830	97.792986895
835	227.645755349
840	114.59145672
845	146.624983902
850	126.613991465
855	81.3198804176
860	209.962735254
865	160.318327373
870	79.2560442417
875	105.233016109
880	101.269797417
885	127.832280031
890	100.59629001
895	95.8173496093
900	176.047226976
905	96.7380193898
910	156.267498209
915	252.764214522
920	92.3245329221
925	139.756800392
930	119.726438516
935	77.7668892361
940	119.930495985
945	185.363030813
950	96.2123177634
955	73.3599342108
960	114.342283256
965	132.235067639
970	245.223184417
975	64.8493180216
980	137.959011161
985	137.507387355
990	132.65170128
995	78.1930923845
1000	103.243087832
1005	126.824910075
1010	168.204159461
1015	182.290655644
1020	143.586792544
1025	170.825574982
1030	98.6744986233
1035	207.741403471
1040	115.379634082
1045	144.985676027
1050	131.1838765
1055	90.5802472048
1060	189.093934242
1065	170.351072799
1070	76.5456265487
1075	62.0564862304
1080	108.158147028
1085	71.2105588187
1090	92.9468166268
1095	89.4599509302
1100	63.6130250019
1105	42.1736932183
1110	229.835204201
1115	108.646458359
1120	79.3440018022
1125	74.079145859
1130	116.661351309
1135	99.6698292032
1140	119.054476542
1145	52.9956159966
1150	164.626192961
1155	152.802804627
1160	83.9766113073
1165	130.919456958
1170	199.342772324
1175	174.326271873
1180	176.095416346
1185	177.89106312
1190	83.6259451241
1195	124.820633836
1200	177.159342637
1205	114.654235522
1210	131.722649532
1215	146.641249586
1220	174.809299976
1225	221.250127692
1230	72.7882831174
1235	127.518721434
1240	100.450603258
1245	144.526205777
1250	96.9573976243
1255	111.778483328
1260	135.93789934
1265	133.555051705
1270	177.587732676
1275	183.889206284
1280	102.963476297
1285	77.3414730468
1290	154.354143447
1295	52.7999333643
1300	153.710627905
1305	147.967724513
1310	101.656682587
1315	113.743678581
1320	173.97858577
1325	112.530010086
1330	138.034621629
1335	143.370456041
1340	111.046934134
1345	136.41609365
1350	109.537998816
1355	118.667524807
1360	77.9576949594
1365	94.8004493978
1370	99.5706188745
1375	175.037791361
1380	81.1610882286
1385	137.401525655
1390	134.205099236
1395	224.714753803
1400	158.710740265
1405	89.5134534123
1410	116.717608332
1415	150.380134557
1420	135.267555372
1425	101.636176482
1430	94.9851783256
1435	44.8770911214
1440	163.98830618
1445	109.736793926
1450	73.5995109021
1455	143.159158253
1460	114.880708815
1465	72.8170227229
1470	112.060781931
1475	44.68237612
1480	165.849811096
1485	52.0703632542
1490	72.2383472974
1495	127.257902396
1500	111.594646501
1505	94.0333791407
1510	105.86936528
1515	121.206643009
1520	101.403488413
1525	126.072759228
1530	144.32919923
1535	81.1575890268
1540	213.948173396
1545	194.777102421
1550	128.188592568
1555	139.858569896
1560	127.366917122
1565	145.274262682
1570	119.834304348
1575	212.978334002
1580	165.193391312
1585	102.240169268
1590	175.961833839
1595	152.399305963
1600	123.313460634
1605	105.599122927
1610	128.204291062
1615	81.0015408757
1620	122.565228037
1625	77.6686809039
1630	90.171938108
1635	117.430428817
1640	119.937159439
1645	106.879007738
1650	103.980900183
1655	122.304064833
1660	121.718439052
1665	138.681557983
1670	170.805500505
1675	126.178014562
1680	107.733783351
1685	119.802779148
1690	71.40141135
1695	118.902716122
1700	70.6683389167
1705	125.383761416
1710	127.235719218
1715	71.5736515518
1720	78.0166395461
1725	166.496347985
1730	134.472151159
1735	185.070775934
1740	90.8898656715
1745	126.09639593
1750	158.465699824
1755	140.380053854
1760	124.188793592
1765	151.433064815
1770	110.969168222
1775	160.408515597
1780	110.505262263
1785	71.0246766996
1790	89.0133991055
1795	99.798666886
1800	98.4935319448
1805	167.653366129
1810	147.964985827
1815	136.132059847
1820	129.021602961
1825	125.154172102
1830	111.124794819
1835	107.436918707
1840	79.0318265441
1845	122.334883647
1850	157.036226435
1855	120.611650941
1860	91.2694704606
1865	93.3888580937
1870	141.597736971
1875	140.223745573
1880	131.28375002
1885	130.841923255
