0	0.4
5	0.4
10	2.16822927345
15	0.4
20	0.4
25	0.4
30	0.4
35	0.4
40	0.4
45	0.4
50	0.4
55	0.4
60	4.62738840083
65	0.496368388624
70	0.4
75	0.4
80	0.4
85	0.4
90	0.4
95	0.4
100	0.4
105	0.4
110	0.734894470377
115	0.4
120	0.843956872073
125	0.61166940264
130	1.80698407755
135	4.11941890733
140	0.4
145	0.731197729472
150	0.4
155	2.95944951086
160	0.4
165	0.4
170	0.4
175	0.4
180	0.4
185	0.4
190	1.15853126701
195	0.4
200	0.4
205	0.4
210	0.4
215	0.4
220	0.97474779884
225	3.24720816804
230	0.4
235	2.3896846149
240	0.4
245	1.08076142046
250	0.4
255	0.881943457496
260	4.0371434651
265	0.4
270	0.4
275	0.4
280	0.4
285	0.4
290	0.4
295	0.4
300	0.4
305	0.4
310	1.0811549595
315	3.70304299474
320	0.4
325	0.4
330	0.4
335	0.4
340	0.4
345	0.4
350	0.4
355	0.4
360	0.631622061676
365	0.4
370	0.485525809026
375	0.4
380	3.51210551667
385	0.4
390	0.4
395	4.98595684423
400	0.4
405	0.4
410	0.4
415	0.693241918131
420	0.4
425	2.031827563
430	0.4
435	0.4
440	0.4
445	0.4
450	0.4
455	1.13506480852
460	0.847536765622
465	0.4
470	0.4
475	0.4
480	0.4
485	0.4
490	0.4
495	0.4
500	0.4
505	0.4
510	3.23664377382
515	0.4
520	0.4
525	0.4
530	0.540840834565
535	0.4
540	0.488686858901
545	0.736534848496
550	0.4
555	0.4
560	0.4
565	0.4
570	0.4
575	1.5927196056
580	0.4
585	0.4
590	0.4
595	0.4
600	0.4
605	0.4
610	0.4
615	0.4
620	0.4
625	0.4
630	0.4
635	0.4
640	3.06422151186
645	0.4
650	0.4
655	2.53599031986
660	0.4
665	0.4
670	0.4
675	0.4
680	1.37418523099
685	0.4
690	6.75371266978
695	0.4
700	0.4
705	0.4
710	0.4
715	8.16187208489
720	0.4
725	0.4
730	2.22408468937
735	0.4
740	5.18579632924
745	0.4
750	0.4
755	0.4
760	5.3798458514
765	0.4
770	0.4
775	0.4
780	0.677635363164
785	0.413834493454
790	0.4
795	0.4
800	1.34729312215
805	0.4
810	3.79034698945
815	0.46828700087
820	0.991385920068
825	0.4
830	0.4
835	0.4
840	0.4
845	0.4
850	0.4
855	0.4
860	8.62907300402
865	0.4
870	4.97200938245
875	0.4
880	0.4
885	0.4
890	0.4
895	0.4
900	0.4
905	5.5811216373
910	0.4
915	0.4
920	0.4
925	0.4
930	0.4
935	2.0612352736
940	0.4
945	0.4
950	0.4
955	0.4
960	5.30213044029
965	0.4
970	0.4
975	6.02053784979
980	1.54021609384
985	0.755171235515
990	0.4
995	0.4
1000	0.4
1005	1.81908328033
1010	0.4
1015	0.4
1020	0.4
1025	0.4
1030	0.4
1035	0.4
1040	0.4
1045	0.756034942877
1050	0.4
1055	0.4
1060	0.4
1065	0.4
1070	0.4
1075	0.4
1080	0.4
1085	0.4
1090	0.4
1095	0.4
1100	0.4
1105	0.4
1110	2.3357997518
1115	0.4
1120	0.4
1125	0.4
1130	2.32711866178
1135	0.4
1140	5.59725203424
1145	0.4
1150	0.448894218869
1155	14.1469653338
1160	0.4
1165	1.99819071935
1170	0.4
1175	0.4
1180	0.491513648828
1185	0.4
1190	0.4
1195	0.4
1200	0.4
1205	0.4
1210	1.33047498125
1215	0.4
1220	2.51608884712
1225	0.4
1230	0.4
1235	0.4
1240	0.4
1245	0.4
1250	0.4
1255	1.15050763986
1260	0.4
1265	0.758788378488
1270	2.57522401944
1275	0.4
1280	0.4
1285	0.4
1290	0.4
1295	0.4
1300	0.4
1305	2.51243796491
1310	2.3429008756
1315	0.846105598013
1320	0.4
1325	1.2086340606
1330	0.4
1335	0.458852940322
1340	2.01541153193
1345	0.4
1350	0.4
1355	0.4
1360	0.4
1365	0.4
1370	0.4
1375	0.4
1380	0.4
1385	0.4
1390	9.73817076138
1395	0.4
1400	0.4
1405	0.4
1410	1.13474275771
1415	0.4
1420	0.4
1425	1.24276634054
1430	0.4
1435	0.489184247591
1440	0.4
1445	0.4
1450	0.4
1455	0.4
1460	0.4
1465	0.428347817776
1470	3.53635746404
1475	2.05238995948
1480	0.4
1485	0.4
1490	11.0270407408
1495	1.32901856239
1500	0.59308229358
1505	0.4
1510	0.4
1515	0.4
1520	0.4
1525	0.4
1530	0.469252760603
1535	0.700977425693
1540	0.4
1545	1.43199865942
1550	0.4
1555	0.631239718256
1560	10.2356265023
1565	1.14447595681
1570	0.4
1575	2.21641657386
1580	0.4
1585	1.33457599631
1590	10.0868204597
1595	0.435720855983
1600	0.4
1605	1.18268463149
1610	0.4
1615	0.4
1620	0.4
1625	1.56774288104
1630	1.04180621608
1635	0.681168049119
1640	6.3435299826
1645	0.4
1650	0.4
1655	0.698229999923
1660	0.448637136606
1665	0.4
1670	0.4
1675	0.4
1680	0.4
1685	0.4
1690	0.4
1695	1.511936112
1700	0.4
1705	1.88479160246
1710	4.84718108915
1715	0.4
1720	0.4
1725	0.4
1730	2.10644143337
1735	0.4
1740	0.4
1745	8.96133798714
1750	0.422005226887
1755	0.4
1760	0.4
1765	0.4
1770	0.4
1775	0.4
1780	1.36858595037
1785	0.895442322499
1790	0.4
1795	1.88590179607
1800	0.4
1805	1.11075237536
1810	0.4
1815	0.4
1820	0.4
1825	6.16261149891
1830	0.938043509107
1835	4.94780850924
1840	0.784408046805
1845	0.4
1850	0.407927098884
1855	0.4
1860	3.84099318957
1865	3.48475271351
1870	0.841115165882
1875	0.4
1880	3.57056918343
1885	0.4
1890	0.4
1895	0.4
1900	1.21671574767
1905	0.4
1910	1.92964467225
1915	0.4
1920	0.4
1925	0.4
1930	1.85740481558
1935	0.4
1940	0.4
1945	0.4
