0	8.88925986464
5	27.5401041218
10	19.4864713218
15	16.6361894305
20	9.04407275539
25	7.29136756364
30	17.2465668289
35	11.2330279986
40	10.4351505354
45	10.884801235
50	9.80883716773
55	2.64345365953
60	26.6421841233
65	31.0276816187
70	18.8407113594
75	7.82953245487
80	22.0650610121
85	6.70401467158
90	7.932910394
95	45.5112787526
100	9.53327235645
105	9.38361483676
110	12.7419875797
115	15.2503342772
120	9.85117463055
125	14.486578452
130	12.4439967873
135	13.2269503034
140	16.8268244162
145	7.16543975791
150	17.8956957986
155	18.8390104225
160	9.45436260338
165	10.9083860759
170	10.1574308837
175	15.2177992235
180	19.6974469434
185	18.6645599867
190	10.2972801615
195	10.9502190466
200	7.49630781663
205	17.4608586819
210	11.8597661537
215	5.73593216728
220	13.182918692
225	24.5070183683
230	10.0324647846
235	7.62892097994
240	10.6980326185
245	13.1393686078
250	12.0243511837
255	28.617481982
260	31.4921886564
265	13.9522647779
270	13.6220068644
275	2.47438907312
280	13.1787868505
285	6.90746151023
290	6.01669077034
295	15.8117983262
300	18.2922692582
305	16.1250140809
310	6.08016684162
315	45.2144859949
320	12.6582064273
325	18.8335735659
330	19.7860783582
335	5.67410832556
340	5.64991043672
345	10.3028652111
350	5.30767571624
355	6.80756450116
360	31.0671188615
365	15.7365538531
370	12.661836258
375	14.1480725164
380	18.6824737903
385	4.13743503616
390	8.06798256385
395	15.7803840449
400	21.7599119299
405	21.4449630397
410	17.0029523325
415	30.6251237285
420	17.3653452112
425	5.41152132628
430	7.04091925871
435	7.24831670401
440	27.6756353082
445	27.9144974628
450	11.277466194
455	35.5137794297
460	16.8318165954
465	10.5646296265
470	22.2981338722
475	4.94235009814
480	2.81905434749
485	13.9481224792
490	9.60966271086
495	30.3520522987
500	14.0308110893
505	16.9323090719
510	5.81689384946
515	11.0212943015
520	16.0088104583
525	30.3503782105
530	2.17896367611
535	14.2070290025
540	14.1473272736
545	11.4809254847
550	11.7923784663
555	13.9346032476
560	10.6169680131
565	5.06510046296
570	3.90771659931
575	36.0620802725
580	16.3611605924
585	18.7987014672
590	16.3275657058
595	12.3715545447
600	2.77645305781
605	46.6987661412
610	24.82639667
615	8.15712973171
620	27.4859015221
625	13.6724596833
630	15.7108973582
635	7.66299558337
640	8.79564350218
645	11.0556385152
650	19.2967726403
655	25.3621208368
660	19.7017512287
665	8.19578060612
670	21.840548828
675	11.7214880481
680	11.2367462051
685	3.47678747493
690	3.75135628472
695	24.2147625331
700	8.16912643134
705	14.9627966682
710	10.9371579619
715	12.6407090937
720	6.9688049251
725	8.5827830904
730	13.8994054124
735	7.618332682
740	15.8753407201
745	4.10890485856
750	8.81510944749
755	4.91051639533
760	9.50525657959
765	6.62579402508
770	9.38350445574
775	21.5123573521
780	21.4063904506
785	14.3199090015
790	4.98769809424
795	4.24040478143
800	9.14642667619
805	18.1124499843
810	5.7850190627
815	11.0761769926
820	11.7319339711
825	14.2099021337
830	15.7334912499
835	8.90694114713
840	11.4265570616
845	14.4019244154
850	19.2920516224
855	11.8114111336
860	8.86762135866
865	22.2241778413
870	10.6795095355
875	9.47267586712
880	3.34105791192
885	5.64963120595
890	12.4574647048
895	17.7360348336
900	23.6134225839
905	17.4154118837
910	4.53731556258
915	7.49431524513
920	20.3897008592
925	8.6805000821
930	13.2062373366
935	12.9600948905
940	25.3601513196
945	6.70165455706
950	6.86103481906
955	8.64037797349
960	14.3383473767
965	6.57915231375
970	22.3931162346
975	17.2184621818
980	8.38450043344
985	6.79589986892
990	8.94559295464
995	15.1581008228
1000	8.55646533395
1005	12.7566487579
1010	20.8482803169
1015	5.21821292698
1020	11.086242319
1025	3.64180172747
1030	8.34633876861
1035	20.064605313
1040	29.4920902852
1045	4.55610004069
1050	15.972115078
1055	18.5468592596
1060	15.8566510146
1065	13.9647545578
1070	13.1919510437
1075	10.3351360286
1080	5.25782709513
1085	12.5796540202
1090	4.40061744084
1095	18.0845598838
1100	11.5014380984
1105	12.848915046
1110	18.4766139641
1115	11.4373359029
1120	7.00093884072
1125	12.7335111657
1130	22.4192512812
1135	16.1700850625
1140	10.1780263059
1145	13.8955805833
1150	7.20852382395
1155	9.77154522109
1160	19.0532151163
1165	18.4430379273
1170	8.12194221748
1175	17.5791410492
1180	27.1827570719
1185	9.26775077423
1190	11.2674206886
1195	41.6710979955
1200	15.5507277413
1205	8.39655169416
1210	21.8441297407
1215	5.73797160911
1220	13.5997151823
1225	5.15006587648
1230	21.1627282904
1235	7.88409834279
1240	14.580381266
1245	15.1185298546
1250	13.8073668691
1255	7.0309115443
1260	9.38701293434
1265	32.3420088796
1270	8.66054828882
1275	13.1339535202
1280	18.6249285015
1285	23.6946307784
1290	19.9826822525
1295	8.94668794819
1300	22.3419664291
1305	15.6293610785
1310	10.3229295732
1315	17.9727415671
1320	10.0153208203
1325	23.5209529938
1330	7.73892860748
1335	9.67254651688
1340	17.0811971779
1345	13.8462167919
1350	10.9377024948
1355	3.936243977
1360	21.1352225454
1365	17.4807865986
1370	19.2873822017
1375	23.8196707966
1380	14.45637181
1385	14.7018882711
1390	13.114155375
1395	14.0906803819
1400	17.3947071423
1405	9.53598235188
1410	15.1458687112
1415	22.7600644333
1420	19.2034839722
1425	25.2027078654
1430	8.17470038857
1435	8.80734950346
1440	2.17953175807
1445	15.6671482006
1450	28.6427058087
1455	6.661135061
1460	19.6580650016
1465	14.9997452753
1470	11.2385726789
1475	5.25989602685
1480	17.4116137893
1485	29.7400851661
1490	6.69792157263
1495	23.5806074943
1500	12.176856326
1505	5.22660897782
1510	14.1995143441
1515	21.1155922731
1520	11.8160523485
1525	11.1107226097
1530	10.9105557126
1535	13.7248570724
1540	7.06398713066
1545	28.1418831286
1550	9.91552181167
1555	2.07594171257
1560	11.647887519
1565	12.34806038
1570	15.7318110642
1575	16.5640907887
1580	9.23269570905
1585	16.1629608203
1590	9.72439853009
1595	24.5969833792
1600	14.2755758553
1605	12.1829672565
1610	18.4134199432
1615	13.0941642161
1620	19.9243417621
1625	5.64368434258
1630	15.5271119434
1635	5.78268550571
1640	9.6071618949
1645	11.6584357328
1650	3.32715803779
1655	5.18093989194
1660	13.3276508547
1665	14.4946388212
1670	11.1803241795
1675	6.94127740849
1680	9.86798239875
1685	8.27087201494
1690	20.9138154901
1695	6.8046905262
1700	20.804830436
1705	13.9931419979
1710	9.3719678067
1715	14.0329331335
1720	8.45803668873
1725	7.88576206198
1730	11.0810680894
1735	11.3150352144
1740	9.53161115521
1745	26.1326826618
1750	2.46963224549
1755	12.1261524713
1760	13.1981375092
1765	11.5283238706
1770	7.10450352093
1775	20.0112933146
1780	5.64469332418
1785	23.3973247576
1790	16.0659621621
1795	18.1281683625
1800	9.79699308777
1805	9.9676095569
1810	21.2072042418
1815	3.98216062197
1820	10.8957199547
1825	13.237008986
1830	7.99077273183
1835	13.9311684238
1840	16.6213854946
1845	9.66109213492
1850	13.0618437771
1855	22.8601048752
1860	3.24766684493
1865	12.2151380846
1870	9.04424008723
1875	6.07475795331
1880	25.1330568544
1885	9.7539665117
1890	7.73790873801
1895	16.4828843506
1900	15.0157530849
1905	19.6958391432
1910	26.2250182083
1915	10.63667317
1920	13.2661142903
1925	13.1906735707
1930	16.5856126582
1935	12.6929340572
1940	9.36998045933
1945	5.94426998208
1950	20.3672051391
1955	18.8574643914
1960	9.14698719691
1965	7.75197296179
