0	1.69563656939
5	1.79554882094
10	2.7899340088
15	0.658290028804
20	1.18866411401
25	2.01398223143
30	1.88923120375
35	1.88411313536
40	1.54545249988
45	0.507386072812
50	5.49401392132
55	1.4709065126
60	0.4
65	3.61078527068
70	0.988884736022
75	1.55380067422
80	2.48913909529
85	4.15901201487
90	0.679440321606
95	2.95241755153
100	0.4
105	2.36809706171
110	0.832920428364
115	0.53369994256
120	0.972528188689
125	0.511690432281
130	8.45843889086
135	0.903148272341
140	5.0549932866
145	1.83215974782
150	4.19061261714
155	3.1323021111
160	4.62496843715
165	3.93054597706
170	2.16226741296
175	15.633714614
180	22.2149129479
185	5.58881842254
190	13.6923631263
195	6.22520592816
200	5.99853620692
205	0.4
210	5.74563109233
215	0.449479187684
220	3.41226667557
225	3.55320554186
230	1.66691678206
235	3.24771198448
240	5.66714767584
245	1.80079524311
250	2.19259883231
255	2.85775244315
260	3.49364635668
265	2.69293351329
270	0.782679129286
275	5.81732348664
280	7.08039508943
285	3.78541307652
290	3.42416210878
295	0.804901567126
300	3.1319371154
305	0.4
310	0.4
315	1.55273894779
320	2.14592548184
325	2.33517115679
330	0.4
335	0.4
340	3.44273788544
345	2.13196787911
350	1.52045355098
355	0.437367201224
360	0.821755328674
365	3.52708474409
370	11.4123590912
375	3.38944557135
380	1.90506008939
385	3.54281284698
390	6.1242171678
395	13.9450887488
400	0.446168732973
405	1.70012512776
410	2.2283420609
415	3.95996627028
420	6.58550699249
425	0.700285827656
430	2.5001446105
435	8.7761271694
440	2.91921622761
445	0.770702232804
450	6.45680041449
455	1.0758850203
460	0.4
465	3.27616695432
470	4.26465458314
475	3.26181348335
480	0.4
485	1.04570793789
490	8.87466017269
495	2.92348266335
500	0.449212382736
505	4.09089713561
510	0.427335763125
515	1.63245441818
520	9.62976114257
525	1.3081962246
530	5.12876923958
535	9.39687057084
540	7.61209803544
545	3.32411586701
550	0.45559826765
555	1.2983517073
560	0.4
565	0.4
570	1.23151715
575	0.599444200867
580	1.18704105935
585	0.859283260806
590	2.48464546107
595	1.58405950961
600	7.03369817898
605	11.3468767197
610	2.87884298422
615	3.27244539781
620	3.38573835949
625	5.22762767555
630	0.4
635	2.9859932857
640	13.7155051588
645	1.56440694698
650	2.88985648091
655	2.20243836256
660	1.93540799448
665	3.60586164246
670	13.8126056754
675	3.53710405028
680	0.723241200596
685	0.4
690	0.4
695	0.551395369364
700	2.86529890364
705	5.71353542866
710	3.94514596315
715	5.31906869536
720	1.44752485142
725	0.4
730	3.99979437438
735	1.37577971689
740	11.9662187386
745	6.94150120383
750	6.87927841638
755	0.4
760	8.32922707986
765	3.32171973456
770	0.984629759453
775	7.36501628128
780	2.0614281652
785	4.22789746816
790	4.77869698453
795	0.941276001977
800	0.89808539049
805	4.8657054016
810	3.73343743953
815	1.30014214494
820	1.38847842151
825	2.93991295119
830	3.77556886781
835	4.51143910944
840	1.12038511468
845	2.84433635665
850	2.43724509459
855	1.97082046001
860	1.01719670462
865	2.77551093617
870	1.0476697949
875	2.51913597236
880	4.85636410008
885	3.56423997361
890	2.67643460004
895	0.899762432512
900	9.28013425646
905	1.40218508566
910	1.18050086096
915	3.39893608558
920	2.28372646581
925	1.57630628812
930	0.4
935	9.475164628
940	2.77710702682
945	3.32061612844
950	0.4
955	3.43702244378
960	0.4
965	3.20770473969
970	3.31257401418
975	1.3921500961
980	10.5983844979
985	2.33575659571
990	1.77381764256
995	5.01432668998
1000	3.33362422638
1005	0.480793923344
1010	10.4806366414
1015	3.99551136839
1020	3.49441322362
1025	1.81553823798
1030	5.70509131321
1035	0.864461318199
1040	0.757024394392
1045	6.84966269434
1050	1.19423503992
1055	8.12938277124
1060	3.84772332304
1065	7.27389470216
1070	4.90147003855
1075	8.06928670562
1080	0.4
1085	1.43641395615
1090	0.676740347295
1095	9.32503229083
1100	16.7552972186
1105	4.07999574752
1110	4.80103574392
1115	1.30009879702
1120	2.57097400431
1125	0.534525587675
1130	3.48946528855
1135	0.983414238107
1140	0.716081355479
1145	1.02690561458
1150	14.2984073128
1155	2.1725463679
1160	4.41954464046
1165	6.73259426023
1170	6.06095692131
1175	1.83579663139
1180	0.459322043171
1185	1.07747098455
1190	2.36318762561
1195	5.60833495054
1200	3.53654569964
1205	11.8252696847
1210	14.4468234256
1215	0.4
1220	1.5353760975
1225	15.7266070306
1230	11.0339117377
1235	1.32255070552
1240	5.17419528454
1245	12.9134063401
1250	3.64068766581
1255	3.1621709127
1260	0.4
1265	5.57962636921
1270	0.417413562527
1275	3.13132045746
1280	2.26627059393
1285	5.00531047939
1290	3.49755530122
1295	11.8720057621
1300	2.33868137389
1305	5.13467378914
1310	4.87201691585
1315	0.997785437757
1320	4.03240755921
1325	5.2604988837
1330	0.843381911019
1335	2.05283207863
1340	5.39363214115
1345	8.51814152465
1350	1.60359110439
1355	1.69521334944
1360	5.93353828874
1365	0.840737854081
1370	1.17506357722
1375	7.1266438385
1380	3.42057852408
1385	5.28437138752
1390	2.81635083893
1395	2.06180498274
1400	13.7664949717
1405	4.97258838655
1410	2.19093801283
1415	0.431372050369
1420	2.65666439492
1425	5.15796650156
1430	4.03497772454
1435	13.9892425949
1440	4.82622559774
1445	5.16343550348
1450	3.03818019029
1455	1.67331972194
1460	3.58672221406
1465	5.56472660448
1470	0.4
1475	2.70403772714
1480	1.17310680965
1485	2.29346033325
1490	5.40891175881
1495	10.5002937377
1500	9.40178049347
1505	1.08689666577
1510	0.4
1515	3.4789774593
1520	6.90942175829
1525	3.01606562258
1530	5.30573084432
1535	1.31384418256
1540	2.15094012834
1545	8.64006906554
1550	2.89046164335
1555	7.30689931076
1560	2.82670396775
1565	4.10881028405
1570	0.4
1575	6.15578771709
1580	10.672168618
1585	2.30146434774
1590	8.86187373919
1595	2.40434348352
1600	2.44647222844
1605	7.23323417836
1610	9.0202967909
1615	3.88780341164
1620	1.78038092234
1625	2.81995203697
1630	6.68206649731
1635	4.36902481625
1640	7.43625201678
1645	4.48519902167
1650	1.16732449199
1655	2.84172850528
1660	11.6533002678
1665	4.83009230196
1670	2.77414857244
1675	5.81582009376
1680	3.26829575726
1685	1.59874991225
1690	4.30733843656
1695	4.1715556992
1700	1.11737249099
1705	0.997621343256
1710	2.40454648088
1715	0.864095487664
1720	1.07005640518
1725	0.943414311546
1730	0.453976664471
1735	5.15155118353
1740	12.5938002623
1745	5.94296006158
1750	1.45261367156
1755	1.74443702318
1760	9.42935401094
1765	8.52967439278
1770	0.852813157689
1775	0.42060763807
1780	1.63320042181
1785	0.4
1790	0.711987821793
1795	2.43540931958
1800	3.27210839929
1805	1.58031194463
1810	8.22797430679
1815	1.13568264519
1820	0.4
1825	11.9078848592
1830	1.30385877305
1835	0.4
1840	0.98585377714
1845	3.09721362283
1850	1.46234748586
1855	2.10358083437
1860	4.15280295517
1865	0.620674907627
1870	1.06127196577
1875	4.87499062863
1880	5.05438007651
1885	2.42533564923
1890	9.21683279303
1895	4.3697874928
1900	0.488994521654
1905	2.83302639365
1910	2.10958247436
1915	0.4
1920	2.05545493122
1925	1.24114999991
1930	4.1761720205
1935	4.05926052222
1940	2.06475941144
1945	3.16168090356
1950	5.71835199153
