0	13.271351925
5	17.9091413882
10	12.9814508233
15	15.6975266699
20	13.3300590722
25	12.1666116182
30	16.1494696441
35	11.4967410655
40	12.0804069224
45	14.4691414072
50	13.7963232757
55	10.2110174806
60	14.3247846899
65	13.2501123492
70	15.6937047316
75	13.7339126735
80	15.3644252221
85	10.0783235291
90	13.3573005979
95	17.4578050949
100	20.7588906594
105	13.7054092379
110	18.6485309326
115	14.1520428602
120	12.9246551442
125	18.9423766087
130	15.2310606519
135	17.0912495116
140	12.9795255543
145	11.3581228208
150	15.720542288
155	20.7171853495
160	16.4329360673
165	17.2856127399
170	17.662989119
175	14.9328622181
180	13.7458716245
185	15.0220263675
190	12.7586340871
195	18.7720462091
200	12.2978286625
205	12.0150084609
210	13.4528466954
215	19.2411310666
220	16.4439501248
225	19.7911466974
230	16.4546547084
235	22.1618380446
240	14.0079745454
245	13.1413700233
250	15.9009456626
255	14.078695428
260	11.7535079436
265	24.1924520864
270	14.7515440968
275	11.4322693325
280	16.0653888375
285	15.1321184783
290	12.4135231682
295	17.6109563855
300	10.5367817967
305	14.6982244336
310	9.3822701387
315	10.8673961166
320	13.8422878008
325	16.1416913846
330	14.2392654663
335	14.0044045293
340	11.1310283877
345	16.5554463322
350	13.2603540124
355	17.6779214967
360	19.9411696846
365	17.4544798792
370	12.0968719961
375	12.9746103641
380	17.1710872689
385	11.6068516864
390	18.5165412369
395	13.4139235285
400	13.5552981674
405	12.3587342214
410	22.217138269
415	17.5554864862
420	15.9046054212
425	10.7433885857
430	14.8837757324
435	19.1982652124
440	14.5687637055
445	13.2902596066
450	13.5962812504
455	12.117873703
460	14.5288074209
465	19.3220798108
470	17.5344399318
475	14.7524867198
480	16.9700751741
485	10.5446819027
490	11.723115322
495	13.6178773921
500	20.7095295894
505	13.0020937235
510	13.3516745557
515	19.084486684
520	14.1513861869
525	12.0036189418
530	17.7702386977
535	12.9761660188
540	15.1573648542
545	14.055136887
550	14.4327551779
555	17.658620096
560	16.2216247139
565	13.8433762631
570	10.9625468813
575	20.5312078168
580	21.7868810344
585	17.8071315532
590	16.0885698206
595	9.61469150723
600	12.5998156832
605	16.2639226845
610	20.5204552536
615	17.4234886541
620	16.2033624483
625	14.7065722842
630	13.5125221131
635	11.287857739
640	11.8068488933
645	18.499641485
650	11.4744398571
655	13.2281896377
660	17.5848646175
665	13.9205883531
670	17.165821069
675	21.3826149014
680	17.1665237069
685	14.5132011468
690	18.2276957079
695	24.1828203968
700	21.6384486248
705	13.7550863634
710	14.543979994
715	18.6066618097
720	19.1552842215
725	11.7803331078
730	20.3372817612
735	16.0098110512
740	14.0817617884
745	11.8894265379
750	17.1702561789
755	16.4342368153
760	20.8755530186
765	18.716314435
770	13.7578593868
775	13.4716339154
780	19.5931584926
785	15.4463670291
790	11.2229158909
795	14.5133510317
800	16.8219323455
805	13.7840013152
810	11.4022635445
815	13.436446517
820	11.2716036833
825	16.0626001834
830	11.8669711662
835	14.2173576053
840	11.6163064918
845	15.4234209348
850	15.806648097
855	16.7771555351
860	21.5700708376
865	12.7152256993
870	11.0034234136
875	14.0085564949
880	14.192448715
885	13.6331954459
890	11.7338600241
895	13.1515704812
900	12.6559768666
905	18.1480665583
910	17.191141986
915	13.1304527591
920	16.8502193117
925	14.0965274703
930	17.5732405988
935	10.5562882188
940	14.7835764194
945	14.1461287717
950	15.1066787994
955	14.2255213441
960	12.7742005515
965	9.43209416756
970	17.070678267
975	15.8804111003
980	15.2400951189
985	19.8259814319
990	19.0036183401
995	13.3683743166
1000	12.7317802479
1005	11.5620802565
1010	16.150424526
1015	12.1312171185
1020	17.1785798675
1025	21.2398023377
1030	13.4497087294
1035	13.2487234675
1040	14.0767642259
1045	12.1753302573
1050	14.7342047582
1055	11.8378273628
1060	25.2757853715
1065	12.9614863994
1070	15.0028036693
1075	13.4116994488
1080	15.5285521357
1085	15.6887788361
1090	12.4210236881
1095	17.7275248098
1100	15.1519507326
1105	17.4937020939
1110	14.0256521765
1115	11.0422997815
1120	12.3496306332
1125	12.9319365139
1130	15.7665881775
1135	15.4564692469
1140	15.2866861648
1145	16.9506595001
1150	21.3914807879
1155	15.1597988131
1160	15.9962655279
1165	18.5770392056
1170	12.5000105083
1175	16.6331017356
1180	15.6800876384
1185	18.8425150383
1190	12.9462110006
1195	10.593928353
1200	15.8852983762
1205	16.2164181661
1210	17.4566800942
1215	15.8979866726
1220	14.0046262809
1225	12.1166688182
1230	10.0364037422
1235	15.5724279215
1240	14.6884594981
1245	16.5246963942
1250	24.0759800611
1255	10.8782174775
1260	17.4403108675
1265	16.272006966
1270	11.8498458346
1275	7.9983089124
1280	21.7942750279
1285	12.5647774528
1290	15.8156036385
1295	18.0705254574
1300	17.8895092142
1305	17.8459497047
1310	14.9968771649
1315	9.1136737178
1320	11.5185302632
1325	17.2568707801
1330	14.0641803264
1335	18.2552947742
1340	13.5349122478
1345	13.9393120418
1350	14.9542412081
1355	13.7980999805
1360	17.3459899549
1365	13.0613316691
1370	21.2371029348
1375	19.0669228942
1380	25.5833377675
1385	16.0075660959
1390	9.76347045432
1395	11.152099993
1400	11.7716115642
1405	18.162834228
1410	13.3236662321
1415	14.5687360625
1420	9.42360958635
1425	12.9561163774
1430	15.4000295926
1435	14.5508279061
1440	13.6023185033
1445	17.6091882393
1450	12.1329795594
1455	15.4333734788
1460	14.1188391652
1465	11.3030265589
1470	13.953731437
1475	14.4415804933
1480	17.5949543459
1485	15.3836910604
1490	15.2328696145
1495	13.3714725358
1500	13.4569733855
1505	19.105948447
1510	16.3145770235
1515	14.0594251367
1520	16.9429811453
1525	13.7471220787
1530	13.4586578769
1535	14.259683188
1540	19.4941292181
1545	10.1771494978
1550	12.8714489073
1555	15.6978892492
1560	13.1802889647
1565	18.2459579108
1570	16.8016823408
1575	17.0215163661
1580	15.8182294609
1585	11.2961074305
1590	17.1011461985
1595	16.7878837156
1600	10.6145621167
1605	14.078121178
1610	14.9862006801
1615	12.9696136961
1620	16.2646547121
1625	11.065841676
1630	23.5263631879
1635	14.477172073
1640	11.8501183308
1645	16.7990095121
1650	19.9364300724
1655	18.0199263571
1660	13.7935770427
1665	14.6879569472
1670	12.4678012341
1675	17.2322262859
1680	19.3120545704
1685	14.4059242966
1690	17.2184515035
1695	9.40819883313
1700	14.1807441049
1705	12.1878897775
1710	12.6826689822
1715	16.0761259091
1720	11.1468091127
1725	9.97191852205
1730	16.1038538285
1735	13.1449038274
1740	11.5855142284
1745	19.6769608601
1750	12.5499396081
1755	10.2818727941
1760	17.8825237841
1765	14.6913641891
1770	15.6924685364
1775	10.6792268538
1780	17.1101483428
1785	14.3421123781
1790	14.584547979
1795	16.1686001236
1800	16.4483027202
1805	10.7903778396
1810	19.3794903759
1815	12.3446042403
1820	13.7980609133
1825	17.982687689
1830	17.1552256645
1835	16.5998585912
1840	15.4848959393
1845	20.5981992864
1850	15.3542896534
1855	14.939462056
1860	13.5103930097
1865	15.8705593353
1870	13.9353466959
1875	17.6305106374
1880	19.6779506157
1885	16.0413899036
1890	15.5525532888
1895	15.7471110026
1900	12.16574106
1905	21.023584763
1910	12.1576780326
1915	18.761724994
1920	17.6341781713
1925	14.9702752173
1930	15.7127541074
1935	13.4555942886
1940	17.8728754813
1945	14.0734208138
1950	18.4361370765
1955	15.5374365618
1960	15.778241544
1965	21.6197390917
1970	12.5160932141
1975	19.1081378641
1980	15.5175161853
