0	0.433297588849
5	0.637737164399
10	0.50963265689
15	2.48771977648
20	0.4
25	8.06486032307
30	3.42751222486
35	6.02153907101
40	3.61737671436
45	0.4
50	6.49257138675
55	0.537808399493
60	1.10255264397
65	1.10509875669
70	1.64636703208
75	0.884851131093
80	2.21463796802
85	7.56067655356
90	2.81433860915
95	4.97143434104
100	4.36336650504
105	5.57932061047
110	2.12418953508
115	0.4
120	8.07602293168
125	0.702438913392
130	34.4940590824
135	28.3326630218
140	5.56142192834
145	29.1129922443
150	2.00530226833
155	9.56081539231
160	0.4
165	0.4
170	32.8116226732
175	1.05906602245
180	0.652613530235
185	15.2801011122
190	8.02912842305
195	0.4
200	29.5369957075
205	34.3128713887
210	7.94461385037
215	17.217110622
220	1.98323481154
225	13.0284549026
230	0.4
235	1.15640412314
240	0.625321590856
245	0.92177667245
250	14.4099148177
255	3.37599172809
260	10.4155775792
265	21.3653886947
270	2.34607860916
275	2.34352707147
280	3.19447733702
285	8.00924191476
290	0.4
295	0.4
300	4.57869056202
305	1.52390030475
310	14.2556729748
315	1.24470882725
320	2.15256069399
325	3.46588326916
330	5.41684054289
335	5.60496417712
340	10.8337939399
345	2.00206011906
350	3.62856491942
355	4.01503729363
360	1.45620005731
365	1.59363864782
370	0.935971485903
375	8.44966513325
380	4.65438177709
385	1.70044918341
390	8.63437655109
395	1.00304744997
400	1.27188073063
405	4.4593499357
410	1.10247478041
415	0.4
420	1.58462912336
425	11.2667213371
430	5.74494675243
435	8.77623275676
440	8.08504455536
445	2.96153498227
450	7.57952628783
455	31.3279574172
460	7.78585812099
465	0.960959036593
470	5.07813447534
475	5.30210383736
480	0.4
485	9.32894821857
490	5.97407237121
495	4.22414715558
500	0.65272479733
505	4.14651769407
510	5.13034885748
515	1.5888292777
520	1.19826033902
525	4.14206689135
530	4.54808320915
535	14.7249140653
540	33.1716471179
545	3.99874301983
550	21.0513766884
555	0.567607533793
560	2.49546503444
565	3.57260763928
570	5.38242653958
575	5.87105580025
580	0.494059527676
585	7.07808335022
590	5.35937315194
595	1.30338912182
600	0.587899489706
605	0.4
610	6.98822017084
615	2.75001548083
620	10.601677825
625	2.65649850919
630	8.67074747388
635	0.72936325234
640	43.0840065638
645	1.67257216156
650	3.56034038356
655	3.104067382
660	0.922100422576
665	1.04241809449
670	11.0646982865
675	4.31513057819
680	0.809259747765
685	19.9689297701
690	0.780089766164
695	7.35869601141
700	46.9956100468
705	3.38053766211
710	15.0235483634
715	2.63109789402
720	2.69469983909
725	5.35981940958
730	6.90616691603
735	6.00627713611
740	5.56201719963
745	9.57464619031
750	6.34045509636
755	6.38765685062
760	0.4
765	3.24429288206
770	8.99049859264
775	0.637321487428
780	1.56709621053
785	5.93261270576
790	5.51459303492
795	7.97574333519
800	0.658559358643
805	11.0099301586
810	4.50571999482
815	5.14282779862
820	31.8212036974
825	14.7636770242
830	4.61140538276
835	1.03904294175
840	31.2922792981
845	2.19519113098
850	8.86618983018
855	3.62127504443
860	7.54853932167
865	5.14316316919
870	0.4
875	0.813831833601
880	0.797017793753
885	2.88555660781
890	5.65121917516
895	1.79101338985
900	4.94821626714
905	3.81889086727
910	5.5754531101
915	4.62321544467
920	5.42690618523
925	6.12067173197
930	0.4
935	7.3652195568
940	8.41903729219
945	0.867402438512
950	0.415658676908
955	3.23926430569
960	1.80519222009
965	1.95858081659
970	4.29390313918
975	5.66743770108
980	1.59042301293
985	0.505129917895
990	2.30035425595
995	0.867124313272
1000	18.9530600857
1005	0.717464585714
1010	3.23296238544
1015	17.6607036112
1020	4.97648350347
1025	1.27043420456
1030	6.3608527808
1035	1.07701717639
1040	5.27319754711
1045	2.01167864483
1050	2.98070092472
1055	9.08783052468
1060	8.72121680628
1065	0.581679057128
1070	14.2699178707
1075	19.0956167784
1080	0.4
1085	10.4883025731
1090	33.0096155287
1095	1.28906031299
1100	4.0914057456
1105	0.429633740193
1110	3.90299673212
1115	23.0128607389
1120	1.23384067948
1125	1.0213609111
1130	1.91878021768
1135	24.2744988651
1140	34.17067473
1145	0.4
1150	4.32183423974
1155	1.14900172102
1160	1.82482854041
1165	13.951616046
1170	2.8544752038
1175	0.695663909916
1180	6.4564341101
1185	0.476660156553
1190	4.72091290673
1195	38.2815885406
1200	2.11536524762
1205	15.3019204849
1210	0.4
1215	2.11058856518
1220	7.89804742597
1225	8.03119604983
1230	0.4
1235	2.13530310416
1240	3.18812478028
1245	1.11045926081
1250	5.44222108061
1255	1.23691340123
1260	2.12181893804
1265	0.671708739765
1270	1.26314382808
1275	4.00491475072
1280	0.4
1285	8.88902620772
1290	0.4
1295	0.4
1300	7.25559752151
1305	23.3529973351
1310	0.4
1315	2.03306944997
1320	1.64891281266
1325	1.25748090799
1330	1.9077663162
1335	14.177990385
1340	8.77066894732
1345	11.7666135883
1350	6.81867819358
1355	16.2327852163
1360	0.527828431984
1365	18.6133165974
1370	17.1983903026
1375	4.30259028158
1380	0.4
1385	9.9103005306
1390	5.50394517784
1395	11.1057313572
1400	1.02023279445
1405	1.4748206916
1410	14.0877564429
1415	10.5685948983
1420	0.426927374705
1425	23.2058608049
1430	9.13539363213
1435	4.82066776536
1440	1.18561496086
1445	32.937915705
1450	0.4
1455	4.13537214501
1460	2.39664450364
1465	0.923905932395
1470	1.48448052778
1475	21.9733770919
1480	0.715666344148
1485	6.53127847442
1490	4.75424543166
1495	7.01547288979
