0	2.98138390603
5	3.23108195748
10	3.42013153438
15	0.4
20	0.568430786378
25	6.07467603271
30	0.4
35	2.90639800869
40	1.49546350348
45	1.75227975698
50	1.37636081358
55	0.4
60	1.02552304341
65	11.1745425508
70	1.460540472
75	0.822711938284
80	3.03447960731
85	4.39902887297
90	1.8317696867
95	4.08913315551
100	1.42827216885
105	1.56377316046
110	0.4
115	1.02504365465
120	0.4
125	1.8083511818
130	0.4
135	4.16487353892
140	2.21006946593
145	3.21943027648
150	0.4
155	2.21770763552
160	4.2645293252
165	1.72622874691
170	1.18050828112
175	2.25296104957
180	0.602385866273
185	2.56467148813
190	0.514051995402
195	2.38194212625
200	0.781194388418
205	2.72745064375
210	2.85735977799
215	3.77274295405
220	0.660483113983
225	4.9745363587
230	0.845780698255
235	1.61424499245
240	5.18651228207
245	0.947022222098
250	1.51228752328
255	0.589339861102
260	2.72293934624
265	1.79578282929
270	1.7392294484
275	9.2408143312
280	4.54499949421
285	1.65063793268
290	5.02444799338
295	3.39348054955
300	1.79117840838
305	2.86654887125
310	0.430498344965
315	0.519285470845
320	1.47484612049
325	3.10246023097
330	3.94523769179
335	1.345677365
340	3.70846292259
345	1.2354041759
350	0.890624206279
355	2.52840845739
360	0.4
365	2.51291214781
370	9.21396181373
375	0.689611455144
380	1.99348123478
385	8.27691404129
390	1.79944145509
395	5.23006363007
400	1.11243065885
405	3.06215955033
410	2.95934049359
415	0.479191464613
420	2.93455751376
425	1.38032720159
430	2.86927598697
435	1.98698513763
440	1.64135268388
445	2.2929293721
450	2.38403959095
455	1.73634717684
460	1.28470569837
465	4.03664510209
470	2.97832683722
475	2.45339090677
480	0.79005537922
485	1.1638260315
490	2.94941604604
495	2.02422360487
500	1.37981850843
505	1.96556917141
510	7.09980784465
515	1.14716156964
520	4.40135511546
525	0.406204422514
530	2.08759747538
535	0.457904564481
540	2.59123137902
545	2.39736234508
550	4.73929586051
555	1.94589541044
560	1.19756968995
565	2.08819901043
570	2.91449216388
575	1.44393515675
580	1.07845987985
585	1.08383888526
590	0.618712429924
595	5.81637913522
600	1.91927449222
605	0.705019041953
610	1.23951081168
615	0.447898089675
620	0.576763458324
625	1.67921279252
630	0.743025183943
635	4.14164320718
640	0.760141643322
645	1.55862581494
650	3.33414043512
655	5.3823669964
660	6.3203856608
665	1.43802090872
670	0.586090127633
675	1.27669383533
680	1.1225924014
685	0.496966289541
690	3.24944496478
695	2.19435952547
700	2.68793516178
705	2.31494985457
710	1.53667127858
715	0.4
720	3.2783710149
725	1.37997659872
730	0.4217352448
735	1.51333661398
740	0.4
745	2.08277581857
750	5.0017298505
755	1.35635454989
760	2.86188812229
765	0.4
770	1.27593480017
775	5.49605541295
780	3.49999411188
785	0.806115205664
790	3.10514584199
795	2.09529680696
800	1.12360597405
805	4.61839714238
810	3.17549521814
815	3.58642559032
820	1.96260458655
825	1.88938896906
830	0.616618314642
835	2.36947294261
840	4.42201417523
845	1.71015070044
850	3.05542542916
855	0.867293748599
860	1.01798725175
865	2.42446386431
870	1.69313598061
875	0.950179459693
880	0.481621344289
885	0.872653975674
890	1.25092528932
895	4.16878920048
900	2.85217779511
905	0.4
910	0.784740518945
915	1.03576692546
920	1.32384950861
925	5.86858376351
930	1.47744839781
935	0.457446336703
940	0.944051038308
945	1.12063142753
950	2.05001220467
955	3.16579257223
960	3.40596479596
965	5.18510910139
970	5.10476751502
975	3.46711520813
980	3.26136827866
985	2.76849194865
990	1.07936162479
995	1.69385843532
1000	3.22238431157
1005	3.81213590324
1010	1.73332594179
1015	1.71386154189
1020	1.45190326333
1025	1.11167293323
1030	1.51056857449
1035	1.10253916906
1040	0.4
1045	0.923806184
1050	2.0458693283
1055	0.554559762608
1060	2.06212003768
1065	4.10376671763
1070	1.29986683014
1075	3.47088709615
1080	0.883366504544
1085	2.19206113995
1090	2.13740723541
1095	0.4
1100	1.89152446535
1105	0.4
1110	0.468052132642
1115	0.952973144402
1120	4.30924907293
1125	1.11497862266
1130	1.30849876727
1135	2.72368637893
1140	2.46885485986
1145	1.24195424306
1150	1.08285541198
1155	4.50089105788
1160	0.4
1165	1.44232032964
1170	1.17519765524
1175	1.45990522844
1180	2.32738516293
1185	1.47095913014
1190	0.884351950999
1195	2.09979424665
1200	1.21536068173
1205	3.32653933941
1210	2.96884579374
1215	0.4
1220	2.51493465753
1225	1.58777462297
1230	0.643349941153
1235	2.01286437681
1240	0.437709070108
1245	2.90886579659
1250	0.4
1255	0.724986541191
1260	2.11962603401
1265	0.4
1270	6.01268277003
1275	2.48968748568
1280	0.4
1285	2.50143579049
1290	2.77389625844
1295	9.83950807703
1300	0.530327280989
1305	1.04855730732
1310	1.90960298868
1315	0.515438286317
1320	0.4
1325	0.729199164316
1330	0.708869006834
1335	1.46250805523
1340	1.23976477789
1345	0.4
1350	1.12805816594
1355	4.86111189461
1360	1.88354679855
1365	5.75148587711
1370	3.32331425593
1375	2.23598228054
1380	2.46189728574
1385	3.0060469893
1390	1.15296916421
1395	1.06387185918
1400	2.44782622359
1405	0.88330825773
1410	2.82423411041
1415	2.36629912606
1420	2.66205721596
1425	3.64181325839
1430	1.46875289668
1435	3.2327818393
1440	3.08993604755
1445	0.665854737038
1450	1.25454814536
1455	3.26570743017
1460	1.86621929308
1465	2.98129096422
1470	2.87563672362
1475	4.36654572056
1480	2.15999263568
1485	0.707987329087
1490	1.42902132954
1495	0.53474890924
1500	2.30119204452
1505	2.81184564475
1510	2.501791363
1515	1.59214255613
1520	5.16601455876
1525	1.64882424244
1530	0.463923948728
1535	2.20689284348
1540	2.2225760638
1545	2.06820672581
1550	2.24313692619
1555	0.4
1560	1.90466804167
1565	0.4
1570	0.4
1575	2.63738480854
1580	2.32366622304
1585	3.29240906931
1590	4.04621013798
1595	2.44362090432
1600	0.445396627481
1605	0.914537988895
1610	0.4
1615	1.34038300772
1620	0.66297611403
1625	0.4
1630	1.19315272382
1635	4.0615190468
1640	0.992190902203
1645	2.15690779145
1650	1.80540210211
1655	2.67728474572
1660	1.29541099074
1665	1.47058297367
1670	4.23988009394
1675	1.2077550334
1680	2.55425855983
1685	5.06438561524
1690	0.662684179101
1695	2.61586776582
1700	3.000832123
1705	1.77534649036
1710	0.4
1715	2.08171838196
1720	0.513845297131
1725	0.997005827727
1730	1.98309626999
1735	2.17337562893
1740	1.17705368005
1745	3.8562388229
1750	0.4
1755	1.65962475932
1760	2.2222292383
1765	2.07236772662
1770	3.87252026376
1775	4.54054579035
1780	0.749104214299
1785	1.23568572653
1790	1.17494247243
1795	2.48231159436
1800	3.58609020109
1805	0.95249688355
1810	0.949492805781
1815	5.98839633262
1820	2.11539142423
1825	3.72781519404
1830	0.4
1835	2.09912924423
1840	6.65397437317
1845	1.5008168067
1850	1.17797145822
1855	4.13299008536
1860	5.71300040558
1865	4.18757754744
1870	1.83812112181
1875	2.0616704687
1880	1.97500387997
1885	1.40368797148
1890	6.57308605017
