0	4.79994580639
5	3.57197672527
10	3.02626139033
15	4.9582544188
20	9.46975689577
25	5.71264127731
30	5.92934125736
35	7.01922900785
40	6.60087310472
45	3.27254027418
50	7.84392642597
55	8.5303903296
60	9.17671388039
65	4.80254375751
70	9.71968905702
75	7.2160249919
80	6.06439593304
85	9.71706974418
90	5.03755761466
95	10.1985479224
100	3.24011579539
105	5.291365255
110	8.23912733846
115	11.0298512142
120	6.29807497397
125	4.13446038781
130	10.6564571782
135	6.34821207623
140	4.83900929356
145	6.88567006128
150	4.32288193207
155	5.54870692239
160	7.28456587037
165	5.48243738685
170	7.84497771996
175	13.4116633672
180	7.72748776888
185	6.84986702016
190	5.46501453182
195	5.96601187149
200	6.40289884596
205	7.46274428774
210	9.74320396105
215	5.70662987466
220	5.22699468731
225	5.70706900694
230	7.29234302466
235	4.33465596404
240	4.14466605966
245	9.85196048292
250	9.03304589117
255	5.53842878767
260	5.78377707655
265	4.92852944629
270	3.99515816418
275	7.42508597037
280	6.53242369307
285	5.12359605396
290	7.69820959893
295	4.25327841089
300	4.97910089337
305	3.11044065471
310	3.30740733976
315	2.42978031069
320	7.56924956371
325	4.72368600341
330	9.31897643737
335	8.6936806265
340	7.18741592312
345	3.51886086976
350	6.14066882776
355	5.53084302708
360	5.88167446786
365	12.9303802556
370	7.70702194814
375	7.63955099866
380	9.97109299184
385	5.43167645215
390	3.64350401821
395	6.15098488545
400	11.3022003256
405	8.47768015013
410	6.4557983204
415	9.71548806365
420	5.00815999105
425	8.83524917222
430	2.95291837188
435	8.80568262079
440	9.93990327461
445	6.18663808219
450	11.2410784409
455	6.95625713204
460	4.13990612387
465	4.49220802755
470	6.8584061313
475	3.11379089346
480	8.51684308282
485	8.29185772812
490	8.35633114377
495	4.3633859638
500	5.05026389326
505	10.3123248515
510	6.99081363184
515	3.83427176434
520	4.68114307078
525	3.84317371715
530	8.90303535281
535	10.4267826512
540	3.25778472486
545	7.9506950985
550	6.93934295538
555	8.79916136506
560	6.98301893648
565	14.3284507246
570	4.52860758243
575	5.62140856924
580	6.33617525362
585	7.8716582399
590	9.24340699895
595	4.80471635111
600	11.058533724
605	8.36341245368
610	9.17368489881
615	11.4962456341
620	8.29334902249
625	7.09297791054
630	7.18204500661
635	8.61283278721
640	9.69084513244
645	9.6586102294
650	9.47242194349
655	7.29551273168
660	8.07526131356
665	10.2059852845
670	4.75653759749
675	5.72891848337
680	4.4916393837
685	4.41970509325
690	5.96184488167
695	6.489856401
700	5.04507229513
705	6.91285002997
710	8.45228794519
715	6.85815572357
720	6.78599616187
725	6.7869679549
730	4.70751847447
735	8.09247397989
740	7.18441874086
745	4.49363179045
750	7.66999389756
755	3.90324742687
760	5.38957368686
765	7.75027858473
770	7.67451792352
775	7.23296042763
780	7.20115271446
785	8.80890132593
790	9.6164642711
795	5.194810744
800	5.61339663924
805	4.42494423315
810	12.3353149717
815	11.4943423947
820	6.63882757024
825	7.71409505039
830	7.60123164905
835	6.74552926444
840	4.04401097123
845	4.7512916601
850	9.32540936
855	9.31000260448
860	8.08367580425
865	8.96346837608
870	6.46287732312
875	9.17343886987
880	7.91611063317
885	9.90186013807
890	3.25236566869
895	8.7491994002
900	8.78276185003
905	6.3182665765
910	7.47401391626
915	14.2749679862
920	6.34428294284
925	4.68040887491
930	4.47944170951
935	6.17834834426
940	9.11534716967
945	6.38017171622
950	8.01640179551
955	6.36625394081
960	6.93628698909
965	7.94937165534
970	2.17062850474
975	3.65039643792
980	6.46466877939
985	6.92653303447
990	8.63137951843
995	6.0005783842
1000	7.3862209397
1005	9.19181813923
1010	10.120613042
1015	6.04560515611
1020	4.93144851265
1025	5.99628899957
1030	8.69506174126
1035	5.7110768513
1040	5.26230921869
1045	9.70909728407
1050	3.0856010951
1055	6.90693168607
1060	6.29962424714
1065	10.072593925
1070	7.16563776387
1075	8.88246476271
1080	9.46710716175
1085	2.25834360775
1090	5.55095664502
1095	11.0899124807
1100	11.5619788639
1105	7.00929683093
1110	8.32466171917
1115	5.30891936496
1120	6.30509110686
1125	6.2857669834
1130	9.64476976743
1135	7.77777729898
1140	8.98502977727
1145	9.31366917106
1150	12.6949435554
1155	8.51540768899
1160	11.4440710662
1165	10.7703428856
1170	7.58269279274
1175	4.02286311104
1180	7.23255846155
1185	5.16665167935
1190	4.7154431317
1195	7.23506890976
1200	6.09862188703
1205	3.79091154452
1210	6.26655262302
1215	5.65132547554
1220	9.21213709671
1225	11.6927753033
1230	8.42996109004
1235	9.69866399886
1240	5.37999594428
1245	4.07924047048
1250	3.9791426187
1255	7.8044191983
1260	5.51466045972
1265	2.15357343742
1270	5.86464495226
1275	8.28696598264
1280	7.46973483402
1285	4.24883432944
1290	10.2781310597
1295	7.25180361857
1300	8.35957202508
1305	7.26262678484
1310	6.69791401713
1315	8.26602402887
1320	10.6781939391
1325	10.7741294102
1330	9.18658611179
1335	9.24049906088
1340	5.4510955855
1345	6.58478717428
1350	8.15574787763
1355	8.12103548964
1360	7.9610268295
1365	15.4657290657
1370	9.04773550726
1375	3.18166713797
1380	11.8825784854
1385	3.1249790876
1390	5.58581447049
1395	5.44367031528
1400	6.5321958902
1405	8.07913564054
1410	8.97703321069
1415	6.25856955833
1420	6.73010764053
1425	8.01235595617
1430	5.47270872014
1435	4.4850777011
1440	7.29762571057
1445	5.23549171251
1450	9.76948492821
1455	4.93914104981
1460	4.6629515675
1465	5.98618292577
1470	9.45695323301
1475	5.71969797606
1480	5.23962600572
1485	8.09367855958
1490	8.87963218833
1495	5.68380219901
1500	5.49097619594
1505	2.57790365692
1510	4.8342527078
1515	9.42243682198
1520	9.96930210899
1525	10.0830294803
1530	10.9377020101
1535	10.3637260938
1540	7.94089546973
1545	5.46511215262
1550	7.39029539976
1555	7.34219377213
1560	3.83095513445
1565	4.13165637576
1570	7.8051287425
1575	6.42997072693
1580	6.68960475756
1585	8.98680293303
1590	7.35036459819
1595	5.2766813023
1600	9.18807559748
1605	6.29085083135
1610	9.05202161434
1615	6.19062946652
1620	10.8149323785
1625	4.5612732095
1630	7.10016012999
1635	6.35198289072
1640	7.99278783852
1645	7.07779979879
1650	12.4250285759
1655	0.974624926067
1660	5.327182573
1665	7.42662220233
1670	10.0698250005
1675	7.02273846107
1680	4.99538618235
1685	4.1356031731
1690	11.7879331402
1695	9.21254730032
1700	7.91755601528
1705	5.7584326051
1710	9.04391990759
1715	8.98356551986
1720	5.96539384732
1725	8.6933178426
1730	5.6712764484
1735	4.54052853914
1740	5.22691707698
1745	8.50633906084
1750	7.26048565877
1755	10.2311719726
1760	4.0723104349
1765	9.25308789325
1770	4.47781611393
1775	11.0427505181
1780	6.3081807663
1785	12.2487017116
1790	9.13275307228
1795	5.76286369634
1800	5.30574156077
1805	4.94215859611
1810	4.51247497237
1815	5.24352217981
1820	7.77327117161
1825	5.95777023168
1830	9.5728194155
1835	9.00418354439
1840	10.6548404128
1845	8.58317188538
