0	5.65410058203
5	39.5818770476
10	5.19815258156
15	19.3465361163
20	21.6740274803
25	0.951691492646
30	9.11744429314
35	7.37132609999
40	39.5410878453
45	4.17671755785
50	2.27176193358
55	26.5522687444
60	10.6446696947
65	3.36362578899
70	0.401874613004
75	4.67941438195
80	9.46760713592
85	3.88855295638
90	16.9529358718
95	8.14254010198
100	31.4880986128
105	5.45978396228
110	76.4124979754
115	6.73035082915
120	1.63774529682
125	22.0522861574
130	4.96704482403
135	23.9788174047
140	13.5900101521
145	20.6207283376
150	37.720036485
155	19.6824857395
160	51.8146785034
165	11.2263395182
170	25.0619577857
175	46.4498246344
180	12.0596818697
185	0.89337620853
190	18.6828862351
195	15.372181309
200	0.615136893809
205	8.78553082109
210	16.0078927085
215	34.2127525835
220	39.9407545649
225	6.05854059682
230	23.1481301141
235	12.2550520562
240	6.6721853617
245	51.0991789112
250	4.08720555836
255	33.3010343071
260	25.0610588848
265	4.33298512284
270	17.000913745
275	69.8508048869
280	2.76897470754
285	41.8773732961
290	56.5969128201
295	26.4939287734
300	3.18471089963
305	16.4579722125
310	33.6534151608
315	30.0893839689
320	26.0132955992
325	2.49659684951
330	15.3514237862
335	8.29012902422
340	19.0051933533
345	21.1930421476
350	9.70804183887
355	12.9809405026
360	20.8028719526
365	6.23478576255
370	1.22849397819
375	30.5172168109
380	8.71058358851
385	31.8470420091
390	9.08763838126
395	1.56481779495
400	16.1034689829
405	11.7770815019
410	17.6716306721
415	4.83638737656
420	4.42448036736
425	33.1453794028
430	17.8106315461
435	13.5863968745
440	4.42128409474
445	32.5218999748
450	36.9107045274
455	3.56723954798
460	16.7148157549
465	9.08580360941
470	17.6228860507
475	37.3021482576
480	18.8051620494
485	0.4
490	21.2502639355
495	26.7514941877
500	55.3788435611
505	18.2136483007
510	26.0690448343
515	10.8226324295
520	9.90328205531
525	8.89400939482
530	1.38400054191
535	24.6841364406
540	19.0989479714
545	9.71438166533
550	23.8403739325
555	12.0254069068
560	2.85727549832
565	13.9342241519
570	38.2273343586
575	24.6302303269
580	10.3921880382
585	20.0023722294
590	14.980579817
595	58.9192065997
600	33.6764734405
605	10.6551984111
610	11.2129541184
615	5.38415979109
620	14.9221215829
625	30.1428932458
630	27.9974652124
635	28.8508102459
640	14.4297060863
645	48.6995000781
650	16.3586791369
655	5.15191354268
660	24.4785636921
665	6.58159773553
670	15.589921172
675	26.1265942487
680	9.05171828152
685	0.86219888503
690	16.628289136
695	55.3949044805
700	20.1810933268
705	33.9454472934
710	25.4686426066
715	13.8278111632
720	20.9463861721
725	15.6915919594
730	28.7907308679
735	30.0452425993
740	36.3828492246
745	36.0818355629
750	13.470872524
755	14.8441742522
760	10.3289652557
765	65.927853004
770	23.9615798531
775	19.9058292418
780	8.32979421042
785	6.8596384979
790	14.7475093494
795	19.1294767637
800	16.5409241189
805	27.2031338432
810	17.1760060068
815	9.60572036283
820	37.5290938465
825	22.508412504
830	38.3367291014
835	19.8525875338
840	21.1110882047
845	15.4178444469
850	12.240342166
855	29.2335674167
860	6.26768618212
865	25.0293132592
870	6.25914232736
875	42.9378740382
880	11.1299576363
885	18.6223866344
890	16.6610838222
895	0.461923440642
900	15.00837475
905	24.7266753791
910	10.6043264802
915	47.5446624629
920	6.32754031631
925	17.4050951326
930	1.3977483792
935	6.72992530049
940	5.87015842055
945	21.836226195
950	34.2592795108
955	21.5057087718
960	26.733041212
965	9.65635049575
970	2.82523026585
975	10.8051686629
980	47.6374842979
985	6.22421458021
990	20.2670583155
995	44.0615176606
1000	24.328936022
1005	6.98091740999
1010	53.1314835037
1015	9.10853561955
1020	32.6240197679
1025	14.7389572199
1030	31.1692768941
1035	48.103354293
1040	3.40592446993
1045	20.7685740741
1050	14.2582719706
1055	31.8977265591
1060	21.2170625683
1065	8.03934149423
1070	9.87207105344
1075	1.33789271007
1080	13.2466260656
1085	27.425005127
1090	6.00015446172
1095	17.2418595582
1100	24.5177367456
1105	11.4399016766
1110	6.05967825523
1115	18.9337934345
1120	22.6450727099
1125	3.26236436865
1130	55.4813496541
1135	10.6792516126
1140	19.6599599942
1145	39.7583614813
1150	30.7839863793
1155	23.498543678
1160	40.4638811582
1165	61.7481796216
1170	36.9405846455
1175	10.7755636984
1180	5.43043709565
1185	33.1874247637
1190	12.9332145847
1195	14.5669304789
1200	34.1881253792
1205	2.16559508352
1210	1.0914962416
1215	26.6198033131
1220	18.8760942997
1225	4.9682330974
1230	13.985403239
1235	11.7462669539
1240	38.7845334369
1245	4.64616008769
1250	37.1334442283
1255	1.91408313512
1260	9.60783984185
1265	5.55314054108
1270	33.9561895346
1275	12.3126057058
1280	20.9749559397
1285	7.13622987736
1290	6.5078233733
1295	6.52436610551
1300	6.52798409422
1305	10.483542554
1310	10.3411890705
1315	9.74366221811
1320	64.3685687126
1325	17.5943146384
1330	4.28437817073
1335	49.4938680418
1340	11.1293245136
1345	24.5767418063
1350	6.81669174977
1355	6.9001139257
1360	27.9880102021
1365	12.4261899254
1370	30.8231531225
1375	9.7443614715
1380	16.4483314105
1385	37.7452307056
1390	28.3016915498
1395	3.17510489501
1400	2.95771996584
1405	24.1162465894
1410	20.2751320273
1415	3.71186462565
1420	16.9307983826
1425	9.08375717538
1430	13.4471914705
1435	36.6665399512
1440	11.7528451622
1445	15.1113317932
1450	36.1872340962
1455	22.1589963996
1460	3.7356382397
1465	55.1695920953
1470	9.47578734546
1475	7.43779739274
1480	4.89626426538
1485	2.73335843211
1490	59.9859204215
1495	4.42360865904
1500	12.4095049196
1505	19.5110192518
1510	12.3339379899
1515	58.1315485362
1520	12.9211112199
1525	11.1756304715
1530	8.50324190597
1535	5.49314978383
1540	27.6045430226
1545	24.2300023099
1550	21.5207356532
1555	7.6281879933
1560	52.0111324894
1565	51.0209570488
1570	1.27388207136
1575	18.7394794448
1580	15.448204648
1585	14.8088299295
1590	9.76882771303
1595	8.73160167009
1600	2.90657084918
1605	16.642680208
1610	16.9471871407
1615	42.2876200435
1620	8.97740380342
1625	39.0760311624
1630	19.2620890203
1635	5.79822375507
1640	10.7311941867
1645	9.79729675535
1650	7.15528362861
1655	28.6059240881
1660	5.05433232624
1665	12.7754454424
1670	16.3217974451
1675	0.903093859712
1680	13.5923994451
1685	3.92810961237
1690	25.738938251
1695	5.27381532243
1700	12.3100070171
1705	34.1463188301
