0	0.4
5	0.4
10	0.4
15	1.89830135484
20	3.93338597343
25	2.71350160716
30	0.868147827618
35	0.439333976786
40	0.4
45	0.833824645509
50	3.14131187932
55	2.39414830846
60	0.4
65	1.01706370513
70	10.7972753276
75	0.4
80	9.44451307701
85	0.4
90	7.57004346965
95	3.27360093141
100	5.56166194081
105	1.68098986564
110	11.0640790447
115	0.4
120	3.21334789808
125	0.4
130	1.70117424725
135	0.746985300965
140	1.24100082137
145	0.4
150	0.4
155	0.4
160	0.4
165	0.4
170	1.10732141727
175	3.82756366394
180	2.71210491137
185	0.530470836549
190	4.17229026933
195	0.4
200	0.4
205	4.6584222198
210	0.4
215	0.4
220	6.33097364712
225	0.4
230	7.14122970733
235	0.4
240	0.4
245	6.02278122076
250	0.4
255	0.4
260	0.4
265	0.4
270	10.3164532657
275	0.4
280	2.81579894726
285	0.4
290	10.2797039964
295	10.8740847365
300	26.7552472472
305	8.14097775272
310	0.4
315	0.59942540534
320	8.8200026003
325	0.4
330	2.1434531586
335	2.88109727857
340	2.06088542507
345	4.37587020209
350	0.4
355	2.00854765416
360	0.4
365	0.4
370	4.09596913373
375	0.592155759796
380	1.00830788465
385	10.5133201091
390	0.4
395	9.89904573438
400	3.88751538292
405	0.4
410	5.22727435621
415	5.41764772243
420	5.5231219986
425	2.8412050863
430	0.47242224122
435	13.1042681578
440	0.4
445	1.67732146641
450	7.59600000783
455	2.35688544523
460	5.74998093704
465	0.938687552912
470	0.4
475	0.4
480	16.5178394057
485	1.16434135048
490	0.4
495	7.11624123844
500	0.4
505	0.4
510	0.4
515	3.82841180951
520	10.409089982
525	22.4082607213
530	4.19894681443
535	0.4
540	1.14330383085
545	7.51671990976
550	4.77431449387
555	0.4
560	3.6712516904
565	1.0714855158
570	0.4
575	1.09883212018
580	2.38574223234
585	3.98600625046
590	0.4
595	6.61175747711
600	1.48333620165
605	25.2160838284
610	9.64820797949
615	9.3857614145
620	1.49562458573
625	3.70910909098
630	0.4
635	0.4
640	2.81060383085
645	0.835870582769
650	0.449983106342
655	0.4
660	0.4
665	14.0512608578
670	1.26974468678
675	0.4
680	4.92418258834
685	2.94432270934
690	0.4
695	1.02715048904
700	13.3897808745
705	0.4
710	0.4
715	4.80187078406
720	3.08048783422
725	0.769123889344
730	0.4
735	0.4
740	3.41187257048
745	28.6391730815
750	1.4963107529
755	2.20760109409
760	0.4
765	3.94532851802
770	2.21249023157
775	0.4
780	3.76758824223
785	4.31652978937
790	7.52723650069
795	2.34659052648
800	0.4
805	2.75563561205
810	2.0166114179
815	0.4
820	0.4
825	6.80453074924
830	5.49046868733
835	0.6022486491
840	0.4
845	2.01158380659
850	0.4
855	10.690644301
860	1.83048148202
865	5.17551630993
870	6.65120441723
875	7.95137077828
880	2.50217267242
885	0.4
890	18.4289847153
895	31.2478246058
900	2.58970979173
905	0.4
910	0.699901890202
915	4.29093866188
920	0.4
925	2.77518110635
930	0.4
935	3.27325418274
940	2.50709555872
945	12.9777294908
950	1.86145617298
955	1.20592548891
960	1.08957892959
965	3.86313691703
970	2.17735329193
975	1.32790343849
980	0.4
985	0.903249683801
990	0.4
995	0.4
1000	6.10630823448
1005	10.4705997923
1010	10.3426837253
1015	1.13202416135
1020	0.4
1025	0.613440839842
1030	2.46078028834
1035	3.83280835858
1040	0.577123701084
1045	0.708657447785
1050	5.05465156839
1055	6.99975847414
1060	6.79809164307
1065	3.05625783064
1070	1.99686724027
1075	4.40834365082
1080	0.4
1085	0.4
1090	8.00555962501
1095	7.284612175
1100	3.4804751576
1105	0.591297654
1110	0.4
1115	1.85291946082
1120	9.50298347545
1125	1.71128479412
1130	5.16861177964
1135	8.80990000715
1140	0.4
1145	5.4443083076
1150	14.656063977
1155	0.4
1160	0.852111582372
1165	1.35754113904
1170	2.77940803118
1175	0.4
1180	3.79386720501
1185	1.6621536904
1190	7.81394976337
1195	1.71674838947
1200	0.4
1205	0.4
1210	15.0218167531
1215	6.07920724734
1220	0.897673908731
1225	0.4
1230	0.4
1235	1.52725678761
1240	4.99853747747
1245	0.4
1250	20.8466816492
1255	3.07223141828
1260	1.70353977009
1265	2.34478883434
1270	0.713463588493
1275	0.4
1280	0.685854103323
1285	8.60294008153
1290	0.4
1295	6.71547920615
1300	0.4
1305	0.4
1310	0.4
1315	0.4
1320	9.71938749701
1325	8.88961074186
1330	6.65015599152
1335	0.4
1340	11.3937748767
1345	0.4
1350	2.22095615627
1355	0.4
1360	19.426372314
1365	18.2691452943
1370	0.4
1375	0.486381045425
1380	0.4
1385	8.80926240384
1390	7.71811448877
1395	22.4853050868
1400	0.4
1405	0.807022064232
1410	0.4
1415	0.750512231754
1420	2.59294640949
1425	2.00775736981
1430	0.4
1435	0.4
1440	0.4
1445	3.73194685858
1450	0.4
1455	0.4
1460	3.97963825182
1465	0.4
1470	0.4
1475	0.4
1480	6.42174135922
1485	8.54379299058
1490	3.62518447822
1495	0.4
1500	1.15422117924
1505	0.4
1510	0.746287335803
1515	0.4
1520	0.935500653619
1525	0.4
1530	8.51367531245
1535	2.24600213981
1540	5.77418214144
1545	7.13027586899
1550	6.07411128104
1555	0.4
1560	0.4
1565	2.66188901499
1570	0.4
1575	0.4
1580	8.35251788641
1585	0.4
1590	0.4
1595	4.61080043724
1600	8.70202228095
1605	1.10376326613
1610	0.4
1615	6.68531594155
1620	1.5517416811
1625	1.67375365319
1630	0.4
1635	0.4
1640	2.57612833931
1645	2.84050807601
1650	0.4
1655	0.4
1660	0.4
1665	5.40549547847
1670	0.4
1675	0.855995631277
1680	8.14633607246
1685	0.4
1690	7.64544030875
1695	26.3426312575
1700	13.4450824404
1705	1.0606653317
1710	0.40399290395
1715	21.123851791
1720	1.94149362387
