0	18.8077140174
5	14.4268419353
10	15.1065161358
15	10.5700958852
20	25.7738726474
25	14.1170412165
30	10.8372140755
35	11.0260442948
40	10.5057385791
45	14.9012994026
50	11.8089253293
55	13.5261334924
60	14.6019057711
65	16.9066567007
70	18.6736509278
75	14.8011787119
80	10.295427348
85	11.0389768445
90	13.4091127358
95	17.3582100516
100	8.61806982742
105	15.42107173
110	17.0727334719
115	8.15972607576
120	26.4342514582
125	8.3011318739
130	9.87236987522
135	12.8079986142
140	10.7338110328
145	10.5858528143
150	16.0470509125
155	13.712506322
160	13.3270386544
165	11.3680517277
170	9.22547910886
175	10.9848486513
180	15.8109505092
185	12.0760828064
190	11.6258609574
195	21.4334065781
200	7.09577577042
205	10.7066402488
210	10.8694658466
215	18.6966427048
220	8.46363606895
225	15.1930043619
230	18.1165294583
235	14.2804544695
240	11.5546551953
245	11.8281673661
250	10.3393747631
255	19.7521245474
260	19.1996878262
265	28.2814546526
270	9.76140206985
275	17.696864515
280	12.5784693269
285	6.96138410589
290	22.6151712678
295	24.1593675229
300	19.7258590274
305	24.1869320288
310	14.2055252864
315	21.906764731
320	20.2227340094
325	12.3003783195
330	8.39576618093
335	16.7830344839
340	10.9141548006
345	12.5618539949
350	4.17442090646
355	9.96784596769
360	16.7404706326
365	10.6100051944
370	11.6822395852
375	11.9394283843
380	6.56131583466
385	12.0876109032
390	11.9397834755
395	13.1102855114
400	26.0747237772
405	6.10684779495
410	10.5640226225
415	23.8128329817
420	13.9127607577
425	8.07415884956
430	15.7986152531
435	6.59546835891
440	16.7664505677
445	13.2975377545
450	6.78652555556
455	10.7167042848
460	9.6719825585
465	10.8327313065
470	18.5877243106
475	20.4501288612
480	7.41230692577
485	19.4498198071
490	20.1729695922
495	11.0108953091
500	10.406372479
505	21.5218243932
510	15.0379876694
515	10.666481544
520	13.3850508359
525	14.0927829202
530	7.63931820931
535	6.37557815679
540	11.1175642012
545	16.5043153834
550	19.5079997024
555	5.56279756934
560	16.3255071402
565	18.1308171156
570	10.4873457487
575	10.6414466802
580	18.6577258556
585	8.67279098657
590	23.9460150178
595	10.7162955029
600	14.4850769816
605	18.4068640545
610	16.0022279714
615	10.1820286545
620	4.62923564102
625	16.558116131
630	9.54478808434
635	16.5418649271
640	15.7015800988
645	17.2105697392
650	8.2434946778
655	15.0354523801
660	12.9469474499
665	9.24304531575
670	9.09218680212
675	16.498618929
680	13.6468360785
685	7.46686402273
690	16.3476718961
695	10.712556637
700	9.12389512042
705	20.3424775818
710	10.5346201589
715	14.2885234713
720	14.8117051567
725	18.9701393373
730	17.8419746396
735	12.9952151139
740	12.9523663227
745	14.2445742442
750	11.1559126593
755	14.9693270207
760	15.0424966438
765	17.1876746365
770	12.4428118611
775	12.7939051773
780	19.1060741874
785	20.79640912
790	10.3943857233
795	18.8578613595
800	15.6387118833
805	12.5775214914
810	8.78722331538
815	23.8430733479
820	15.8876193284
825	11.0657529637
830	15.5810689764
835	20.4872231983
840	12.8436496
845	10.3237830688
850	18.7315768837
855	6.52749530016
860	20.5673895758
865	13.0204277108
870	11.1231410112
875	8.94027207234
880	13.5500582239
885	24.1309186145
890	14.4505452398
895	9.05213547346
900	11.7684008925
905	12.6156554411
910	8.4662562791
915	8.08807712596
920	23.5949791448
925	16.4436640308
930	17.7150558479
935	25.3004606905
940	20.385000658
945	8.78946380811
950	9.98148152636
955	15.6903894261
960	14.2087697199
965	13.0273901524
970	16.1061141885
975	18.1274463042
980	10.3051005357
985	8.5192511115
990	18.6325221651
995	20.006734026
1000	14.9862702512
1005	9.49493052234
1010	24.0297334166
1015	15.6091797996
1020	10.6545591361
1025	21.3411305596
1030	24.9053024903
1035	12.8084612858
1040	11.9042638984
1045	15.4157907566
1050	18.1784528815
1055	14.1198714827
1060	8.05748555517
1065	13.3153994542
1070	21.631012165
1075	12.0674584717
1080	20.0444738364
1085	12.0229250113
1090	16.6318074734
1095	26.3112794339
1100	6.93615234248
1105	14.1720545884
1110	15.4418090174
1115	9.62649041629
1120	25.9928158753
1125	9.63293069043
1130	13.9740281252
1135	5.205910869
1140	18.8259859656
1145	6.36861735985
1150	18.0791180897
1155	19.5639624662
1160	20.2172222933
1165	14.1324797789
1170	21.618293939
1175	12.0324239553
1180	16.4631844068
1185	17.0211087646
1190	10.3484576585
1195	15.2912225918
1200	13.299445716
1205	22.940107991
1210	19.6614711114
1215	12.6041560538
1220	19.0703503397
1225	11.5975214277
1230	13.8023312378
1235	14.1875575912
1240	10.9100613771
1245	13.1934364304
1250	10.0499929228
1255	15.4134442245
1260	11.3701043728
1265	9.18731726105
1270	9.51483945058
1275	11.7203690492
1280	11.1482624411
1285	9.74000594304
1290	14.2270143365
1295	18.890433598
1300	8.37327998161
1305	10.3804986589
1310	15.7119471652
1315	18.0799913699
1320	17.0130724599
1325	13.4448473686
1330	15.3303376604
1335	11.6860370003
1340	16.611196301
1345	9.2077994599
1350	18.9344940417
1355	16.1217869353
1360	15.0319754541
1365	14.2418140948
1370	8.66456468151
1375	16.2501259176
1380	5.26145275292
1385	11.774436259
1390	9.9572624547
1395	12.6297360982
1400	8.99619724507
1405	12.7435921906
1410	13.3719757603
1415	8.3834704625
1420	20.070432621
1425	7.79972606958
1430	18.3987885758
1435	19.3953327707
1440	9.95796821304
1445	17.4372727118
1450	14.9167957937
1455	8.63752909897
1460	11.8457302711
1465	13.5248704396
1470	10.9399884545
1475	10.3564053098
1480	18.6530676526
1485	13.0118721925
1490	13.0736898187
1495	11.7899328587
1500	22.6752473569
1505	9.740608097
1510	10.6875886219
1515	26.5639851486
1520	25.5489042431
1525	10.953781054
1530	10.5144577926
1535	11.9389527885
1540	11.8043570183
1545	8.373306769
1550	17.8054906956
1555	9.51445209739
1560	16.0666642397
1565	9.51174221023
1570	15.0226577676
1575	12.6820044288
1580	12.6085866381
1585	11.5705229246
1590	19.3643460742
1595	10.480879646
1600	6.29011007756
1605	11.1232223271
1610	20.1531032264
1615	12.1702914447
1620	12.5334210001
1625	11.9837712228
1630	14.1361646016
1635	7.90012100165
1640	21.7955013026
1645	6.45409553366
1650	13.1226321509
1655	15.1200074856
1660	11.6308115065
1665	15.9205337856
1670	11.8696838538
1675	17.2235742103
1680	11.7808097009
1685	11.6104945444
1690	21.6183705914
