0	14.9559596786
5	14.3394748251
10	5.01498230854
15	21.0440418883
20	23.1365559444
25	17.3520850401
30	14.1867174375
35	9.75757501547
40	16.5210516383
45	13.4639094794
50	31.0650315247
55	5.3223707805
60	15.4733596824
65	24.2616356113
70	16.3397485899
75	10.9659732472
80	8.24719532559
85	19.1444061818
90	12.4005913059
95	11.4552911251
100	10.549723036
105	14.3528235922
110	19.2898467493
115	14.7688595953
120	20.0758721753
125	13.3116417629
130	14.2677584947
135	9.05800010239
140	23.6752124226
145	16.1306715837
150	34.159618329
155	13.2878903382
160	26.5308335259
165	17.3273865567
170	12.4764454929
175	43.1111976517
180	21.3896893439
185	22.5088193129
190	13.5152591218
195	9.26102661197
200	11.2561475639
205	14.660914558
210	32.7247234122
215	19.5370145061
220	13.8796092871
225	20.1060202272
230	6.04602926196
235	13.680584378
240	17.7192522326
245	15.5934847552
250	13.6258070249
255	5.75139031406
260	11.6829435002
265	19.7991451057
270	10.1206403355
275	9.65051393104
280	22.9965668883
285	16.827588404
290	11.8810820924
295	13.3708790066
300	6.5135025824
305	9.42352334971
310	7.21923631754
315	22.382696054
320	16.6077176308
325	14.3491394687
330	16.943992457
335	12.2272522261
340	7.46585352172
345	13.5660345012
350	10.9549708829
355	25.4192105289
360	6.16580125432
365	16.7018246284
370	13.1623727106
375	8.9951171829
380	12.4719683417
385	16.4593213548
390	10.4517627382
395	14.8598326856
400	7.99758277367
405	20.3377682788
410	13.666256978
415	18.1266726765
420	16.000091262
425	16.0210988946
430	10.1374128121
435	5.27152022234
440	10.6530405271
445	3.98862517748
450	18.4296080653
455	20.507180861
460	29.4033149107
465	12.2264350258
470	9.998536449
475	7.4004786664
480	14.8216493161
485	11.6260068602
490	30.6236021483
495	14.529490536
500	8.12157770388
505	15.9701276546
510	14.0574323522
515	11.4129131172
520	17.485092583
525	23.3401177547
530	12.5228680965
535	16.8038282147
540	10.2876616905
545	17.7147103964
550	10.3167798204
555	13.6178078005
560	14.9218630721
565	14.8359349565
570	17.0595088145
575	14.3761057759
580	17.4809556491
585	30.4409737274
590	7.2826084894
595	8.70719395057
600	7.2478375954
605	19.2589454938
610	12.9861987372
615	25.7227927254
620	15.8078980058
625	20.0446466854
630	10.5283850449
635	10.6887849851
640	21.8768264549
645	15.2095154609
650	9.34638886871
655	16.4979246756
660	35.4822302836
665	9.43693091975
670	10.8956131304
675	11.3185615391
680	9.32147994234
685	15.073493734
690	33.0343546673
695	16.8849347705
700	9.22132153892
705	5.93960980345
710	21.9316159867
715	35.2006286167
720	19.168928814
725	13.192851928
730	11.573609594
735	10.7493359855
740	10.4669390978
745	17.7115281155
750	7.54035109649
755	11.0224406934
760	10.4873103568
765	5.69457021287
770	18.488057786
775	3.66218143798
780	17.8796586474
785	20.4022062675
790	26.3501572249
795	29.7361934711
800	11.2245097415
805	18.0567350333
810	24.8560558009
815	17.3834728725
820	13.3872276226
825	11.3874477236
830	11.9563257065
835	7.98421867563
840	14.6222043169
845	11.84841167
850	13.1585892719
855	9.02160173135
860	12.8684419598
865	17.4324036273
870	19.7396643114
875	14.4162806962
880	12.5688886829
885	17.0625210767
890	21.9202298152
895	12.3403978982
900	8.25771353796
905	12.1166476478
910	13.1183913235
915	9.08594551602
920	23.8951429492
925	23.4448838814
930	15.4519188641
935	6.70390392342
940	32.8250974424
945	7.87523838082
950	10.7252082518
955	8.22479774826
960	11.6893640945
965	6.13236845083
970	21.8520868662
975	5.63921080203
980	19.0418409833
985	13.6868857884
990	17.0014336086
995	6.76949977435
1000	7.86992532608
1005	16.4396207446
1010	11.3234890598
1015	16.040474051
1020	18.2580805452
1025	15.8528217933
1030	4.74837707213
1035	10.3339602088
1040	9.83245903927
1045	14.8309708203
1050	15.2835808182
1055	11.8573668514
1060	8.71295028116
1065	11.0189162216
1070	14.7565208642
1075	37.5378292377
1080	11.4166864533
1085	16.9926081014
1090	13.6023411865
1095	15.6416838811
1100	6.52614462102
1105	9.12570115648
1110	6.53930982618
1115	10.2370861775
1120	18.5895357451
1125	12.4600877959
1130	13.9513901668
1135	20.1653560635
1140	6.24117739106
1145	19.9466459318
1150	7.86764944745
1155	20.8896337407
1160	19.00041082
1165	11.8925853362
1170	19.8532638914
1175	20.8226931114
1180	7.07048723298
1185	9.82819768209
1190	14.6518819423
1195	9.24351261104
1200	15.7699176554
1205	18.4668204029
1210	16.6223922943
1215	21.6139325666
1220	23.8810476664
1225	7.22510078958
1230	30.2124261156
1235	6.05347081157
1240	7.98261337892
1245	15.6480707614
1250	9.28199094949
1255	10.5248866571
1260	6.08290238658
1265	6.63668834042
1270	23.1863297502
1275	13.4551737676
1280	16.5851444935
1285	17.90227325
1290	8.94316775963
1295	18.1434634713
1300	11.157107384
1305	19.5538752159
1310	9.70099799682
1315	23.6340653778
1320	15.4183229189
1325	12.9982457479
1330	19.7277744805
1335	16.3471123975
1340	13.2489730505
1345	12.3516156795
1350	10.2719186021
1355	16.0269025986
1360	15.7252799549
1365	7.65728373758
1370	5.13042191298
1375	10.4725751647
1380	8.10722602059
1385	11.5335453321
1390	7.03096601037
1395	18.3851564636
1400	7.62640149194
1405	19.2067858992
1410	19.3199467139
1415	11.8228366228
1420	8.84198416688
1425	17.6513189585
1430	15.5196136982
1435	17.1864203426
1440	24.2664486465
1445	18.6432766224
1450	9.71396693733
1455	15.8092314807
1460	10.3561076479
1465	23.4594029285
1470	9.20818951978
1475	7.22417870336
1480	16.6970098219
1485	20.9437218144
1490	23.3455069131
1495	18.5233711085
1500	19.3909069297
1505	6.81836322895
1510	19.0954687551
1515	14.6390708541
1520	30.3281821653
1525	13.7760312564
1530	10.5136300654
1535	17.6564166658
1540	14.2898209374
1545	18.9032646209
1550	7.20439773444
1555	5.63304880467
1560	25.6431617212
1565	11.9179350994
1570	7.0693767626
1575	15.033812519
1580	6.69921099249
1585	9.51933258971
1590	10.6321418506
1595	24.3586788538
1600	20.7609192164
1605	14.4238398249
1610	8.21393278204
1615	20.7212493229
1620	8.23299341952
1625	10.2015840545
1630	8.98607537753
1635	14.656262401
1640	23.6580375083
1645	11.0156229762
1650	9.23797623784
1655	14.6321720918
1660	9.83203459662
1665	8.34649921797
1670	14.1313172941
1675	11.4045564985
1680	10.4916159497
1685	12.8534006767
1690	13.148120066
1695	26.0992306654
1700	10.1713763828
1705	12.699973254
1710	6.1715058722
1715	12.1296707919
1720	4.49203860087
1725	20.9708413934
1730	29.685507564
1735	24.0670431437
1740	17.1079427475
1745	15.4746711875
1750	6.38038197136
1755	15.8107445632
1760	20.6709001198
1765	26.6391208663
1770	14.9057389058
1775	11.0157678881
1780	13.5283955806
1785	10.3184696217
1790	8.44079304559
1795	9.41087254403
1800	22.1436111593
1805	9.44067428749
1810	10.0196018484
1815	21.816074124
1820	25.7537082735
1825	13.7345790429
1830	7.92783951475
1835	7.53210016161
1840	10.2746809838
1845	26.7356269772
1850	9.63781665175
1855	11.5645398155
1860	10.4685179467
1865	13.7962410089
1870	9.40597538708
1875	20.8229998891
1880	14.7801699288
1885	17.3006559105
1890	16.6836286103
1895	38.2952156473
1900	27.6629789501
1905	26.6184806008
1910	7.46174630838
1915	13.4087678694
1920	12.9264048168
1925	4.43901104115
1930	15.9578837241
1935	15.7075600755
