0	2.72224371486
5	2.70837954241
10	4.43026852535
15	0.4
20	0.769216842912
25	14.1371434379
30	2.58741267421
35	5.38476243478
40	6.09353509598
45	24.7961604048
50	6.76736947395
55	7.76150297672
60	0.4
65	7.77379006567
70	0.809445315137
75	0.4
80	2.27575121237
85	12.4800586363
90	0.4
95	15.5832043251
100	3.71589043729
105	1.95839830336
110	3.40345535644
115	9.72771234125
120	0.648344938469
125	0.4
130	2.10890580962
135	6.44680145645
140	0.4
145	21.9325126829
150	2.7100360187
155	11.5428687236
160	16.7384130898
165	1.23828832255
170	1.59025508022
175	13.4602249897
180	8.32683658898
185	3.44313111919
190	2.87348821883
195	3.82644297625
200	0.4
205	5.26046064164
210	0.444759312554
215	2.99291723164
220	2.03699432055
225	4.75589046072
230	0.4
235	7.4942640642
240	0.701138805581
245	4.62732339116
250	16.060732508
255	6.85530454122
260	0.4
265	8.30058096967
270	1.50487666222
275	3.49011849568
280	2.71680364599
285	0.967069269815
290	0.4
295	6.90135214013
300	3.35260887995
305	1.43394155989
310	12.1434034661
315	1.52363789636
320	1.17878366558
325	1.28969612876
330	0.4
335	5.71903234271
340	1.4010315841
345	10.3262232241
350	3.98557853103
355	0.4
360	1.30133282312
365	0.755715491165
370	15.6472352659
375	9.66428667661
380	22.7240472248
385	1.10382590034
390	17.8687163523
395	22.8003376879
400	2.64208397786
405	19.1034831977
410	5.19562127979
415	18.8794245594
420	0.536447177131
425	0.4
430	0.638784860308
435	3.25382664167
440	4.09271799278
445	2.08309249852
450	3.61590069866
455	5.30785607974
460	40.054450291
465	6.3074128843
470	0.4
475	3.50286192799
480	1.15969358357
485	2.10068689649
490	3.89735466084
495	12.4635593673
500	2.16033363575
505	3.69610716971
510	16.8072971272
515	4.95242259168
520	11.7692109536
525	1.85793706239
530	0.664883523468
535	1.84915185476
540	11.0887790622
545	1.08030727187
550	26.0966448367
555	14.2981205841
560	18.5416578896
565	15.0555392909
570	31.0501976778
575	8.93616757184
580	0.4
585	1.0057924886
590	9.60530289032
595	7.56522294191
600	2.03027740524
605	1.26087159635
610	5.80640844855
615	9.90983395801
620	1.68795844326
625	2.0760857281
630	22.8934647268
635	0.495365460095
640	0.4
645	10.1339939532
650	28.7524325794
655	10.8674112592
660	3.93476567555
665	2.67110335823
670	4.84460061545
675	1.98486645311
680	6.59716117505
685	1.03031559646
690	5.3986882863
695	0.724860799048
700	9.32552811612
705	9.8480603904
710	1.43721201798
715	3.26519231645
720	2.79244748333
725	4.52557216585
730	2.6574220203
735	14.9216677754
740	0.4
745	4.2065530364
750	0.4
755	0.4
760	6.09600909686
765	9.38237158288
770	0.850472176409
775	0.928389671818
780	8.28477291264
785	12.3487534674
790	8.26685909734
795	0.4
800	2.58801479594
805	2.18185321712
810	5.22276677635
815	1.36780877381
820	0.4
825	1.07942085354
830	4.94546581278
835	0.404601953853
840	1.45123542377
845	3.37942107172
850	0.407738069339
855	7.44094465637
860	22.301969549
865	15.4076792637
870	6.32476018376
875	6.56025820151
880	0.777611969193
885	15.976081214
890	10.7563194736
895	7.3789219636
900	1.34069422367
905	9.36928448791
910	2.35687605749
915	0.4
920	4.60624341203
925	0.4
930	1.57500192581
935	2.38750780827
940	1.40288111723
945	1.18442915286
950	0.4
955	0.684841766771
960	3.81306065828
965	24.4068877986
970	9.24039599702
975	0.481928369291
980	11.8039122849
985	5.66383058747
990	9.49464012547
995	5.65114222001
1000	4.91864583007
1005	3.27884667628
1010	4.23476422211
1015	6.4992318554
1020	14.0989805033
1025	1.87438930751
1030	3.88524567327
1035	0.4
1040	2.32088127301
1045	21.3194976239
1050	2.12781273852
1055	0.507515360568
1060	2.55398589012
1065	0.436252416035
1070	4.46317198012
1075	5.90127618139
1080	1.25145622761
1085	4.77380923231
1090	8.33104938452
1095	0.4
1100	10.0055099803
1105	3.73043755237
1110	3.30425072006
1115	4.75844739142
1120	0.4
1125	9.57138818277
1130	11.1395673626
1135	0.4
1140	0.413009499979
1145	28.4968443275
1150	0.4
1155	3.1731779917
1160	17.1925737893
1165	2.61394495255
1170	0.4
1175	1.2144940003
1180	2.81543140623
1185	2.09690209716
1190	1.83453775456
1195	8.1836787635
1200	1.37041300978
1205	31.0573836198
1210	0.4
1215	0.852580028847
1220	43.0067983379
1225	1.99606316946
1230	6.52013599743
1235	8.75620544938
1240	38.4563716394
1245	2.2680849359
1250	1.82984649524
1255	6.80424643924
1260	5.95303101977
1265	3.64191251806
1270	14.38488463
1275	0.4
1280	2.06510357362
1285	5.06095974682
1290	1.07244628734
1295	10.005932419
1300	9.27381893758
1305	0.858417400779
1310	8.92852555601
1315	0.461209409236
1320	5.35545399097
1325	2.75953774193
1330	0.936424525751
1335	2.05507376807
1340	3.7811446056
1345	0.4
1350	0.818191976247
1355	0.725420665649
1360	4.0611086423
1365	3.15437809284
1370	9.18960814604
1375	1.53604115949
1380	5.86776696066
1385	0.488190538093
1390	1.96948431946
1395	10.4148760294
1400	1.37113846077
1405	6.97720731872
1410	0.697604101904
1415	6.0522484154
1420	10.4183379002
1425	1.38713341852
1430	3.31415525553
1435	17.8913132055
1440	9.76137688995
1445	0.544567240294
1450	14.8256299775
1455	3.584663969
1460	4.40418948
1465	9.84952871616
1470	4.42159393394
1475	1.7468535446
1480	0.952357188084
1485	7.13854684742
1490	9.79928134851
1495	0.4
1500	4.11083297195
1505	0.4
1510	3.76611405781
1515	11.8092754745
1520	4.97897742919
1525	7.65035965745
1530	3.15104319634
1535	0.497541379084
1540	0.4
1545	2.92086747201
1550	12.9107222953
1555	8.3833942735
1560	0.4
1565	14.43687335
1570	0.43085947372
1575	5.8942981499
1580	1.40011188914
1585	7.23024897507
1590	12.9226434243
1595	4.31726798805
1600	5.21670950326
1605	0.4
1610	4.44123947342
1615	4.33933839088
1620	7.86377849294
1625	1.08819040208
1630	8.27808601601
1635	1.01990875433
1640	6.90151082334
1645	2.84740702112
1650	20.498805362
1655	1.93740300679
1660	11.616707363
1665	1.22152663026
1670	3.62283270039
1675	6.1505520257
1680	1.82728697745
1685	0.928923955441
1690	9.4756434522
1695	14.5227539445
1700	21.6442581028
1705	0.743757803729
1710	8.44005409074
1715	4.88483390888
1720	3.9048928486
1725	5.60270905254
1730	0.4
1735	17.0471413472
1740	5.62589720575
1745	1.64198560408
1750	4.48584285266
1755	1.19379644202
1760	0.478239150303
1765	3.35242002382
1770	1.10780499153
1775	8.49229102041
1780	30.0461611747
1785	2.34392154416
1790	6.65235537672
1795	16.9987848686
