0	27.2574576109
5	15.0098657241
10	29.8304307708
15	12.3770018941
20	12.6939691593
25	3.57378470023
30	19.6708850093
35	17.1988501221
40	25.1538971699
45	8.64014190738
50	15.3377882191
55	3.49033120834
60	20.9832263839
65	6.03692501992
70	39.1827039044
75	31.6844188919
80	12.3589400935
85	59.0009198404
90	17.0558667147
95	24.8981054929
100	44.494335793
105	9.06240466152
110	9.57939494582
115	37.4058328362
120	19.9603565189
125	9.92836417171
130	23.2865471503
135	43.4396816957
140	17.3642410339
145	27.4928618871
150	3.36781363075
155	18.2003444731
160	21.0500038506
165	5.379329885
170	38.8897050602
175	13.9652987997
180	25.6001012218
185	7.38820932798
190	13.7839945266
195	0.548731254646
200	13.776484424
205	8.79716255067
210	5.65884602966
215	20.4309944501
220	19.9665902272
225	29.1052889142
230	22.7211042156
235	1.82065148083
240	25.8736597334
245	55.308943619
250	36.3856144477
255	4.54256129639
260	40.5332174117
265	17.4930828633
270	38.2311359745
275	21.4190808425
280	28.173586148
285	24.0123953792
290	13.9040351712
295	49.5138595807
300	17.6820277947
305	10.6826081613
310	17.9526377875
315	43.3401357272
320	19.0879034774
325	8.67952627315
330	3.3623019454
335	36.8924182702
340	16.7069644189
345	6.05907570821
350	19.2315165771
355	53.3731562757
360	12.7935363074
365	15.9032645622
370	21.8590561724
375	33.5611614408
380	13.0295704649
385	17.7616990987
390	32.0970366226
395	11.7293760051
400	8.62343552165
405	6.03097714812
410	27.7479743146
415	7.59252357635
420	12.7156369601
425	25.2423061244
430	32.4167792937
435	23.0526221608
440	21.6364484006
445	35.12515592
450	17.1019284573
455	19.8134871926
460	10.095400642
465	2.7983934497
470	12.7625635988
475	34.4814245883
480	25.814735582
485	24.0117626902
490	8.76574197302
495	16.3069640065
500	24.6736496794
505	17.5330868183
510	51.1579001945
515	8.90928030474
520	21.1738693245
525	24.0850155721
530	20.1636503067
535	13.5443199925
540	16.5442954658
545	13.7908950693
550	38.6880805343
555	41.2765141938
560	11.6183786425
565	20.2106760324
570	21.7226683132
575	19.7152806546
580	15.6441232486
585	14.390954708
590	5.94141094859
595	54.1671782736
600	49.3834560889
605	11.0251384405
610	38.5697482354
615	7.61130405571
620	0.67952233658
625	37.3519927464
630	23.3007253484
635	7.67270266458
640	15.3829206497
645	27.8827173686
650	14.5985385422
655	15.9636663913
660	13.9264359042
665	4.92090699339
670	34.6729704419
675	12.5018598188
680	33.7453862223
685	21.5962161964
690	22.7821370555
695	46.9008836185
700	28.5535930709
705	9.35482496359
710	13.5783744442
715	31.5761976585
720	23.7328693996
725	9.57327380663
730	42.5122948325
735	11.2684044301
740	14.2365211156
745	15.0083754364
750	5.09408398403
755	43.6167738631
760	21.9044317756
765	5.0051643838
770	13.6730737973
775	16.4882474894
780	16.4037217741
785	15.1463687298
790	8.28402208723
795	26.3780808356
800	25.3292387283
805	27.6187434012
810	6.10437446257
815	3.91036439976
820	5.38228194394
825	17.200418187
830	39.2078755594
835	4.31220538576
840	9.56005496655
845	11.0101420479
850	29.1821284995
855	5.24941284992
860	22.6297273945
865	6.52850188234
870	9.95164557639
875	16.4409957399
880	22.5205730106
885	19.7681793648
890	8.14342420323
895	21.5726385584
900	9.67099881718
905	31.2918103932
910	21.2591477979
915	27.6407138269
920	43.3930912595
925	8.42678393247
930	16.5276012384
935	12.1615883546
940	8.23209184784
945	61.8574102124
950	30.1719917775
955	4.61534930363
960	19.3255502796
965	32.6880009773
970	47.2903461856
975	14.8450333886
980	10.0247696737
985	18.4377879562
990	19.2615379645
995	19.1223905092
1000	23.3405140597
1005	18.9897669206
1010	9.08538029562
1015	16.7720550708
1020	16.6912624076
1025	22.1403761747
1030	4.77441018736
1035	28.1990348146
1040	18.7314819161
1045	15.4101018015
1050	9.21623639448
1055	3.84199168619
1060	7.16090642043
1065	57.1836316348
1070	34.2094097516
1075	13.5031340699
1080	25.3365569982
1085	17.0655092632
1090	13.335667696
1095	18.3826834113
1100	9.65404010829
1105	66.2570695987
1110	16.4647556265
1115	6.76000091681
1120	6.48674798029
1125	12.9112778706
1130	9.72229294542
1135	8.69106026586
1140	34.2416837976
1145	15.9956807897
1150	15.2154693182
1155	9.82029149845
1160	14.0047258319
1165	28.0267443365
1170	6.02095526999
1175	13.7248899071
1180	23.059696768
1185	10.6918377663
1190	8.20733542124
1195	9.92112054587
1200	34.8923380883
1205	28.0317265925
1210	27.9021886209
1215	23.1722652176
1220	56.689730844
1225	8.31688970103
1230	11.4428167969
1235	16.2285471795
1240	19.4916181631
1245	18.7828700593
1250	19.4361596185
1255	24.3824495606
1260	62.4665943837
1265	24.246531733
1270	24.8227537728
1275	14.9451793049
1280	9.30327721846
1285	14.3247505762
1290	14.1407481199
1295	15.3828698757
1300	4.92688205204
1305	16.439421436
1310	13.1593091988
1315	13.6652087191
1320	25.9537275869
1325	33.3598730686
1330	27.9183408282
1335	7.21615834768
1340	23.6915565519
1345	17.9684500312
1350	11.8659085429
1355	14.1230198155
1360	17.7813443451
1365	22.4411494817
1370	16.747976451
1375	8.6438890079
1380	32.6977825987
1385	21.611276121
1390	13.2932268309
1395	15.3064194384
1400	12.04999337
1405	8.30473220281
1410	23.6410757673
1415	19.878208071
1420	15.7131790336
1425	24.3349955413
1430	7.14851228282
1435	32.9872849212
1440	11.0926282289
1445	16.9429838787
1450	9.76019639494
1455	34.0633087969
1460	54.8753267515
1465	33.2361917639
1470	16.8160142452
1475	30.0731107312
1480	58.4039539272
1485	19.2909564118
1490	11.5439713696
1495	4.36711236642
1500	29.7987892596
1505	21.5550718818
1510	5.12566855333
1515	35.6556512509
1520	18.8123433816
1525	46.7255395999
1530	33.3591633578
1535	8.00376258247
1540	25.3136822587
1545	13.3711041925
1550	5.09967143363
1555	32.9762801959
1560	3.16101385629
1565	18.2766627512
1570	52.211861264
1575	12.632652638
1580	3.29279898252
1585	4.40641616109
1590	56.5199144587
1595	36.2858152498
1600	7.51903882383
1605	21.1441652928
1610	35.0709291066
1615	11.4279190565
1620	25.6682196213
1625	39.6322276526
1630	20.2987222418
1635	35.5721697066
1640	16.3618921768
1645	31.0569030432
1650	18.3642915531
1655	38.7274535927
1660	18.6543558146
1665	14.2516152132
1670	6.22121211257
1675	5.65923390167
1680	56.9382295114
1685	9.55596282392
1690	40.0917877325
1695	16.8767623476
1700	28.9333937589
1705	7.57653738766
1710	19.8647642334
