0	21.6915661061
5	14.4758803346
10	15.4212430607
15	33.3695927297
20	15.8670561748
25	13.4471177121
30	23.7214815326
35	35.3885773246
40	22.7014354657
45	16.8571318915
50	19.8690598445
55	26.5219110493
60	27.8971504442
65	40.7467656309
70	30.7860088064
75	9.76798738328
80	34.7456349535
85	26.9131278664
90	15.6644099071
95	10.0153907429
100	12.2119453068
105	11.0529306615
110	14.6663045034
115	12.1403544522
120	27.5520678765
125	26.1418573317
130	14.9452226775
135	16.7129723584
140	8.96288070681
145	24.3607512611
150	14.5139926526
155	21.4053297866
160	32.2787165756
165	34.3612673238
170	37.1941299304
175	24.0372214552
180	17.897141099
185	15.6085582794
190	8.17977045981
195	36.798928758
200	23.7483555659
205	7.24410090629
210	18.0301516713
215	13.3376093834
220	8.51813564089
225	13.0903199461
230	28.4270629534
235	28.3834929643
240	18.5341507666
245	34.2574301109
250	23.9738315324
255	13.8004895324
260	22.6337571945
265	23.4176421761
270	26.594745747
275	28.95242332
280	11.3773000404
285	10.1473621765
290	21.1212654308
295	13.2244245549
300	11.3926948338
305	11.0500411798
310	22.7164750305
315	27.0758443863
320	25.6410018325
325	26.1336750682
330	18.9032942894
335	18.2547594009
340	16.9592046147
345	20.1713321937
350	18.7151731232
355	31.2483900336
360	20.2754100468
365	25.6502862924
370	17.2869774672
375	13.6716010054
380	11.4139786056
385	20.9550001361
390	11.3504801644
395	18.1405609807
400	11.6626372802
405	24.2626522408
410	26.8617174791
415	31.4906042886
420	11.0950420709
425	18.8824127146
430	28.4228295671
435	10.6100149827
440	24.5563954162
445	7.77385511492
450	34.9484222871
455	17.2911133224
460	19.5699027249
465	27.2349574685
470	18.8548761717
475	20.0817356527
480	7.3524657108
485	25.8777197594
490	16.167737527
495	25.9327962121
500	23.8941642883
505	18.3646173894
510	30.8795682009
515	22.3829339868
520	25.2417904147
525	18.7443705455
530	26.2601089182
535	16.7827973271
540	36.8981867456
545	31.9662249613
550	24.0341239656
555	25.3780051227
560	43.9001615143
565	18.3652403559
570	17.7063316673
575	29.771083742
580	17.821938305
585	19.3210824242
590	24.8547893364
595	13.6566897202
600	34.7694087939
605	10.1459354373
610	32.5477004928
615	19.3911189999
620	10.7548655219
625	25.0982550744
630	12.8782183033
635	13.9707028936
640	14.0485780656
645	14.1341408753
650	25.739752802
655	15.2474934394
660	23.3750958868
665	17.8153812678
670	17.5011404822
675	21.5197948856
680	30.4441935993
685	3.40846109003
690	36.7595549434
695	6.55294086858
700	25.2827319585
705	17.6868640843
710	24.5478941062
715	24.3666355528
720	11.1699941913
725	14.8802179655
730	27.7617819367
735	27.231070291
740	17.9069012724
745	23.202322846
750	18.7073243334
755	13.9365650261
760	17.5974501665
765	11.9164185768
770	13.4374555183
775	26.6757813902
780	14.1309457984
785	13.0955418309
790	37.567335901
795	31.9276882857
800	14.8901677017
805	13.7891101194
810	18.0534783008
815	11.7149673484
820	39.4669526404
825	16.5470262372
830	12.8626705603
835	17.3065197476
840	16.7226104212
845	23.2591685537
850	12.6874217357
855	34.1682392309
860	25.3572128315
865	12.5424059175
870	14.9699380807
875	28.6533714708
880	16.2249372848
885	16.7541052044
890	26.9613618981
895	12.3531542964
900	10.5084428734
905	23.7686146091
910	15.5283097676
915	19.3692675931
920	10.9051792162
925	26.8790368782
930	22.5045987725
935	29.0333682553
940	12.0161801303
945	19.5459758535
950	20.1473432384
955	20.9773282034
960	10.1238728693
965	22.7845416234
970	18.0352010622
975	13.3324908397
980	25.0723578511
985	17.2755652894
990	37.6833786199
995	10.3168835887
1000	25.8635135134
1005	6.59883545985
1010	36.6351435886
1015	11.3138089897
1020	17.6664396301
1025	20.3403433199
1030	23.2418475562
1035	15.0764048195
1040	13.1780215072
1045	23.411179322
1050	23.8829053197
1055	14.8157592414
1060	21.1472973572
1065	33.8144372464
1070	27.1089256557
1075	16.4090314032
1080	8.60867649308
1085	18.3916008584
1090	52.419992009
1095	20.3006014032
1100	23.4319043674
1105	10.1314018719
1110	28.824670152
1115	32.3019527232
1120	21.4799908939
1125	26.2856153687
1130	22.0302868885
1135	11.7503158524
1140	22.3452636192
1145	30.2686868895
1150	19.6967933714
1155	20.8981526911
1160	22.9508537687
1165	40.0016731847
1170	20.7333563672
1175	13.1677714825
1180	15.0925614193
1185	21.5360145634
1190	10.3659624533
1195	23.2838747159
1200	20.3063637956
1205	17.3891748998
1210	25.2827836257
1215	18.9074212388
1220	38.3366756251
1225	25.7012964268
1230	7.75200154587
1235	25.6683614201
1240	15.500854064
1245	21.6514556692
1250	6.99236942498
1255	10.0065679126
1260	17.1815290705
1265	21.9471422953
1270	12.6615007273
1275	21.7990936844
1280	7.4262311253
1285	29.2109933122
1290	16.35812882
1295	26.6707895075
1300	29.5997013844
1305	34.2824405833
1310	20.4630554592
1315	20.1624422861
1320	34.6396271566
1325	23.2910370876
1330	31.5270629711
1335	27.1662903523
1340	7.87145151129
1345	17.8034053692
1350	20.3900308327
1355	33.5143543789
1360	11.4174161266
1365	18.7447530735
1370	27.1847354112
1375	6.7689587275
1380	18.0916518543
1385	4.80173896106
1390	19.2519298149
1395	11.1674163453
1400	26.5591934516
1405	32.4635067492
1410	16.8069021603
1415	16.2592130099
1420	19.7995710861
1425	16.5335852846
1430	20.5025917377
1435	11.8483341994
1440	8.37171647358
1445	14.2735414506
1450	19.5184719858
1455	14.6493815702
1460	24.2685820389
1465	13.9733014205
1470	18.8260937665
1475	20.1827233063
1480	13.4289151181
1485	23.6946346906
1490	16.2621272372
1495	21.9647382729
1500	14.6714015423
1505	12.1610955716
1510	14.802055746
1515	29.503862763
1520	17.5645040546
1525	17.2823017374
1530	36.3753687772
1535	15.2288705136
1540	16.0187542572
1545	18.4454324085
1550	21.3299190941
1555	16.4545581238
1560	14.6874672341
1565	27.6891312133
1570	16.7650403488
1575	47.7031069867
1580	18.4171581429
1585	23.7491861954
1590	27.6629479267
1595	19.069628971
1600	14.9229300144
1605	10.526558956
1610	16.8316229413
1615	15.4099060626
1620	25.5511911192
1625	8.92373640115
1630	36.7386206219
1635	17.2431341328
1640	25.008304236
1645	25.9423626812
1650	8.23264649412
1655	20.7736132944
1660	14.8806260184
1665	23.6313199196
1670	14.8155620124
1675	18.1290687387
1680	12.6866326992
1685	26.6101815211
1690	12.7200975454
1695	5.72076742233
1700	11.9747980881
1705	9.13598196309
1710	13.7558030476
1715	14.7293908908
1720	26.0851217517
1725	29.3901070535
1730	16.0228839618
1735	30.2927715619
1740	20.7033353143
1745	8.45536560261
1750	43.9107266302
1755	18.1365853659
1760	23.8746156796
