0	14.9665941945
5	49.3578052642
10	47.9148644956
15	34.323107184
20	24.5315699071
25	39.3382259954
30	12.5248167391
35	45.4341818475
40	18.1178729147
45	53.7057028259
50	39.2609787151
55	44.8717382468
60	66.1418350672
65	51.2389698733
70	34.2968135283
75	37.8608008369
80	61.3454869588
85	17.3917375489
90	24.5454045404
95	45.5013677975
100	31.8153738684
105	64.4833386633
110	25.9190956841
115	80.9028126164
120	41.1213563936
125	62.0245372035
130	62.5993415757
135	35.6383153057
140	32.0006576648
145	72.2924358657
150	37.2160000033
155	48.4062484679
160	30.3990051367
165	29.7465048916
170	22.5199473429
175	47.4373965162
180	30.8641460181
185	60.1967686799
190	95.3839387356
195	32.5827425103
200	46.3063752026
205	119.843314665
210	36.8370684624
215	53.2130579489
220	24.4754933231
225	45.5040264091
230	16.3643822198
235	40.7900247748
240	33.0818903963
245	33.9795554604
250	11.2198928427
255	36.9411073302
260	32.6243857493
265	64.3239123405
270	32.2637721501
275	126.15561501
280	19.9331190017
285	56.3168826398
290	33.0902044074
295	70.6994317588
300	34.9760882114
305	30.6835066206
310	70.6426197873
315	45.2235891197
320	31.7229658266
325	80.0739867767
330	38.6090067686
335	47.2803594764
340	66.2858779552
345	85.8383361346
350	54.8812999451
355	26.4849792735
360	23.179685161
365	18.3686147606
370	24.1828539287
375	31.9282385001
380	36.7345899012
385	22.1276089288
390	90.0371827665
395	26.5109022413
400	18.0477958335
405	76.6921868388
410	33.0989317415
415	105.888080484
420	60.403278792
425	109.582578444
430	37.9828157829
435	27.7499944829
440	40.6778276079
445	63.7020708589
450	38.1718904787
455	32.054567029
460	48.7192720723
465	28.2611157319
470	44.7773067744
475	24.5929365514
480	64.7075255577
485	26.3747428938
490	39.8460289194
495	51.0992405122
500	73.8612722316
505	51.1711406744
510	34.8688321692
515	13.1873772648
520	43.5031718666
525	121.995117051
530	43.7384104122
535	52.85956058
540	65.8417612799
545	25.8872477698
550	45.2208216373
555	59.8724736156
560	53.7361120366
565	17.0288591075
570	44.6220700823
575	82.9645704781
580	39.2266166348
585	53.6765811354
590	39.0262885535
595	86.4931394637
600	22.3088569016
605	28.9684494264
610	32.0674200837
615	72.9370068836
620	47.2396392063
625	12.1133740738
630	46.7751046806
635	39.7884765516
640	19.2274217636
645	28.8292226827
650	18.2783468547
655	19.2642800853
660	39.1839727332
665	27.3328248958
670	46.1956355868
675	27.0364248082
680	40.0065269975
685	12.061117455
690	36.1798112259
695	54.7564587165
700	34.4410731876
705	19.6440642099
710	85.3439230479
715	28.3997766305
720	25.5857078141
725	76.114900991
730	13.8702237663
735	50.0564964068
740	12.688799611
745	75.0177813284
750	95.504138132
755	36.3337474497
760	55.9750595626
765	96.222410548
770	32.7185794132
775	20.1612671219
780	38.1690422519
785	46.0352404445
790	34.9758978623
795	47.0129806774
800	28.0947941398
805	38.8983933719
810	71.0120499144
815	29.3602102051
820	39.1449931957
825	26.6556929358
830	22.5521915168
835	50.736544502
840	15.0854982889
845	41.2451823563
850	53.9197277695
855	66.7775669265
860	52.5139338806
865	68.7438119872
870	24.7536219912
875	16.9689663517
880	36.0009703104
885	103.148110449
890	25.7668484766
895	32.0112765451
900	37.241949201
905	44.9925638189
910	30.7189317275
915	25.6092687495
920	29.413898199
925	66.2244755953
930	76.1087921756
935	53.1063015338
940	46.610672412
945	45.9612071358
950	36.2790533034
955	45.4442930476
960	54.9226827816
965	34.4798865649
970	25.0405633177
975	79.5386844858
980	63.9279829515
985	37.5140756952
990	68.2892096772
995	17.6929093432
1000	41.4172711268
1005	37.6290526371
1010	33.4062701901
1015	41.8229590169
1020	159.65713946
1025	43.2110373785
1030	57.1090781911
1035	41.4581637026
1040	45.7418812774
1045	111.939759776
1050	52.1046526176
1055	41.3647983492
1060	74.9869593458
1065	38.3084091581
1070	49.0688024412
1075	13.8653438855
1080	72.1389745217
1085	71.3822813118
1090	44.3059435332
1095	18.3710079685
1100	25.705690121
1105	58.1774026656
1110	31.3291848204
1115	31.7284610035
1120	62.2314928143
1125	42.0228558422
1130	58.5196802156
1135	36.6593202464
1140	67.8870933731
1145	60.3925234968
1150	67.4859423794
1155	46.9340767208
1160	82.1377990108
1165	54.8956720218
1170	75.5115813155
1175	92.3334198975
1180	47.1279690642
1185	22.0283015816
1190	23.119688518
1195	69.9809734226
1200	32.5887222525
1205	36.3273234543
1210	34.189761378
1215	21.9173332566
1220	71.8601537992
1225	17.3777401703
1230	23.6541266404
1235	24.290591323
1240	57.6379011762
1245	44.3563953583
1250	58.3905625342
1255	49.0909115841
1260	35.1655021415
1265	45.2720881812
1270	56.4764461921
1275	70.1680968744
1280	44.6754973166
1285	61.4065100453
1290	28.9706480355
1295	31.3546701319
1300	45.4197734889
1305	68.8187238326
1310	38.326393594
1315	46.6266733034
1320	69.497182088
1325	25.7396977166
1330	67.5774448757
1335	81.5476428911
1340	23.1974549846
1345	60.7755516519
1350	41.8072297386
1355	59.1915760166
1360	39.69036321
1365	28.2275726682
1370	58.4456115073
1375	47.0972422463
1380	59.3082949256
1385	26.1521872349
1390	47.9901898983
1395	46.5534369095
1400	47.9632366218
1405	42.2094058504
1410	14.3813079694
1415	69.470770904
1420	14.3652688586
1425	20.2878770915
1430	37.2942571284
1435	59.5029327668
1440	54.4744908207
1445	29.4153339598
1450	65.9020902713
1455	47.5869356915
1460	31.2439413367
1465	45.2807304296
1470	67.0349141347
1475	74.2367551217
1480	43.9306751825
1485	54.0669190543
1490	18.7677406227
1495	74.6138019732
1500	11.6039301734
1505	49.4279344106
1510	74.8199167233
1515	87.160365849
1520	28.6334512799
1525	77.5188436062
1530	56.3400443569
1535	29.0056007469
1540	56.2913585635
1545	25.2101750937
1550	74.9689821859
1555	35.9659181095
1560	52.6055228828
1565	59.5936002938
1570	30.8144086863
1575	30.2543532609
1580	21.271062049
1585	57.318890159
1590	69.1460262722
1595	34.9493002689
1600	57.4527274797
1605	72.1518656924
1610	31.9253820894
1615	29.2739634685
1620	99.1063712932
1625	28.1934964785
1630	66.8833219586
1635	51.4665554302
1640	51.0055610859
1645	86.0664421615
1650	43.1483581831
1655	7.69117105438
