0	0.4
5	1.89321012004
10	11.7202650751
15	9.02071791685
20	3.67784575414
25	0.4
30	3.08453708988
35	1.6917261178
40	0.4
45	1.8872729692
50	0.864066552172
55	12.9576988869
60	1.3453626001
65	0.4
70	18.9178299753
75	3.01244009368
80	1.72344810391
85	11.8380503295
90	0.991059550282
95	0.4
100	1.24556822531
105	4.6085482248
110	1.44780792159
115	0.4
120	0.691463511124
125	2.88196437738
130	8.89862152623
135	0.459653485659
140	0.4
145	0.685749482323
150	0.749404607669
155	7.71444828638
160	0.741136769887
165	0.4
170	0.4
175	0.678673926783
180	0.4
185	6.64669639474
190	0.4
195	28.0732134942
200	1.02473087714
205	1.85775305657
210	8.39849466285
215	3.18483304051
220	6.60333981421
225	2.00479133467
230	11.8460515561
235	0.4
240	24.8109947159
245	4.89788428651
250	1.49160090399
255	2.24751398886
260	0.63003321099
265	15.3942329887
270	1.64383643972
275	4.69864559451
280	0.4
285	3.94301051802
290	3.27358550835
295	0.4
300	0.447900214919
305	1.46396768086
310	0.4
315	0.4
320	6.83888002994
325	3.0211254496
330	11.0263573683
335	4.16691298895
340	1.08437767326
345	0.4
350	2.50901990603
355	1.64515550859
360	3.5882712128
365	0.4
370	38.0977064795
375	2.12424748596
380	1.76723734204
385	11.1922272045
390	7.3507210933
395	1.12683389981
400	8.63499160412
405	6.70140647112
410	0.715623167107
415	1.15696808466
420	19.3621001115
425	1.14761915837
430	1.15648052715
435	10.278542153
440	0.4
445	19.4743736874
450	0.645704825504
455	3.54846503256
460	2.48164255548
465	1.62463360029
470	0.4
475	4.02232461197
480	4.55427329513
485	0.4
490	1.24528814635
495	8.350746801
500	0.502291319499
505	2.3477714263
510	14.1012528427
515	17.1973558532
520	7.31911188805
525	1.27974311346
530	0.912753345155
535	0.40787072347
540	1.55056283036
545	6.72147543089
550	2.90412265734
555	0.475347340692
560	0.4
565	1.0713371575
570	3.89414025098
575	7.08109935233
580	5.86556012899
585	0.679083324
590	10.9026923492
595	0.4
600	3.54015772072
605	4.24385663392
610	3.3723837489
615	0.4
620	3.99405594029
625	1.51878369179
630	4.64711970083
635	2.8970017716
640	0.716715294261
645	10.5349853927
650	12.1013686862
655	0.442174452046
660	1.10813004833
665	1.66375876288
670	0.4
675	6.62403766988
680	0.4
685	0.4
690	1.06295703348
695	7.86972800433
700	20.9585631207
705	4.08542288427
710	1.16073008946
715	1.11401062689
720	11.4665267622
725	0.4
730	2.43362117994
735	9.61242612596
740	0.4
745	0.4
750	13.3960214042
755	2.74747949337
760	2.66883065315
765	0.600638871555
770	27.8551541719
775	0.4
780	0.4
785	4.38397597694
790	0.599862345608
795	2.25567165039
800	1.53938401746
805	0.4
810	1.21032800194
815	0.482026832439
820	0.4
825	6.35744382317
830	8.48710814593
835	0.4
840	5.9462808302
845	0.4
850	1.28239811173
855	24.8131706149
860	4.33897126862
865	8.26721953068
870	0.400628208873
875	0.4
880	2.90032283086
885	0.4
890	0.4
895	2.53459157535
900	13.4228955613
905	0.4
910	2.69391364441
915	8.95081435956
920	4.54686946847
925	22.7482623086
930	0.4
935	2.70299601789
940	2.66048387062
945	0.4
950	1.82255140765
955	1.74182585639
960	0.4
965	0.680870992365
970	0.4
975	0.933093641617
980	3.11754042348
985	3.07584270599
990	4.73676226722
995	4.10275727555
1000	12.2363824966
1005	1.47425439425
1010	1.32976202621
1015	3.87251038762
1020	0.4
1025	2.17374243535
1030	2.85520927632
1035	3.0309923261
1040	0.4
1045	0.994978229513
1050	0.4
1055	0.4
1060	1.90193006176
1065	4.96923170886
1070	0.4
1075	1.55309790548
1080	6.52945547513
1085	0.4
1090	1.52975811458
1095	0.4
1100	6.70104328588
1105	7.37888892788
1110	0.4
1115	6.20328131446
1120	3.39800539727
1125	2.20444889596
1130	7.57640507555
1135	0.572087079028
1140	11.7555161388
1145	39.5375530671
1150	35.9599206407
1155	8.19896911371
1160	2.30099885484
1165	9.2198283106
1170	12.1482693166
1175	2.65566946738
1180	1.51742429657
1185	0.415186644717
1190	5.25704400349
1195	0.4
1200	13.7703306966
1205	0.854195659342
1210	2.08571755781
1215	1.18443969732
1220	5.09158434063
1225	0.4
1230	3.28862141518
1235	0.4
1240	0.4
1245	1.1956140751
1250	0.4
1255	14.1576125506
1260	0.4
1265	0.979371516508
1270	5.43797691443
1275	7.4420606478
1280	4.473541283
1285	0.4
1290	3.03181430868
1295	0.4
1300	0.4
1305	5.20781612976
1310	2.6709638896
1315	12.4619389205
1320	8.42520585649
1325	1.69206783301
1330	0.4
1335	2.2609899734
1340	0.806000364633
1345	10.7188038473
1350	0.555095136986
1355	11.9622915476
1360	2.02215546999
1365	0.4
1370	3.5030848801
1375	8.97807465388
1380	0.4
1385	4.28899952322
1390	3.6587530228
1395	2.76327405863
1400	0.4
1405	5.74281318265
1410	8.37782602314
1415	2.20585448552
1420	0.909338895849
1425	5.73889386116
1430	0.4
1435	0.4
1440	2.89678435837
1445	17.1037215151
1450	5.93730822853
1455	0.4
1460	1.31962571407
1465	2.89160980729
1470	1.623530471
1475	0.4
1480	1.70430446991
1485	4.7359368885
1490	1.62521442202
1495	0.578570121488
1500	5.05381515193
1505	1.28077219427
1510	6.0941817696
1515	6.25462401455
1520	15.5828317519
1525	0.429934796432
1530	1.5289139387
1535	4.44159366424
1540	13.4991024511
1545	0.4
1550	5.39187702341
1555	4.21613568128
1560	1.28155375108
1565	1.60717231107
1570	2.74326349974
1575	21.4372480423
1580	0.4
1585	17.8919715853
1590	0.866539765274
1595	2.96549349515
1600	2.18533060614
1605	3.8731567482
1610	0.4
