0	14.9241625311
5	10.0838965564
10	13.339531423
15	9.75127266315
20	11.1493985474
25	13.7145168997
30	14.5474953398
35	13.481500102
40	7.33745473511
45	11.2237328317
50	20.1346362972
55	17.5137494729
60	10.2819708319
65	20.5242662859
70	12.6614275208
75	10.9922295824
80	16.3702437341
85	13.6855436746
90	12.0503319852
95	18.308265053
100	8.99095951712
105	10.2735916717
110	19.5953391493
115	10.3438765299
120	16.7865300811
125	9.93251493452
130	10.3044578874
135	21.4858354735
140	14.6169999934
145	18.3939836472
150	17.2793527555
155	15.7258836313
160	11.0695456923
165	11.7222417872
170	12.9118435456
175	23.6402603789
180	23.0319170226
185	11.300113284
190	8.46991253717
195	13.3468683127
200	9.49984245185
205	10.439835507
210	20.2781642492
215	25.0515931256
220	13.2707840963
225	14.6975082007
230	22.9325795509
235	17.8902300251
240	17.4914743568
245	19.0706897352
250	8.74337777268
255	12.7422306137
260	19.2502636799
265	14.3069346304
270	9.14111927369
275	9.17884112206
280	11.6779023436
285	22.6855673798
290	12.5960782177
295	9.32738002295
300	21.4543640906
305	19.9540317891
310	10.0709572038
315	16.6558611248
320	11.2863150278
325	21.6968720817
330	14.8633802842
335	20.6016767632
340	10.7363705652
345	14.5832824202
350	14.4880162444
355	11.6461403052
360	6.60466487392
365	16.7273912544
370	8.88623286745
375	12.4324475797
380	15.7887247439
385	20.6715538597
390	22.3225126793
395	9.2878127312
400	11.7701967077
405	19.8907785375
410	8.91054310172
415	11.5919076704
420	15.5016013472
425	17.2552471503
430	15.6121914484
435	9.27058517752
440	14.4517535902
445	13.1601076265
450	10.6298678525
455	16.8977694901
460	19.4041514551
465	14.4330683876
470	18.6657100289
475	12.2873030187
480	24.1437760561
485	8.83425604507
490	9.83896265555
495	8.95188987991
500	16.1033270336
505	10.3770886708
510	12.7430867991
515	14.814061014
520	12.0401553391
525	14.3876351453
530	19.7568971126
535	16.8723812705
540	10.3228506062
545	11.1514145952
550	15.9652483135
555	16.3585432575
560	12.2458319932
565	14.450488833
570	12.718398865
575	9.18900089743
580	14.2670330057
585	10.9575274141
590	11.6992878835
595	15.8387459117
600	13.7958181801
605	14.3763802835
610	15.6468366731
615	17.7963280332
620	9.56636670409
625	11.1467016028
630	11.7122572908
635	15.3348944038
640	17.0406766197
645	11.3989918765
650	13.5157137976
655	17.6978450657
660	9.48185211448
665	15.1611341353
670	12.5884305643
675	9.64284794106
680	14.9816759749
685	19.7570151925
690	17.5018184105
695	22.4134413025
700	21.5671403872
705	16.4968159259
710	11.2618872682
715	15.6391075751
720	15.8883183103
725	10.2903610886
730	4.03179108764
735	15.404336176
740	11.8892176703
745	11.438579544
750	17.7854379841
755	20.3325582754
760	10.8722601986
765	7.97939129519
770	22.8585698448
775	11.3274312151
780	17.078234231
785	17.838817151
790	10.0276091975
795	24.4159273573
800	13.4930691328
805	10.4010297922
810	18.3041880428
815	11.1538074151
820	14.7850582434
825	12.8897015158
830	15.2901693311
835	11.5672247542
840	12.0830663558
845	14.1980712818
850	11.2916347163
855	10.2153163995
860	11.1092283393
865	19.2381682974
870	13.4814578766
875	11.444870632
880	7.57246447022
885	13.1611636548
890	11.6264898164
895	17.4828358655
900	11.893596783
905	20.5382934495
910	24.5246903835
915	16.406315184
920	11.4655662849
925	14.5251805205
930	5.58206950477
935	14.0972388331
940	9.4227717547
945	15.9027617325
950	9.88297831932
955	16.2476623392
960	15.1389570748
965	14.5487421338
970	13.3454464409
975	19.9274649087
980	10.6006364588
985	16.4304894794
990	13.3219156183
995	12.0034797117
1000	13.5159244844
1005	7.44443656879
1010	23.8040839775
1015	17.5770954361
1020	16.0653516808
1025	11.1973082758
1030	10.4268486043
1035	10.8560934377
1040	15.6430081595
1045	8.01441308219
1050	15.7304332213
1055	11.7167210569
1060	19.6846940306
1065	12.8322489308
1070	21.0166236417
1075	9.43237862918
1080	13.8926875537
1085	15.8007065227
1090	15.1895492163
1095	11.8569608763
1100	14.6777323299
1105	18.4146864722
1110	20.9437996771
1115	4.82975537314
1120	14.1926985055
1125	19.066857877
1130	13.9602346144
1135	11.2801710668
1140	9.04163971585
1145	22.6068621949
1150	10.6283549795
1155	10.443674802
1160	13.762917771
1165	12.8351914459
1170	14.4386298658
1175	15.5582720031
1180	15.5897151736
1185	10.3068733225
1190	13.6024480557
1195	11.0920549559
1200	14.7340690601
1205	12.7005237686
1210	12.8408256784
1215	21.7434656179
1220	17.6584674167
1225	22.0283890101
1230	17.6082927778
1235	15.4749546451
1240	14.1264368675
1245	9.87505274563
1250	18.3489582324
1255	19.0303432407
1260	21.8074261865
1265	18.5298575521
1270	19.6069012783
1275	12.7671110148
1280	18.7090766798
1285	15.4474323596
1290	13.5886413187
1295	14.3290168805
1300	10.3737244133
1305	12.7857515245
1310	6.1685046591
1315	18.2224663415
1320	21.0008179628
1325	17.6252346013
1330	16.990127993
1335	10.4338307522
1340	11.6555259604
1345	14.0140163339
1350	15.6809420034
1355	16.5108890643
1360	6.90666870589
1365	16.0666046457
1370	14.2074314465
1375	12.9547984545
1380	16.0302136178
1385	20.6895732171
1390	17.0588610742
1395	20.3074234992
1400	11.2022604929
1405	16.8748807018
1410	22.5531820974
1415	8.85507211879
1420	17.5751582173
1425	21.4070264835
1430	8.61574106299
1435	15.4903556816
1440	20.1666784305
1445	12.6594675479
1450	18.1684299025
1455	22.4146410881
1460	12.8746104301
1465	13.1445763261
1470	7.57897447842
1475	15.0629748771
1480	13.2169866788
1485	16.633491183
1490	8.0467724829
1495	12.2914215545
1500	8.34914202151
1505	15.6190054493
1510	10.7162870433
1515	16.620140153
1520	13.1619975948
1525	10.701778447
1530	10.6030745446
1535	14.1521286005
1540	7.5874287707
1545	21.5573123112
1550	9.19309085636
1555	16.613151338
1560	11.0877650496
1565	21.465704524
1570	14.7010880859
1575	20.3205611579
1580	10.1800820744
1585	16.8565647009
1590	8.12833808295
1595	11.8650416419
1600	16.7600781734
1605	15.9483604338
1610	11.3973200259
1615	7.86769472725
1620	18.0637774195
1625	12.1663589943
1630	11.5240357809
1635	19.3871559
1640	19.2382479171
1645	11.2112682565
1650	13.6751796299
1655	13.6874265013
1660	10.0209473956
1665	13.6847550098
1670	7.60235413635
1675	25.0191174445
1680	13.1942821475
1685	7.5313821478
1690	13.479254324
1695	19.287795877
1700	10.5312531501
1705	17.2263041278
1710	13.2024046315
1715	17.0849858684
1720	7.5771578072
1725	7.55334972257
1730	13.3619098126
1735	15.361310009
1740	9.33647932616
1745	17.4260652485
1750	13.8444346754
1755	8.39842998084
1760	16.4212178559
1765	12.5171126754
1770	11.6479442201
1775	12.2552129187
1780	17.2881996922
1785	13.1207667482
1790	20.1568466945
1795	13.3569158413
1800	12.8407616565
1805	22.8255534685
1810	11.3929501036
1815	16.2131796566
1820	12.2241041903
1825	16.0174121612
1830	11.247340385
1835	10.4526088995
1840	11.9865281954
1845	8.66700205196
1850	10.7744238532
1855	9.77851197893
1860	12.767873016
1865	14.31497653
1870	11.9784468284
1875	10.0771877318
1880	16.2822582235
1885	14.6787195063
1890	12.3858180153
1895	10.662481553
