0	27.0948281139
5	26.9062372612
10	26.7148573681
15	40.1452380186
20	8.94548675875
25	22.2899141472
30	33.7005532742
35	42.3757965139
40	21.1810988783
45	30.0803611112
50	26.7934396942
55	42.3653554678
60	66.1765667849
65	33.7829668606
70	47.4458743658
75	19.0186602436
80	55.8480137048
85	14.7382044053
90	26.5422820783
95	43.1355594072
100	28.9525920595
105	40.1346285733
110	33.360050931
115	86.5241041088
120	24.1796119237
125	4.07924456016
130	20.4477810363
135	62.1506585018
140	15.6893688479
145	27.2309901828
150	12.734422346
155	88.9990296099
160	40.1880430973
165	19.3038627187
170	12.8104604038
175	30.3359812244
180	41.2162141016
185	28.9485660769
190	24.8723947169
195	23.6854180074
200	24.7238319578
205	43.0426137317
210	46.0449017072
215	18.8992740243
220	48.7453564333
225	30.4313585789
230	23.3837400514
235	36.9006434729
240	24.95831405
245	45.822075241
250	10.5455043183
255	35.7451142499
260	15.4054991244
265	24.0333239887
270	21.8436963516
275	17.6480574227
280	54.4043838229
285	16.1757157363
290	68.312637896
295	21.0746898544
300	14.8529218694
305	35.5804422953
310	22.5339233655
315	60.5174242155
320	22.3059680441
325	55.2807726586
330	21.384958843
335	37.5962775939
340	35.5088777179
345	48.0142113536
350	31.9580882696
355	17.4131198832
360	14.8518306071
365	6.56803220575
370	31.0233880075
375	21.7645657015
380	25.7799484976
385	10.4620000253
390	41.5543777244
395	9.85224522726
400	35.3089120045
405	12.5611427092
410	36.6976278846
415	26.4579630682
420	28.6790460532
425	33.8659373801
430	43.4926163605
435	34.2534015424
440	22.7645665512
445	35.8449475628
450	11.5777400093
455	11.1094978724
460	42.7518287252
465	49.5240685802
470	31.543001041
475	66.2536968007
480	9.44592129455
485	19.4132641962
490	14.531497723
495	54.7305667694
500	22.4033224298
505	35.9236507721
510	24.6261907884
515	29.4611824415
520	32.0324725464
525	24.3489333496
530	15.149076619
535	36.8106410123
540	15.2136693047
545	62.9034570744
550	34.0775334611
555	32.4276093962
560	22.7382215886
565	52.8286845682
570	37.1037922999
575	27.2131620782
580	10.1905271243
585	11.60566747
590	25.0437784179
595	44.3830230418
600	10.5293950114
605	73.0389998753
610	50.5203034859
615	11.3770247478
620	73.3762992298
625	38.0365541095
630	57.0352878645
635	15.3083142109
640	8.65647149181
645	18.9551110369
650	27.7507760434
655	26.2950391978
660	15.723381386
665	19.0479111428
670	87.0704121289
675	43.5783416055
680	18.0625433225
685	62.2663249162
690	66.2438719809
695	41.5449878784
700	28.2219292356
705	40.597866939
710	44.4561822963
715	30.5231210401
720	26.4303634139
725	25.3101950352
730	48.4733451449
735	71.6429584963
740	47.20995508
745	26.6514972564
750	40.9340471925
755	17.2769955577
760	32.1171632221
765	11.6006178412
770	35.8889516998
775	38.3665739589
780	31.859966079
785	24.9720161826
790	33.6911589229
795	26.1424253503
800	60.3721652952
805	49.0513615226
810	59.1345999865
815	32.0138839369
820	16.6242732701
825	33.3159031294
830	22.482389764
835	17.6263644017
840	19.6724333769
845	63.9001546059
850	13.2491259398
855	25.9678545896
860	37.6020884439
865	58.4162259408
870	14.3984168815
875	22.4610100744
880	12.9778862291
885	20.1792967182
890	48.0956122151
895	11.4896303798
900	74.5277953133
905	61.9078151379
910	25.5898034389
915	30.7306606605
920	16.72189104
925	87.4329381339
930	26.0700955709
935	47.3219194346
940	52.60190437
945	16.4514665222
950	30.7504479901
955	47.3365697596
960	50.8478902075
965	24.9301913222
970	10.3057195844
975	44.9644348119
980	20.9504320367
985	51.6283683696
990	47.1145436334
995	26.7481113975
1000	54.7190435109
1005	40.1040926881
1010	42.2648316399
1015	31.0714310639
1020	43.4814799998
1025	23.3380172483
1030	35.654579201
1035	39.0354882111
1040	32.0625272482
1045	33.5143847099
1050	25.3604257642
1055	74.0093590303
1060	10.9183925165
1065	21.8306308162
1070	54.6154244563
1075	39.0664328034
1080	48.2281563406
1085	17.9623124722
1090	17.613758893
1095	93.5739488898
1100	13.5332387026
1105	23.3920153802
1110	44.5727200055
1115	43.3934743259
1120	47.4706833661
1125	15.4667876549
1130	42.3124252349
1135	30.7638840468
1140	22.7038061784
1145	33.3222045888
1150	33.0525117025
1155	31.3639271956
1160	32.3753794803
1165	77.1307504761
1170	49.577488279
1175	15.3738212917
1180	29.7565233085
1185	56.5218808029
1190	43.0009344852
1195	44.1331769033
1200	50.9424629794
1205	24.7742800347
1210	32.361768829
1215	19.8470377997
1220	25.5533334639
1225	14.213767395
1230	28.8262617202
1235	25.8085606245
1240	46.2586695767
1245	26.6544856931
1250	27.2677144052
1255	29.5368989499
1260	46.516105735
1265	13.5571695006
1270	21.675468996
1275	24.9265617743
1280	48.9774275933
1285	19.1837426545
1290	51.8876934548
1295	53.9209980342
1300	26.3905508725
1305	57.2569933309
1310	30.6311179938
1315	12.5353484971
1320	28.0850367091
1325	33.1875391314
1330	6.51993839122
1335	23.274522287
1340	25.3324968915
1345	57.0375082629
1350	5.81750045112
1355	37.8643818369
1360	41.3080206496
1365	33.087712607
1370	50.1333937563
1375	50.6117915408
1380	31.3148906288
1385	57.6584986329
1390	55.4500885514
1395	39.9607581786
1400	20.1262858955
1405	14.6617954834
1410	21.8696560541
1415	32.9118759223
1420	24.9455577838
1425	48.6679936238
1430	28.3756027047
1435	17.0385913187
1440	55.7962765952
1445	26.7755759046
1450	42.699563749
1455	25.7858242177
1460	70.0521876025
1465	39.2937241994
1470	84.7754625544
1475	47.2889227215
1480	15.7807697573
1485	43.8532816056
1490	92.675447784
1495	31.2283074752
1500	74.1625413264
1505	17.5295009815
1510	35.8913070641
1515	22.5096384291
1520	24.235316949
1525	33.947910551
1530	34.4342143826
1535	28.9840544744
1540	37.8996521911
1545	28.7288325303
1550	38.3281230753
1555	34.7414183743
1560	40.3904216284
1565	21.3329826998
1570	19.4638888962
1575	17.6442941653
1580	32.2085076245
1585	25.3402327829
1590	66.31670539
1595	1.28335057142
1600	20.3927361507
1605	33.7908852892
1610	20.3196235988
1615	18.2517951056
1620	24.0171165668
1625	34.4062972369
1630	36.5012928565
1635	19.1791654839
1640	51.939791489
1645	37.7653861287
1650	18.5450156204
1655	64.2419316699
1660	68.1688501932
1665	17.9969687089
1670	28.1269453069
1675	4.97832060119
1680	22.6525370695
1685	30.9529234861
1690	6.7766373733
1695	29.8500251619
1700	19.5820489438
1705	43.6268275034
1710	24.1557126333
1715	26.1234255171
1720	35.046555367
1725	34.6342730786
1730	38.4329716946
1735	14.9786104173
1740	17.8027964255
1745	44.0903369683
1750	31.9288924067
1755	81.0748858148
1760	7.00708082281
1765	28.8995148683
1770	37.4627815528
1775	36.3241615384
1780	32.8118677266
1785	12.409864189
1790	21.8826117005
1795	33.2407119326
1800	23.5122240799
1805	32.7339675149
1810	53.332625958
1815	36.223913748
1820	29.9489166493
1825	36.8345053203
1830	60.483119341
1835	42.5637834356
1840	42.0078278667
1845	48.2541709299
1850	22.7790505233
1855	37.5644575843
1860	15.0683684848
1865	16.1377296648
1870	28.8916646195
1875	50.3056697553
1880	9.2198641129
1885	20.5768040441
1890	6.50566782457
1895	20.0213222692
1900	28.277420636
1905	52.3357436344
1910	19.75216355
