0	2.5072630798
5	0.827834760801
10	2.49207812331
15	0.4
20	1.63958452226
25	2.05903399861
30	2.31135479786
35	3.46586566417
40	2.14920567133
45	2.98626805862
50	4.57492102466
55	2.32480606398
60	0.4
65	2.35443353831
70	3.41796110481
75	0.999150733805
80	1.52731512453
85	2.85508007381
90	2.20734712333
95	2.96767104992
100	2.51394454686
105	1.49762990041
110	0.842001746589
115	4.14041266652
120	2.10285021764
125	2.59509371463
130	0.4
135	2.89678537955
140	2.96012463841
145	1.08036264665
150	5.10141386093
155	1.63273388336
160	1.17393040772
165	4.92785081213
170	2.51536072422
175	1.90135370881
180	3.44719863725
185	4.5888995801
190	1.55308726474
195	2.63221993464
200	1.41618891785
205	2.80642123547
210	2.5903912342
215	1.58955931198
220	1.81725297601
225	2.19447079075
230	3.73499929782
235	1.96688456409
240	2.14249644527
245	2.20186601976
250	0.470653243452
255	3.07924300102
260	2.0280844227
265	1.7817549453
270	4.11878488518
275	3.25094961008
280	2.13966191716
285	3.25418023024
290	1.36321818918
295	1.36124768428
300	2.52500368456
305	3.34491409356
310	1.5334538845
315	3.52342119795
320	4.42766437296
325	0.725177322648
330	2.74826103744
335	1.6979210585
340	2.49471804654
345	3.41476391624
350	4.63687743832
355	1.93941238249
360	3.70197688917
365	1.07772562745
370	6.5800696215
375	0.64586549525
380	1.46163542919
385	3.26939923555
390	1.54076048208
395	0.997599749175
400	2.87529669191
405	1.20231474876
410	2.20329781915
415	4.85550331583
420	1.34120253571
425	1.50754551189
430	4.71075157256
435	4.09233923263
440	4.19971345122
445	0.798179884912
450	3.88155019603
455	1.52308757714
460	1.95586273043
465	1.72533301094
470	6.05930456355
475	7.3199118224
480	0.4
485	1.61845791408
490	1.47687865732
495	1.13202495851
500	1.55825328951
505	3.37410783562
510	1.46443035222
515	1.40875929656
520	1.08253446002
525	1.69670004265
530	4.96488820664
535	1.77140311942
540	1.38608100264
545	1.03385466089
550	1.04423663302
555	2.93609408377
560	0.733533100643
565	2.17395176545
570	1.12308617493
575	1.64205973874
580	1.14095130508
585	2.33096184055
590	3.40115861623
595	3.22974066711
600	2.10232568672
605	4.90761052629
610	3.88203992812
615	4.06364427543
620	3.57854884007
625	2.93320713151
630	2.53612906461
635	2.11158935531
640	0.727845876626
645	1.31381054016
650	0.615736946443
655	5.7003382491
660	1.91781474955
665	1.89246762368
670	1.23537089445
675	3.38158407083
680	2.7127561693
685	4.18575758233
690	3.13492866289
695	1.99469806984
700	3.0968304763
705	0.4
710	1.06641724381
715	2.79919161475
720	2.7970003899
725	1.88967653065
730	4.16953157862
735	0.719272365835
740	0.599051045595
745	2.50817642836
750	2.35510019302
755	2.47634379839
760	2.13671821792
765	2.49573358003
770	5.15580632381
775	1.63575018779
780	0.903849957205
785	1.54252070075
790	0.4
795	2.29138217365
800	1.51110330106
805	2.43805423146
810	0.4
815	3.9872106354
820	1.69240441888
825	2.03200086814
830	2.70784326557
835	1.19000198201
840	0.779246328207
845	2.373766757
850	3.16472235113
855	1.30820176302
860	1.23189695983
865	1.91472008766
870	3.65269927993
875	1.89927608624
880	2.21986660768
885	2.47603754422
890	2.86892610328
895	1.32028445542
900	1.92117881399
905	3.03136137369
910	1.74902700316
915	0.4
920	2.03417053281
925	3.11143110167
930	4.25266740801
935	1.71598728901
940	1.07843039952
945	2.55286967824
950	1.9460758388
955	0.874645441162
960	1.17789505037
965	2.60040728676
970	3.30771717275
975	1.71949782198
980	3.59499889197
985	7.63586576668
990	1.89196021632
995	2.22513944174
1000	1.76428537439
1005	2.06776620688
1010	1.82358593639
1015	1.19936110812
1020	1.27162604458
1025	2.81575887397
1030	2.06552795409
1035	1.08978943922
1040	1.66263421648
1045	0.625896708186
1050	2.21856290171
1055	2.39138624476
1060	0.739151115713
1065	1.35532333357
1070	3.7210841427
1075	1.30911971411
1080	3.82933845042
1085	0.690535871967
1090	2.07905073951
1095	1.55068549051
1100	3.61911999935
1105	0.798928994592
1110	4.29604405965
1115	4.00527051696
1120	1.8053924054
1125	3.92307036998
1130	3.56460030032
1135	0.695508903292
1140	2.71547120308
1145	4.3691438324
1150	2.9532746437
1155	0.789540982728
1160	1.42162378343
1165	4.09908943324
1170	5.21498129263
1175	1.44601110112
1180	1.40442485561
1185	1.09312122481
1190	1.44998672388
1195	0.616484893667
1200	3.28913035475
1205	3.01447548856
1210	2.24848004835
1215	1.46747249195
1220	0.958383882267
1225	0.520574585414
1230	3.24555385859
1235	1.60378438829
1240	2.86105622076
1245	1.17474727736
1250	2.93602658752
1255	1.68019309499
1260	3.36841865443
1265	2.40669663475
1270	0.623718951313
1275	6.3351127566
1280	2.70247727533
1285	1.99122687046
1290	0.552387672377
1295	4.90455853583
1300	2.59350703071
1305	1.82728010517
1310	1.85030527864
1315	0.827066822985
1320	1.81366213273
1325	3.24132628786
1330	1.80785054635
1335	3.26781044999
1340	2.58822586528
1345	0.693970444128
1350	1.27483126843
1355	3.0416645946
1360	3.11210367969
1365	2.71875798242
1370	2.05898168726
1375	2.70991059519
1380	5.24302895217
1385	1.2682912137
1390	2.99130914875
1395	2.99840276458
1400	4.27989186162
1405	0.4
1410	0.872931404114
1415	3.00487448
1420	1.21211273843
1425	1.24162526304
1430	1.3796756756
1435	1.54860019528
1440	0.990145028347
1445	3.67057730835
1450	4.2883818065
1455	3.03520240737
1460	3.33506300094
1465	1.4897405658
1470	2.31994671575
1475	4.73190269436
1480	0.473887013655
1485	1.18759400994
1490	2.82353620427
1495	1.58712461824
1500	1.95659515452
1505	6.61259513644
1510	1.45233318806
1515	0.909195284488
1520	3.10457112171
1525	1.37209687416
1530	4.42392508782
1535	0.410951491833
1540	1.65708339591
1545	0.404539628263
1550	1.83596598305
1555	3.70483753857
1560	1.32773476385
1565	1.76670508188
1570	1.11951887118
1575	0.488734673189
1580	1.30878341179
1585	1.43552158212
1590	0.4
1595	2.50259271861
1600	0.843100349916
1605	2.34158928025
1610	0.946706821864
1615	0.93470302963
1620	1.11849131204
1625	1.57736096068
1630	1.47911063934
1635	0.516653149382
1640	0.581025098211
1645	2.92586311073
1650	0.911511322301
1655	0.836906992448
1660	1.20964132636
1665	1.32263577625
