0	2.84200505733
5	5.32222009103
10	7.32444177758
15	13.6566325005
20	4.10640491631
25	6.32304369436
30	12.047136385
35	2.9827310505
40	5.07850851404
45	6.84362025195
50	14.9090687018
55	32.1513818176
60	10.445031682
65	37.9276361781
70	1.00508568286
75	19.8510990844
80	9.94178731796
85	30.5681607294
90	8.22781872974
95	25.1140978219
100	11.6549013485
105	6.00440032828
110	26.0343997771
115	1.45089374286
120	5.61035533714
125	2.32314146379
130	34.7091392575
135	5.80248324105
140	11.9926975389
145	11.0880514476
150	9.64116987833
155	3.16816707195
160	5.2637408364
165	14.4703992701
170	1.49186948425
175	7.20736272906
180	3.91695054929
185	2.06213032842
190	11.2123919122
195	6.73127886054
200	11.1172064271
205	15.2810074431
210	13.0385234245
215	49.7360933651
220	4.57508554882
225	28.8664997144
230	6.14782840992
235	7.43255629653
240	23.42438252
245	2.30879221393
250	9.21128912065
255	66.3267593291
260	22.3761025836
265	2.12731976769
270	15.0742821736
275	2.34337708351
280	4.3228266633
285	14.8509754688
290	14.9652932399
295	22.7766948587
300	7.14986715005
305	11.9992256023
310	26.9764104722
315	3.68953931399
320	0.574818411526
325	25.1090134725
330	23.6048272665
335	7.22492574793
340	20.496476788
345	1.56472170439
350	13.7640116306
355	0.4
360	9.302722697
365	8.03445133501
370	27.1484216674
375	2.80567804103
380	1.18254176453
385	5.41776033711
390	3.13375155382
395	16.2830318461
400	0.859432622553
405	2.26759501893
410	25.9822176477
415	6.96866745223
420	29.9106793149
425	9.27579198985
430	20.9253305472
435	11.0829857591
440	0.4
445	13.2479136162
450	2.93677096008
455	19.4960313502
460	0.824656449252
465	2.3116481427
470	8.30560805922
475	15.5801991016
480	6.52611436266
485	10.5862169284
490	21.7587238115
495	18.6146313317
500	50.3390301675
505	17.4546460603
510	7.89238485597
515	2.75479470774
520	14.9614853048
525	0.4
530	6.44898132914
535	11.492424147
540	20.1882801745
545	1.11705454708
550	1.72452766787
555	1.83726975238
560	12.6222250371
565	13.8164465058
570	14.715156608
575	1.19786542965
580	3.43916562281
585	5.34385589672
590	15.8786873623
595	8.90614665723
600	56.0736509902
605	3.99195331604
610	5.99149639442
615	6.84291525115
620	3.50322744536
625	7.24996976575
630	2.45112281858
635	20.7232461561
640	11.1923967176
645	37.3617707241
650	6.20559873528
655	14.2973924935
660	24.8306869395
665	29.5326061856
670	19.4294688541
675	6.60426601064
680	11.694694505
685	12.433924517
690	2.14442084427
695	6.1042040091
700	16.2407273801
705	11.9126086779
710	2.32440121433
715	27.5915990243
720	23.1285092033
725	5.15749220112
730	9.39431396163
735	22.408665073
740	1.80983229134
745	24.1036082519
750	5.80356004044
755	10.4898368956
760	1.14063517598
765	8.86057499308
770	8.5559508043
775	15.6590675565
780	4.12561395655
785	15.419002606
790	1.64267030668
795	7.64470727363
800	3.67969480305
805	12.7010494621
810	14.175404421
815	7.02636535164
820	4.23612221473
825	14.2319606475
830	31.9137160863
835	3.25133528916
840	0.463845493592
845	12.4660488873
850	15.0010313151
855	6.86399490147
860	4.74575969293
865	13.33463231
870	11.6746233079
875	13.9740036111
880	5.26795159709
885	8.00571247355
890	1.90738481795
895	51.151905285
900	20.4579488034
905	7.02468257921
910	15.7372073579
915	42.6825976303
920	3.20800161067
925	7.01917758928
930	46.523249855
935	0.4
940	9.56491235077
945	19.532746165
950	6.47422262874
955	15.1377736798
960	9.43275039706
965	4.41845208567
970	2.1103525705
975	4.6633605619
980	14.2933819537
985	30.0555019171
990	6.58821043784
995	54.1310800537
1000	2.4110413381
1005	7.65918783413
1010	5.87935769716
1015	1.52056744423
1020	17.592627063
1025	6.98463529334
1030	18.1857502221
1035	4.97175678394
1040	6.3070457534
1045	20.5691019036
1050	9.05698644512
1055	6.00070253626
1060	22.4020011411
1065	39.215749122
1070	0.4
1075	33.2843188168
1080	2.71296570365
1085	21.8009415888
1090	2.030283987
1095	20.5979194539
1100	22.4033566944
1105	11.3854854449
1110	11.8992155373
1115	20.1442981647
1120	6.03189985238
1125	2.67860722955
1130	1.8240495443
1135	0.814322726718
1140	16.4599264847
1145	4.46743021839
1150	3.98319277735
1155	26.4242751252
1160	4.75983267069
1165	5.403356214
1170	3.74135137079
1175	6.73092975969
1180	15.3878612782
1185	3.68744133835
1190	5.71387084192
1195	9.02255482467
1200	2.77266676604
1205	39.0891185378
1210	39.8896189239
1215	27.2785665621
1220	9.88332348831
1225	1.32287212375
1230	2.5206669178
1235	27.6984564759
1240	6.66979428173
1245	3.9104303287
1250	8.38210431609
1255	2.99917349079
1260	13.5165672223
1265	19.7486091168
1270	42.1898325158
1275	15.1850791582
1280	10.6608011502
1285	7.07625365015
1290	11.8679953496
1295	2.89154563115
1300	6.63505913589
1305	30.5546757342
1310	27.4450824379
1315	16.4120836264
1320	0.943083436009
1325	9.36391163006
1330	4.51865311982
1335	18.8963453303
1340	6.11692253096
1345	24.4804698855
1350	36.0915221192
1355	0.4
1360	1.72249733588
1365	3.9664191735
1370	17.3999424412
1375	3.84721456166
1380	7.37344315064
1385	5.80051574527
1390	15.9459512717
1395	13.3831242727
1400	27.7132401256
1405	1.50479232428
1410	22.0273116357
1415	11.4440750207
1420	20.9020842423
1425	2.21214247918
1430	2.83881804179
1435	22.7440680062
1440	89.5794614116
1445	5.50437352406
1450	7.82276287246
1455	13.4343610228
1460	16.2549574253
1465	1.54918293642
1470	5.60708187733
1475	22.9610911341
1480	10.2045608476
1485	6.02570585264
1490	4.40977231907
1495	11.4313996057
1500	2.87778761505
1505	7.39407654531
1510	11.2332745856
1515	2.33959297266
1520	7.28116395363
1525	8.55493274598
1530	7.79521691675
1535	5.90416320984
1540	6.49434848709
1545	14.6118250816
1550	10.3323349998
1555	3.80872171297
1560	4.54349597508
1565	17.850360067
1570	0.545739552533
1575	1.42663616352
1580	12.0172003342
1585	30.6704739885
1590	21.0303258722
1595	2.6888909259
1600	5.85491772529
1605	22.0760361743
1610	50.2093998385
1615	40.7802891952
1620	5.39507756841
1625	16.738588111
1630	13.0592676033
1635	0.943721926563
1640	18.2292149041
1645	3.6349617924
1650	22.0372436821
1655	3.10956127501
1660	23.4766855571
1665	6.27855818444
1670	31.6447205869
1675	19.885351915
1680	13.2187924764
1685	9.72337572063
1690	8.17942862602
