0	3.97158620418
5	13.3123038771
10	31.2286362267
15	12.4909838769
20	7.12740207953
25	5.56495614655
30	17.5440260566
35	9.46506745328
40	2.40445457935
45	9.48034516671
50	2.62941414012
55	15.2480149335
60	1.50455836081
65	7.92979751707
70	1.31962295734
75	3.45118289424
80	10.7984759747
85	5.91070185057
90	2.93821737835
95	7.69103963032
100	4.89467627908
105	4.02846690652
110	23.6319220126
115	19.5595498796
120	6.23232461432
125	40.9749235624
130	13.6899146246
135	30.0143819197
140	1.33169360047
145	7.13219804609
150	0.412343557983
155	21.5045726496
160	5.9627216454
165	4.40297525674
170	2.04195772438
175	10.5066763982
180	1.87962525437
185	13.2483887829
190	15.1055685146
195	3.95224648906
200	2.16700508564
205	7.63002901215
210	38.382977159
215	10.9099074152
220	3.02890198935
225	3.59382982512
230	7.40854941072
235	25.9993269319
240	1.99497194678
245	13.4104257569
250	5.44164752793
255	12.9139589262
260	5.62488660806
265	7.54614052766
270	13.3723467986
275	21.3000116995
280	12.8645770041
285	3.04579898818
290	31.0425982726
295	1.84691482799
300	12.1991812223
305	29.9095443063
310	18.3821641168
315	34.3982064608
320	6.66356295913
325	7.50356007901
330	6.58143812811
335	13.9323360247
340	10.4431243192
345	6.37921470516
350	17.205086377
355	6.67059109296
360	30.0125171955
365	6.6087883722
370	17.4139670621
375	6.68744024047
380	8.98102600798
385	10.5338100975
390	10.6723527249
395	10.3676890207
400	2.05033709966
405	1.85021816522
410	14.5164389259
415	10.4058767532
420	10.8708916306
425	3.72375494539
430	6.98829980682
435	16.0132392856
440	5.10740466518
445	8.45666890268
450	5.83925973043
455	0.705425771334
460	6.67325178908
465	16.1646264733
470	14.1391786413
475	1.27812370429
480	2.76390751471
485	18.8085836418
490	3.51541877364
495	8.86401678871
500	20.3139814659
505	3.96177305736
510	0.4
515	12.0407973811
520	5.65800907288
525	7.87171046661
530	8.7124638348
535	8.73932501458
540	7.41193461958
545	4.37275768953
550	5.26673080435
555	12.7844761037
560	6.09842517711
565	24.2015944414
570	7.44248483442
575	0.990642398775
580	24.5545826429
585	22.6584301717
590	8.84398417634
595	15.1816401039
600	9.16658023835
605	7.95818589026
610	3.29198791147
615	18.3908865199
620	10.5259917586
625	2.73367526147
630	16.2349514924
635	33.2212485605
640	12.0125597819
645	11.104628009
650	0.80539602962
655	7.5028285117
660	10.4039928712
665	7.30645031235
670	4.51482573241
675	26.9456656089
680	16.6931984759
685	15.9306361734
690	4.09576973612
695	3.82169906593
700	6.68663663613
705	13.2622927646
710	2.11816038766
715	3.28491751965
720	26.1498980162
725	0.952829212929
730	9.9673146745
735	2.41220494714
740	8.18749691511
745	24.7726322338
750	7.321502115
755	4.6131777393
760	7.48319322503
765	27.1132131591
770	10.886807774
775	17.9785177928
780	1.20341252974
785	12.4136790648
790	1.97434157235
795	18.3653378262
800	12.2534293287
805	11.2362345658
810	16.5484719622
815	0.526649633884
820	8.95179791652
825	3.86811413654
830	4.65203080514
835	6.63106449332
840	20.3625624007
845	8.28714896138
850	4.14278249144
855	1.69255051142
860	8.81453851836
865	13.9980664279
870	7.50241840254
875	46.1643545207
880	1.10574752574
885	17.4605810221
890	1.06588699234
895	3.74743444909
900	1.80962249616
905	10.1028677688
910	22.8509964343
915	0.407226595024
920	14.1177828241
925	0.4
930	2.02222602902
935	0.519701266193
940	28.8561876653
945	6.14896912816
950	24.9575150618
955	11.9218404834
960	4.12560017887
965	4.40689421505
970	28.1938034028
975	1.18877349362
980	11.3174391435
985	26.5869270422
990	5.19292313196
995	9.23014383286
1000	11.4939222433
1005	27.452405591
1010	7.99483294382
1015	15.9661444448
1020	6.43613942498
1025	17.33927507
1030	4.27644503562
1035	3.08181752504
1040	15.8774015827
1045	4.80763261429
1050	5.22081065524
1055	4.40840699786
1060	14.6970711621
1065	17.8830521385
1070	1.67358336146
1075	3.74236149701
1080	30.2250921947
1085	0.859641762489
1090	8.60527278505
1095	8.25851933173
1100	6.56321067163
1105	4.78592690557
1110	14.4878711315
1115	2.53750584114
1120	8.2431998285
1125	16.7262432943
1130	5.97223182982
1135	6.90854920469
1140	16.3145848202
1145	13.2146382534
1150	6.10168229464
1155	5.50613882416
1160	44.2713402409
1165	11.2420755409
1170	10.0084938387
1175	7.75574272398
1180	4.04115837666
1185	4.55203485918
1190	8.01077394864
1195	2.41417966036
1200	0.821718429612
1205	4.38998231386
1210	9.5347310807
1215	5.41725695195
1220	5.35224820022
1225	18.3057068783
1230	7.06816418427
1235	3.34731661659
1240	36.8495497519
1245	10.8649131893
1250	23.7291497773
1255	11.4453595936
1260	2.70392568237
1265	4.50376778648
1270	6.53394674341
1275	5.19440070762
1280	10.3549578963
1285	7.25935948083
1290	2.27544706575
1295	13.6429395184
1300	3.48301454347
1305	4.90986773784
1310	8.36201617019
1315	17.7307181324
1320	3.77608056157
1325	4.70958954166
1330	35.4161545639
1335	2.74603663633
1340	2.63528093924
1345	12.9818495678
1350	6.27751947026
1355	13.8237569021
1360	21.8424207061
1365	9.72543708722
1370	14.4081667566
1375	5.09939365909
1380	11.1319641632
1385	24.3466609485
1390	8.52915424834
1395	18.4621414298
1400	28.4860399369
1405	10.8769347427
1410	6.79605844744
1415	7.45907221587
1420	9.33428937121
1425	3.44529017916
1430	13.7194028208
1435	0.527903379895
1440	5.95085659661
1445	14.8606949105
1450	3.69965139157
1455	1.36450350409
1460	1.35079803381
1465	13.4322627788
1470	16.0732384761
1475	28.8385800082
1480	10.4533085191
1485	6.41778502416
1490	12.5257559485
1495	7.75606183612
1500	0.790373808149
1505	9.73313399031
1510	11.7827342345
1515	1.92476592902
1520	15.2795738104
1525	8.99896701428
1530	1.58406996907
1535	14.2846964113
1540	23.1547230244
1545	4.84117110495
1550	4.9152876474
1555	1.03446045257
1560	4.53617022525
1565	11.2863973023
1570	0.497515747061
1575	4.53533451784
1580	4.79960158749
1585	13.3894706138
1590	13.1301674554
1595	6.19651509417
1600	6.73496098013
1605	15.8343098582
1610	9.86114826183
1615	7.63024510477
1620	9.98745503482
1625	12.7375942375
1630	7.95114690783
1635	2.07532848156
1640	8.13761744264
1645	17.6518744699
1650	1.12847163264
1655	25.6618069093
1660	12.2278537716
