0	0.4
5	6.22645835154
10	12.8929677779
15	2.37530422487
20	0.469195814235
25	5.35772983313
30	3.83010286755
35	0.676692238767
40	4.00218030815
45	17.4046228213
50	1.50708991057
55	3.92284350387
60	6.54364938807
65	12.0380321247
70	0.4
75	0.4
80	12.5948903503
85	7.99888603511
90	0.4
95	8.03255767827
100	3.34488333617
105	6.75231231711
110	0.723947252936
115	0.4
120	0.568129963241
125	1.33033930092
130	1.2407750148
135	0.4
140	0.4
145	0.614240309549
150	19.2677452679
155	0.4
160	1.06289758418
165	0.4
170	2.9575737221
175	10.4112623576
180	12.0007620935
185	6.15233309537
190	0.999805173612
195	0.4
200	2.45743013516
205	0.4
210	16.8214786944
215	3.23965125941
220	0.4
225	0.4
230	0.4
235	0.4
240	2.64167446064
245	0.4
250	13.2706174283
255	8.26607762367
260	8.25396737059
265	0.4
270	9.27887856021
275	0.4
280	1.99038346898
285	0.815760043025
290	15.3177183626
295	10.6434985395
300	0.4
305	14.4952251148
310	0.4
315	2.11083714954
320	1.50286363348
325	0.4
330	0.4
335	3.04175299571
340	0.4
345	2.30800730503
350	1.01568321269
355	1.64675538702
360	0.4
365	0.4
370	3.09324543923
375	6.89924570908
380	8.73041508778
385	0.4
390	3.0724215965
395	1.02900108773
400	7.9820706567
405	0.4
410	17.2401926299
415	1.25441660804
420	16.6082974544
425	0.4
430	8.33557407123
435	4.22266737655
440	1.41077791918
445	2.1081303142
450	0.4
455	0.4
460	12.5068608697
465	3.03234478857
470	20.5805483253
475	2.81585450161
480	7.26758929013
485	9.70852085922
490	25.3315101293
495	1.14765719959
500	0.4
505	9.73091675272
510	2.39091565913
515	0.626224710372
520	3.29247982645
525	10.0559516449
530	9.9151199948
535	0.4
540	0.4
545	0.4
550	0.928596181257
555	1.98036943413
560	8.27755563192
565	4.59146217308
570	2.99537734368
575	39.3009269193
580	2.72718070939
585	0.4
590	0.4
595	1.48335382857
600	6.49061275485
605	0.978207984984
610	0.519394193376
615	0.737822491117
620	8.16728555726
625	0.4
630	0.4
635	9.14018615323
640	0.764270101384
645	2.53893484399
650	0.4
655	6.32998025763
660	0.4
665	0.905397095826
670	5.90770388574
675	0.4
680	7.80403493339
685	8.29541161673
690	0.491975098146
695	0.4
700	0.670829596026
705	5.50103352419
710	0.4
715	0.4
720	4.96355005726
725	0.4
730	2.41196553091
735	0.4
740	0.4
745	0.450468138061
750	20.7586364882
755	4.21287929028
760	0.4
765	11.0499633512
770	0.4
775	9.87786014966
780	1.87686600743
785	0.4
790	4.49963370104
795	0.4
800	0.567617652304
805	0.4
810	7.30119284059
815	1.64719346728
820	4.00562319625
825	4.21193951112
830	1.08473050695
835	3.32747843467
840	12.9051084289
845	2.59583610438
850	0.4
855	0.4
860	0.4
865	3.05189944391
870	1.51705085611
875	0.938181918337
880	3.93037965711
885	0.4
890	2.70906985971
895	0.884780249222
900	0.535663326986
905	0.72592306679
910	29.6616169736
915	2.31668108397
920	0.435823438581
925	0.573203104482
930	1.81893559559
935	0.4
940	4.74393300831
945	0.4
950	1.95989107067
955	0.4
960	0.4
965	3.00279008719
970	1.35806842251
975	1.34573390859
980	3.90558035926
985	1.51044467377
990	1.29839902978
995	2.42106548763
1000	1.48720757506
1005	3.23258549164
1010	4.62395117551
1015	9.28760755914
1020	4.60037492808
1025	0.440577356965
1030	1.63446375157
1035	0.505016408858
1040	0.4
1045	0.4
1050	0.4
1055	9.79104900922
1060	7.70390910212
1065	0.4
1070	1.53466603659
1075	31.4221383201
1080	0.519903957532
1085	2.90190510985
1090	0.4
1095	6.06035478547
1100	0.483505576396
1105	0.4
1110	0.4
1115	6.60600512345
1120	0.445848686445
1125	1.17437923346
1130	0.4
1135	2.42783540132
1140	0.4
1145	0.656567196045
1150	1.35176711144
1155	0.4
1160	3.50311185344
1165	12.1132287718
1170	0.4
1175	7.13760953396
1180	3.97521328901
1185	4.02758901009
1190	0.4
1195	8.35929363486
1200	14.4640937648
1205	0.4
1210	0.4
1215	16.4499028652
1220	0.642036523269
1225	9.55326841593
1230	15.4087536905
1235	0.727696610012
1240	0.4
1245	1.22875734382
1250	4.3427584296
1255	4.19016111853
1260	16.1961479869
1265	0.4
1270	2.63608483231
1275	0.4
1280	0.4
1285	10.1597895179
1290	1.93148902215
1295	0.4
1300	3.12831639853
1305	5.22158673773
1310	5.81210167374
1315	0.4
1320	0.4
1325	3.08676821699
1330	1.67283313539
1335	0.4
1340	1.23257188158
1345	2.17356102173
1350	14.36774719
1355	8.94369065594
1360	0.4
1365	0.4
1370	0.686690554347
1375	0.4
1380	1.05849781613
1385	0.4
1390	4.80557954517
1395	0.4
1400	2.52914062733
1405	2.96922283358
1410	0.4
1415	8.36860311012
1420	1.14456570613
1425	2.91601684549
1430	5.72689618556
1435	4.0573686116
1440	0.4
1445	0.4
1450	1.22855051128
1455	6.11728970993
1460	0.4
1465	4.20174132622
1470	4.79758708882
1475	0.780210154578
1480	0.564160030906
1485	2.04506723985
1490	9.84593576101
1495	0.4
1500	4.52488370204
1505	0.4
1510	0.4
1515	1.29883374942
1520	0.4
1525	2.4313157122
1530	0.4
1535	0.532739138487
1540	4.56786919876
1545	0.4
1550	19.1817847815
1555	0.4
1560	0.4
1565	2.92854390783
1570	19.026222698
1575	2.35464346712
1580	0.650202223213
1585	6.14574632714
1590	7.63436540858
1595	0.4
1600	26.8478144991
1605	17.1163628896
1610	0.4
1615	9.08599336673
1620	0.4
1625	0.4
1630	0.4
1635	0.4
1640	0.423719444777
1645	0.4
1650	3.48520219548
1655	29.5832501893
1660	0.4
1665	1.31242385041
1670	0.412059102402
