0	4.96288826843
5	6.61217224547
10	2.19733938371
15	9.83853652535
20	11.7622599893
25	0.4
30	12.5763796001
35	3.51159695291
40	3.31104987892
45	0.4
50	4.44894255013
55	4.8891242087
60	2.39417646752
65	0.665968418182
70	0.878241548301
75	0.4
80	3.41630886332
85	4.24443421458
90	29.0559853688
95	0.641079673231
100	5.92394037357
105	8.31153168276
110	5.80173266076
115	4.4261452463
120	9.07561771487
125	4.8885782959
130	4.9494577807
135	1.16082152249
140	0.4
145	1.25946696308
150	1.89036408743
155	3.91096985089
160	9.01599144662
165	2.06938503682
170	0.503505399323
175	18.3497193638
180	2.24458157752
185	0.4
190	0.713562239233
195	4.30513083358
200	7.24056354577
205	8.56041356195
210	26.1610144986
215	3.83297842127
220	14.4094860103
225	0.732556428845
230	3.02526303322
235	0.665252354852
240	1.81998516366
245	12.2079270306
250	0.4
255	1.86789716827
260	5.65271328493
265	0.60738856213
270	1.84841245393
275	1.21313004799
280	0.985893065763
285	0.82999211985
290	11.6584460308
295	7.47688735357
300	10.4821408944
305	13.4906134303
310	0.595314279068
315	1.90137963347
320	0.687367059871
325	1.5445868566
330	3.33778545671
335	1.28726394495
340	24.2032612079
345	0.814013513583
350	4.65450114442
355	2.72927166466
360	23.0110222531
365	2.37295313905
370	2.63367234785
375	2.42479048021
380	11.5200876639
385	1.5312767387
390	6.10091225499
395	1.4488287861
400	7.19740578451
405	3.12184070602
410	2.1598616688
415	4.40503337379
420	1.71896003806
425	1.9324073301
430	0.859166741864
435	5.59233485012
440	25.2214076867
445	6.83374740822
450	0.488682108644
455	0.461235603555
460	0.683224561415
465	1.91684770722
470	2.3361092129
475	2.09727381187
480	5.17640944612
485	0.4
490	6.73579260554
495	0.601453485895
500	0.514837042941
505	19.1805087857
510	0.463116696943
515	1.28153520874
520	1.52662147856
525	3.43337398573
530	1.35492619599
535	0.4
540	0.976661122745
545	9.55032255187
550	2.07909987463
555	8.40671958649
560	8.42673332335
565	4.94062450414
570	1.23261709124
575	5.16681440833
580	3.58584067466
585	0.4
590	1.09679746415
595	1.4754795495
600	9.95472849227
605	13.7515404571
610	1.32896242671
615	9.02333744765
620	3.85963401702
625	1.49161382013
630	1.28253564817
635	1.14415234349
640	0.465980285179
645	9.11423387825
650	18.0253007093
655	12.3539817441
660	0.4
665	0.4
670	0.486169436126
675	5.30606598106
680	1.4499115683
685	2.26297600992
690	0.885088460783
695	0.835552243359
700	0.86427320538
705	0.733048641933
710	15.0915463482
715	2.29162078244
720	2.1028948445
725	1.91781295969
730	7.94421408925
735	0.4
740	6.981257337
745	1.37096385199
750	0.76550774005
755	2.00540703158
760	0.484665070879
765	1.94676594372
770	1.64066927756
775	0.4
780	0.753323306596
785	7.06637417817
790	4.96643940366
795	14.3113015183
800	6.57977726333
805	8.79705538244
810	7.34730191975
815	2.06541754273
820	0.4
825	0.416655994768
830	15.3468618446
835	1.24201912043
840	9.79791710584
845	6.32006021538
850	3.41157668092
855	6.16074434799
860	17.3475914514
865	1.23013472545
870	15.1875729356
875	0.96332462834
880	10.826266662
885	4.04928765462
890	1.34477839786
895	2.20420642193
900	2.33760518386
905	13.8490314883
910	5.96185672545
915	2.52605977335
920	12.0952303215
925	8.05249331533
930	0.4
935	13.850466018
940	7.42894619348
945	4.1332278038
950	2.44454868464
955	3.82217679783
960	13.5890500139
965	0.4
970	0.4
975	4.05296304009
980	2.88053502986
985	0.564192114478
990	7.90514156198
995	0.657849129156
1000	0.674064880929
1005	4.41530036004
1010	1.01706448608
1015	1.32027034031
1020	2.01589694913
1025	13.5157828153
1030	0.636795006942
1035	0.895427182001
1040	1.02090437944
1045	1.09668229274
1050	29.427285954
1055	3.29317661209
1060	8.18391454494
1065	3.24129239659
1070	0.505016779265
1075	1.90605833055
1080	4.16666719292
1085	1.49378168427
1090	0.4
1095	10.5515188467
1100	1.92180658798
1105	7.96150431789
1110	4.82409745281
1115	0.773349300945
1120	4.40674598206
1125	2.39022008766
1130	0.4
1135	7.88244573736
1140	6.74726029496
1145	0.823904463882
1150	4.5373959839
1155	0.405454588378
1160	2.29910333069
1165	31.6073238578
1170	17.7064653305
1175	3.05083604346
1180	3.3189197827
1185	2.39972017434
1190	1.60521434383
1195	0.905039874392
1200	0.4
1205	2.33094778611
1210	2.41303191701
1215	35.4181780565
1220	0.4
1225	7.69747150154
1230	3.97727786676
1235	2.54905920679
1240	9.59595536213
1245	0.4
1250	1.20682156592
1255	3.5376076148
1260	2.09764088296
1265	2.52824710661
1270	2.19650829797
1275	0.948496218296
1280	5.44809356349
1285	18.9969183915
1290	7.2340125126
1295	9.77482276944
1300	4.22678879237
1305	8.75486772323
1310	0.4
1315	7.66306520658
1320	9.72352449779
1325	0.4
1330	0.4
1335	3.4719862153
1340	0.4
1345	5.38005470026
1350	5.87098796121
1355	6.56335153039
1360	5.71127144524
1365	0.4
1370	9.61581813981
1375	16.179623913
1380	4.39328625675
1385	0.436985857022
1390	4.23861981056
1395	3.46295577271
1400	5.57052809696
1405	11.1156467659
1410	3.25558529495
1415	6.52400865184
1420	3.80873224044
1425	7.76555763669
1430	3.25747385462
1435	3.44830842973
1440	0.851390703337
1445	14.2446936029
1450	8.22950731453
1455	6.37479182318
1460	7.13997967647
1465	17.6936938228
1470	4.534591766
1475	3.8557868535
1480	3.71004387475
1485	10.22169286
1490	0.4
1495	0.599169562382
1500	1.06946646967
1505	0.4
1510	6.41384861852
1515	10.6102197173
1520	1.8967676621
1525	0.4
1530	0.554787465991
1535	9.69828669123
1540	10.1227781079
1545	3.61301724554
1550	1.66197001351
1555	10.282173774
1560	0.985893679343
1565	0.889326352159
1570	4.57511393809
1575	0.447233577499
1580	1.29255608892
1585	1.87872331753
1590	6.95555990039
1595	2.83212994348
1600	4.74169690087
1605	1.65382666205
1610	14.9464626763
1615	5.35261014056
1620	0.577109076515
1625	3.70041312236
1630	0.4
1635	10.0299816524
1640	3.90763282721
1645	1.13401827888
1650	3.24712564929
1655	9.34750729857
1660	4.87697556377
1665	0.65559912369
1670	2.70398585857
1675	3.03458763535
1680	0.839745220299
1685	4.60877085324
1690	3.89183116835
1695	13.5158572409
1700	8.39483241929
1705	0.4
1710	3.78494106111
1715	5.21477014954
1720	2.46432671058
1725	1.05688672773
1730	0.4
1735	6.05129008177
1740	1.20629043309
1745	6.56932339965
1750	8.78663108175
1755	1.5112631313
1760	2.46301545496
1765	2.708697586
1770	13.4605241427
1775	0.4
1780	12.1439568851
1785	3.10456212378
1790	0.417798241574
