0	3.3532539584
5	8.76939891006
10	1.43329452161
15	5.13461339405
20	5.38879053007
25	5.68673316599
30	4.25316179883
35	2.21313933012
40	6.12206019874
45	3.69032087613
50	4.805429618
55	7.22125360514
60	3.84838357339
65	5.4417075293
70	2.34182649989
75	8.50966146944
80	4.90174606049
85	5.17505311388
90	3.1327236752
95	3.83774292577
100	3.14020157558
105	4.22994739124
110	1.0444210084
115	2.30325058481
120	5.99409536905
125	5.61349835772
130	3.96393667088
135	1.62946357485
140	4.85003295416
145	7.91810487097
150	3.86476249323
155	6.45995522833
160	3.06411825101
165	4.73231282917
170	7.44450101145
175	7.49210939399
180	3.42840740215
185	3.59536086038
190	6.96316542442
195	3.8550175281
200	2.19385790239
205	7.5013798639
210	2.62826679961
215	3.14731529412
220	7.20280571205
225	5.46727243277
230	7.22673863313
235	6.69569586993
240	11.8661099535
245	5.05767847784
250	2.74855158853
255	5.19910931486
260	2.98278557651
265	2.46264967795
270	4.79499028169
275	5.77822473094
280	6.43067575906
285	3.99387097701
290	6.96774438789
295	2.8145254766
300	2.55230267569
305	4.44292282166
310	5.39653248151
315	1.61038534928
320	4.0177108539
325	3.90581012443
330	3.28950231034
335	2.36658016618
340	4.11569994624
345	3.71719984783
350	3.11526504294
355	3.78927329985
360	3.05717409658
365	3.90443180062
370	6.74403192344
375	1.86067419592
380	3.13284822421
385	5.50475805085
390	3.55418347297
395	3.14094379121
400	5.86756708421
405	2.15922917112
410	3.52331090976
415	3.62512064646
420	4.48194903771
425	3.43458720826
430	4.05709233621
435	2.38746909404
440	3.51542845921
445	4.01023954725
450	5.28705313618
455	5.77031878277
460	6.37846185903
465	7.16560927012
470	1.53796646651
475	1.73258959023
480	4.13284824872
485	1.45679061018
490	3.67672345815
495	5.05417236592
500	2.92962365076
505	7.23605287207
510	2.41744907749
515	8.36469228751
520	5.26896933353
525	3.41831007943
530	5.36066677787
535	2.74439516229
540	2.47960726519
545	3.5960984587
550	4.15667703763
555	2.95665273869
560	4.05073791925
565	2.22538233656
570	7.57897075974
575	5.44880186477
580	4.36631795736
585	8.07106303841
590	3.77498730997
595	3.12515527529
600	8.12382078775
605	3.62726798746
610	3.97660569947
615	10.0184831536
620	0.446899733839
625	2.37397625035
630	4.75905079128
635	8.29727568446
640	1.85625914636
645	9.35851187914
650	5.12469330349
655	2.0718927703
660	3.17507144343
665	2.17410967258
670	10.0941989585
675	2.30065430478
680	5.81315505034
685	2.62208428041
690	2.83656547246
695	7.63623317648
700	5.50030455588
705	4.14706561407
710	4.25266038117
715	3.16007444036
720	1.94157576856
725	3.01957621489
730	1.58773236408
735	3.12962707008
740	2.78791942491
745	4.18441767304
750	5.87214160085
755	7.34974615185
760	2.08660082831
765	5.99087139515
770	5.12259265128
775	4.45431732595
780	5.01834784094
785	6.83458074307
790	5.79122191491
795	3.04321515731
800	3.06247003648
805	4.97078402951
810	5.49389037684
815	3.56782124582
820	8.31216082733
825	7.82158455451
830	2.1080765561
835	3.22208242334
840	5.47460049993
845	7.09951886103
850	6.67868151435
855	5.44261493002
860	2.68775721089
865	6.71880706122
870	3.60890277239
875	7.05441310736
880	3.25497286467
885	12.0120549777
890	11.6241785178
895	7.61286862698
900	2.55415757706
905	6.31896418682
910	2.87445149726
915	5.46247480705
920	2.62755947094
925	5.24894974373
930	2.32506181806
935	6.2670961801
940	10.802939958
945	2.99014315208
950	9.07517787581
955	4.48288544637
960	5.3421521786
965	7.49397553333
970	3.45987987267
975	5.49394137348
980	4.19807919658
985	8.92456386319
990	6.95258774317
995	2.99654284246
1000	3.42900613755
1005	6.07884426206
1010	2.05018458451
1015	3.19128461968
1020	6.31216833587
1025	2.71697257612
1030	4.52603422904
1035	2.47199722043
1040	6.65215919213
1045	6.52878944719
1050	4.36017626483
1055	6.23725445467
1060	3.54043634376
1065	6.261494452
1070	5.58264079149
1075	3.65149013837
1080	6.73104811495
1085	1.93274127176
1090	6.91046041211
1095	3.8301712837
1100	7.34298683867
1105	6.18003013141
1110	4.65531617459
1115	3.23961481282
1120	2.85443251201
1125	5.92942238094
1130	2.46623880875
1135	2.82728612523
1140	5.23517707582
1145	5.13095867626
1150	2.46777340884
1155	4.88241081972
1160	1.02395280404
1165	2.25270693858
1170	6.27268654892
1175	9.95093836257
1180	4.49342144425
1185	4.56503123611
1190	4.86695544142
1195	10.8143463706
1200	3.81142696247
1205	3.67301953091
1210	6.90145136282
1215	5.5960923081
1220	5.17744127176
1225	6.32610294169
1230	6.01637665054
1235	3.90358892472
1240	3.20025190428
1245	7.0578894373
1250	4.13895529826
1255	5.12850829469
1260	4.36838837423
1265	2.73885585285
1270	5.66560958219
1275	3.86658962129
1280	1.29368100498
1285	4.94611613449
1290	6.53608096721
1295	2.03285391773
1300	3.69104863986
1305	4.07845398138
1310	0.952882299011
1315	3.51023970811
1320	6.71363142763
1325	6.82401264177
1330	8.4996655668
1335	5.75759204793
1340	3.93870142698
1345	5.30332154587
1350	3.86145399115
1355	6.14309488225
1360	3.67515972454
1365	7.43981266259
1370	5.40168091156
1375	2.5132627068
1380	4.87461137854
1385	1.95461233905
1390	5.30402733156
1395	12.396482938
1400	6.84704444349
1405	1.68205036294
1410	9.70917459598
1415	13.064690694
1420	3.35201029774
1425	3.57952907512
1430	2.8138839817
1435	5.42084679575
1440	10.2909685371
1445	7.51754039423
1450	9.22672275793
1455	1.42716281976
1460	2.37703338407
1465	3.48540816939
1470	4.92578550603
1475	6.20356737625
1480	6.64727056133
1485	8.38679500128
1490	4.09858218362
1495	8.41378937618
1500	5.06283949269
1505	6.30748125364
1510	5.92042973454
1515	1.75773745694
1520	3.24549299787
1525	1.61194525629
1530	4.6682455393
1535	2.97845999922
1540	1.83592495887
1545	7.09294140167
1550	2.48311220898
1555	5.31943317657
1560	5.25119585838
1565	2.93130856502
1570	3.39661449931
1575	2.96979686406
1580	2.71001567025
1585	4.13060631542
1590	6.07936709242
1595	5.99639037772
1600	6.03595152762
