0	20.6554050839
5	14.710741648
10	19.7773645933
15	22.4369309202
20	25.1513387893
25	20.7291610047
30	24.1391709812
35	16.0690050836
40	15.6733235692
45	13.9633906541
50	15.016399786
55	20.5976654391
60	27.6904360498
65	19.9865260101
70	23.7960316887
75	29.1217448816
80	16.6176495843
85	14.4664492043
90	13.8821739906
95	12.8757543422
100	15.5769975824
105	15.7812722232
110	9.07248819616
115	23.6308564815
120	20.1150002454
125	16.9822582135
130	20.1528421829
135	27.4337525462
140	14.6376889436
145	13.3909047039
150	16.295868261
155	22.0216287149
160	22.0501840849
165	14.6544017968
170	22.5799452692
175	15.1554757309
180	17.0763454452
185	19.5623662126
190	20.759035207
195	29.2020573305
200	11.7413970887
205	27.275177306
210	23.8085355475
215	17.651907404
220	17.8087239845
225	19.5832920185
230	11.1604921584
235	16.8093662264
240	18.9846656665
245	28.1523818871
250	15.0548504361
255	18.711107453
260	16.9962021614
265	21.2033478668
270	17.3293162495
275	24.184694786
280	19.8859907648
285	23.6166700501
290	16.170033863
295	20.5761369651
300	20.9584450099
305	23.9591081685
310	19.8054807508
315	20.0411752436
320	17.9300838324
325	12.3804436528
330	20.0689113604
335	18.0314467663
340	22.8716643218
345	26.5398105228
350	22.5954062507
355	16.8121456397
360	19.5014753632
365	20.5159035695
370	17.9536257252
375	18.149856918
380	20.2491557655
385	27.6453979526
390	25.3623011309
395	25.8405040387
400	28.8924592814
405	31.0670597322
410	24.0699655065
415	22.3431488252
420	19.2728076258
425	11.4587189872
430	20.2415171196
435	21.7947655799
440	32.6772518639
445	28.7580157489
450	17.9750645779
455	25.5447348537
460	22.5723872453
465	12.4993057811
470	21.7483207271
475	20.7873770293
480	20.4223598238
485	21.0643906506
490	21.3630837179
495	27.3909239467
500	17.5578220703
505	26.1877546108
510	19.5069627613
515	23.6578997215
520	16.8250899108
525	21.2579037098
530	21.5798700085
535	18.623666755
540	28.808903018
545	21.9108776562
550	17.3247962005
555	24.4522298257
560	17.2197730123
565	15.9223728182
570	12.8547688039
575	15.5554426456
580	21.4807788986
585	21.1040620422
590	22.2017102578
595	22.1269858198
600	19.0730709587
605	31.5546335506
610	17.5983548915
615	25.2146687307
620	22.7667928385
625	23.8285091566
630	24.3614811771
635	17.1108983811
640	25.2795476295
645	23.5078335101
650	14.9702975346
655	27.2055654651
660	16.7884307378
665	14.1613293734
670	25.3588373322
675	22.9523922712
680	24.4121786127
685	17.3925683386
690	32.1017792489
695	24.5940060742
700	15.3875511619
705	15.6509650455
710	16.21296324
715	14.3448555742
720	24.0929655855
725	29.0385172334
730	15.0836938198
735	20.2672470579
740	13.1413490002
745	27.5303730543
750	25.2316869996
755	19.1617092597
760	23.4655365465
765	24.480076493
770	16.6914939324
775	17.2686098196
780	24.1277831914
785	14.9988320033
790	21.2976221069
795	18.0262622964
800	18.7525475312
805	18.3778065109
810	19.2148626549
815	28.1759302177
820	17.9135265104
825	16.2566480991
830	26.5895351739
835	18.8828604377
840	22.2291254221
845	19.4201302735
850	24.1517213557
855	18.3386536547
860	18.7547614526
865	18.7823252061
870	16.4712645566
875	16.0618747757
880	17.8662437961
885	17.8484244766
890	20.0402906169
895	21.0654737855
900	22.9131263949
905	17.6826372635
910	18.2748955274
915	14.1819854155
920	15.2802808777
925	21.397416299
930	22.8397713818
935	23.4809640072
940	13.8139389599
945	19.3312494004
950	11.9787561586
955	23.666339223
960	27.7598079056
965	16.396422037
970	22.527818365
975	29.1787087784
980	27.9411225925
985	24.5805557767
990	13.3450842429
995	24.4676825535
1000	26.221439999
1005	25.1964681671
1010	29.1136329763
1015	17.6469867944
1020	21.3893243556
1025	20.6077109512
1030	21.5246020931
1035	29.3701818873
1040	18.2790348444
1045	30.3329677571
1050	17.0832112861
1055	21.3746803627
1060	18.7303482231
1065	16.6379920628
1070	18.2525086417
1075	21.1177218251
1080	23.5903233509
1085	20.199196647
1090	18.6090526544
1095	10.638080178
1100	21.4887035775
1105	20.8774106609
1110	26.4269261006
1115	17.0912652204
1120	20.2714534673
1125	24.8172734285
1130	16.3396646875
1135	22.388117612
1140	13.6040671198
1145	25.6270342503
1150	24.182612287
1155	15.7674447209
1160	16.9229151333
1165	22.3218492774
1170	21.5624013972
1175	24.6568319576
1180	22.7480856999
1185	25.9666198351
1190	28.0407105783
1195	16.8533919754
1200	22.5271438036
1205	15.3480068942
1210	24.1300140758
1215	17.8503185275
1220	36.2768041323
1225	27.4832218114
1230	36.0389641816
1235	20.4189192398
1240	13.8957438933
1245	26.0350189101
1250	19.2796030084
1255	22.3856029801
1260	22.6819271829
1265	22.1459833193
1270	15.4934991125
1275	25.0596481247
1280	29.2802949834
1285	18.1024555457
1290	28.4845353185
1295	26.0518903579
1300	19.0156557184
1305	21.7943708339
1310	13.2429878048
1315	18.8775705654
1320	17.9227624048
1325	17.7338096716
1330	20.6272908269
1335	20.4619618254
1340	13.989973358
1345	21.5616455483
1350	27.0002468112
1355	26.8873343486
1360	21.7078282151
1365	24.7566580108
1370	19.671339783
1375	32.4266837853
1380	18.4078188819
1385	24.9244294014
1390	26.4537177159
1395	15.6379470439
1400	19.8483325747
1405	21.5674658849
1410	12.2374089164
1415	15.3257397921
1420	22.35643657
1425	14.36468615
1430	22.5633248084
1435	34.574157967
1440	20.9977536367
1445	16.3558005496
1450	28.6905844968
1455	25.0241756733
1460	16.563318538
1465	19.5632847051
1470	22.9150204212
1475	10.1976019725
1480	13.566774035
1485	12.5536293082
1490	13.2774652964
1495	20.7279512951
1500	22.7000934526
1505	14.024314024
1510	15.9296294644
1515	19.0858481051
1520	14.921067609
1525	17.2311667754
1530	19.7128473474
1535	29.2117789793
1540	17.4316121152
1545	21.5368356345
1550	22.4628496668
1555	26.9811159951
1560	19.5132403385
1565	15.2754582364
1570	21.1539766647
1575	21.7913862352
1580	19.210522197
1585	30.5345933588
1590	17.9673139439
1595	26.7023156151
1600	29.6534807974
1605	22.2147959535
1610	17.8103929579
1615	17.6772329214
1620	20.7542245259
1625	23.5448266328
1630	22.2163683185
1635	16.7912855485
1640	27.9302773205
1645	19.9597466349
1650	17.8665967816
