0	0.763108851968
5	0.4
10	0.4
15	0.548341216067
20	0.4
25	0.4
30	0.4
35	0.4
40	0.4
45	0.4
50	0.4
55	7.36818908167
60	0.4
65	0.475161081115
70	1.12304453372
75	0.4
80	0.4
85	0.4
90	0.4
95	11.4943070479
100	0.783661116044
105	0.4
110	1.67616920486
115	0.4
120	0.755282767117
125	52.7878661158
130	8.71327609967
135	0.4
140	0.4
145	5.45953652811
150	0.4
155	0.736455771284
160	0.4
165	0.937111890483
170	0.4
175	0.4
180	0.4
185	0.616123679918
190	0.762654555721
195	2.24515204929
200	6.0216143783
205	0.4
210	1.00482010674
215	0.4
220	0.4
225	0.862717233811
230	15.4846127912
235	0.4
240	0.4
245	0.4
250	1.77500106292
255	3.46432879923
260	2.89003555562
265	4.30100601666
270	0.4
275	0.4
280	1.02228183078
285	0.4
290	3.88135584363
295	10.6558469092
300	0.546898705342
305	0.4
310	0.592390229016
315	1.9091196535
320	0.4
325	18.575243238
330	0.4
335	0.446722903596
340	0.4
345	0.4
350	1.50761834498
355	11.9769337003
360	0.4
365	32.6221008191
370	6.80914546269
375	0.4
380	22.3496528393
385	0.4
390	1.67782087183
395	0.4
400	0.4
405	1.06238512215
410	0.779827472618
415	3.55548038943
420	0.4
425	0.543459793587
430	14.2649474948
435	3.31783199946
440	4.61340858243
445	1.45458490895
450	5.24090388067
455	0.4
460	0.4
465	1.39073421635
470	3.49935248994
475	13.1792301403
480	0.4
485	1.3859842572
490	0.4
495	0.4
500	5.15943575378
505	0.4
510	0.4
515	0.4
520	1.27866635146
525	10.2387821112
530	0.4
535	0.4
540	0.4
545	0.4
550	0.4
555	1.27859556379
560	0.4
565	5.96042211099
570	0.4
575	0.4
580	0.4
585	0.4
590	0.4
595	14.867251381
600	6.81442194758
605	0.4
610	4.3950804757
615	1.15919732057
620	2.52482907881
625	0.4
630	0.4
635	1.34054018291
640	0.4
645	0.891205352763
650	0.896634165411
655	3.32249340445
660	11.6893089068
665	0.4
670	1.52673656184
675	0.4
680	0.4
685	0.438066153866
690	0.734527637309
695	3.34201214492
700	1.74049425751
705	0.4
710	0.4
715	10.774771973
720	0.4
725	0.4
730	0.4
735	1.52759973159
740	7.52022348135
745	2.5089915528
750	0.4
755	0.4
760	0.4
765	0.4
770	0.4
775	0.4
780	0.982180326045
785	0.4
790	0.4
795	0.4
800	0.4
805	0.4
810	1.24817508594
815	0.4
820	24.5021484029
825	0.639476334842
830	0.4
835	0.767424821468
840	0.4
845	4.62763403962
850	0.448851088025
855	1.90844794611
860	1.13994902804
865	4.08535370931
870	0.924349530519
875	1.76883022536
880	0.4
885	0.4
890	17.9090275335
895	0.4
900	0.403023916563
905	0.4
910	4.90188454
915	0.4
920	0.4
925	1.36163729906
930	0.4
935	0.4
940	0.56810091545
945	2.83101975976
950	0.4
955	17.9777314324
960	0.4
965	0.4
970	10.2493405943
975	0.4
980	0.4
985	0.4
990	1.59158719114
995	0.4
1000	0.4
1005	3.02715506272
1010	0.4
1015	20.8967202612
1020	5.37024774126
1025	0.4
1030	0.630407946602
1035	0.4
1040	0.4
1045	2.00858205917
1050	3.26172948842
1055	2.2944040923
1060	0.4
1065	0.4
1070	21.3374797661
1075	0.898382593819
1080	0.4
1085	0.4
1090	0.4
1095	2.30108342742
1100	0.4
1105	0.4
1110	0.4
1115	2.92553996099
1120	2.2277240991
1125	0.530462454515
1130	8.99062374781
1135	0.4
1140	4.56529244667
1145	0.4
1150	0.4
1155	0.4
1160	0.4
1165	0.4
1170	1.37319965829
1175	0.4
1180	0.515562000391
1185	3.49158590378
1190	0.456313794725
1195	0.4
1200	0.4
1205	5.60392076443
1210	0.4
1215	0.4
1220	1.94955577154
1225	0.411114452928
1230	0.4
1235	2.7327299427
1240	0.4
1245	0.4
1250	0.4
1255	2.19180239412
1260	0.4
1265	0.4
1270	0.4
1275	0.4
1280	17.0559826701
1285	0.4
1290	5.13346872463
1295	0.571840791632
1300	2.16456789717
1305	3.64326869192
1310	6.60671411064
1315	1.02388310239
1320	0.4
1325	2.40243332035
1330	7.56520171347
1335	0.4
1340	2.81055991308
1345	0.4
1350	0.4
1355	0.600048723209
1360	0.4
1365	0.4
1370	0.4
1375	0.4
1380	0.4
1385	0.4
1390	12.5647069209
1395	4.19255844991
1400	0.949516511024
1405	0.4
1410	11.4300865074
1415	0.4
1420	1.95761811527
1425	3.87177104777
1430	10.8085591435
1435	20.2258204239
1440	3.52570255408
1445	0.4
1450	0.4
1455	2.2836336819
1460	0.4
1465	3.65503043844
1470	2.60137044643
1475	0.530590200932
1480	4.23515287712
1485	27.1964582775
1490	0.4
1495	0.4
1500	0.51516079924
1505	8.92746463865
1510	0.433801481537
1515	0.4
1520	16.9038409674
1525	1.21320333753
1530	0.4
1535	2.38016236412
1540	0.453488985299
1545	21.6642496759
1550	0.4
1555	0.4
1560	24.8683300961
1565	0.4
1570	3.97264688463
1575	5.36077411268
1580	0.4
1585	0.4
1590	0.4
1595	3.78190556664
