0	4.2831618798
5	0.4
10	4.46067990736
15	2.83775363772
20	0.606685101842
25	9.43848968168
30	4.92440359217
35	13.645443985
40	11.9642477497
45	6.6887007531
50	0.4
55	0.4
60	0.4
65	2.10058117113
70	11.9545975915
75	8.3719489506
80	0.995670231967
85	8.67996080085
90	2.09803352126
95	0.765420737545
100	0.4
105	0.539697342022
110	0.651033888398
115	10.6010304413
120	1.28630688088
125	6.52218134821
130	2.70375582419
135	5.18936442927
140	0.4
145	0.814783174889
150	10.0474980848
155	6.52680602526
160	9.69776401936
165	3.9312218147
170	9.68720616136
175	22.6526094035
180	0.558620316417
185	3.53895385223
190	5.61406653863
195	8.19951185239
200	1.14713538086
205	1.44370438387
210	8.58673899146
215	6.48422922369
220	0.4
225	3.05079871013
230	5.21084833292
235	1.58057979396
240	15.2716254092
245	0.568623574019
250	0.412111713384
255	1.43743439177
260	6.95181186218
265	0.804313931809
270	0.4
275	1.65939982028
280	0.427860008718
285	2.80173203019
290	2.86631006174
295	8.61677687499
300	1.3304140539
305	0.4
310	0.4
315	1.94155247801
320	0.4
325	1.49807303668
330	0.993302666773
335	1.50799391288
340	0.4
345	11.4132605598
350	2.47319181877
355	22.4517286481
360	0.4
365	13.7687023156
370	0.952448497607
375	0.4
380	0.4
385	11.1264200523
390	10.2860957195
395	3.56245851788
400	57.0818328911
405	1.20265445187
410	1.91858836049
415	0.4
420	4.74308624297
425	4.62225669249
430	0.971265729465
435	0.552942960706
440	5.28839884525
445	13.0526839542
450	0.722535568916
455	0.4
460	0.4
465	28.8680634221
470	0.4
475	6.42010949124
480	0.4
485	4.3812728964
490	15.4936242659
495	7.87727051003
500	11.1998648657
505	1.47706928862
510	57.2834251719
515	6.49089207204
520	12.4999028849
525	1.82591662908
530	0.4
535	1.3954535702
540	0.4
545	12.9396651735
550	8.66562339791
555	0.4
560	4.13296328705
565	11.0639980179
570	0.515393095918
575	1.42539980032
580	0.985542791556
585	0.4
590	1.72542280497
595	11.8770733996
600	4.49501225978
605	0.4
610	4.47229616473
615	0.775945272494
620	0.957802497357
625	0.845758432387
630	0.4
635	3.95726272517
640	0.531194548495
645	0.4
650	2.79002339944
655	1.06174835346
660	1.91245105996
665	0.721395473707
670	0.4
675	12.1646361397
680	6.83703869327
685	9.57636035846
690	0.565029424353
695	0.977946859227
700	3.4202304998
705	7.26371031532
710	5.99362851879
715	0.4
720	25.1946940497
725	0.4
730	3.16859809495
735	1.15921936492
740	23.7523310637
745	11.4767584814
750	0.4
755	0.4
760	3.13815131609
765	4.93947451854
770	11.4896174981
775	1.65613450577
780	14.0044448803
785	0.4
790	5.89755797719
795	6.24209085877
800	6.87710617379
805	0.4
810	8.48976397034
815	2.23269879656
820	0.4
825	0.4
830	0.4
835	1.09986734083
840	0.823509025503
845	5.80867757069
850	17.3040367507
855	18.7992368148
860	1.26544566314
865	25.0806334244
870	19.9248001821
875	0.922211357322
880	2.79981533407
885	0.4
890	4.06451277676
895	3.64964580955
900	0.873346808169
905	1.94946046814
910	8.47501979617
915	3.38183224055
920	0.4
925	0.4
930	2.08075449239
935	0.577651507275
940	0.791706561167
945	3.62643185564
950	16.1260349274
955	4.31264771531
960	3.81575130349
965	0.707796370463
970	11.0519149885
975	0.584243302392
980	0.415533962097
985	8.13854654724
990	0.4
995	0.4
1000	3.9601225718
1005	7.22620644412
1010	0.813647213828
1015	7.82965383664
1020	0.4
1025	2.14415550459
1030	0.4
1035	5.54003533247
1040	1.08792806446
1045	2.49430405983
1050	1.28809421665
1055	2.6824869851
1060	1.58359462935
1065	0.4
1070	0.40694343944
1075	18.6363097142
1080	0.4
1085	0.440402520443
1090	2.47393062264
1095	2.79656689892
1100	2.09355080791
1105	0.517360412705
1110	20.2421043896
1115	0.4
1120	51.0698677945
1125	3.21937448766
1130	0.4
1135	1.80753396731
1140	0.4
1145	1.1876213236
1150	0.757569911364
1155	7.5871987681
1160	1.81310367727
1165	3.9873312719
1170	10.7882581638
1175	0.837888694258
1180	6.62428479734
1185	2.74835242821
1190	0.4
1195	1.59761196069
1200	17.7895711283
1205	19.437960597
1210	7.58738174874
1215	2.30609576238
1220	0.4
1225	0.55203983649
1230	0.4
1235	13.6988003141
1240	5.28714026962
1245	0.4
1250	2.52927052336
1255	0.569415390811
1260	8.32255051176
1265	7.81931055213
1270	19.0202191245
1275	0.4
1280	12.1164339634
1285	2.35311823365
1290	0.4
1295	7.89827246417
1300	0.4
1305	1.32934075337
1310	1.01891368907
1315	1.49456894212
1320	1.22719443986
1325	18.1673758569
1330	0.496073562242
1335	4.45752270349
1340	2.86175255158
1345	3.14953486674
1350	0.4
1355	0.4
1360	12.0046203495
1365	0.4
1370	19.0811753502
1375	12.884861925
1380	1.47357930195
1385	0.555166565042
1390	3.0687046197
1395	5.45515760413
1400	0.4
1405	0.4
1410	0.4
1415	1.90758604976
1420	0.42536828984
1425	6.0406336216
1430	15.7826735309
1435	0.4
1440	3.00832853167
1445	8.56935553486
1450	7.31984948314
1455	7.83122080149
1460	0.4
1465	14.7681404254
1470	6.00888905505
1475	0.4
1480	0.564340620327
1485	2.35286939663
1490	2.32051948466
1495	25.0140985597
1500	0.4
1505	3.40888686918
1510	3.40644523269
1515	3.51279283158
1520	3.05140424263
1525	0.608807017024
1530	5.96046020455
1535	2.90244063697
1540	0.4
1545	0.4
1550	4.44835686152
1555	0.4
1560	5.11025541173
1565	24.3274069185
1570	0.418393824191
1575	9.23103170159
1580	0.4
1585	0.849874515912
1590	0.472080757139
1595	3.7811975944
1600	0.4
1605	0.501039258965
1610	0.976912186925
1615	19.7357581017
1620	2.19442557477
1625	2.77063583063
1630	6.54442193967
1635	0.4
1640	0.4
1645	0.4
1650	2.17899248003
1655	0.4
1660	0.4
1665	11.6710309706
1670	0.4
1675	1.26013369014
1680	5.16345577852
1685	3.24955501694
1690	0.783265841645
1695	4.28356299829
1700	8.08320570377
1705	4.63180813361
1710	1.69840515439
1715	4.55847571352
1720	0.4
1725	0.4
1730	0.4
1735	0.4
1740	0.4
1745	12.3904970629
1750	2.58617768252
1755	15.3226315839
1760	6.07207748737
1765	5.58097762513
1770	1.44548663337
1775	0.736116976657
1780	7.42476559066
1785	1.02487286128
1790	0.765838026847
1795	3.0808214725
1800	2.5957718992
1805	7.08847251492
1810	0.4
1815	1.47878966119
1820	40.0453438738
1825	0.4
1830	5.35624269713
1835	1.38255529578
1840	3.78057550609
1845	23.2386074999
1850	0.4
1855	7.09808454074
1860	1.84132301199
1865	0.4
1870	0.4
1875	3.04175300328
1880	0.5176576445
1885	21.5123240819
1890	3.14311834519
1895	1.02595758343
1900	4.08856590197
1905	0.4
1910	0.4
1915	8.37437650302
1920	0.4
1925	0.961369198434
1930	0.4
1935	0.968027056822
1940	0.897248707052
1945	1.11405473705
