0	8.6206630351
5	0.987654430459
10	4.82833107434
15	5.49193835867
20	4.17865248915
25	1.40781485864
30	0.4
35	3.90252099147
40	0.4
45	1.35370290271
50	8.70715644679
55	9.63177583464
60	14.8870746489
65	1.37932101855
70	18.3373022998
75	0.866977106833
80	5.03524695472
85	10.9688341243
90	9.3280831708
95	3.01290414558
100	0.949207567694
105	3.71006241554
110	3.65475388599
115	2.87223200085
120	0.4
125	17.4677283452
130	3.18520840216
135	11.256126586
140	7.96502366499
145	4.11426816907
150	3.8464531354
155	18.2598776262
160	4.95807479963
165	5.23542467491
170	5.43097877982
175	0.636724599028
180	3.59477398741
185	4.96885229615
190	10.2959469988
195	36.0029054207
200	0.419116003549
205	1.70925230921
210	8.43149577663
215	0.4
220	0.4
225	9.00211563004
230	16.4005440088
235	9.66101311158
240	6.16334887442
245	7.77877757529
250	11.3071531441
255	1.06363792377
260	3.80007711712
265	0.4
270	0.4
275	4.35255790502
280	0.4
285	0.4
290	39.7370039112
295	10.1138403967
300	4.86387657777
305	10.8615422418
310	22.9374319972
315	11.9359961746
320	3.9702048972
325	25.6776480227
330	5.07803995324
335	0.4
340	29.9165214785
345	2.53663951422
350	2.67788438045
355	4.05389958103
360	3.24285216126
365	14.5586717277
370	21.2521475455
375	37.002346258
380	3.37354566785
385	0.918384085584
390	4.66710785458
395	11.6975385226
400	22.0265932006
405	7.74711188826
410	0.4
415	3.20127380642
420	6.17724919975
425	17.0043491998
430	1.6616788305
435	24.4748958044
440	19.0905459822
445	2.97801354127
450	1.61206239463
455	17.6571608557
460	1.79871411841
465	2.40057111093
470	1.93855669034
475	2.54480602602
480	0.4
485	0.4
490	12.5248678427
495	8.17009262511
500	4.33979917677
505	4.30430651516
510	7.95917966187
515	33.9871010089
520	12.2601212407
525	20.8211561144
530	18.5689768591
535	2.6473049916
540	2.20383911031
545	8.4238857473
550	3.7611015371
555	3.44411182434
560	3.55992638499
565	0.4
570	0.4
575	1.16101346434
580	0.837412477677
585	12.3634466619
590	6.95740836765
595	0.4
600	6.95168213116
605	3.25024161143
610	17.5170144255
615	4.77514192522
620	4.60518526873
625	3.35651318538
630	10.3336411678
635	8.93613707228
640	0.4
645	0.4
650	11.0105920866
655	3.63381264252
660	7.14571358249
665	0.97518086279
670	7.86112827042
675	6.26120277614
680	26.3032200445
685	11.6229300253
690	2.55159874473
695	4.98304204619
700	32.2277999605
705	4.31337312471
710	12.4533239129
715	0.97401737874
720	7.12303693516
725	12.0598042782
730	33.0274317702
735	3.36027400013
740	2.86539321353
745	0.4
750	24.3120964814
755	1.38289161511
760	5.78969417144
765	10.0245567422
770	28.7836401886
775	11.561139808
780	0.4
785	11.0436965337
790	4.10821125975
795	2.7916676079
800	10.0211983768
805	11.302869303
810	3.04690803697
815	12.7936061837
820	8.63097117024
825	6.32681856235
830	6.59813528923
835	4.57844064946
840	20.8112364585
845	7.33769451816
850	26.0095821275
855	6.18738287516
860	0.985952454108
865	16.2135829032
870	1.37572831163
875	4.01965406282
880	0.914911520414
885	0.4
890	4.55408480581
895	2.08655207235
900	6.91661755159
905	17.4378527464
910	21.8282641127
915	2.30519800049
920	4.92373625878
925	1.6748303969
930	6.60297724624
935	0.711206250462
940	0.4
945	12.3136067053
950	2.9383542751
955	2.60303522983
960	0.4
965	10.0895784881
970	1.28403569234
975	4.94012235725
980	26.3501490837
985	29.6714930553
990	1.77321038482
995	26.3894564643
1000	1.36723768708
1005	1.07531719241
1010	19.0742576916
1015	23.280550282
1020	11.7582650703
1025	10.5938201201
1030	8.7479649392
1035	10.4100487015
1040	0.4
1045	6.5723776193
1050	2.97301984364
1055	2.86544613695
1060	1.09373582537
1065	5.48379313305
1070	18.9630241938
1075	7.71632021221
1080	4.17845254392
1085	5.19299013317
1090	6.97544903316
1095	6.30349877709
1100	1.23268716168
1105	37.7963459559
1110	0.4
1115	5.16453452573
1120	13.3151008172
1125	13.8378039763
1130	6.58678601539
1135	14.2150857849
1140	3.64321969638
1145	12.1387048707
1150	3.31273786046
1155	24.9952149699
1160	39.7960343101
1165	12.5369841938
1170	0.47524364555
1175	28.7853440401
1180	10.1587482237
1185	1.00384858871
1190	0.4
1195	4.03013084149
1200	28.8756816898
1205	9.30469266565
1210	25.7615469181
1215	13.6960690058
1220	3.84114382347
1225	31.5507758684
1230	6.64161066821
1235	1.15700392838
1240	12.54668536
1245	14.8286960769
1250	8.63373358468
1255	8.03559161277
1260	23.8975059572
1265	2.79655743128
1270	6.18891712898
1275	22.6822111374
1280	0.4
1285	22.0536511787
1290	20.6620426505
1295	7.63840920858
1300	1.00313219153
1305	1.35932791199
1310	20.8424313997
1315	8.82767634953
1320	11.8877785315
1325	3.41827523575
1330	12.8265110357
1335	0.4
1340	1.23743020538
1345	6.26549093672
1350	1.93008933104
1355	7.45790554173
1360	7.57670388936
1365	0.4
1370	4.05070243935
1375	0.686924584131
1380	7.91148066306
1385	3.70346190271
1390	18.1020148936
1395	3.3519924395
1400	1.26818522178
1405	24.3158532156
1410	10.6768874405
1415	5.17334505269
1420	7.41267402534
1425	6.64969366259
1430	1.23164743857
1435	2.68649603793
1440	3.0049654435
1445	32.8235785303
1450	24.1732807745
1455	5.58651192853
1460	25.4141184216
1465	23.6578293662
1470	0.788021895277
1475	0.4
1480	3.32793384151
1485	21.8516498121
1490	4.23974910408
1495	3.55467363269
1500	0.4
1505	1.47322883486
1510	1.2053241274
1515	0.4
1520	4.13498566404
1525	18.5584303951
1530	5.91228109247
1535	1.78094606192
1540	0.4
1545	6.91559396001
1550	5.74710416317
1555	12.7267017363
1560	1.7530454785
1565	6.38187224738
1570	0.4
1575	2.30235988897
1580	3.37477379465
1585	0.906477403616
1590	25.9791704748
1595	1.49646619902
1600	1.27721808943
1605	0.4
1610	12.4451886635
1615	29.3003825575
1620	11.8809787927
1625	7.26434460349
1630	30.1688237056
1635	1.89816210469
1640	5.20900035414
1645	7.98824193855
1650	28.1620413705
1655	28.231563655
1660	11.9819869276
1665	0.4
1670	0.892885295327
1675	7.721951496
1680	16.122094661
1685	9.74017649022
1690	2.4073281652
1695	4.81337757821
1700	23.1630910189
1705	15.7101109532
1710	5.71248595495
1715	14.8679862064
1720	3.76680662647
1725	2.1123978677
1730	8.19638785455
1735	5.54214455155
1740	0.4
1745	5.40751005845
1750	3.21462059843
1755	8.53933359096
1760	3.43111399559
1765	5.01239146596
1770	6.77614425604
1775	4.79950889835
1780	9.06681013407
1785	1.69025793869
1790	26.9700063637
1795	1.87711613957
1800	6.8515592153
1805	5.26719736057
1810	0.808140072502
1815	10.8009915191
1820	21.5322164589
1825	25.3052069892
1830	12.1263517228
1835	11.0475919226
1840	0.4
1845	21.18018393
1850	7.19368424746
1855	16.420776444
1860	0.75240919625
1865	1.31226997513
1870	11.5942080286
1875	6.0245599342
1880	6.92852934543
1885	3.7191145289
1890	92.706880635
1895	13.0159618402
1900	7.64469568777
