0	24.5886387815
5	33.1386806484
10	32.9685961484
15	38.7924623097
20	64.8297124309
25	31.3727200321
30	36.5006617742
35	28.1264249188
40	29.948661478
45	30.2205913879
50	30.3899617681
55	16.8891555617
60	45.7695788566
65	44.9014070695
70	60.6787247408
75	27.1266780788
80	62.6156870343
85	27.0132682214
90	18.6470147616
95	31.2199154408
100	66.8655049089
105	24.6065502749
110	48.4957984446
115	43.6568157054
120	30.1079582627
125	19.988070994
130	37.4452911475
135	65.3928026197
140	28.8479213586
145	12.8463967528
150	30.7543170089
155	68.3831909761
160	35.6086279437
165	31.387052064
170	23.2375356494
175	28.9188726447
180	18.8037861971
185	24.0176115863
190	19.6545952433
195	12.2108148698
200	50.1264448134
205	11.5603102836
210	41.6994443055
215	24.5165933754
220	42.3281067478
225	17.6055814279
230	48.9274297854
235	31.2230287041
240	28.6245477208
245	41.5708917231
250	36.3312688696
255	31.9637394348
260	21.602232455
265	24.1443432174
270	37.1001003902
275	28.3428719392
280	23.7682723535
285	22.1041404781
290	25.1814642639
295	49.1549380019
300	62.7595387411
305	26.3815430794
310	25.2548242801
315	21.6609617096
320	24.5778313251
325	24.3554779156
330	45.0778891222
335	12.3284248714
340	44.2285248553
345	49.8890985652
350	30.3289373706
355	12.681161432
360	35.0704428948
365	22.4397349521
370	26.1903572339
375	18.7500529504
380	31.4462400658
385	21.9298987453
390	41.4751219164
395	30.2105092243
400	45.0506933458
405	21.3118883511
410	14.824322867
415	21.2473743195
420	37.2721871105
425	44.4259242656
430	21.8346729734
435	25.5688013769
440	44.2061557941
445	23.9688827818
450	35.704040038
455	22.542445043
460	29.2623593002
465	31.7183348484
470	17.3907918303
475	24.9136050038
480	28.8544325977
485	59.4061334808
490	31.4812069037
495	51.1771401179
500	33.5493383816
505	24.8266780552
510	16.4587698555
515	49.5849566721
520	29.5432322173
525	13.4307203652
530	25.4304128026
535	15.7494771912
540	24.5300607159
545	7.56246294137
550	23.2492553043
555	30.623313045
560	34.4046632405
565	26.847125003
570	60.2495038665
575	33.4966195627
580	23.7488268407
585	24.8460528965
590	24.7631747211
595	27.2751985358
600	49.4897215807
605	24.3788725217
610	38.2536801017
615	32.7053892944
620	40.2250006793
625	55.3663139578
630	12.8663986492
635	35.2587132978
640	14.164023544
645	33.1382922505
650	45.9878649158
655	39.7011023203
660	42.4906763148
665	18.1901325716
670	32.6571517085
675	18.8286639445
680	15.8376171392
685	35.1518102054
690	33.7194318237
695	11.478002798
700	36.5646091553
705	36.8424850052
710	31.5437756651
715	24.480895766
720	28.3411232562
725	33.7995559073
730	19.6722947822
735	14.6413394819
740	53.0175309269
745	51.7012734091
750	13.2813878936
755	52.6914865358
760	40.8239781383
765	39.8336845695
770	17.7301201641
775	26.9864778029
780	22.9706029943
785	21.2071001916
790	16.7500261617
795	38.3588767851
800	35.632754789
805	84.510502419
810	31.4063058958
815	35.1001718823
820	18.0722450001
825	28.2971999756
830	35.8386724358
835	39.5081339923
840	31.2284500476
845	24.4578665591
850	35.4262090388
855	30.3447482806
860	49.6500872559
865	12.7882157194
870	23.4559387619
875	30.3948938771
880	26.982177402
885	35.3846227089
890	29.0721201857
895	23.2556352473
900	28.4593458794
905	39.8125338609
910	38.650812629
915	31.3742096533
920	39.5874941787
925	19.181337637
930	25.5188497775
935	23.9918211864
940	21.8421613798
945	26.3886061308
950	27.539535371
955	35.3654476151
960	28.8539536216
965	30.3400161647
970	18.8223025776
975	25.4075341001
980	39.8496292758
985	19.6272872295
990	34.5133238461
995	36.529379746
1000	58.9003335996
1005	32.6462548858
1010	19.736865038
1015	5.45615973656
1020	23.9860412192
1025	23.8774011391
1030	27.5835027093
1035	30.5134823954
1040	33.6696023109
1045	19.8145124365
1050	16.6925325965
1055	25.36905334
1060	38.727560143
1065	22.1298987706
1070	45.629278326
1075	27.1265271748
1080	12.8370455607
1085	35.0114482841
1090	21.7237489166
1095	34.5559456369
1100	16.1728603487
1105	31.390317414
1110	13.6527173974
1115	41.5174895058
1120	25.7183937725
1125	15.9205047002
1130	41.2963039378
1135	36.4835751746
1140	41.1577842972
1145	41.5445252381
1150	31.2734359888
1155	48.1673120469
1160	22.1705203722
1165	16.9295810843
1170	27.2152972577
1175	22.980219417
1180	25.3195072408
1185	19.5559341709
1190	35.536644774
1195	30.8478219735
1200	34.0537170837
1205	27.8416856625
1210	33.2614244922
1215	30.6697418143
1220	37.572074313
1225	16.2198370164
1230	29.7745217221
1235	30.669467492
1240	29.6265494847
1245	42.5441927192
1250	26.0645084246
1255	30.3084153207
1260	39.6478982694
1265	19.8304908751
1270	27.6336273392
1275	29.4355297891
1280	33.0062379226
1285	34.1956640986
1290	42.0268003261
1295	33.8759922527
1300	30.9164111598
1305	36.7621068273
1310	29.348636037
1315	32.2023235219
1320	38.2624114958
1325	34.2299876205
1330	30.1337889365
1335	28.6401811036
1340	32.2948405854
1345	27.2058348477
1350	36.9392646266
1355	12.4247771417
1360	23.5292511628
1365	41.9098861401
1370	43.5158312009
1375	33.6672425913
1380	26.8200299599
1385	44.7285632281
1390	28.3338926148
1395	17.8227876481
1400	31.9668973858
1405	43.8602936762
1410	16.0734377744
1415	15.96990318
1420	12.4867393119
1425	24.2024773028
1430	86.3438631267
1435	49.3170172769
1440	30.6196657492
1445	43.3449453039
1450	46.7344200822
1455	30.6329142061
1460	34.2399024865
1465	37.7052530446
1470	39.4738969591
1475	34.9011952085
1480	27.0744164275
1485	55.2877041721
1490	40.8044931719
1495	31.2473296689
1500	27.8295603163
1505	19.7297172854
