0	34.4800043986
5	25.7345094124
10	27.604850558
15	23.6304448484
20	23.0956548245
25	12.0295933326
30	58.8837332613
35	64.4569404771
40	67.0841079423
45	19.6624528106
50	45.2144852802
55	67.0633875096
60	21.4656080012
65	25.3026360391
70	23.8893268462
75	40.8557316733
80	23.1033100594
85	20.9578952683
90	32.659101713
95	32.218309061
100	23.3856795856
105	34.1273329182
110	17.9317830343
115	54.6116381488
120	50.8200993253
125	63.0996676831
130	28.2668431286
135	8.80765089126
140	28.4139047466
145	26.0140241494
150	71.0704937157
155	74.8053875336
160	27.8908411994
165	54.2461496268
170	32.7029478328
175	23.4547881141
180	25.154057006
185	37.0369020873
190	45.7557425872
195	35.5757144328
200	39.0392854189
205	70.9148864178
210	36.6572901102
215	31.7969889654
220	66.2269059457
225	17.6388071345
230	37.5295547137
235	42.4680794081
240	14.4730142137
245	25.0903125917
250	53.5291090656
255	26.0076296377
260	56.2097022375
265	46.1979432835
270	21.3038795598
275	29.0871357606
280	27.9255123512
285	18.3138596774
290	18.5068765734
295	11.6036439157
300	27.0665657512
305	20.387583386
310	24.8618892721
315	27.7977822785
320	48.6589270272
325	43.4868574109
330	41.9334950993
335	49.5789326081
340	35.9577457342
345	40.9608644203
350	46.6899098042
355	33.88334221
360	28.7052766635
365	39.2808092238
370	64.7473309908
375	24.4196805663
380	46.47938525
385	12.1793460233
390	47.6224500325
395	31.2702217932
400	26.6566200845
405	36.6019469715
410	56.5182022992
415	84.5227102518
420	35.4869161333
425	31.8964500477
430	24.8718797072
435	23.6358854564
440	40.7229103752
445	22.7080287046
450	35.4425598549
455	18.8447194257
460	21.9677777878
465	50.4838485522
470	30.7276253512
475	31.1103073353
480	64.3089542782
485	56.7759461198
490	44.1863382183
495	44.4317260976
500	41.9170228692
505	47.4036151576
510	60.1505348426
515	29.9270317233
520	30.5654172375
525	40.7630907834
530	33.7487157006
535	19.2637360966
540	34.2873035742
545	59.0916423326
550	26.6289156626
555	29.2447255205
560	36.6299338825
565	34.3406840882
570	48.0928928832
575	33.9958053214
580	53.3960148044
585	31.6467833578
590	93.8402040536
595	85.1557184003
600	17.3332710292
605	32.4147435974
610	52.255071937
615	36.4561083272
620	39.446827633
625	45.6758377959
630	31.5411515363
635	21.5526108445
640	37.7749322313
645	17.4724641458
650	49.911352054
655	20.3223990422
660	20.7145405677
665	17.2768205148
670	30.9879358067
675	53.8940969201
680	13.6571162839
685	34.0143246629
690	28.0462521415
695	41.7852073596
700	22.2709363711
705	33.1625507018
710	19.4162921112
715	18.3665529291
720	33.2364446689
725	60.8098023563
730	28.3266577546
735	34.8665071342
740	27.5277225731
745	38.0202042097
750	7.06728460441
755	45.0312919673
760	20.9138793533
765	31.4150984575
770	45.9945869798
775	29.2756129443
780	19.1513535951
785	33.2916929346
790	29.0665193963
795	23.8974706938
800	23.9549039662
805	19.0617759188
810	35.7747923789
815	53.8250628705
820	85.1152996893
825	52.3059814865
830	42.8806354415
835	54.9646144699
840	23.7657650643
845	28.6287031712
850	25.5359141628
855	59.0835394516
860	21.5450305324
865	40.8263104245
870	39.4501630292
875	42.4148618874
880	33.8805697262
885	32.1445612099
890	36.7680037804
895	47.9468749829
900	34.5348402392
905	19.2220537809
910	33.61555671
915	47.458980039
920	14.7636900653
925	25.1163021912
930	37.4442605365
935	17.1216425577
940	54.8071353469
945	44.5422815289
950	26.0382883378
955	74.2646790497
960	37.2476797447
965	32.5100476451
970	35.1379737118
975	38.3196276804
980	52.7711352365
985	35.2490286633
990	25.6339854081
995	44.3316765125
1000	25.5828140643
1005	23.0204939479
1010	29.7557673302
1015	33.4321051099
1020	62.2099072197
1025	30.8186768716
1030	27.2702340597
1035	38.2484067635
1040	18.7824825469
1045	37.8790901452
1050	22.1104562365
1055	51.7106629157
1060	38.777326727
1065	16.8318534864
1070	33.8328802305
1075	54.2063686555
1080	34.5171183979
1085	37.8237247095
1090	13.2043861075
1095	14.7917376699
1100	49.7984685656
1105	43.5944482228
1110	27.8118790747
1115	19.9522850971
1120	46.8295573269
1125	42.6915774317
1130	50.510093525
1135	37.6420211885
1140	23.7878521965
1145	29.3232918524
1150	33.5989459615
1155	9.14535715835
1160	16.7514372685
1165	21.6020586763
1170	58.4845344419
1175	25.3476815567
1180	31.4499492155
1185	30.8074587432
1190	34.6579400224
1195	59.5998667632
1200	24.1210319453
1205	61.4230106075
1210	30.8487033066
1215	24.2830617714
1220	34.4327427514
1225	15.7110998478
1230	21.1722902343
1235	26.9588642922
1240	32.7887594437
1245	20.5598057557
1250	22.950570179
1255	37.6284259583
1260	29.1775402993
1265	27.4546418565
1270	58.0733688709
1275	17.0643515744
1280	28.8121595123
1285	24.3407034659
1290	23.7287422107
1295	21.696104134
1300	21.3197380581
1305	34.011864462
1310	28.1998227099
1315	35.4089277279
1320	25.3377423055
1325	58.2071576209
1330	35.4240907935
1335	14.3063155556
1340	28.3421479683
1345	50.3140121136
1350	33.0812064093
1355	23.2807026512
1360	26.6802347349
1365	24.5867915274
1370	23.5678332549
1375	37.7158921892
1380	48.906000375
1385	45.7690869322
1390	36.7286863707
1395	31.8023111017
1400	51.9865923527
1405	46.2087583046
1410	33.1662797607
1415	36.2666375163
1420	30.5623542881
1425	40.540921924
1430	33.4063980053
1435	41.1268331168
1440	60.1779685748
1445	25.5494372359
1450	34.4671687797
1455	24.8167096118
1460	14.6402998992
1465	58.4340065705
1470	28.2316264624
1475	25.6610178178
1480	32.6738075282
1485	83.4367691783
1490	27.6555601502
1495	51.4226597646
1500	37.429552565
1505	33.2498526847
1510	48.555520838
1515	31.5012356571
1520	19.8118627082
1525	23.0432204603
1530	30.8397051455
1535	38.7322735745
1540	46.5167737654
1545	33.8135573529
1550	52.8798066376
1555	44.3028803563
1560	69.8929336691
1565	17.4264904653
1570	36.2226840148
1575	41.2993942035
1580	38.6996881838
1585	53.5724669355
1590	35.9365409396
1595	31.7750636178
1600	34.5026766306
1605	9.87364416094
1610	26.8803704932
1615	35.0879659236
1620	28.721494639
1625	18.6510837208
1630	17.7456197484
1635	81.898158827
1640	40.9698556859
1645	41.1614281076
1650	29.9801096322
1655	74.8594342449
1660	18.7569634441
1665	27.960715919
1670	35.7768646739
1675	33.6209875139
1680	27.0118317766
1685	19.5328481555
1690	22.7970557935
1695	30.0925183776
1700	47.9945920743
1705	38.601507597
1710	44.9450692035
1715	17.4706728066
1720	36.021488286
1725	36.3535882111
1730	8.2471021272
1735	48.6459902442
1740	20.3612786815
1745	43.3666304312
1750	30.5651724747
1755	39.9240911767
1760	57.5972756595
1765	23.9154820358
1770	51.923608611
1775	25.6718528215
1780	63.1520742229
1785	22.5462169193
1790	48.3329909372
1795	43.536510265
1800	41.2325039166
1805	28.6897555937
1810	45.1290890044
1815	26.9540712105
1820	31.0487241723
1825	45.1878427629
1830	17.1432134802
1835	39.750709366
1840	43.4033085144
1845	22.3668568157
1850	7.95229665091
1855	40.1943798116
1860	23.4417433352
1865	45.3090864501
