0	43.9500250294
5	11.5306224153
10	3.1351641585
15	6.83263641895
20	10.0961124005
25	3.52695793754
30	4.77923797649
35	9.51404534959
40	19.048526218
45	1.64428827133
50	29.0397055693
55	3.98107747588
60	4.46426316028
65	3.73373700805
70	12.0148055133
75	6.66377580486
80	14.9215161332
85	13.8316338571
90	19.7154935823
95	7.82628024947
100	12.172635781
105	29.8757402083
110	14.1250568415
115	1.79704137959
120	23.3529519691
125	9.87566436662
130	4.34819841586
135	1.19449004202
140	0.578435272774
145	9.3532517489
150	7.36529023054
155	23.7234327905
160	17.1534142888
165	0.4
170	8.88543641748
175	9.01780915149
180	30.4226683784
185	9.32223599682
190	14.1237083977
195	18.4211749996
200	7.7188647395
205	10.7248264602
210	8.8890253388
215	13.720810751
220	3.45110423493
225	14.4261046701
230	11.1224546506
235	3.08702493798
240	19.116798865
245	20.8807883102
250	11.1396139437
255	12.4741832594
260	6.02181582873
265	7.98048623143
270	18.6040030128
275	17.1948777105
280	4.61229765293
285	24.3419617654
290	6.90014374629
295	8.12673349265
300	8.53509077483
305	8.48781074744
310	2.8023249426
315	4.55167188023
320	32.3071626487
325	1.08930753648
330	4.0937592871
335	9.7006150242
340	1.48673103869
345	13.2416648551
350	21.6526479045
355	15.3315427426
360	2.33310231017
365	5.3500681276
370	17.1994410585
375	12.1060128237
380	25.0245615688
385	32.9325213829
390	24.8848100736
395	12.0341773002
400	9.01986989418
405	4.74169433594
410	3.52107058761
415	11.7523354585
420	7.9298682972
425	9.99488343843
430	6.02459062438
435	20.7167441144
440	1.49287590478
445	22.8800871851
450	17.858426621
455	11.7113232213
460	58.1763816848
465	14.7263178098
470	17.9768603883
475	20.5017627371
480	6.61644315663
485	19.1535600402
490	7.96187940442
495	15.743066071
500	46.6537792839
505	27.2307214745
510	4.05434861737
515	0.874359333809
520	9.41848631099
525	5.6572786158
530	4.53092205312
535	46.0585286781
540	10.5338665641
545	38.2812677881
550	1.02825428743
555	13.8509352895
560	4.0306574021
565	2.18271022783
570	2.31905315296
575	2.53807356953
580	12.3079152191
585	5.86368806442
590	29.6866101466
595	4.5397170989
600	14.4306147352
605	18.1038158051
610	14.4278680539
615	12.1711749316
620	9.88678315966
625	1.04622440498
630	24.3564095642
635	11.3254473193
640	10.9612305866
645	18.3793161537
650	4.45747386481
655	20.7468243739
660	7.35775580529
665	11.5186227029
670	12.8612578483
675	1.14690849812
680	7.73799257165
685	14.884720159
690	14.992574303
695	36.5049829236
700	38.1626509775
705	12.9402405514
710	16.1290862214
715	15.8732518514
720	2.47597852488
725	5.10630608585
730	7.08851910551
735	11.3736436771
740	12.9184948399
745	16.9327047327
750	7.56879342063
755	16.5642929955
760	21.3399370597
765	19.5501293941
770	12.4450359427
775	8.4110645485
780	6.94289407218
785	21.1813448688
790	3.39730748323
795	17.1613509125
800	10.8874804464
805	6.60586353211
810	8.62676998771
815	24.1218781888
820	20.1985321697
825	32.6979442786
830	27.3595556524
835	6.32843249401
840	9.81561231331
845	7.19345169209
850	26.4076630013
855	3.17485808856
860	6.97543991323
865	1.5462497837
870	13.4341582504
875	6.55000461267
880	2.3437576585
885	18.2971267943
890	2.0939001177
895	15.8274025115
900	3.15569237824
905	5.65279520636
910	9.1327983305
915	14.1169091131
920	11.8891708929
925	0.489659782597
930	34.9746629761
935	10.3750722203
940	8.83036969153
945	19.8260677336
950	9.59019332956
955	16.2880868081
960	5.42587067965
965	16.2884450685
970	2.54172407912
975	12.1522057898
980	14.0575606334
985	10.5640445232
990	37.7226054029
995	10.2795856031
1000	15.6811703894
1005	5.84521337215
1010	23.5892713064
1015	4.84022255842
1020	2.61209419588
1025	7.92341006898
1030	25.9042952989
1035	14.775185535
1040	5.3334067167
1045	6.61617949658
1050	3.41112793026
1055	24.4501114399
1060	11.7580186213
1065	51.3439428238
1070	23.8837230311
1075	15.1606142416
1080	4.32115536855
1085	31.1977112882
1090	9.29119493774
1095	9.34978121739
1100	6.4961319679
1105	3.51397655201
1110	24.623462717
1115	8.33966740901
1120	23.1824022772
1125	7.85923222728
1130	8.81432352899
1135	4.74627179792
1140	14.3893994683
1145	9.82506197787
1150	19.1587862899
1155	3.35023626526
1160	13.9734815952
1165	4.72793750301
1170	19.5054013765
1175	3.93010685574
1180	1.55397902535
1185	7.82275093211
1190	6.91901440788
1195	11.4513627788
1200	19.5521229011
1205	29.8162161455
1210	14.5092191193
1215	29.1359738979
1220	4.13992994577
1225	14.7012086042
1230	5.6536502215
1235	6.81398424136
1240	24.136894885
1245	7.53051050826
1250	11.8162138587
1255	13.1604933604
1260	22.2335484087
1265	2.25423295257
1270	11.1600951217
1275	4.85276360196
1280	20.0264517579
1285	22.5330502089
1290	6.6036564009
1295	5.78878687539
1300	32.2589805683
1305	29.6302306638
1310	19.5840575543
1315	6.43712595348
1320	6.38853764919
1325	26.2254860925
1330	7.5052964292
1335	27.6552563309
1340	9.62060223505
1345	9.97974981234
1350	0.787511481666
1355	3.02278566783
1360	14.0924982407
1365	14.1618425976
1370	2.79317322763
1375	11.5408031294
1380	28.6116024524
1385	4.81241036167
1390	17.6186334535
1395	6.35864566388
1400	18.6148822996
1405	9.52124373788
1410	2.96536932816
1415	5.36223042605
1420	6.10911453699
1425	33.9808026305
1430	25.6079028131
1435	16.4394500339
1440	10.9233671032
1445	1.57094729656
1450	14.0892253862
1455	2.12168112538
1460	25.5326846457
1465	6.0147361271
1470	8.79050308141
1475	15.0136073558
1480	6.94889960451
1485	14.6616213226
1490	10.6564509395
1495	19.7467119229
1500	19.5881908074
1505	0.78463811272
1510	5.23046839918
1515	15.6211648394
1520	6.78308667211
1525	53.6186161963
1530	1.68920285273
1535	1.70019078089
1540	25.6538416999
1545	11.289240918
1550	1.44265691501
1555	2.0675913177
1560	18.8359270582
1565	27.995702949
1570	6.51537575385
1575	2.65777124234
1580	8.36079604945
