0	20.9243716746
5	4.02526673256
10	6.41997816319
15	4.78681400129
20	14.802543451
25	13.045513109
30	8.5444111002
35	7.24601003123
40	12.0894088151
45	11.0683922827
50	9.84635668191
55	14.2622581242
60	16.6767508438
65	9.91384648985
70	1.50800820751
75	28.8111015561
80	14.0390388713
85	3.55196084232
90	4.7018953077
95	6.82793307565
100	0.4
105	18.5248675179
110	60.3864752247
115	5.34217554126
120	23.793560978
125	7.2630694937
130	32.7504349912
135	5.23849999185
140	6.68988015092
145	11.7542760504
150	15.3646423863
155	9.99468575567
160	4.42928641045
165	2.17118317904
170	26.0311482807
175	10.3450206373
180	23.0342122344
185	9.5680539284
190	7.68668025552
195	7.35739456837
200	28.3252749508
205	14.5500389539
210	11.3143539578
215	37.804747242
220	8.79983135503
225	6.64689428225
230	3.75405289245
235	10.5105957927
240	13.3050345719
245	6.16608065733
250	2.79982219781
255	14.0038731929
260	6.1534504334
265	3.35839664499
270	28.5653063326
275	13.8879243584
280	13.1835751097
285	4.18552118251
290	2.04155723319
295	1.35251004009
300	32.8323841223
305	22.3319138997
310	5.95799670632
315	17.4685839803
320	11.0164538108
325	15.2975807079
330	3.94750922166
335	8.79233281756
340	3.75507032814
345	15.6386008262
350	29.1482442285
355	35.7946672
360	4.41305172586
365	11.9272065279
370	23.1358869952
375	1.09539947616
380	3.06393576753
385	17.1523042021
390	9.19690359949
395	12.4802411074
400	24.0984135844
405	0.533316526999
410	30.9682427346
415	12.580242326
420	9.2500138242
425	1.39430906138
430	28.0997774955
435	8.81168168939
440	8.0794731971
445	7.5212161986
450	1.87819504405
455	14.0212814776
460	2.24721769929
465	13.4344751929
470	20.7987394235
475	9.51386846841
480	18.9706955117
485	5.49579195504
490	28.2377740469
495	36.9129050356
500	14.4001121692
505	7.91798338395
510	4.24064465952
515	41.1737721716
520	2.59808245812
525	75.9901201476
530	11.5058085119
535	16.0600497612
540	16.9376842453
545	13.0304423753
550	4.40095959838
555	16.0669337767
560	3.61999272309
565	14.4191477959
570	20.9945197148
575	8.94921694283
580	10.4149673023
585	21.3319128068
590	0.533747698441
595	13.4378332373
600	9.80585167033
605	6.57320145414
610	30.9167321047
615	2.5674757114
620	25.4207989992
625	11.5907464802
630	6.6164773764
635	17.9055833337
640	21.099616757
645	7.37866347539
650	15.394652179
655	16.5454025442
660	0.907198490508
665	2.84426618604
670	6.21755536732
675	3.60331559541
680	7.41201982013
685	18.0154689288
690	19.4106028881
695	7.08051185376
700	16.0494392206
705	29.8867535939
710	2.8818506175
715	13.910093559
720	2.84383765564
725	5.73968796762
730	22.8300866043
735	15.5598927577
740	7.92413320068
745	4.73921302671
750	9.83089865981
755	33.6959211652
760	0.818797569612
765	19.9159639752
770	2.17374637851
775	17.9886123157
780	17.1309099945
785	9.504400253
790	25.5132737631
795	7.80320511017
800	5.15077111699
805	6.5009384557
810	11.5458252603
815	32.2161688023
820	10.916198385
825	14.0962989933
830	3.84666859094
835	5.04975136814
840	36.8746476953
845	7.33487283017
850	20.9660296528
855	16.9944386544
860	46.1689866219
865	2.79366996793
870	7.64180391517
875	24.3130559035
880	1.22772102655
885	2.87766162314
890	19.5605664266
895	17.9011334751
900	21.4270813807
905	5.29748765137
910	5.24816130612
915	12.6638506136
920	3.47482075165
925	3.34265262048
930	24.4391890114
935	30.8957231743
940	4.25993590843
945	36.3802745877
950	13.1262203905
955	8.30751378555
960	11.6186007407
965	7.6058358657
970	17.2534118015
975	6.79145242088
980	9.9585575618
985	2.61124785123
990	16.8921027001
995	6.18970234144
1000	0.4
1005	38.2948233639
1010	19.3914012222
1015	22.528150461
1020	4.92006072816
1025	13.8573911913
1030	0.4
1035	7.98269331904
1040	11.6335370983
1045	9.4278503508
1050	1.60349711813
1055	8.6587278605
1060	8.60067869233
1065	8.47987727642
1070	1.77964812868
1075	8.62817280162
1080	14.5423091376
1085	4.47307185219
1090	16.0114581196
1095	11.1503608667
1100	4.01944559924
1105	8.3637963311
1110	3.2993455062
1115	20.8027369433
1120	3.87332291461
1125	1.58693377825
1130	10.7450065531
1135	8.65485166932
1140	6.21243639848
1145	13.9605421978
1150	13.6269686052
1155	6.05849215122
1160	11.1203647009
1165	24.5017255045
1170	16.0569852988
1175	2.77054096551
1180	5.58532383749
1185	10.4144053925
1190	7.81659627139
1195	14.2276020284
1200	1.00228948348
1205	6.24825512692
1210	1.20255166437
1215	29.4028212842
1220	3.80895814757
1225	29.0004663796
1230	16.1765445978
1235	28.5250603881
1240	6.07369609061
1245	5.53994876696
1250	16.2510608375
1255	1.47343766986
1260	6.49282330893
1265	7.67810390896
1270	11.0957765467
1275	2.1386183014
1280	6.93146378659
1285	31.6160127716
1290	8.80309688207
1295	23.0505961336
1300	13.6700278447
1305	10.7268875425
1310	12.8192616498
1315	16.1585265933
1320	4.98020827976
1325	11.8676561105
1330	1.80514737044
1335	13.9951000876
1340	8.95976494649
1345	20.5027524153
1350	20.4243322871
1355	6.13708593518
1360	32.0742947199
1365	1.79772227579
1370	4.63705851825
1375	29.748535088
1380	13.8291135504
1385	18.0530721898
1390	11.2497792187
1395	4.22734006233
1400	7.75673972907
1405	25.3128751105
1410	4.13698990197
1415	33.4993483409
1420	3.6982059463
1425	6.65330899629
1430	0.4
1435	12.4359928718
1440	8.29035540649
1445	8.15638036791
1450	27.368590514
1455	25.8891644425
1460	0.938622305495
1465	7.22022731462
1470	5.22709854494
1475	1.20947813304
1480	22.2715888341
1485	17.2603842861
1490	25.7754473304
1495	1.42155369475
1500	5.9417995619
1505	23.1777031797
1510	39.7618146614
1515	11.4069018469
1520	7.42699588979
1525	34.5353638503
1530	25.6559537593
1535	21.1935193359
1540	9.82066792988
1545	2.7771716206
1550	1.43517494832
