0	10.4037110395
5	37.0333229762
10	7.27006394239
15	26.1387751904
20	9.84361754554
25	29.1673504683
30	21.2447397883
35	39.3261577209
40	14.6477114521
45	17.0510951455
50	12.3489577658
55	10.6739933911
60	6.53077477834
65	8.27005430162
70	19.4412090175
75	17.1335565346
80	9.03254905265
85	30.1272224485
90	57.2498845627
95	1.68907339721
100	5.4393709905
105	10.7029637881
110	24.693017291
115	14.797315689
120	21.3832777906
125	19.357399857
130	13.9571602005
135	26.1402946728
140	1.36170271366
145	15.6288190946
150	52.0283765639
155	15.6502872355
160	14.1553630927
165	15.9889345596
170	30.1090347435
175	26.155052725
180	16.9186120737
185	28.4269286928
190	24.2741194628
195	20.2577202887
200	64.7317828385
205	18.0668198346
210	34.8437035879
215	14.368216698
220	20.1696959535
225	42.5562092654
230	44.2382725538
235	21.2072967206
240	22.332838554
245	22.758150124
250	34.7645128938
255	11.7150443416
260	11.2671447854
265	18.8002896095
270	30.4223031509
275	34.8731780968
280	38.2595142404
285	21.1291024349
290	5.63138475879
295	17.6800518551
300	25.2551478943
305	21.259410406
310	21.845937256
315	10.10091042
320	23.0845959706
325	23.702607269
330	7.24717450197
335	27.443546528
340	29.4703555967
345	30.0964275883
350	39.0473936843
355	22.686169982
360	29.9645876682
365	26.3433025237
370	25.7528663772
375	33.6515599574
380	34.5631811503
385	17.3352055379
390	8.76749073632
395	22.7211267199
400	16.8660791637
405	33.6380521768
410	15.4510139316
415	14.8737712379
420	10.5425795384
425	2.84915214869
430	22.8597916615
435	6.92550664469
440	13.5415821033
445	5.28010244331
450	4.27350909672
455	46.8435867119
460	6.83087888419
465	53.5240911856
470	27.515971676
475	41.40239073
480	20.0377345529
485	14.3077868897
490	24.2385993978
495	2.57423233816
500	52.3799436773
505	11.1804529433
510	37.708969798
515	38.7827302058
520	43.9301858403
525	24.439481655
530	24.9811821407
535	36.9631620235
540	15.1032221469
545	36.020152763
550	29.9626869251
555	42.6750588052
560	47.2200187432
565	7.17282643498
570	12.1269009661
575	30.9473227748
580	25.5014729365
585	20.9968329855
590	13.1837149823
595	37.8081516234
600	9.5354193135
605	51.5671192772
610	27.837531485
615	39.8993504675
620	50.364934951
625	15.6726162303
630	11.1074385962
635	11.4300759182
640	31.943165377
645	40.9041076978
650	24.9793629496
655	23.444204283
660	12.5150891378
665	15.1661769984
670	14.9296097566
675	7.89086325764
680	16.4666530259
685	14.2464521022
690	10.4603111664
695	13.8749870183
700	61.4551955818
705	24.6676659688
710	3.75113206525
715	26.5355713466
720	1.57886068288
725	14.5432564238
730	13.482879219
735	6.84673794682
740	10.7177778635
745	19.6860305899
750	5.41922259476
755	1.14890274471
760	24.4835439979
765	31.4316878462
770	19.1519903171
775	25.0562868324
780	6.73453975857
785	14.3961566405
790	25.6605572154
795	10.4287490778
800	19.0210426341
805	21.0046292214
810	39.7835116549
815	10.6621669063
820	10.3909400554
825	16.9230937065
830	57.2150857647
835	31.4857253285
840	4.4529577564
845	10.5839796903
850	42.9989126714
855	2.53536297574
860	35.4848989661
865	25.1571003573
870	14.4141368034
875	8.56819981132
880	15.3321548984
885	18.6555718453
890	21.7273189394
895	49.5362244929
900	9.92349401682
905	47.3270035454
910	7.87638101752
915	20.7850362185
920	36.165892759
925	17.5278834756
930	23.8553450785
935	9.89221291511
940	5.34662095095
945	45.9873960385
950	24.9504939737
955	15.8167916833
960	13.8449787908
965	26.7236400026
970	7.66339702214
975	8.47097678258
980	18.0986623225
985	27.9747687075
990	17.7190533033
995	13.9047788347
1000	41.497097307
1005	11.0381101744
1010	7.85374666839
1015	72.3130207858
1020	16.5720844279
1025	12.9879270429
1030	1.63896139122
1035	27.1419379702
1040	23.520204462
1045	39.3591550508
1050	12.1994666579
1055	14.4246782688
1060	12.3767539255
1065	18.6456350758
1070	52.0942801947
1075	5.24273453893
1080	6.72789737328
1085	12.104915179
1090	27.6685278256
1095	12.4414227577
1100	17.8593123946
1105	36.0633414289
1110	57.9367177999
1115	13.2464869191
1120	24.6593758518
1125	51.8624353565
1130	14.0512169958
1135	20.3807719849
1140	21.1242621131
1145	25.4174588878
1150	45.7793151053
1155	33.8358358144
1160	17.0088058221
1165	33.6141489546
1170	13.1177629441
1175	39.5768206758
1180	19.08320291
1185	14.0800853265
1190	33.8101805305
1195	6.04819976364
1200	10.3035247374
1205	30.6987369539
1210	20.227958206
1215	57.874374854
1220	20.0389977604
1225	32.8505103585
1230	2.73347738455
1235	26.9126032575
1240	13.5832406732
1245	18.6300804596
1250	10.3083675683
1255	19.3340964493
1260	19.5974340717
1265	24.8991067676
1270	54.0412682713
1275	11.6136664953
1280	18.75322447
1285	20.3810698471
1290	24.9011952185
1295	35.0929937071
1300	47.8894906086
1305	37.0284817078
1310	5.64815673506
1315	13.9335512227
1320	28.8565293895
1325	11.7534358896
1330	18.8220032583
1335	27.7665354254
1340	12.968452395
1345	21.4876325833
1350	42.6183756681
1355	14.1638050794
1360	8.34085253888
1365	23.8896608199
1370	28.2948933791
1375	11.1618901952
1380	13.8759133516
1385	17.0545821974
1390	19.9105219651
1395	10.1334977085
1400	5.77528872605
1405	9.24884939815
1410	20.872756072
1415	44.9446810762
1420	52.3523174255
1425	3.23141938427
1430	18.2276768956
1435	40.5666731842
1440	36.5011038596
1445	15.5677202686
1450	16.7384878273
1455	8.23918348736
1460	25.0037791482
1465	12.4021768161
1470	31.5004322588
1475	29.4715525227
1480	17.8237746975
1485	28.3404324905
1490	1.50092605066
1495	34.893446156
1500	22.622819996
1505	54.1662832718
1510	16.7279495317
1515	74.3519521998
1520	36.4092197198
1525	27.8351436371
1530	22.4019528497
1535	5.88640179052
1540	27.7816385287
1545	49.2173452509
1550	6.3171575928
