0	4.92053949127
5	5.89789268893
10	4.83372648902
15	5.26491099271
20	5.75166407517
25	7.60939842327
30	3.67635240644
35	11.8529241366
40	4.81350142772
45	5.32616563271
50	4.59980598838
55	8.96193429583
60	9.16674989228
65	6.63000099779
70	4.23425042734
75	7.5942691931
80	8.18091803445
85	5.14828847199
90	6.46216578461
95	6.38581351362
100	7.60705787153
105	7.29681566596
110	6.53878685327
115	4.97834400166
120	2.50692842769
125	7.71383021687
130	9.25512956205
135	13.5235826683
140	9.05482872987
145	7.16142916728
150	8.49263076986
155	8.83231341823
160	4.0112393067
165	8.84221751945
170	10.7701092748
175	5.95063645013
180	7.37705375141
185	3.53027066517
190	12.0098488581
195	8.61749828919
200	5.59227475054
205	5.53543133455
210	9.71323659471
215	6.39649315286
220	10.7841318448
225	5.02939189383
230	10.6083131541
235	4.71056221716
240	5.24194405221
245	7.1266723628
250	4.6937186739
255	9.3675671259
260	10.3734417168
265	15.9372074486
270	10.630195368
275	6.76746130222
280	7.09740605911
285	2.05599562003
290	8.56641050937
295	4.57434723636
300	7.55207336406
305	11.2544573801
310	5.89920756187
315	13.2678100311
320	4.9146590772
325	5.9185357295
330	6.80714707073
335	3.53038462635
340	4.61310417463
345	6.86484151854
350	6.89702217072
355	6.79997554937
360	9.93021859327
365	6.8987338778
370	4.03582548105
375	5.67348043774
380	9.976831647
385	4.8981655714
390	9.91363858831
395	5.87659726072
400	3.7252588694
405	8.31890220965
410	6.61956974512
415	5.28012858003
420	6.27540173363
425	13.1837130339
430	10.0409860064
435	6.73805372685
440	4.92754960908
445	7.59413303169
450	5.34616940975
455	4.31268040909
460	4.52677960235
465	3.7775262771
470	7.02547705602
475	6.64843900254
480	7.80244477334
485	6.90209798643
490	8.41317604136
495	6.84990147512
500	9.29567785841
505	5.34349091586
510	7.71001735258
515	7.77096847208
520	5.78399056625
525	7.52729091173
530	5.95077508082
535	3.72703325035
540	6.76965137998
545	7.50848493255
550	9.66593840818
555	10.0529918489
560	4.70481395809
565	8.2555633862
570	4.44007222865
575	6.7991309747
580	7.8754595751
585	12.402729435
590	8.18775687982
595	6.92591475352
600	4.01744814854
605	7.07510922318
610	13.6717811704
615	3.89648197088
620	6.73366491026
625	7.48947423221
630	4.72442515898
635	5.32356171212
640	5.05195548018
645	5.23105519638
650	11.9913515446
655	6.89890167216
660	8.34554250046
665	7.60877134869
670	6.55860807619
675	12.2780572033
680	9.15361848699
685	14.8336993376
690	6.99219889613
695	10.0884149246
700	6.43736457164
705	5.85217110658
710	8.74778991124
715	8.78072019852
720	8.93556643689
725	8.59885825493
730	8.16344767546
735	9.02127650838
740	9.53845623058
745	7.13954934066
750	7.27394420897
755	7.79395454571
760	9.53257981216
765	8.63298078664
770	5.1162641656
775	5.7867189924
780	4.94754862494
785	12.3731750336
790	5.43943351752
795	8.14324011686
800	2.94452561872
805	5.88284713445
810	4.05227919417
815	2.90358461341
820	7.34806695136
825	8.85095100452
830	4.12283622976
835	11.0617270968
840	3.36477713325
845	4.73224005997
850	8.46647079704
855	8.517403242
860	4.6635473351
865	5.4795929759
870	4.41249437962
875	8.00303069441
880	7.51165201
885	3.02667316649
890	7.51826473962
895	7.89693824448
900	6.71793752765
905	7.15958226759
910	5.14079169352
915	4.03141512799
920	2.96249241329
925	6.51882243008
930	5.61647861608
935	6.07358234636
940	3.04024558464
945	3.3255798935
950	5.63440205757
955	8.76458053194
960	5.01645411328
965	7.57048536864
970	9.38137661932
975	15.3786014832
980	7.47914017572
985	6.04763361424
990	2.16968200078
995	4.19508091124
1000	5.54929032798
1005	5.26803881377
1010	2.87748476786
1015	7.66203109643
1020	4.70662841167
1025	5.58907599555
1030	5.19771266689
1035	4.20061936779
1040	5.05665478014
1045	4.09852525886
1050	8.16683704425
1055	6.26666412673
1060	9.51728657131
1065	16.6232239178
1070	6.17600280429
1075	6.33245491998
1080	6.56259298439
1085	3.62766649209
1090	4.75283579548
1095	11.8826038026
1100	6.19672956571
1105	4.85172219511
1110	6.25403839152
1115	4.72097671485
1120	3.35428821864
1125	5.12633699298
1130	8.23002632166
1135	8.77709513282
1140	8.05093438578
1145	5.38960286277
1150	8.91860577216
1155	6.25310532702
1160	9.03515242562
1165	7.44931290025
1170	2.97825964485
1175	2.82099439545
1180	7.68232663122
1185	4.62446966504
1190	10.538030486
1195	3.12291037168
1200	3.19404530225
1205	5.8493074739
1210	7.85034981977
1215	10.3560569523
1220	9.51614863791
1225	6.82103060258
1230	13.078999199
1235	5.88248245159
1240	9.96582351614
1245	5.90165757593
1250	7.70192452809
1255	9.45947114559
1260	6.08183833767
1265	4.53191667417
1270	5.69261831685
1275	9.75457344678
1280	7.49427277579
1285	7.04980963493
1290	7.39295189439
1295	5.93119602081
1300	14.3438865046
1305	4.52565258127
1310	4.85791076533
1315	6.94832090077
1320	4.36573782743
1325	9.33821928234
1330	7.05696384277
1335	9.18886489364
1340	6.53233804913
1345	3.41985807265
1350	7.02039499264
1355	5.75150383725
1360	7.88157449181
1365	4.985903698
1370	7.22689015849
1375	7.58279280897
1380	6.90616833921
1385	8.0494626957
1390	6.75776861025
1395	8.42620579471
1400	9.10139816654
1405	8.73613103455
1410	4.57491082886
1415	4.04317267916
1420	4.07362502166
1425	3.87815202508
1430	16.8611435229
1435	8.0543194288
1440	7.15020537601
1445	8.02860115724
1450	6.7529694185
1455	4.2295024426
1460	6.1220031976
1465	4.48301298595
1470	5.08652876522
1475	2.57462117384
1480	3.41593534893
1485	6.66426134029
1490	10.2606357637
1495	8.13243785503
1500	7.68668124975
1505	7.70649697131
1510	3.27445695462
1515	4.64214208988
1520	7.41541412452
1525	8.74359713738
1530	7.71699559361
1535	13.7018182688
1540	4.17911551209
1545	6.0051879909
1550	5.9415801439
1555	7.06032166147
1560	5.35473197415
1565	5.37006619917
1570	4.95064897877
1575	8.94560423415
1580	5.32913245074
1585	7.31636447508
1590	11.3180953873
1595	2.83448621275
1600	8.0623968408
1605	7.11448982976
1610	8.49270371563
1615	5.00213592723
1620	7.54394901786
1625	9.8589116594
1630	7.1925087171
1635	10.4932313334
1640	2.51467362844
1645	5.41180091818
1650	4.55015536726
1655	3.69042004144
1660	10.0141740261
1665	4.5869049042
1670	6.02536649108
1675	5.25403434076
1680	8.24998235911
1685	8.58915420615
1690	9.42046214571
1695	6.67252599834
1700	5.31215111811
1705	4.97697502196
1710	3.38681952855
1715	5.88745160163
1720	5.46283689912
1725	15.9621331088
1730	8.04610325005
1735	11.2308531454
1740	7.06968334061
1745	2.90733240141
1750	6.68445572867
1755	3.27529665838
1760	8.18470312416
1765	8.10261000613
1770	4.12514469516
1775	5.08564412097
