0	0.4
5	0.4
10	0.4
15	0.4
20	0.4
25	0.4
30	1.60186205643
35	0.4
40	0.962218874533
45	0.4
50	0.4
55	1.0748647718
60	0.4
65	0.4
70	0.4
75	0.4
80	0.4
85	0.4
90	0.4
95	1.02827287447
100	2.64555444376
105	0.4
110	0.4
115	0.4
120	0.4
125	6.82887078133
130	0.4
135	0.4
140	0.4
145	4.09455107383
150	0.4
155	0.4
160	0.4
165	0.4
170	0.4
175	0.4
180	0.652946109094
185	0.439765672668
190	0.4
195	6.43195249392
200	0.4
205	0.4
210	0.707403874664
215	1.98903065425
220	0.4
225	3.03378386139
230	0.587869401111
235	1.37189663572
240	0.4
245	6.17402168944
250	0.4
255	0.4
260	3.82500135762
265	5.53797361715
270	0.4
275	2.94643490433
280	0.4
285	0.4
290	0.4
295	12.401444986
300	4.26252622449
305	0.4
310	0.4
315	0.4
320	0.4
325	1.49834155894
330	1.96788389323
335	0.4
340	0.4
345	0.509426326346
350	0.4
355	0.4
360	0.4
365	0.4
370	0.4
375	13.2103107015
380	0.686222404409
385	0.4
390	0.4
395	12.4431608278
400	0.4
405	0.4
410	0.4
415	11.0503194346
420	2.37988246598
425	7.28952286057
430	0.4
435	0.4
440	6.54179385886
445	0.481130240144
450	0.4
455	0.4
460	6.9278428497
465	0.4
470	0.4
475	0.4
480	0.4
485	3.91905785561
490	0.4
495	0.4
500	0.4
505	0.4
510	0.495876459885
515	1.31023194242
520	0.4
525	0.4
530	0.4
535	25.9176931575
540	0.4
545	0.4
550	3.93264645173
555	0.4
560	0.4
565	1.72360576033
570	0.4
575	0.4
580	0.685080523892
585	0.4
590	1.99320145975
595	0.4
600	0.4
605	1.1274949966
610	0.4
615	0.71413863543
620	1.10850909025
625	0.4
630	1.64621414117
635	1.42892731531
640	0.4
645	0.4
650	24.9128766094
655	0.4
660	2.17497538156
665	0.545282221021
670	0.4
675	0.4
680	0.4
685	2.77330700945
690	0.535897659624
695	0.4
700	0.4
705	0.4
710	0.4
715	0.4
720	0.4
725	1.16928320104
730	0.4
735	0.4
740	0.4
745	0.970558971833
750	0.4
755	0.659481189297
760	0.4
765	0.432336328944
770	11.9731289955
775	8.00193233048
780	0.4
785	3.30007350837
790	0.4
795	0.4
800	0.4
805	2.63219257736
810	0.4
815	2.31549325425
820	0.4
825	0.4
830	0.4
835	0.4
840	0.4
845	0.4
850	27.8765838727
855	0.4
860	0.4
865	0.450350087649
870	0.4
875	0.71641150864
880	1.06192865708
885	4.19517127817
890	0.4
895	27.6257115558
900	0.466479196773
905	0.4
910	0.4
915	0.4
920	0.4
925	0.4
930	0.4
935	4.16123173081
940	0.4
945	0.4
950	0.4
955	0.4
960	0.4
965	0.4
970	0.4
975	6.86073420034
980	0.4
985	0.4
990	0.4
995	0.4
1000	0.4
1005	1.03578603879
1010	0.4
1015	0.4
1020	0.4
1025	0.4
1030	0.4
1035	0.4
1040	0.4
1045	0.4
1050	0.4
1055	0.4
1060	0.4
1065	0.4
1070	0.4
1075	3.66854382484
1080	0.4
1085	0.4
1090	0.4
1095	0.4
1100	0.4
1105	1.61104975085
1110	0.4
1115	0.4
1120	2.99389905953
1125	0.4
1130	17.6520826272
1135	0.4
1140	0.4
1145	0.4
1150	0.4
1155	0.4
1160	0.4
1165	1.23884165575
1170	0.4
1175	0.4
1180	0.4
1185	0.4
1190	0.4
1195	0.4
1200	0.477765706459
1205	0.4
1210	0.4
1215	0.4
1220	0.4
1225	8.38551949202
1230	1.51545191604
1235	1.15675396174
1240	21.2369566035
1245	0.4
1250	3.26557078368
1255	0.4
1260	0.4
1265	0.4
1270	0.4
1275	6.26371042285
1280	0.4
1285	0.4
1290	0.4
1295	8.31840415464
1300	1.96541518826
1305	0.4
1310	2.13686705267
1315	0.4
1320	1.21217693531
1325	0.4
1330	0.4
1335	0.4
1340	1.36585207927
1345	0.652769036929
1350	0.4
1355	0.4
1360	0.4
1365	0.4
1370	5.6705173965
1375	0.4
1380	0.4
1385	0.4
1390	0.4
1395	0.4
1400	0.4
1405	0.4
1410	0.4
1415	0.4
1420	0.4
1425	0.4
1430	0.4
1435	0.4
1440	0.45016222477
1445	2.15426934435
1450	0.4
1455	0.4
1460	3.22089514083
1465	0.4
1470	0.4
1475	0.4
1480	0.4
1485	10.9670515592
1490	4.47410269154
1495	4.39085974711
1500	0.4
1505	0.4
1510	0.4
1515	2.24366844956
1520	0.4
1525	0.4
1530	2.8681718778
1535	0.4
1540	0.4
1545	0.4
1550	0.610800676683
1555	0.4
1560	0.4
1565	2.90888845629
1570	0.4
1575	0.4
1580	4.12168256125
1585	0.4
1590	0.4
1595	0.4
1600	0.4
1605	0.4
1610	0.4
1615	0.4
1620	0.4
1625	0.4
1630	0.4
1635	0.4
1640	0.4
1645	0.4
1650	0.4
1655	0.4
1660	0.4
1665	20.7962023217
1670	0.4
1675	0.4
1680	0.808327277629
1685	0.4
1690	0.4
1695	0.4
1700	0.4
1705	0.4
1710	0.4
1715	0.4
1720	0.611786193521
1725	0.4
1730	2.82876498398
1735	0.4
1740	0.4
1745	0.4
1750	0.4
1755	0.4
1760	0.826629926956
1765	4.13831449201
1770	1.68269409599
1775	12.8109625341
