0	9.1127873967
5	8.30989967765
10	23.5750551771
15	7.622842613
20	1.63681071167
25	8.28228621205
30	8.75692259886
35	2.88325295928
40	19.541723353
45	13.799746779
50	9.52419967396
55	18.2579493769
60	11.088727372
65	18.8648110378
70	3.54259664541
75	10.2023501085
80	2.86700836412
85	12.9057183252
90	2.94555809867
95	3.94474534498
100	4.86463773647
105	6.63824538019
110	24.4665248304
115	2.46019395941
120	28.7653861829
125	0.4
130	2.85194289734
135	2.52895782862
140	24.5287651521
145	29.6807464526
150	2.07439555866
155	0.463084046324
160	1.64858112272
165	1.48186777125
170	8.69562529148
175	6.59819308467
180	7.70589075269
185	26.5775634633
190	6.74790391829
195	0.445353078103
200	7.03550798338
205	5.38398729118
210	18.1748896767
215	0.917478463251
220	8.88053070518
225	2.32398080285
230	9.49271874043
235	5.96154461989
240	17.1937971058
245	40.849468302
250	8.97551774893
255	0.595865131935
260	0.4
265	69.3290229565
270	12.0295038072
275	3.3222846489
280	7.96449334415
285	18.9663168844
290	20.282347184
295	12.289325103
300	1.80866877275
305	4.58325539961
310	19.7406843202
315	7.97573908222
320	22.903196988
325	10.0588736611
330	20.4141624356
335	7.17646159641
340	98.7590292616
345	5.53035899193
350	18.8448422394
355	13.1069310015
360	1.31612248037
365	4.01029072668
370	2.17958745774
375	11.7607899536
380	10.4392239693
385	10.6240772491
390	4.92872505426
395	3.70289083777
400	31.2132387288
405	13.8269714034
410	1.1455589586
415	8.79449283576
420	10.7249776253
425	8.7118490128
430	12.0598103577
435	6.43776908232
440	4.50987949905
445	4.0732549624
450	2.67431381234
455	1.13461283411
460	67.133652981
465	6.67698774089
470	0.460967252271
475	8.61985765039
480	1.25755383653
485	12.1968388101
490	6.54019401429
495	14.8821883406
500	18.8996233134
505	10.0837498664
510	3.52176683952
515	5.26922250416
520	18.851998794
525	10.5608995549
530	6.32038478731
535	6.80050684386
540	1.00403632933
545	4.07881783992
550	42.7570206886
555	5.20590635306
560	8.7589617565
565	7.34701031592
570	1.81553272016
575	22.2042172043
580	9.07132032757
585	2.53907209924
590	0.604319479999
595	2.66637734862
600	2.36468933748
605	3.31362393389
610	70.3433686316
615	25.3705845451
620	23.1596686055
625	8.55736066929
630	6.14534361447
635	12.5257466236
640	7.76225599486
645	3.15638189783
650	21.2200337194
655	0.4
660	9.01346024189
665	28.9716388314
670	21.3513901638
675	16.241520351
680	22.2744113753
685	3.81697324047
690	49.1944069834
695	44.7291697953
700	9.532739106
705	3.56066511487
710	20.4704484395
715	5.84547335491
720	37.6336640833
725	16.9105973114
730	28.475634475
735	29.0500050965
740	2.77791854621
745	17.1576652648
750	1.7234869628
755	4.25292336497
760	8.76375945443
765	3.7594309034
770	10.1960876989
775	0.732960386932
780	2.60066180746
785	4.38634116646
790	6.89802738954
795	26.0634015319
800	2.72006912042
805	5.34737543583
810	3.74488550933
815	2.96401962432
820	1.41668895317
825	11.1166226317
830	1.46528515073
835	10.2426232641
840	4.20355295841
845	35.9747939906
850	7.56645601616
855	8.84014272989
860	14.842404844
865	2.55137220799
870	3.62333528087
875	7.11862346432
880	2.8681705758
885	2.86874793063
890	1.25286425111
895	3.34343229103
900	12.0953962327
905	2.07156739387
910	0.4
915	3.26584675068
920	9.35778134871
925	8.91079008874
930	17.2699937099
935	9.86279413171
940	19.8919406604
945	12.7684875278
950	14.8111473753
955	8.32437461243
960	5.81939881626
965	8.24765777403
970	0.494527453021
975	6.96965272184
980	14.8457746961
985	3.05768483213
990	12.0619398802
995	14.1908655768
1000	25.3079597013
1005	4.55933007244
1010	10.1465903996
1015	8.02300937681
1020	7.33673284683
1025	25.4665736855
1030	10.2254781802
1035	49.9224745084
1040	2.62220511818
1045	33.6116408465
1050	19.6484725396
1055	4.36724532171
1060	23.5608197982
1065	8.5627725812
1070	4.59947515109
1075	21.9609276377
1080	10.0862650888
1085	6.41471846559
1090	12.2010644468
1095	3.39326441669
1100	6.12671605074
1105	0.663899113677
1110	4.1907606928
1115	12.6545579388
1120	33.6554327482
1125	36.2264967823
1130	9.75505663155
1135	3.14984895524
1140	3.13116415125
1145	29.6252677377
1150	1.96758509232
1155	17.3550684669
1160	0.872304520197
1165	3.49050341803
1170	2.12527752562
1175	43.1685590807
1180	11.0057417862
1185	0.579893882349
1190	3.34108978122
1195	2.03719854527
1200	18.6091567926
1205	29.9111422119
1210	16.4072987517
1215	14.6596051039
1220	0.829205957892
1225	12.7024157677
1230	7.68764805468
1235	9.41345960332
1240	3.40432517744
1245	3.10489122333
1250	1.44617821777
1255	2.96642484998
1260	1.79760662967
1265	3.58129362214
1270	2.21068367627
1275	3.95887991945
1280	7.35735911677
1285	5.21111843496
1290	6.46044405003
1295	10.1972017305
1300	25.121051703
1305	13.2638572587
1310	6.10710235876
1315	5.25394994473
1320	40.6863437351
1325	6.66580414435
1330	14.8202724791
1335	12.0697002105
1340	1.16980520824
1345	10.9164550207
1350	27.5761567231
1355	14.9029979931
1360	10.1055061809
1365	13.5709713782
1370	12.1543465927
1375	4.84386440722
1380	7.91060574629
1385	5.95905946323
1390	12.3699530306
1395	5.61149123439
1400	5.03205891015
1405	14.2688014185
1410	6.99016747687
1415	15.6646238378
1420	21.3007745542
1425	1.11935498826
1430	1.5973739727
1435	25.1730216031
1440	18.0109564218
1445	7.78348681487
1450	1.77773681816
1455	21.7982196232
1460	16.160523677
1465	2.79064874014
1470	4.16357867648
1475	5.70010679431
1480	14.5488881977
1485	4.51384843387
1490	3.46361211332
1495	3.6596640367
1500	2.22229367604
1505	23.4956909281
1510	2.90907979559
1515	27.3580926604
1520	18.1688128845
1525	25.8353856179
1530	4.3501899296
1535	10.9169495884
1540	9.22754512832
1545	0.560903492372
1550	13.2186916164
1555	43.2518035882
1560	3.00327293029
1565	12.9380707287
1570	0.4
1575	1.50473921436
1580	10.2225168999
1585	10.8252406375
1590	13.7689299009
1595	1.10157557847
1600	13.8706054007
1605	14.0214956342
1610	16.860141698
1615	0.4
