0	34.0622716873
5	25.6768375702
10	28.0413993675
15	44.0106216651
20	6.18347728776
25	22.3760893529
30	11.0727477194
35	18.5230395867
40	38.1165195512
45	19.2500062179
50	54.6299858006
55	25.4778531789
60	19.0294664169
65	13.8012929185
70	11.066850475
75	16.8688338733
80	36.7129498888
85	57.6141726816
90	13.090381154
95	9.91475732401
100	14.5935614219
105	32.6470693405
110	35.8731014852
115	7.06199841403
120	5.07439943849
125	16.5199837961
130	33.9354331035
135	4.55134106934
140	30.1165634221
145	31.594891319
150	15.1941654435
155	18.422447115
160	10.6191905609
165	18.157729514
170	43.1888325031
175	3.11137537448
180	52.1813671762
185	54.700528484
190	19.8319955328
195	34.5612395118
200	28.818842337
205	53.5026163937
210	22.5958570504
215	24.3948564892
220	13.567703313
225	14.7710207399
230	9.14936730179
235	3.52139050897
240	21.5931416816
245	30.3885753125
250	15.680071802
255	15.1154454334
260	20.9360453333
265	13.0787954391
270	51.6562945915
275	45.9130057344
280	2.94952836255
285	27.8264583695
290	48.6677575256
295	32.2898400058
300	17.3428677895
305	38.8238246481
310	19.5057405367
315	22.9043949202
320	32.2051552207
325	28.4503170863
330	30.860082555
335	11.4992905469
340	65.8585789884
345	10.9208287506
350	14.3165705949
355	9.19762054025
360	30.9578311688
365	23.7373201759
370	10.9247908917
375	10.8915349164
380	30.597673223
385	18.0169582155
390	62.0702694351
395	28.666958826
400	9.41283622821
405	20.8999999707
410	20.5977717438
415	51.8027705482
420	13.6581671324
425	14.1187534848
430	5.06320950378
435	15.1496440816
440	5.70503819929
445	32.842835453
450	17.7939812993
455	15.525837275
460	52.1691373259
465	19.9214257721
470	10.7310505576
475	26.0588525562
480	21.4052686532
485	18.542604268
490	13.3998718867
495	21.9030589915
500	30.214815945
505	7.52255880837
510	18.4247145004
515	28.1751068081
520	52.8261540061
525	34.7977919857
530	25.1522924279
535	46.1624886566
540	7.78242797878
545	33.7739845685
550	26.3111054915
555	21.9496572887
560	12.7476935759
565	26.3356334756
570	41.6453523188
575	28.7143608895
580	21.0759181094
585	7.61912045762
590	10.2167705412
595	21.2803261025
600	32.4250387743
605	3.69427043603
610	12.1571052733
615	33.4344460602
620	8.08151939182
625	32.4065549045
630	14.7070138465
635	12.8446472627
640	18.5420643784
645	13.3062508573
650	52.427666163
655	33.6052439117
660	23.8760960984
665	58.2147049148
670	13.430364195
675	16.4174653667
680	28.7336895009
685	13.3358246019
690	15.5560256655
695	42.7160691593
700	41.5391303275
705	12.7855134904
710	35.5883527964
715	26.8747711859
720	46.7950327059
725	30.6360272003
730	51.8617957821
735	38.6901643046
740	18.612091611
745	16.0535649419
750	10.1829803766
755	28.6215421246
760	38.6686304023
765	9.68150505668
770	41.3956047844
775	14.9650354432
780	28.0693762828
785	11.3155271845
790	43.4390312555
795	11.3756619387
800	9.8234878797
805	16.9966201702
810	29.6202259165
815	15.2588603941
820	26.6139861392
825	29.8416288324
830	35.676498967
835	2.41025481329
840	19.3805810147
845	22.1208513548
850	30.5905350844
855	22.8744129912
860	4.83700883611
865	33.37909812
870	7.00200469797
875	10.153898649
880	8.83159804413
885	8.05139382823
890	16.5529989965
895	10.2324751698
900	14.7277463022
905	26.6506459754
910	33.9797161341
915	18.4055107487
920	10.2004014131
925	16.3464383685
930	52.9961248782
935	12.3981084412
940	30.4296034406
945	31.8293913816
950	11.0134736001
955	12.2978592602
960	20.8000353335
965	10.861637959
970	17.8112627268
975	22.5226288413
980	59.1212449756
985	26.3276801925
990	46.5857533013
995	39.7051181257
1000	7.77679475761
1005	10.0648143609
1010	25.6670538679
1015	9.54323986095
1020	16.7130838139
1025	15.4243196523
1030	22.3428422597
1035	5.41739990922
1040	7.51238755688
1045	9.21055008078
1050	22.5160278883
1055	27.1475782221
1060	23.6484468465
1065	21.1173149716
1070	9.62337137202
1075	56.6064659176
1080	29.9347746159
1085	47.1717774226
1090	35.6525819405
1095	12.8863706182
1100	9.67922908147
1105	16.935306182
1110	17.0572723723
1115	17.4503224965
1120	4.89939200321
1125	19.3047585996
1130	23.8482481624
1135	12.0082548764
1140	38.3964874525
1145	17.0899266706
1150	15.1170181997
1155	7.55430084041
1160	36.5985445298
1165	22.7026738064
1170	18.3162500762
1175	16.0396777003
1180	10.6787522601
1185	16.732530225
1190	35.3778217935
1195	20.2059166243
1200	37.152898523
1205	16.9533273519
1210	38.2779938413
1215	17.7476798854
1220	69.4606728503
1225	6.51152334189
1230	18.857182949
1235	30.7900324874
1240	45.456105977
1245	27.2702799
1250	11.6164191923
1255	22.8778211905
1260	10.7477581944
1265	15.5019288102
1270	43.7255701989
1275	12.6015219855
1280	23.4641527258
1285	44.5622724815
1290	7.74954353305
1295	6.06969656997
1300	36.6701693467
1305	36.3262887711
1310	8.54016859605
1315	8.51953091733
1320	18.1937999491
1325	39.5181098045
1330	13.379059098
1335	27.0983825914
1340	20.4468729782
1345	26.1498972232
1350	31.5624820087
1355	38.8434091633
1360	29.6444712393
1365	11.0382748239
1370	22.6742368694
1375	9.01104872885
1380	13.9367872425
1385	12.9719871463
1390	7.88010476115
1395	29.8917408791
1400	26.5654411971
1405	48.8613363092
1410	9.2530353784
1415	18.9123360569
1420	47.5732407047
1425	20.6782835783
1430	12.0070158187
1435	20.4446793703
1440	8.54761634199
1445	13.3076963859
1450	53.5936783563
1455	30.057433199
1460	33.1684050198
1465	20.3503181835
1470	9.97444514848
1475	10.0697712566
1480	9.00525673526
1485	14.1794213478
1490	13.7013565701
1495	33.341287417
1500	10.0358008749
1505	13.5434483594
1510	5.66047960624
1515	23.1335737136
1520	11.1967674545
1525	4.11681445694
1530	8.85218927729
1535	33.6066955633
1540	13.4382631348
1545	13.8122614785
1550	17.0240521149
1555	30.4640136604
1560	55.5533187922
1565	8.36164702013
1570	22.0200244433
1575	38.3621788949
1580	22.9673587424
1585	27.4766782605
1590	10.208877651
1595	24.9301515351
1600	45.9401610092
1605	16.6725896159
1610	35.2035995794
1615	10.0129659629
1620	36.7028816796
1625	56.0255452547
1630	2.83762113338
1635	25.0508397379
1640	10.8623463733
1645	16.3385333615
1650	36.0714304158
1655	14.3421746257
1660	9.20965236801
1665	26.83368975
1670	15.0001218641
1675	29.0320225748
1680	14.8348412363
1685	7.5359510654
1690	10.4060610085
1695	19.7657156344
1700	46.1142149327
1705	17.8021672363
1710	30.9860601228
1715	18.5365717544
1720	18.8469146911
1725	10.6785016509
