0	0.4
5	2.46828273662
10	2.46069624183
15	6.33350267114
20	5.35698617493
25	14.5295351925
30	2.0257213577
35	11.8119010996
40	6.33877352277
45	4.31334530428
50	9.29074225599
55	0.656076479177
60	2.81061198266
65	14.798297831
70	3.56426362961
75	7.76319750396
80	3.66968812506
85	1.92633409655
90	12.8524055592
95	6.65635034164
100	6.55491684282
105	4.80412605672
110	7.0705640727
115	1.87346026584
120	6.46692337571
125	17.1450669134
130	3.47794056769
135	8.78790671029
140	9.14063010702
145	6.55679384286
150	9.00918826005
155	14.7165028919
160	14.0470612096
165	1.52533262399
170	2.42712644771
175	2.08266011212
180	16.4372509856
185	8.20421561188
190	7.18070756838
195	15.7040134167
200	6.04541001699
205	1.03487315005
210	5.73307687901
215	0.946514740745
220	2.61112949658
225	6.18265628771
230	9.81303457975
235	2.61044333878
240	4.24507553229
245	14.6122012256
250	11.0239715821
255	3.51545840639
260	4.32087337958
265	4.41227840584
270	13.8506786114
275	5.70270145121
280	8.89518165068
285	0.729525440489
290	10.9557206069
295	9.74638440245
300	1.50979369431
305	10.9745478209
310	4.88236182941
315	15.5109779165
320	6.67246674874
325	1.79021137761
330	1.99411145571
335	9.41801234519
340	10.2198659567
345	12.4334229041
350	0.538835292286
355	1.60418004019
360	20.3747751395
365	14.0048927626
370	1.54606168987
375	6.62004677222
380	15.2673188984
385	4.94167439361
390	7.45805175033
395	2.47835880618
400	13.9167187511
405	2.87486623709
410	6.32642391811
415	1.14919451191
420	1.29131259681
425	8.8092770057
430	1.19903641343
435	3.22532623678
440	19.824757205
445	20.7747579796
450	19.4449316784
455	9.05157573993
460	2.60615915954
465	2.29170600892
470	12.0355798955
475	1.47403972235
480	18.8548321348
485	16.5941906983
490	18.7595897651
495	0.958926341117
500	9.79001066607
505	3.92594398364
510	3.24624164776
515	8.79925227054
520	5.47579553589
525	7.70174810007
530	7.47356528495
535	10.7186779597
540	9.30177962532
545	1.24711235339
550	13.3528223504
555	3.01271423119
560	0.609060356936
565	2.93517303196
570	5.2095919106
575	4.4522338294
580	1.0159761547
585	6.23678910689
590	5.68174446941
595	5.03719815059
600	19.4622764004
605	17.3135607403
610	2.92148056307
615	7.32275642087
620	2.4138097198
625	12.0359705187
630	18.5766619332
635	1.83864613403
640	9.65537184253
645	9.69638141166
650	23.7980309096
655	2.31214048745
660	38.5584550089
665	2.66586117223
670	1.64135390618
675	4.44761392732
680	12.1935432329
685	10.2255088598
690	0.758464400547
695	6.80092959344
700	13.3377668755
705	7.32922784867
710	5.18257286049
715	8.549609906
720	5.87322305356
725	1.16723707371
730	1.38008738029
735	5.04947449662
740	7.83336230643
745	10.0119588828
750	4.05516875534
755	1.68264545452
760	1.67109382596
765	4.43849187807
770	5.07975462275
775	2.33283008846
780	0.705421973433
785	1.46100290439
790	2.22577073533
795	16.2058297391
800	7.99769731323
805	8.45843267009
810	5.0290637688
815	3.43636781158
820	16.6116587258
825	16.7884939041
830	1.56180207886
835	7.02648651399
840	4.09140840838
845	8.26680970453
850	7.99015293834
855	3.09370725091
860	3.68213732529
865	6.18701057165
870	2.38652768427
875	0.913101566608
880	4.78744758584
885	14.3788336729
890	1.25718400297
895	6.32365699607
900	10.4443447239
905	2.37128163406
910	4.10181037826
915	12.4689899672
920	2.98205967194
925	1.29372425929
930	19.5728752864
935	3.79410357582
940	10.5083274273
945	7.4958194903
950	1.42147217169
955	25.543815127
960	5.74626342482
965	2.82939989205
970	7.39017753935
975	6.34276534546
980	6.60821038403
985	3.60220117854
990	2.20676076492
995	2.06684492224
1000	0.814501351095
1005	5.90108195162
1010	2.51820765468
1015	4.88791479421
1020	7.8539666774
1025	10.5264843066
1030	2.54014574317
1035	7.10105794902
1040	10.3324731563
1045	7.76361501724
1050	11.8976429633
1055	6.07489963222
1060	1.30536574811
1065	1.97551121686
1070	3.44791966278
1075	7.37375661333
1080	8.29306441009
1085	1.87144359216
1090	0.4
1095	3.70323151784
1100	12.663330401
1105	14.206356815
1110	3.02198060103
1115	3.54580499442
1120	0.867060088584
1125	9.74927999027
1130	2.86107977821
1135	1.67679969305
1140	9.16483102453
1145	5.96062824756
1150	9.55430281328
1155	3.78007468642
1160	12.5864246901
1165	3.06757578052
1170	10.5550489532
1175	1.10185283388
1180	2.75159636897
1185	5.22123739762
1190	7.75335216575
1195	1.71662730771
1200	7.2663246356
1205	11.5388416587
1210	5.63996604597
1215	0.495224487513
1220	31.7653739462
1225	10.9788870974
1230	7.5617478005
1235	3.93185327701
1240	2.84459471253
1245	1.38333580547
1250	0.989706135492
1255	6.62571641318
1260	6.40168472559
1265	4.44407348632
1270	1.15806086353
1275	11.3550561407
1280	3.50133260336
1285	10.0720312966
1290	5.80699890981
1295	6.38806800076
1300	13.5224169658
1305	2.51324203171
1310	5.31315164323
1315	8.97479261378
1320	4.04299984753
1325	3.75857976152
1330	11.4576516395
1335	1.37330064125
1340	31.3608168653
1345	10.3438493329
1350	7.99877654175
1355	8.33484905865
1360	4.59458400015
1365	1.27786598125
1370	3.19472505192
1375	9.87371145401
1380	11.1343074066
1385	2.87282341603
1390	6.89019408259
1395	8.22010198536
1400	7.85527215095
1405	9.82946554272
1410	2.47161524774
1415	6.58467247369
1420	3.93125605593
1425	8.79140284851
1430	3.84188385641
1435	8.4522581002
1440	1.88117259944
1445	11.0942043248
1450	8.34587590274
1455	4.27542420374
1460	12.4363851367
1465	3.65640565436
1470	5.80377797154
1475	3.06360636405
1480	9.24820067496
1485	9.04028752194
1490	10.2006339099
1495	2.4267126899
1500	16.8437465827
1505	0.566188543248
1510	1.85435345511
1515	5.56814981149
1520	2.99708189203
1525	16.06427888
1530	9.95988700888
1535	1.35847594893
1540	6.66348613054
1545	3.35266663369
1550	9.60692105952
1555	10.7745949503
1560	20.1287614061
1565	5.42597725007
1570	10.8506662507
1575	14.1037124325
1580	4.08920084841
1585	4.03351113026
1590	10.7142152314
1595	4.18030259659
1600	3.08774835285
1605	9.62816919597
1610	22.0805576073
1615	6.22394071025
1620	8.67044754034
1625	2.11161072627
1630	1.90720130634
1635	15.2707643326
1640	6.38469879889
1645	18.184724669
1650	5.3340463086
1655	5.73424379186
1660	0.752327295935
1665	8.77504507446
1670	5.84990565183
1675	20.7513714408
1680	2.62741049757
1685	4.04632145077
1690	1.43533589568
1695	2.78730856295
1700	3.75611859613
1705	5.37480929547
1710	5.4193878045
1715	4.36919023352
1720	4.69598048888
1725	9.48285715258
1730	7.19758905461
1735	15.9103932
1740	24.2043221922
1745	3.95953833786
1750	5.07086671461
1755	1.51611930641
1760	5.25980122295
1765	1.12233273078
1770	3.01833477803
1775	0.608038283308
1780	11.0759888807
1785	2.96152134957
1790	0.841209466645
1795	3.84022260128
1800	5.87950352853
1805	13.7202078051
1810	7.18120622148
1815	4.42932924887
1820	11.4336568075
1825	8.614581735
1830	12.7647736335
1835	6.2550126018
1840	0.905630255015
1845	4.45166357332
1850	1.02086364221
1855	19.9522392897
1860	7.57802312436
1865	11.2400664931
1870	14.0723646745
1875	0.4
1880	0.4
1885	11.8306471294
1890	5.64597598188
1895	0.940701959184
1900	6.45018472526
1905	19.7911587951
1910	10.7709059619
1915	3.79604398196
1920	9.41270136475
1925	1.85901190665
1930	9.85812147422
1935	4.11233840112
1940	0.966550634509
1945	12.4257276951
1950	2.98160610924
1955	2.74258370147
