0	12.3551509097
5	5.16152439368
10	1.56722130355
15	0.4
20	10.961949021
25	12.4808081226
30	4.71135881181
35	9.52769693588
40	7.38187842877
45	7.56045762338
50	19.3798506223
55	0.498625776926
60	5.08264445833
65	0.751567263791
70	7.72154968964
75	3.48962442503
80	0.4
85	0.4
90	25.4330959463
95	2.30099681083
100	0.533481547538
105	15.7307824227
110	10.8012237392
115	9.42037654029
120	8.0373776669
125	0.650326163527
130	8.1848611752
135	2.53579309199
140	2.58791049624
145	0.936866734755
150	8.78790595958
155	3.79367379415
160	7.99978178388
165	8.70936291433
170	1.65777915541
175	21.9646999063
180	12.2525485155
185	9.92473982695
190	10.6055665285
195	6.05060789458
200	1.21413528215
205	4.19822361244
210	1.79878761115
215	0.4
220	0.726746086626
225	7.37733271992
230	7.48283032443
235	5.29407472678
240	6.50646319443
245	6.03329363922
250	3.07487301282
255	7.40380236622
260	0.4
265	6.0130713852
270	1.36864059992
275	11.6070970851
280	0.51936954927
285	1.10287485399
290	7.25248706895
295	1.72590615697
300	19.3153039322
305	7.11555867958
310	6.25079103124
315	4.72330747502
320	9.56634320349
325	11.509714523
330	0.758323170895
335	17.6223902434
340	3.35569111194
345	25.1411842442
350	16.2682104876
355	15.5975075854
360	5.77989479944
365	13.072034823
370	10.9953210889
375	10.3127098936
380	14.4003792166
385	0.628773367731
390	10.4647110048
395	11.4994978701
400	7.46093008521
405	1.71004392607
410	4.10109945717
415	7.16733178051
420	7.27256568096
425	6.39492239028
430	0.4
435	7.85214080135
440	13.3917453333
445	2.03571307192
450	3.71876796495
455	3.4247597033
460	0.4
465	0.654644474648
470	9.21845306684
475	11.9866729508
480	9.12461522498
485	8.0822231933
490	4.64817226632
495	4.02835181868
500	5.48023768401
505	0.591779625988
510	4.25069014908
515	6.42000326973
520	0.973836150506
525	27.2027639946
530	2.42501545808
535	0.62363595826
540	12.1803649242
545	13.7065539877
550	0.4
555	4.73551779514
560	2.89527930621
565	5.45439182153
570	0.4
575	2.92689434068
580	8.75193504415
585	6.77199331519
590	7.14208296353
595	13.8133359097
600	2.17704944669
605	1.67259667836
610	0.4
615	8.89897601159
620	0.731478732682
625	0.752924808332
630	9.20996949181
635	18.0074751326
640	0.854508382957
645	13.3408525625
650	0.881144336335
655	4.73761604905
660	1.23792900732
665	8.09766972984
670	7.36741591044
675	1.29321050467
680	7.11874062974
685	14.151615788
690	9.36867971565
695	4.84153975338
700	9.53655842104
705	12.1815224075
710	11.3806133625
715	12.1187589184
720	0.412187002824
725	34.2900175594
730	0.94847382654
735	9.86615503762
740	0.579436367194
745	7.00448858433
750	4.95374227996
755	2.30072368315
760	6.78193127534
765	2.00866919292
770	8.62914963243
775	0.762382055176
780	11.7038922924
785	12.7732960704
790	9.15826719464
795	2.93427099774
800	1.38572991004
805	3.31599842763
810	6.66252935244
815	0.4
820	8.36793224489
825	0.4
830	0.4
835	1.40001054075
840	5.69175820225
845	14.2752593728
850	10.2259992922
855	0.804317515521
860	2.60793819915
865	5.40311281129
870	4.64801222032
875	7.48097416069
880	4.2338760589
885	0.782976542641
890	18.8813789054
895	0.4
900	1.27632339746
905	10.0050038203
910	8.48088714922
915	2.44738839431
920	14.500441474
925	4.47034908348
930	0.528460294445
935	1.14445302791
940	1.56069005673
945	2.0753870904
950	8.38705111738
955	6.85059710661
960	4.92554323462
965	0.4
970	8.35550123016
975	6.90904958728
980	0.637211634222
985	2.5638840269
990	6.7572847461
995	10.2079524897
1000	3.79082692707
1005	16.8403984595
1010	0.666757835862
1015	11.1773176546
1020	1.01005112985
1025	13.6564501759
1030	3.89907048178
1035	18.5952836145
1040	2.88244315223
1045	3.05892294952
1050	0.4
1055	0.4
1060	4.02283379102
1065	3.78631158407
1070	4.51567727607
1075	2.94948480887
1080	1.90820566617
1085	13.6408543964
1090	5.60956153073
1095	5.16849050402
1100	0.534218436264
1105	1.84479905332
1110	4.30905662513
1115	4.36803628141
1120	13.2236537298
1125	0.4
1130	0.66114414717
1135	3.83960687051
1140	15.5377680427
1145	2.15103505662
1150	3.94067248983
1155	6.46045376083
1160	21.3426902118
1165	7.15640243959
1170	2.23132996535
1175	2.50070656483
1180	6.47302993053
1185	15.9526689297
1190	1.74640775596
1195	16.8093067227
1200	0.876855468512
1205	0.740564836269
1210	4.28134527301
1215	0.4
1220	13.1092881445
1225	2.69284354601
1230	16.8140802974
1235	3.03314855805
1240	2.64131914487
1245	9.86347889694
1250	3.3908098357
1255	1.12985492576
1260	4.03580982054
1265	3.05151012947
1270	0.675336596548
1275	20.6403526167
1280	0.4
1285	4.23363310492
1290	6.32139947471
1295	1.3298812826
1300	18.1648493615
1305	3.96001302303
1310	0.4
1315	4.46554467756
1320	30.5972540883
1325	29.5502443881
1330	5.76993515949
1335	0.4
1340	1.84937848091
1345	2.16547050803
1350	20.378457675
1355	6.42405643224
1360	10.2492434417
1365	2.27620037584
1370	2.21796776063
1375	2.10780936154
1380	8.572995285
1385	6.08690882524
1390	1.42042508976
1395	0.4
1400	3.65061603879
1405	0.752481571445
1410	1.53624201531
1415	1.46225308189
1420	6.5677600919
1425	10.8284104848
1430	0.513296596973
1435	1.28398154812
1440	1.34488450249
1445	15.4958499647
1450	12.1297065452
1455	10.0617106819
1460	8.09889596352
1465	4.33907541437
1470	6.00226953496
1475	18.9913841078
1480	11.249125295
1485	5.75218481483
1490	6.17644392648
1495	5.95565164391
1500	7.7594664666
1505	3.10980209222
1510	1.4631487638
1515	1.53679199449
1520	12.5632067137
1525	0.4
1530	8.80670224148
1535	8.3750315722
1540	5.37055494468
1545	9.91954190302
1550	7.67212702252
1555	22.3981232306
1560	12.9747538666
1565	7.15400759505
1570	8.42828477746
