0	35.2430606071
5	47.7468625738
10	45.9360196773
15	31.4131906262
20	42.2733851504
25	25.8366741944
30	48.554962258
35	46.5059836775
40	42.3780537801
45	57.2778416811
50	32.775856011
55	44.5075164606
60	27.1311809537
65	63.4576571103
70	38.2637407559
75	54.1703685606
80	42.3400457861
85	55.3761067751
90	47.2016174639
95	48.6306767194
100	41.5199074011
105	37.6266518589
110	36.433948542
115	47.2038257729
120	26.2478025591
125	37.6864612479
130	41.5627316981
135	24.622994873
140	56.2738842625
145	34.8685769364
150	38.6487654352
155	30.5562112978
160	44.3079887698
165	52.4968167943
170	40.3776623898
175	59.5476021411
180	36.718118952
185	38.3692309822
190	30.0344144502
195	41.1501890974
200	35.6975623025
205	40.0344409292
210	32.5892744681
215	52.8289420753
220	46.1140179513
225	56.8691035281
230	47.4591234813
235	33.1399465434
240	34.4021534589
245	19.8684747625
250	50.2048883313
255	55.3830686007
260	65.4918750669
265	43.8131240193
270	50.9165008317
275	29.7894300511
280	51.9564462154
285	30.0268722037
290	32.7937077859
295	24.6248331911
300	30.516019426
305	39.012313797
310	63.7422210501
315	57.4893433363
320	41.8794246084
325	30.0273701007
330	47.3311184091
335	40.440795578
340	32.8208841209
345	49.6890435332
350	45.3742700167
355	46.9519401851
360	51.8379019611
365	43.5593714797
370	50.1870693468
375	40.8727221316
380	30.7807888467
385	42.4313397277
390	51.3434650089
395	45.6903174927
400	47.9670053738
405	31.5891959839
410	33.3665600837
415	40.6393683406
420	46.3913041636
425	34.2876824724
430	45.2442487205
435	41.9717197332
440	64.7177326612
445	40.6819440282
450	45.5251292984
455	27.4738433
460	76.7757899736
465	43.0122615236
470	35.6800804073
475	54.6941622955
480	36.3707684983
485	45.8547848426
490	33.987542396
495	30.4200402144
500	54.2530288652
505	29.2784539271
510	40.2841945364
515	36.2105677855
520	44.0209053625
525	28.6932518162
530	49.3963714124
535	33.871713601
540	48.0108703979
545	58.4729733812
550	39.8208171845
555	37.6842709323
560	46.2365438294
565	42.938670782
570	30.2167252145
575	35.8833131356
580	51.0424846533
585	37.8837198455
590	50.7580710261
595	55.7750426683
600	33.9894876818
605	63.6761594624
610	39.279929261
615	50.4598474119
620	36.4036794012
625	32.6081334554
630	44.8862461458
635	59.1674598329
640	60.8392284973
645	24.618561904
650	23.2433427659
655	44.8697922645
660	49.37728174
665	25.5892527453
670	26.30438405
675	23.2972418848
680	53.5343124931
685	60.1093527278
690	55.1722881898
695	29.9507421023
700	38.9439506131
705	66.035446468
710	40.8465736646
715	72.7370539603
720	59.1553815091
725	39.4036529716
730	41.1936292436
735	38.2772613601
740	27.5742520577
745	56.3434953143
750	37.2627847787
755	30.1675317735
760	48.8217703426
765	39.4105389944
770	28.5902739071
775	37.3677618003
780	42.6924039702
785	46.6908116112
790	29.789507615
795	36.2700597515
800	53.5217421061
805	20.1966509863
810	47.578654137
815	46.5616532713
820	40.6878118988
825	34.1055753196
830	40.5854383992
835	40.6165618488
840	23.5047269287
845	40.8501302952
850	44.8437000653
855	32.2370355242
860	38.6643251628
865	52.3752821325
870	27.8853875071
875	27.116530039
880	35.0941227022
885	43.5442625887
890	49.5279484545
895	44.4069553121
900	39.2575656311
905	57.898067
910	47.2654117441
915	44.6415953945
920	30.6133748083
925	54.0249884685
930	29.7087355424
935	38.9965457823
940	38.0841475591
945	31.3825724546
950	33.0933654101
955	39.4445235106
960	54.0236400142
965	45.2430749603
970	39.9244381385
975	47.7522763414
980	41.0566520739
985	37.7946650576
990	26.3452832844
995	63.6334978737
1000	47.1748252871
1005	51.9706305297
1010	49.7309377662
1015	28.2386770062
1020	45.161309874
1025	73.5729631782
1030	22.975025755
1035	28.9488969614
1040	46.10404136
1045	40.3032933559
1050	67.3591375255
1055	38.0926173563
1060	44.690343681
1065	52.3354702752
1070	56.6687963225
1075	50.3602238565
1080	44.2575745312
1085	41.8493879132
1090	31.8270618236
1095	56.5678194016
1100	32.794979255
1105	31.7320482699
1110	36.380475519
1115	64.4648996336
1120	53.8461072059
1125	39.6628728102
1130	40.4029619377
1135	42.0267675399
1140	45.1297469219
1145	64.4681730741
1150	38.2130321291
1155	34.1647712136
1160	61.7187268824
1165	44.2142493932
1170	46.8137588597
1175	38.6624889244
1180	69.653034242
1185	40.2698791736
1190	33.2889948745
1195	36.6280160766
1200	51.0712093738
1205	45.876478788
1210	44.6318873562
1215	42.9796332537
1220	44.4632937642
1225	36.9413692753
1230	52.6294733203
1235	45.08374442
1240	31.9608989468
1245	36.655148749
1250	51.8480771805
1255	55.9059161439
1260	28.6891363926
1265	47.1394901006
1270	43.7608637478
1275	50.5698116853
1280	39.4721133156
1285	31.5479432688
1290	35.3915706008
1295	59.7857051354
1300	26.735484515
1305	37.5368022887
1310	58.674172847
1315	46.0124864356
1320	64.8545067801
1325	46.6358726106
1330	33.1800832371
1335	45.9828821999
1340	34.3905712769
1345	54.6023397071
1350	49.4071670832
1355	27.0873439387
1360	44.7068899135
1365	37.5790988049
1370	37.6202907066
1375	30.8181108754
1380	38.38621386
1385	33.6279593658
1390	39.5299357814
1395	40.592925539
1400	38.8093863347
1405	41.5557230752
1410	53.406379616
1415	51.0566410589
1420	38.318558672
1425	35.8725390934
1430	59.6990066731
1435	30.8058896882
1440	52.8453929866
1445	39.7040341904
1450	76.0451090746
1455	69.8734628194
1460	36.0835598946
1465	30.8244735595
1470	53.3582779117
1475	64.7378986201
1480	32.1671926227
1485	53.1659611621
1490	39.0469083292
1495	39.4211108813
1500	39.9835469671
1505	40.5632479233
1510	44.5022951603
1515	41.0313729467
1520	31.0738524467
1525	55.8702737668
1530	57.5603932454
1535	47.0794268517
1540	36.7141062332
1545	41.0136611114
1550	38.1368769845
1555	42.9798070396
1560	40.4715396177
1565	50.6696286708
1570	41.3502171291
1575	47.8261823948
1580	27.4894403813
1585	40.8922305942
1590	44.4256069801
1595	53.2869752915
1600	56.4921767443
1605	37.1688867027
1610	39.0261715741
1615	49.6908249678
1620	38.4118152343
1625	44.1257353586
1630	44.0973546382
1635	48.647181954
1640	46.8051542873
1645	68.8541039906
1650	54.2461401434
1655	32.6241674971
1660	39.2549748846
1665	49.0597121118
1670	33.915988888
1675	31.0706005398
1680	49.4183373899
1685	59.558937737
1690	40.8149473017
1695	32.4603306874
1700	37.1157230046
1705	32.7981452529
1710	39.7438387204
1715	40.7612487454
1720	52.2076781916
1725	37.942505205
1730	39.3232160063
1735	44.3215493258
1740	27.0203770456
1745	32.1331659953
1750	46.1920192819
1755	44.9890416267
1760	40.0497063472
1765	45.4799496692
1770	51.8183923349
