0	1.13842821253
5	12.9070396603
10	25.2428915082
15	7.16429880516
20	28.4042294664
25	8.44397815
30	11.0965165224
35	11.1171300585
40	5.26270809083
45	11.2649843993
50	4.07463052332
55	4.58069836636
60	18.3455095304
65	10.2381692288
70	8.79068205634
75	8.14525833705
80	12.1537811803
85	38.1510603943
90	2.91866576005
95	12.7431699849
100	7.71539891256
105	12.4954756113
110	10.7518050366
115	12.1138302444
120	1.35660965746
125	3.72899031847
130	7.79129696319
135	10.8769631878
140	16.9214669472
145	6.4561105114
150	4.19061570672
155	7.08328161559
160	8.48494291769
165	22.5208096611
170	20.4684903452
175	8.15218127233
180	0.763717274666
185	4.85157556541
190	17.5879821351
195	7.51768723651
200	8.07980496118
205	9.97455265591
210	1.81972648705
215	26.0749147581
220	7.09454994506
225	29.747838449
230	6.64394508503
235	9.38578271771
240	6.61872048447
245	11.3611926092
250	11.1485282883
255	22.5522477404
260	5.38292252916
265	19.6443010561
270	19.3121845917
275	8.78025303975
280	27.7022811101
285	3.99016987575
290	19.3814554832
295	2.29141168621
300	18.1049701245
305	17.7090199161
310	34.3083434209
315	4.2849542811
320	2.78319332269
325	11.6665533277
330	2.28153599932
335	5.69647321321
340	20.5476212256
345	6.76507856595
350	34.2389236772
355	9.93486908834
360	21.1214179996
365	17.5726855543
370	20.7166633101
375	7.7627887419
380	20.5806655308
385	26.1717941573
390	9.27310958573
395	6.27927654251
400	9.06055578247
405	2.09585428554
410	8.36952461852
415	18.716802827
420	2.79536478174
425	3.84064800104
430	2.01814818645
435	14.7381352415
440	6.76589670931
445	3.82714339882
450	21.3424579779
455	5.47688662076
460	9.24254898004
465	7.85272801172
470	11.8766236558
475	12.7996782242
480	4.8359416766
485	1.82345988027
490	7.18783244849
495	2.36854968139
500	4.96967224506
505	16.9791330804
510	11.2218538231
515	18.8901876992
520	13.3136947775
525	14.7630689291
530	26.4703932834
535	7.27677909043
540	1.79645107147
545	12.0402220985
550	11.7464776733
555	10.5795314023
560	13.0496913037
565	3.04498548156
570	5.4810778926
575	1.6672402984
580	22.6296344654
585	9.59068618648
590	19.2629063164
595	8.18021359171
600	3.82416186212
605	1.24152035031
610	7.54427763019
615	12.9500260903
620	13.9644351847
625	11.7171357221
630	7.32659826198
635	3.49744546646
640	11.4361182561
645	16.6456665135
650	12.1451049526
655	18.8576348584
660	17.6514364741
665	11.8523925448
670	13.7029228836
675	19.6061608219
680	4.7327456121
685	16.4666565391
690	5.9677918465
695	6.42481372227
700	25.0367141562
705	11.8495494203
710	11.9118251732
715	4.77311308449
720	7.83858161085
725	1.57875876769
730	5.09881618447
735	24.5020913748
740	3.04052820118
745	1.50499013213
750	7.23522425283
755	6.9066613155
760	4.79318174297
765	9.46920989768
770	6.1543803376
775	10.1763569571
780	5.9431966743
785	3.81168955723
790	0.968290340505
795	2.07789138087
800	5.52110437127
805	5.62315228983
810	1.39345419828
815	6.61580000646
820	8.99183745235
825	20.9761819247
830	24.5980654952
835	13.5752299747
840	2.86321744265
845	10.014798183
850	2.54051464389
855	13.6901030113
860	3.7063906245
865	10.2431934438
870	2.56465199807
875	8.86235067863
880	22.0066703428
885	25.7129260094
890	1.12374850253
895	19.7194308464
900	10.1023325893
905	3.53745308828
910	7.59634002355
915	6.78468582198
920	8.81829929227
925	5.99517881664
930	2.57815583511
935	19.0427329194
940	23.153156571
945	6.49760620052
950	3.78619025533
955	14.6048458673
960	4.37375395851
965	6.05635010009
970	5.8791302668
975	1.69378386136
980	0.995345527938
985	11.8872205949
990	3.01950667884
995	4.88961932803
1000	4.52035259728
1005	16.7286113585
1010	2.79683312226
1015	21.9385435063
1020	4.56996526967
1025	19.9102953448
1030	18.7987764544
1035	6.22588376285
1040	3.56740210312
1045	24.9752441235
1050	10.1300832866
1055	11.2394745695
1060	1.34042022038
1065	19.1487344932
1070	6.67017066128
1075	13.4747151601
1080	8.33769207799
1085	8.92711184627
1090	10.2261690668
1095	11.0931411211
1100	7.47784272486
1105	3.45587983591
1110	5.79771330745
1115	2.66503511115
1120	6.23949615213
1125	7.50589300106
1130	3.38116263125
1135	2.3626198213
1140	8.99324804045
1145	13.4881823045
1150	9.41457949372
1155	37.8346352443
1160	1.59528253393
1165	4.04587667975
1170	2.06014529564
1175	6.85890190376
1180	14.5965930156
1185	5.04594363417
1190	11.516946489
1195	0.651959451921
1200	13.8799767461
1205	2.89800669966
1210	17.7459202231
1215	15.6375170708
1220	4.0094720247
1225	6.37168284139
1230	5.81255386749
1235	15.7289610042
1240	7.76096194453
1245	8.716946098
1250	7.94644166512
1255	2.10434137889
1260	4.75622314954
1265	9.25561847996
1270	8.11379250909
1275	4.71931100963
1280	3.74054481225
1285	21.667604619
1290	12.5709410265
1295	6.76581856685
1300	3.32378023898
1305	4.33514521495
1310	15.5430924509
1315	14.6542129122
1320	10.6550801754
1325	21.2555421303
1330	5.1056326549
1335	20.1684496709
1340	4.72844432647
1345	16.6705602665
1350	7.43253236954
1355	9.24181370789
1360	15.063579045
1365	9.44749596163
1370	6.66437732901
1375	1.98844410198
1380	7.23527970487
1385	16.3330414418
1390	4.95381320221
1395	15.2909340355
1400	11.7536217926
1405	1.51431191866
1410	26.2773319869
1415	39.636735733
1420	1.92540812104
1425	3.65639380913
1430	1.21463073155
1435	5.03584110399
1440	15.3584812627
1445	21.0474666465
1450	4.56936300952
1455	2.86307459497
1460	17.942435046
1465	13.4100498562
1470	0.86220958094
1475	1.76303546005
1480	3.16898773729
1485	14.391103289
1490	6.41956583335
1495	3.09751891979
1500	35.9320175573
1505	8.94073081006
1510	4.55762888884
1515	2.52036065972
1520	2.47294305177
1525	13.3309690366
1530	24.7866768321
1535	8.07205422182
1540	1.61954792783
1545	15.7354548362
1550	17.403727234
1555	4.64476562227
1560	5.04752106686
1565	11.6726594365
1570	10.7720080907
1575	9.90051546535
1580	4.82235352742
1585	20.2152023457
1590	2.02366346906
1595	8.41415823264
1600	15.5739075532
1605	5.93377182453
1610	12.7049245649
1615	7.08414502835
1620	4.62373417353
1625	9.59597776995
1630	5.86452478786
1635	20.0460582536
1640	8.02410624788
1645	3.71117666187
1650	13.2266294254
1655	5.37218319177
1660	2.71908425378
1665	19.6315288402
1670	1.61902268757
1675	4.88790117997
1680	2.45313774213
1685	7.78229872145
1690	3.05145469825
1695	18.691708316
1700	14.9412372631
1705	8.37288089702
1710	7.10109311508
1715	10.734001661
1720	17.7693650171
1725	4.51379885504
1730	3.62198929082
1735	6.8225731993
1740	29.8821670449
1745	23.0346786314
1750	1.27257335491
1755	12.2113871055
1760	2.54795710311
1765	9.28663128898
1770	12.1185019577
1775	5.45106140518
1780	8.2487456849
1785	1.62542248261
1790	13.0658045602
1795	13.8709998108
1800	3.82050010583
1805	10.6032217587
1810	43.7663400053
1815	3.77154321842
1820	3.34579743005
1825	37.7406791878
1830	3.99092393483
1835	13.9832740391
1840	4.41526597815
1845	3.20059279547
1850	19.5420969891
1855	6.47992560129
1860	7.03871004725
1865	11.4932153477
1870	11.0439736945
1875	2.66020686438
1880	36.5870282203
1885	6.13119487298
1890	16.6114664341
1895	7.10098116146
1900	14.973811944
1905	9.73903264585
