0	0.677106992872
5	2.23252634002
10	24.4314236556
15	0.4
20	1.52247517872
25	7.944525277
30	3.05695933655
35	3.89296465337
40	3.54971785573
45	2.5810286486
50	1.68001189403
55	1.26180974853
60	0.744751247457
65	3.30071620983
70	1.31115821732
75	0.451600803395
80	2.21734055764
85	7.02694499954
90	0.572310624783
95	4.12064958933
100	8.0002208041
105	1.43967634674
110	1.82595983191
115	5.82154237085
120	3.32222840945
125	1.80670151022
130	2.59102568058
135	2.06630304721
140	5.84592829651
145	1.64281304996
150	8.44472828479
155	1.73759723022
160	5.61411970897
165	2.35287764612
170	3.31351770939
175	1.86426175593
180	4.98658628694
185	3.27135213371
190	5.42494844545
195	3.5303424609
200	4.28408629659
205	5.95776444638
210	1.8059753057
215	1.54100478067
220	2.41618170178
225	6.59077218217
230	1.44463177977
235	1.09922176054
240	0.956840301919
245	2.02568373144
250	0.723975332479
255	2.00853263433
260	5.08775476786
265	1.10656380204
270	4.15897171549
275	0.4
280	1.59692027037
285	1.88369565413
290	3.17117136995
295	3.43554345714
300	3.97783934456
305	7.39106830603
310	1.61640119789
315	0.468474795915
320	3.19771755281
325	6.11740562027
330	5.68776089865
335	0.6258258989
340	1.36759468329
345	2.49599770003
350	3.54219247219
355	1.47555760034
360	2.16078278834
365	1.95045343533
370	1.88493804395
375	3.68517739532
380	4.59752547883
385	4.85686837891
390	13.7489359647
395	4.70284064939
400	5.96569453539
405	4.97983084731
410	1.1044751781
415	7.55138213716
420	4.11052268722
425	6.91813868468
430	3.10424551544
435	4.58211200629
440	4.50132148345
445	0.4
450	3.66682457604
455	2.09416586906
460	2.53937950516
465	6.32796956129
470	3.14599831126
475	0.4
480	1.57445843258
485	2.83890127576
490	2.7321727803
495	3.19624809476
500	4.75134717571
505	3.61307952198
510	2.58696287632
515	2.91038039673
520	0.4
525	8.75124380968
530	1.85662594711
535	0.4
540	4.94853505235
545	0.566913252908
550	0.589085117136
555	4.82425153282
560	13.5695385846
565	4.6014662818
570	13.2777929343
575	3.92400072184
580	0.42148900913
585	4.13044733448
590	2.07407082504
595	5.04978343533
600	2.72558011571
605	6.16153983356
610	1.99455977209
615	0.72693730194
620	5.06098507319
625	2.45912601243
630	0.4
635	0.429558957334
640	2.40912920427
645	5.50425680436
650	5.55884383969
655	8.23115810418
660	3.45605082549
665	4.38361239084
670	0.642930366806
675	5.98060579993
680	1.72446570741
685	1.17880500592
690	2.6251027919
695	2.94289490132
700	5.16273299733
705	5.85024366319
710	5.7617968608
715	0.4
720	3.11378264715
725	6.34181685281
730	3.0186607393
735	0.4
740	3.26599607003
745	2.86545902788
750	1.68648441499
755	6.02679557901
760	3.63799625225
765	1.01644879074
770	2.08895131014
775	3.24107165949
780	3.58350066745
785	1.3767901804
790	0.935335969026
795	7.0798043476
800	1.95906233103
805	0.4
810	2.09259982207
815	1.80338563988
820	4.27340986713
825	4.01188699437
830	12.0769695306
835	10.181302997
840	2.17357199177
845	3.27240477507
850	4.19102660396
855	3.18754636151
860	2.32774482761
865	2.74878601844
870	3.60004484089
875	0.978880121214
880	0.4
885	0.4
890	15.2892676249
895	2.61819025655
900	6.58103226703
905	0.4
910	3.33571623631
915	9.1726521229
920	0.4
925	2.70117387108
930	1.51937625929
935	0.4
940	2.85245669748
945	6.75446284854
950	2.11985531432
955	1.7781436536
960	1.53563672785
965	4.19794566651
970	4.27210168997
975	0.434687638243
980	1.36146669549
985	2.26969429078
990	0.67709999203
995	0.668207074264
1000	1.79768237318
1005	2.79203819687
1010	0.77751908556
1015	6.87317088442
1020	2.82304588699
1025	2.64803448868
1030	7.24806916307
1035	1.05980603744
1040	2.5219022032
1045	2.63999394136
1050	1.7355762681
1055	2.12644234136
1060	2.1336868543
1065	2.8484449368
1070	0.490254991414
1075	10.0584839953
1080	7.75216776716
1085	1.17113932705
1090	3.79312936824
1095	0.4
1100	1.38620918242
1105	3.92690793618
1110	1.10446206683
1115	1.51405471347
1120	0.419059731656
1125	0.967121072599
1130	3.12643725163
1135	0.537605827711
1140	3.25475635264
1145	10.4580237935
1150	5.32087508142
1155	2.31344871974
1160	9.16228007391
1165	1.10993361112
1170	2.88940301067
1175	1.49924309917
1180	6.27511270541
1185	1.96870630486
1190	0.666802100533
1195	1.49625119426
1200	10.6965624903
1205	3.4124186505
1210	1.47003779245
1215	1.47189212769
1220	2.22106895574
1225	2.93693911923
1230	0.837701173245
1235	7.39482776383
1240	8.73146611542
1245	4.27572866724
1250	5.61200935469
1255	7.79160371305
1260	5.26096182814
1265	1.65396055103
1270	3.21792802757
1275	3.86348090555
1280	0.599357189636
1285	4.04287745577
1290	4.85442598034
1295	9.48072118943
1300	9.53785265659
1305	2.2341137342
1310	5.20814613451
1315	6.55401934494
1320	0.969773838916
1325	2.60271293935
1330	2.05038667406
1335	1.75189396666
1340	6.43732143495
1345	1.11655012686
1350	1.43837659727
1355	1.21735253776
1360	3.09889037948
1365	6.1628844583
1370	3.73220306037
1375	2.54629015896
1380	3.81090850199
1385	5.48981976057
1390	8.35859563909
1395	12.5083415113
1400	0.484144221401
1405	0.972754712602
1410	1.15760621048
1415	1.3136042594
1420	0.4
1425	6.96571673741
1430	2.24731552341
1435	3.09225217779
1440	0.469918042242
1445	1.4273028532
1450	4.37350466721
1455	1.21933677517
1460	2.57924287398
1465	2.96112500983
1470	3.91747867586
1475	11.2899012716
1480	0.464485536461
1485	5.0149882375
1490	4.20177605798
1495	1.68366344416
1500	2.24430811705
1505	2.45651435645
1510	2.24096066438
1515	1.27348477292
1520	1.65069504682
1525	1.20376331268
1530	2.46085877805
1535	2.46685405898
1540	1.08937407941
1545	11.4994695472
1550	4.24168743682
1555	0.907400540241
1560	3.38480938952
1565	0.980975787132
1570	0.662430030531
1575	0.787296400988
1580	1.84074010602
1585	2.89346916313
1590	1.06224509803
1595	1.0123939753
1600	1.44792518231
1605	0.4
1610	3.05987046844
1615	7.30759391598
1620	0.4
1625	3.70272558155
1630	0.4
1635	1.62078712087
1640	1.14915922737
1645	5.18907506142
1650	1.08407745133
1655	3.88757389509
1660	1.54357705227
1665	3.82367822774
1670	1.62326087458
1675	2.01817404555
1680	1.96626251629
1685	4.28991018244
1690	4.09812601582
1695	4.71097742447
1700	1.03217636966
1705	4.90415331225
1710	2.90786430176
1715	11.4591005619
1720	2.04073588268
1725	1.88579564954
1730	3.27629784255
1735	3.7088483032
1740	5.50643455964
1745	1.1066476344
1750	4.29655955136
1755	4.25518901392
1760	2.31904632344
1765	0.858024667895
1770	4.57464705869
1775	2.13485497419
1780	0.4
1785	4.20384734742
1790	6.43607739724
1795	2.36892202031
1800	1.2044030313
1805	12.8229009471
1810	3.1088758198
1815	0.5818310111
