0	9.33993556733
5	0.4
10	1.48126172175
15	0.4
20	0.4
25	0.4
30	0.4
35	0.519921840301
40	0.438460995742
45	9.00191554054
50	1.96953296537
55	4.26046361652
60	0.49829584732
65	0.4
70	0.4
75	0.4
80	0.4
85	1.58290687569
90	0.4
95	0.4
100	0.4
105	3.66573505741
110	0.4
115	0.4
120	0.4
125	0.4
130	0.4
135	0.4
140	0.41992023978
145	2.54971723232
150	0.4
155	0.4
160	1.84714302511
165	0.4
170	0.4
175	14.0955617518
180	2.28835168202
185	2.16578296848
190	6.92337515206
195	0.4
200	0.4
205	0.4
210	0.4
215	0.4
220	0.4
225	0.4
230	0.4
235	0.4
240	0.879008494424
245	7.05874642164
250	2.78270020725
255	1.48789528032
260	0.4
265	3.92569892378
270	3.51429450248
275	0.4
280	0.4
285	0.4
290	0.4
295	1.05182624827
300	0.4
305	0.4
310	0.4
315	0.4
320	0.54835308305
325	0.981789570692
330	0.4
335	0.4
340	0.4
345	0.4
350	4.48668979234
355	0.4
360	0.4
365	0.4
370	0.4
375	0.4
380	0.4
385	0.4
390	0.4
395	0.4
400	0.4
405	0.4
410	0.4
415	0.957683870554
420	0.4
425	0.4
430	8.4086525579
435	0.4
440	3.63420626522
445	0.860033727839
450	0.4
455	0.4
460	0.4
465	0.4
470	0.4
475	8.29051936672
480	0.696135935345
485	0.4
490	14.3964518247
495	0.882258321224
500	0.4
505	0.4
510	18.3213883697
515	0.719198054057
520	1.07342690347
525	0.4
530	0.590228444352
535	0.607218475459
540	0.789176436457
545	8.00126325223
550	0.4
555	0.4
560	0.4
565	0.4
570	1.07994723241
575	6.79355065432
580	3.91870033309
585	0.4
590	0.4
595	1.01065448957
600	0.68379589036
605	0.4
610	0.4
615	0.4
620	0.4
625	0.4
630	0.4
635	0.822702155536
640	2.0836162997
645	0.4
650	0.4
655	1.20128698148
660	0.4
665	0.4
670	0.4
675	0.4
680	0.4
685	0.4
690	5.42840605541
695	0.4
700	1.80138736684
705	24.7184848752
710	0.4
715	1.26288174961
720	0.4
725	13.735202687
730	0.4
735	0.4
740	0.4
745	0.4
750	1.39102537931
755	2.69298677825
760	7.32317341512
765	1.61376365649
770	0.4
775	0.557824664765
780	0.4
785	0.4
790	0.4
795	3.39249671441
800	1.01028977484
805	0.4
810	0.4
815	0.4
820	0.4
825	5.19882434685
830	6.74296167923
835	0.4
840	1.04180168854
845	0.4
850	5.0286273021
855	0.4
860	9.52245191077
865	0.481077442567
870	0.4
875	0.4
880	0.4
885	0.4
890	0.4
895	6.29924192072
900	0.4
905	0.4
910	2.02535066916
915	1.90909974829
920	0.4
925	0.4
930	0.4
935	0.4
940	0.4
945	0.4
950	0.4
955	0.4
960	0.4
965	0.4
970	5.11099075519
975	5.40828488715
980	0.95602545803
985	0.4
990	3.5517466331
995	0.4
1000	1.98335250326
1005	3.71867125215
1010	0.4
1015	0.4
1020	8.85594602108
1025	0.462356423462
1030	2.25784183499
1035	0.530527742825
1040	9.55997333744
1045	0.4
1050	0.4
1055	1.19107436621
1060	7.14151842447
1065	0.4
1070	0.419834064596
1075	4.08588775406
1080	0.4
1085	0.473920083304
1090	1.14345366752
1095	0.4
1100	0.4
1105	1.29271803244
1110	7.32553986109
1115	1.75086172731
1120	0.4
1125	27.015592885
1130	2.97747265967
1135	0.4
1140	0.4
1145	0.4
1150	0.4
1155	4.69730839563
1160	2.97456982164
1165	0.4
1170	0.4
1175	0.4
1180	2.46259205568
1185	0.4
1190	12.4975980273
1195	1.00317734565
1200	1.24061551102
1205	1.42289659962
1210	0.4
1215	0.4
1220	0.624244572118
1225	0.4
1230	0.4
1235	1.78899022904
1240	0.4
1245	0.4
1250	3.05551667005
1255	0.4
1260	2.18098258999
1265	0.4
1270	0.4
1275	0.4
1280	1.05017483316
1285	0.4
1290	0.4
1295	0.4
1300	0.4
1305	0.4
1310	0.4
1315	0.4
1320	0.4
1325	1.13563933621
1330	0.4
1335	0.4
1340	0.4
1345	0.4
1350	0.4
1355	0.4
1360	0.4
1365	0.4
1370	0.4
1375	1.04098068362
1380	0.4
1385	0.629686250633
1390	0.4
1395	0.4
1400	0.4
1405	2.55217250516
1410	0.4
1415	0.4
1420	0.4
1425	2.57374296422
1430	0.4
1435	0.4
1440	7.60585238251
1445	7.86035402988
1450	0.4
1455	0.4
1460	0.4
1465	0.4
1470	0.4
1475	9.69625891248
1480	0.4
1485	0.4
1490	0.434989035821
1495	0.4
1500	5.42491322857
1505	0.4
1510	1.16509600812
1515	0.4
1520	0.4
1525	0.938666413383
1530	0.764458433582
1535	1.40154282484
1540	0.4
1545	9.89646716113
1550	4.08201764467
1555	4.73626071348
1560	2.96970296767
1565	0.4
1570	0.4
1575	0.4
1580	13.3743117627
1585	7.27614761415
1590	2.56323570824
1595	0.4
1600	0.4
1605	0.4
1610	4.88246741165
1615	0.4
1620	11.1336919058
1625	0.4
1630	0.4
1635	1.1358564946
1640	0.4
1645	0.4
1650	0.4
1655	3.98100068592
1660	1.5343972436
1665	0.4
1670	5.33882229446
1675	0.4
1680	0.476938382756
1685	0.775456469069
1690	0.4
1695	0.4
1700	0.4
1705	0.4
1710	1.51328642355
1715	0.4
1720	1.75947290055
