0	11.2425924103
5	30.2379312847
10	14.6293617896
15	34.6087149619
20	21.2384208239
25	42.0526824632
30	15.0956758285
35	42.8876926045
40	24.4914371565
45	15.4120000863
50	49.2570815309
55	41.8554683757
60	13.723634016
65	30.0156990172
70	29.8072831972
75	34.3467820106
80	14.9399219671
85	91.0865117005
90	39.2780423961
95	32.573258698
100	22.1220587823
105	19.6076054065
110	2.34973946154
115	16.2685199379
120	20.9844501812
125	16.8412314258
130	25.7212362442
135	47.0996214939
140	49.5989764356
145	37.9394966138
150	64.1387021569
155	14.0591450463
160	46.098842171
165	41.2320224208
170	28.7261875544
175	22.579996631
180	59.74575694
185	78.5903328041
190	47.3116416687
195	25.8379506658
200	23.9396918177
205	67.7273030139
210	33.806740164
215	32.9538476093
220	7.04861448412
225	29.1169437512
230	42.8904907622
235	47.4464433611
240	42.0268036978
245	7.52532779637
250	23.0563345816
255	49.9035483949
260	38.1820173112
265	10.960238359
270	25.9902302076
275	15.6877884358
280	46.9664203346
285	56.4703982965
290	32.197175946
295	18.6024682396
300	42.3923909168
305	52.0281743407
310	38.7943730124
315	13.9867133246
320	34.0416476286
325	26.0582290488
330	13.1433407528
335	38.0930153707
340	21.324993902
345	27.5405776624
350	5.78010288168
355	39.4434266644
360	23.3548677212
365	35.954215572
370	5.6448380255
375	21.4265960439
380	76.2080847165
385	12.6139540047
390	33.8732885973
395	28.0424255397
400	32.3318370744
405	21.4074329319
410	25.2010611967
415	26.0306506307
420	31.621396933
425	32.8559934221
430	12.1511606222
435	47.8989278345
440	22.9452997679
445	39.3101293838
450	27.5336210594
455	51.6457793813
460	34.5519303636
465	8.38372753873
470	9.09350144594
475	15.7173488388
480	27.1482296211
485	58.4338657614
490	7.56387900911
495	16.9572042651
500	56.4519023648
505	44.0311312223
510	39.071727092
515	19.081143609
520	52.520304899
525	31.0117597473
530	16.0679658352
535	73.6807348846
540	20.9194743533
545	20.4547473585
550	39.3774979498
555	25.1572900017
560	35.543833247
565	34.0816461445
570	46.0328783855
575	8.66114442753
580	27.1097972575
585	24.6162826391
590	55.8491779681
595	48.1800542213
600	33.7909108129
605	26.367856942
610	14.2042621447
615	37.4038696507
620	12.2106640679
625	46.4105107753
630	29.69178372
635	23.9248408745
640	17.1755392692
645	13.9415560847
650	41.9425410477
655	81.3253587666
660	16.9534639205
665	61.9099116066
670	12.1393615271
675	69.063620312
680	71.6978005869
685	38.2839051011
690	17.139362654
695	13.5776444339
700	47.5038118408
705	11.5321399076
710	19.9028564185
715	40.0226666038
720	66.6713772749
725	37.0122991189
730	44.3773233831
735	46.6687121971
740	38.0826058509
745	47.7774460499
750	23.7620603217
755	83.4354741424
760	30.6578850339
765	69.1275551728
770	35.0942609197
775	16.5565117981
780	22.4672893673
785	32.6133002743
790	17.3080507655
795	29.4807612291
800	16.4409044456
805	16.5533201523
810	38.6293562824
815	31.5069047821
820	42.0823972997
825	27.5077338519
830	41.5849663985
835	27.4540412033
840	27.1523342752
845	25.1194674545
850	45.9611983292
855	41.8225326694
860	25.5959869711
865	6.97201283597
870	16.2338186334
875	33.9072755569
880	19.1315884081
885	16.2373712857
890	7.35181158023
895	31.554929938
900	45.4982985273
905	70.3394802584
910	27.0215879979
915	41.7555059946
920	32.4845878415
925	20.9032819205
930	20.8026121546
935	121.118005314
940	37.1908370298
945	31.1927750681
950	35.6242563867
955	18.765798864
960	18.9609198673
965	41.9584839284
970	41.4279720894
975	42.0857013476
980	30.9286587556
985	48.4289193601
990	66.0401002796
995	41.5642698714
1000	26.7055872885
1005	21.2413372222
1010	85.97963416
1015	35.2370385543
1020	48.5833307664
1025	49.8521189672
1030	21.9266179228
1035	24.7260876783
1040	5.20692401268
1045	27.7158232895
1050	26.1956851414
1055	11.1388645971
1060	43.6444874382
1065	18.1325007988
1070	67.3532716278
1075	55.5023320544
1080	42.8005370383
1085	14.5171599378
1090	11.9459185139
1095	56.1344319997
1100	12.7558938371
1105	27.1679520986
1110	18.773396712
1115	17.6167722147
1120	39.5990161408
1125	23.6111949589
1130	25.333534736
1135	14.0546221795
1140	9.96175536209
1145	25.6044784142
1150	19.0304065645
1155	13.874465497
1160	15.8304849748
1165	28.6401808039
1170	36.1122666201
1175	31.7209089412
1180	32.1657153335
1185	16.3832871938
1190	45.935924382
1195	9.48231380991
1200	31.0974262529
1205	31.0918956863
1210	25.6881262269
1215	4.05986939073
1220	20.7007324102
1225	26.1921598452
1230	50.2994971264
1235	22.6099706229
1240	57.8751122475
1245	45.6055332647
1250	47.2171825944
1255	43.1049583159
1260	9.62980680503
1265	43.820606982
1270	24.6586515216
1275	26.0043682035
1280	21.4858816961
1285	29.8868041153
1290	17.3703811615
1295	7.16214232376
1300	64.214782074
1305	41.9449330749
1310	12.4917572207
1315	12.5581705532
1320	23.3623549975
1325	36.3962640561
1330	40.5630979601
1335	11.9712734353
1340	45.8968647567
1345	15.6804042943
1350	43.7954430935
1355	31.6526657597
1360	35.0476625759
1365	53.382659651
1370	16.8828186753
1375	14.6869090409
1380	22.7106096298
1385	9.7246472721
1390	13.8761616391
1395	39.5317064038
1400	25.8156019313
1405	7.42130998562
1410	23.1529962884
1415	17.3309322148
1420	13.8574461204
1425	44.8699686039
1430	36.4236526568
1435	18.2443011292
1440	38.7992390286
1445	18.394024167
1450	37.1675369287
1455	23.7494841106
1460	38.137244995
1465	63.976438005
1470	5.16063539205
1475	24.183413405
1480	27.853478591
1485	35.8849526453
1490	16.6492573832
1495	58.2107435534
1500	33.9375234969
1505	43.1669716622
1510	8.31242752596
1515	1.4948219834
1520	50.8422502518
1525	25.532033838
1530	47.3320155268
1535	19.8837572454
1540	54.8054108976
1545	11.8984344804
1550	39.7763396544
1555	24.4364175931
1560	17.0288782762
1565	33.3683062637
1570	18.0640720666
1575	20.2500138942
1580	34.7881614024
1585	40.8762185487
1590	46.7138630451
1595	38.142627726
1600	42.4791310391
1605	10.511656796
1610	49.7527678139
1615	29.6975524706
1620	16.0761373507
1625	34.279541584
1630	11.3197911572
1635	40.6040727981
1640	36.980701122
1645	46.2438497424
1650	13.9071094941
1655	17.896374875
1660	22.0907231674
1665	30.3789486194
1670	32.7650377792
1675	13.9365071886
1680	64.5031289883
1685	29.5230166599
1690	38.4498147517
1695	24.9448199252
1700	16.4348165291
1705	20.6307544158
1710	39.384448725
1715	27.9371999258
1720	49.4606009546
1725	17.5266753086
1730	34.6178975786
1735	33.2956185206
1740	21.230393382
1745	32.5273624848
1750	63.9599266451
1755	31.1235121217
1760	41.4220507902
1765	37.0766036361
1770	18.5638893848
1775	28.5332359776
1780	18.0333065689
1785	47.2706212807
1790	38.5708343771
1795	10.9426090552
1800	6.1078616267
1805	18.7782906593
1810	38.3014255352
1815	23.1574509771
1820	31.2068094126
1825	28.4791797556
1830	47.7134692502
1835	11.4518688331
1840	41.1217912856
1845	29.4629857013
