0	4.52273623038
5	0.776949132614
10	4.83577295351
15	5.61229729344
20	12.9371291477
25	7.91741508169
30	0.4
35	0.421150615875
40	2.61163538957
45	0.811564608367
50	16.3754804749
55	0.4
60	0.4
65	0.4
70	2.54465741647
75	2.13041487785
80	6.47572522437
85	0.60752498942
90	3.44462492918
95	2.30259160736
100	3.16166652971
105	0.4
110	0.468017533224
115	0.4
120	5.31451993996
125	1.62604025505
130	3.52761375062
135	0.4
140	9.39625899816
145	3.10133468949
150	0.4
155	3.12007323875
160	0.903803268724
165	19.5531481364
170	1.54573230779
175	0.4
180	4.1614284358
185	0.4
190	0.42148074083
195	0.4
200	0.464599100798
205	0.4
210	0.513463973717
215	0.848255085669
220	1.49149422073
225	0.546859129944
230	1.05830376758
235	3.05021000941
240	0.4
245	2.76777116219
250	1.12493040768
255	4.54712081975
260	1.4511527454
265	2.27101288964
270	0.929497922016
275	3.28093113068
280	5.52068639941
285	1.25394131128
290	1.59891948618
295	6.30163743777
300	0.4
305	0.626841206476
310	3.79305757115
315	2.17623823279
320	9.80101861193
325	2.80140539357
330	0.4
335	1.36679138758
340	0.915163022882
345	0.56071707768
350	8.39008105619
355	2.66275549041
360	0.4
365	0.4
370	2.59255176947
375	3.74374248437
380	0.676052649983
385	3.54999652428
390	0.4
395	1.41989850155
400	0.4
405	0.4
410	1.41333657072
415	0.4
420	1.88610059437
425	0.4
430	6.87458968145
435	1.25309173846
440	2.71621103907
445	0.4
450	0.4
455	3.08068933636
460	0.4
465	0.635884967705
470	1.16482386342
475	5.21677266003
480	1.00325334491
485	1.67863434382
490	2.14220152542
495	0.4
500	4.57749166422
505	4.71707756926
510	5.170730471
515	0.593803845408
520	0.884471788131
525	1.0177452166
530	0.4
535	8.253036887
540	8.60600464661
545	5.90147389068
550	1.51513468801
555	0.535503893291
560	0.877962976436
565	1.90197529139
570	1.81571795298
575	0.824153742102
580	2.20961715379
585	0.411503248546
590	0.561862357918
595	3.09303220455
600	9.82503601431
605	0.4
610	1.3358708473
615	0.616199602603
620	0.4
625	4.69018011806
630	5.12346019979
635	2.3454968715
640	0.4
645	0.930527486079
650	1.15328060498
655	3.77727004077
660	7.49436556738
665	5.86192028272
670	0.4
675	0.4
680	0.4
685	0.616894521733
690	0.453694323683
695	0.820518653339
700	3.76973742076
705	4.42137164138
710	1.45232197231
715	4.42209996103
720	8.5408034571
725	0.4
730	1.47348310145
735	1.8684254182
740	6.69820674429
745	2.68902095014
750	6.16516372574
755	5.47058442937
760	4.45021662766
765	4.12774308965
770	10.6931749115
775	3.70334384085
780	1.90321203945
785	0.4
790	0.619670238013
795	6.6646230031
800	0.4
805	1.27285574093
810	0.46830447203
815	3.70144134208
820	8.8521450494
825	5.20433847203
830	0.4
835	7.08981407777
840	1.23152617318
845	3.4866239708
850	2.15157409913
855	1.43808563148
860	0.704995529087
865	0.4
870	2.65832548529
875	9.01983899901
880	0.905914064913
885	2.2648166577
890	0.4
895	2.71902282266
900	1.31730505745
905	2.58649673702
910	6.58014275782
915	1.18425343202
920	2.25214000233
925	0.632960736562
930	3.71357390183
935	11.0319462855
940	1.11250033093
945	0.4
950	0.836969108732
955	0.837328014015
960	9.34678368454
965	1.87395877574
970	3.3120506257
975	2.39979032897
980	1.46825982519
985	0.4
990	0.4
995	13.5695626141
1000	1.51181105551
1005	0.4
1010	2.79601265473
1015	1.88265192916
1020	0.4
1025	5.0517477735
1030	5.93114688295
1035	1.94377628378
1040	0.4
1045	3.61503761777
1050	0.522735249104
1055	4.87128348868
1060	2.62185270007
1065	1.92212540541
1070	1.50856312843
1075	5.11842039535
1080	4.29541954926
1085	3.24392051002
1090	1.10765859678
1095	0.858011812134
1100	2.37427751028
1105	0.4
1110	1.69470930123
1115	0.94368465072
1120	0.98282589528
1125	0.4
1130	2.53938700241
1135	1.0278275429
1140	12.6898998156
1145	3.51213647166
1150	2.44052224122
1155	3.08456925623
1160	0.4
1165	0.4
1170	0.701761037819
1175	1.03067083045
1180	0.975039013023
1185	0.623696519517
1190	0.4
1195	1.49825430922
1200	4.14018801243
1205	0.4
1210	0.458707241419
1215	9.85612013338
1220	0.4
1225	4.05983374196
1230	0.471945063944
1235	3.73225186355
1240	0.4
1245	0.4
1250	3.07327688911
1255	3.72166226328
1260	1.63473602857
1265	3.05647985234
1270	0.4
1275	3.45086991785
1280	1.88756087223
1285	4.80748030627
1290	1.73189679125
1295	0.4
1300	0.577455450308
1305	2.5001271229
1310	0.41347812068
1315	1.34598455984
1320	0.4
1325	1.34012793047
1330	10.6074560157
1335	1.01019565239
1340	2.99836905614
1345	1.3713535776
1350	6.1422681898
1355	8.34242172247
1360	0.4
1365	0.880212440847
1370	4.3977119299
1375	2.96809041156
1380	6.4665363401
1385	2.23160319167
1390	1.86007223918
1395	0.4
1400	1.40850775316
1405	1.04803169832
1410	0.4
1415	0.479327630266
1420	0.878463652848
1425	0.4
1430	0.855017643266
1435	2.96568296773
1440	12.0643681157
1445	10.3176716393
1450	0.4
1455	2.85408981433
1460	4.77311067366
1465	0.4
1470	1.43053971615
1475	0.649017188444
1480	2.95986038553
1485	0.4
1490	7.35692266451
1495	0.4
1500	0.4
1505	0.4
1510	1.60343273051
1515	3.14541358217
1520	0.4
1525	0.484160273196
1530	10.4163225797
1535	0.4
1540	0.4
1545	0.662887501974
1550	0.4
1555	2.872472574
1560	0.4
1565	9.13071598425
1570	0.4
1575	2.07145923683
1580	4.00902393717
1585	2.05201987956
1590	2.14762387441
1595	0.469440662824
1600	3.74417470385
1605	2.90730223563
1610	1.39295620294
1615	1.87497429893
1620	2.75986497868
1625	2.4772236437
1630	0.4
1635	2.88948691772
1640	0.4
1645	5.83410938702
1650	0.640203005982
1655	6.03980673291
1660	0.4
1665	2.46191955461
1670	0.4
1675	3.6921005628
1680	0.4
1685	1.8796935015
1690	2.73901143746
1695	2.1017582745
1700	0.4
1705	0.4
1710	0.779908358629
1715	2.08413388774
1720	2.12017592313
1725	1.98877209189
1730	4.59196424958
1735	0.872954128711
1740	0.4
1745	1.40922344641
1750	3.18768621451
1755	5.69410524161
1760	2.88474858108
1765	8.94570995187
1770	0.4
1775	9.93050350137
1780	2.07979055043
1785	9.36380913244
1790	5.17035329888
