0	6.32927593874
5	0.426386124849
10	2.52198225128
15	0.609264950111
20	8.31875282246
25	0.4
30	0.4
35	1.24979043945
40	0.4
45	0.4
50	35.0210472747
55	2.16029587054
60	12.8114184656
65	0.4
70	1.00979605026
75	0.4
80	1.64201489426
85	0.4
90	5.37907842475
95	1.71872967537
100	2.45234360242
105	17.6712062618
110	3.32139336019
115	0.465656621617
120	0.4
125	0.89829135422
130	0.4
135	0.4
140	0.4
145	0.4
150	0.4
155	2.77482583958
160	4.42809584697
165	1.95091778285
170	0.629447839798
175	17.1657905882
180	0.833372105892
185	0.4
190	6.53882166462
195	0.4
200	2.15310777541
205	1.20699452097
210	0.4
215	12.009653146
220	0.501720410436
225	1.57972293111
230	0.4
235	2.31664336909
240	20.4421886263
245	0.4
250	0.4
255	3.1967524736
260	1.09346452171
265	0.4
270	4.15827853577
275	0.67894025422
280	0.4
285	4.02239845257
290	0.4
295	6.65007865072
300	0.435407830797
305	8.2644313498
310	3.41909503549
315	2.84427767919
320	0.968453855409
325	16.1900346006
330	2.01327577373
335	34.4179861394
340	0.4
345	0.66834358913
350	1.47421514136
355	0.4
360	0.4
365	7.48680640354
370	0.4
375	0.4
380	4.55306094215
385	1.5781819137
390	0.4
395	5.34167533517
400	4.73708314484
405	4.60217588152
410	6.3974248076
415	11.5703877013
420	0.4
425	1.12065530343
430	7.74386438724
435	3.74140759213
440	3.12479326923
445	0.4
450	0.4
455	5.62379263051
460	0.4
465	0.4
470	0.4
475	17.0487728608
480	7.81013579467
485	17.6099650111
490	5.10384737714
495	7.66489683828
500	3.7676561095
505	1.03090398986
510	1.19007041266
515	1.02730265298
520	11.0100907316
525	10.2331370009
530	2.79160664136
535	14.620013947
540	0.4
545	0.4
550	4.50272784263
555	9.07082710263
560	0.770665534058
565	1.53818623999
570	4.22594021718
575	0.460403293845
580	3.98432721244
585	0.403338072807
590	18.6715529154
595	1.96537329959
600	0.4
605	9.47845868878
610	3.65237876987
615	1.51958095567
620	0.4
625	5.0303694953
630	0.588960335164
635	0.4
640	2.71373183202
645	0.528917315431
650	1.94276371716
655	4.78482493148
660	5.44652084604
665	0.4
670	9.63904565998
675	1.17670983141
680	5.2852504372
685	0.4
690	5.89773175066
695	0.4
700	0.4
705	3.22108547839
710	4.63923745462
715	5.74344393246
720	17.3650661536
725	8.2338736605
730	1.39316431307
735	0.4
740	23.8803253446
745	5.30926652344
750	12.1622630189
755	0.4
760	0.824785886171
765	4.52369830611
770	0.4
775	0.4
780	3.64892321547
785	19.4455594077
790	1.05299309617
795	28.1934269886
800	4.52552209433
805	0.4
810	16.7977484206
815	0.458184260616
820	0.4
825	3.3313768148
830	15.9074941039
835	1.02977896064
840	2.74671984132
845	0.4
850	3.26164900183
855	23.7786437181
860	8.16059735993
865	2.71570582259
870	0.4
875	0.722454474194
880	0.4
885	1.69261315033
890	0.519745358837
895	0.4
900	0.4
905	1.16668261995
910	0.4
915	10.5679734611
920	0.4
925	3.58291733323
930	6.71803842302
935	2.62867890906
940	5.53861150259
945	2.51527065616
950	2.85109671371
955	0.4
960	0.734559412186
965	0.4
970	2.05907998567
975	2.98825059389
980	1.1165990371
985	2.18036472767
990	7.72912631721
995	2.49951872279
1000	0.4
1005	2.56602643364
1010	12.6605738649
1015	0.4
1020	6.41505752571
1025	0.4
1030	0.4
1035	0.4
1040	0.4
1045	7.63757075435
1050	11.6034107464
1055	0.4
1060	4.77040188369
1065	0.495432400681
1070	3.61199816584
1075	58.090449553
1080	0.4
1085	4.55504925367
1090	4.48708986409
1095	0.4
1100	3.27634748985
1105	0.953725231672
1110	0.633619370401
1115	0.4
1120	0.4
1125	8.74229940174
1130	1.32623930279
1135	1.06860986328
1140	4.53629844334
1145	0.4
1150	5.34346537001
1155	1.55064015224
1160	2.11175862104
1165	1.24727707426
1170	13.4665189693
1175	1.67143991699
1180	5.21354413301
1185	2.97369861508
1190	0.4
1195	0.4
1200	0.886409760907
1205	0.730990823106
1210	1.05645467645
1215	0.928466493898
1220	1.66942011578
1225	1.26987038502
1230	16.5953901522
1235	0.4
1240	9.90614300033
1245	0.628658030726
1250	14.1548632877
1255	0.4
1260	2.94248840456
1265	0.612057740841
1270	0.4
1275	0.4
1280	0.701689353794
1285	1.05059810166
1290	3.15990942226
1295	0.936528892651
1300	0.4
1305	0.4
1310	2.80286476353
1315	15.4370715965
1320	0.4
1325	0.4
1330	2.09810499455
1335	0.412745590425
1340	0.4
1345	0.4
1350	6.54443972603
1355	4.51297080508
1360	2.77851269929
1365	0.4
1370	0.4
1375	1.32479399918
1380	7.65558200332
1385	0.934886730773
1390	1.35840951821
1395	0.4
1400	0.686975485577
1405	4.04663879334
1410	1.59812124931
1415	8.04782420916
1420	1.43840006217
1425	2.85349572365
1430	4.99053485808
1435	0.4
1440	8.66948319033
1445	0.4
1450	5.20256926811
1455	0.4
1460	0.659760920554
1465	0.4
1470	6.18879771137
1475	0.4
1480	0.491044740007
1485	4.31948834263
1490	0.4
1495	1.48332839831
1500	11.4093028084
1505	1.48719891512
1510	0.4
1515	3.66970505281
1520	0.446048177374
1525	3.8711422019
1530	10.5979357223
1535	0.4
1540	0.4
1545	0.4
1550	10.5645744942
1555	0.540198979323
1560	2.50930038126
1565	14.7031456996
1570	0.776299124532
1575	0.4
1580	0.4
1585	0.835920705006
1590	14.7872834104
1595	7.08471880835
1600	1.01003250692
1605	0.730533202741
1610	4.43947447532
1615	1.33801749196
1620	14.7614753608
1625	5.30747367352
1630	0.4
1635	1.54629560655
1640	1.13945597126
1645	3.09072055132
1650	5.8737906866
1655	10.6029667457
1660	0.616344344833
1665	8.40635893204
1670	2.24005985666
1675	0.4
1680	1.50902149689
1685	0.4
1690	0.456598280507
1695	0.4
1700	4.7745880215
1705	26.5971712633
1710	1.86036147885
1715	14.2260016965
1720	4.71855742623
1725	7.55173110142
1730	0.4
1735	1.01279142832
1740	0.4
1745	0.4
1750	1.03638438716
1755	9.88311590921
1760	6.48864054695
1765	0.4
1770	0.4
1775	2.24422291419
1780	10.9080476874
1785	7.78985544283
1790	0.839847537073
1795	0.4
1800	0.4
1805	0.4
1810	1.14648121066
1815	0.4
1820	2.95745660619
1825	3.70243778595
1830	1.18698349612
1835	0.566537780997
1840	2.39853489085
1845	9.6344168516
1850	3.10967653406
1855	0.4
1860	3.39279144452
1865	0.4
1870	2.38452722938
1875	6.38310685861
1880	0.4
1885	1.15008550344
1890	6.42155290866
1895	3.73424065793
1900	12.80889874
1905	1.0947964038
1910	2.66649447852
1915	3.52661555135
1920	1.42552074467
