0	0.4
5	0.4
10	0.4
15	2.57354648059
20	6.32167232776
25	0.976556602776
30	0.539199142826
35	0.4
40	0.450427253592
45	5.45057548912
50	0.4
55	7.67266404131
60	0.4
65	13.4939865136
70	0.4
75	0.4
80	2.1984135691
85	0.4
90	0.4
95	0.4
100	2.23723346214
105	0.4
110	21.8878583609
115	0.464064624382
120	0.4
125	0.63291893311
130	5.06780289487
135	0.699159629716
140	0.4
145	2.22275753625
150	0.4
155	0.414210827662
160	1.77755068562
165	1.06975780527
170	4.4219237909
175	8.99362511566
180	0.963840542238
185	3.28157494679
190	0.4
195	0.4
200	0.4
205	0.4
210	0.4
215	0.4
220	0.966176033333
225	0.4
230	0.4
235	1.8847740165
240	0.4
245	0.4
250	4.39764952035
255	0.4
260	0.4
265	0.936031216075
270	6.37996098682
275	2.94131023703
280	0.4
285	19.106913846
290	0.4
295	0.731476024007
300	0.4
305	0.468612050586
310	1.26301810517
315	0.4
320	1.47038222079
325	0.4
330	2.71086012912
335	0.4
340	0.4
345	7.69526984456
350	0.551645572177
355	0.4
360	0.4
365	0.458476580364
370	0.4
375	0.4
380	0.4
385	0.4
390	0.4
395	1.41068476147
400	0.4
405	0.979565355201
410	0.4
415	0.638146455556
420	1.86132852989
425	0.480369903328
430	0.889172774555
435	0.4
440	0.4
445	0.4
450	2.3438775955
455	0.4
460	0.4
465	1.62172058025
470	10.5350563442
475	0.4
480	0.4
485	0.880762330471
490	0.4
495	0.4
500	0.4
505	0.4
510	0.4
515	1.5122640721
520	6.55508504941
525	1.53175860705
530	0.840183919885
535	6.3392671591
540	0.4
545	0.4
550	0.4
555	0.479892165981
560	5.90958054746
565	2.06287466087
570	0.42139125043
575	0.850088459748
580	1.46727985723
585	4.60318707052
590	0.4
595	1.96953029774
600	8.75241599573
605	0.4
610	0.732638888226
615	1.17964135444
620	2.19569486414
625	4.69397222362
630	0.483882797075
635	0.4
640	12.2331139462
645	0.4
650	0.4
655	3.13914647339
660	0.4
665	0.4
670	7.2518489652
675	0.4
680	4.31728363053
685	0.4
690	0.437692510407
695	1.18477637205
700	0.4
705	1.87808072386
710	0.447652753876
715	0.4
720	2.81507011735
725	0.872339454212
730	0.4
735	1.98935916587
740	0.4
745	1.4632455412
750	1.40110104716
755	0.445355530261
760	4.80992841427
765	0.4
770	1.39872889774
775	1.85464116505
780	5.73403299192
785	0.4
790	0.4
795	2.17450847435
800	0.777922235665
805	0.4
810	4.95610966703
815	4.31868996112
820	0.4
825	0.426864603441
830	0.4
835	0.727859872202
840	0.4
845	2.60683769873
850	10.7574931579
855	0.4
860	2.3511649916
865	0.4
870	0.744923847379
875	1.04625602097
880	0.4
885	0.4
890	0.4
895	0.4
900	1.29780599791
905	0.4
910	5.45341800787
915	1.21689233504
920	0.4
925	0.538885719117
930	0.4
935	1.31406587223
940	0.4
945	1.65127929113
950	1.2755341831
955	8.99010817193
960	0.530690151774
965	0.4
970	0.4
975	9.48967738498
980	3.72967825904
985	1.54203642568
990	0.535098644853
995	0.4
1000	0.4
1005	2.10350092022
1010	0.928165761252
1015	0.698266513369
1020	0.4
1025	0.835563987068
1030	3.05074183846
1035	11.2171089564
1040	0.4
1045	0.4
1050	10.9998933055
1055	0.4
1060	2.8680773666
1065	0.4
1070	0.924780704838
1075	0.4
1080	13.6376091459
1085	0.4
1090	0.4
1095	0.4
1100	0.4
1105	0.4
1110	0.4
1115	0.4
1120	6.18767147187
1125	2.04484257964
1130	0.4
1135	0.4
1140	0.4
1145	0.4
1150	0.558810287491
1155	0.4
1160	0.4
1165	0.4
1170	1.56171821605
1175	0.4
1180	0.4
1185	0.547507251987
1190	1.17836206719
1195	0.4
1200	6.03392803921
1205	12.4379237748
1210	0.4
1215	6.85065035068
1220	0.4
1225	22.8051400868
1230	1.07369716894
1235	3.86751826966
1240	3.57094608235
1245	5.99473793959
1250	0.4
1255	1.03946680199
1260	1.29874842432
1265	0.4
1270	1.14350031762
1275	0.4
1280	0.497204909078
1285	0.4
1290	0.4
1295	1.7310210326
1300	0.4
1305	0.4
1310	0.4
1315	1.39809202193
1320	0.4
1325	0.4
1330	10.2439325003
1335	9.63641964761
1340	0.4
1345	0.4
1350	3.24876075068
1355	1.2962923135
1360	0.919382608873
1365	0.4
1370	8.80810466351
1375	0.95476124758
1380	2.14815952629
1385	0.4
1390	0.4
1395	1.72446996663
1400	0.4
1405	14.674665802
1410	4.93979179171
1415	0.975271329528
1420	0.453781076511
1425	0.4
1430	0.4
1435	9.07789881769
1440	16.4391549802
1445	0.4
1450	12.1236755212
1455	0.4
1460	0.77636852206
1465	27.4728257377
1470	0.4
1475	0.4
1480	0.4
1485	0.4
1490	0.4
1495	0.914125983563
1500	1.40914025389
1505	1.18605398594
