0	0.449296939275
5	1.83523328349
10	11.7146101603
15	1.31173640741
20	3.78143833777
25	16.4364422215
30	0.4
35	4.95407295127
40	1.58176306839
45	2.33120413476
50	11.2558143661
55	3.2221434586
60	2.32097158723
65	4.23929588384
70	1.76329502506
75	2.41492090716
80	0.95292719018
85	0.4
90	0.4
95	3.18075809073
100	0.4
105	5.09490264408
110	0.4
115	1.30081489796
120	11.3045385586
125	0.4
130	0.670325980614
135	4.12455094056
140	4.85721344442
145	1.08211642103
150	0.4
155	2.60323417438
160	0.4
165	3.8046729203
170	0.4
175	30.502499514
180	15.4936850956
185	0.4
190	1.51544176197
195	3.68499040592
200	0.4
205	4.43577022166
210	5.74841283987
215	1.42348204245
220	1.19758317578
225	4.71473900631
230	0.4
235	4.23338066327
240	6.45129649447
245	0.913789917797
250	0.408612398509
255	3.24852047985
260	1.45189493561
265	4.3751508805
270	18.709570383
275	25.5252350699
280	1.22204534039
285	4.89175835525
290	2.19804158151
295	4.12019101702
300	4.74874776764
305	0.852202922596
310	4.37140077843
315	0.4
320	8.43187601878
325	25.5008422669
330	2.43143832814
335	0.642309112897
340	0.804212444434
345	0.469648335706
350	2.67048924933
355	0.968366800269
360	5.13153172281
365	2.75614250616
370	5.83560493835
375	6.03998837199
380	4.78197918749
385	1.34494957899
390	5.3790478158
395	9.65376848626
400	0.4
405	40.4024982502
410	2.18856684461
415	1.73956604425
420	31.2054234868
425	2.60762855301
430	0.4
435	0.918327492268
440	1.87568456137
445	3.24944063129
450	1.02847718369
455	6.31855434413
460	16.9342876245
465	0.4
470	0.4
475	4.45980274344
480	0.4
485	1.27554873673
490	3.67677211535
495	1.43114407401
500	2.20921069683
505	2.52358041455
510	0.738843089218
515	2.41958116424
520	1.91632476613
525	1.68308128837
530	8.93640540324
535	1.57463656959
540	8.98638586105
545	16.1746045887
550	3.94148855706
555	2.95769060114
560	21.4837518318
565	1.00487713262
570	1.18822531489
575	0.815151680148
580	0.4
585	6.43775386181
590	13.4739404473
595	14.8436286172
600	4.94984559723
605	0.4
610	5.41732268688
615	0.4
620	0.4
625	1.84623019172
630	0.805635707339
635	9.68182483912
640	1.40063984293
645	7.7610586804
650	0.4
655	0.4
660	0.4
665	5.96620934761
670	7.27054145745
675	19.8368799089
680	0.438126693935
685	0.4
690	5.23876142812
695	20.3375262831
700	27.4098210276
705	0.962823512864
710	6.63494809364
715	2.33131692841
720	3.18837389924
725	13.2680970103
730	14.7000261967
735	6.13303991594
740	1.27899881459
745	1.30375954598
750	1.60329930406
755	0.4
760	25.0425799052
765	2.34559932973
770	1.80479172895
775	0.4
780	2.83220761807
785	0.4
790	0.4
795	1.10753472112
800	1.5665428183
805	0.555157236359
810	1.58484829614
815	11.2535200925
820	4.24624305303
825	2.30179770564
830	2.44731945066
835	7.42229001985
840	8.6940660754
845	24.6150076742
850	1.16505409454
855	1.1761074424
860	4.04848712812
865	0.4
870	1.57040185865
875	2.3720610906
880	0.4
885	0.4
890	7.55197600926
895	2.62791337989
900	0.4
905	0.985083059265
910	2.76164460882
915	1.64654057661
920	1.9621305813
925	8.46785915179
930	1.49969587209
935	8.13935118389
940	25.5801582102
945	34.5849220528
950	1.97782215459
955	0.4
960	1.5356072919
965	3.05671586148
970	21.9794546393
975	0.4
980	6.35984400421
985	0.4
990	2.63116148701
995	1.52520000398
1000	0.4
1005	6.23152485161
1010	4.93898381401
1015	1.419551259
1020	1.82186496053
1025	3.87964814812
1030	4.92910587241
1035	8.71452783469
1040	0.4
1045	1.05932248238
1050	6.10979225452
1055	7.55128696191
1060	2.82249853326
1065	5.62165684546
1070	14.3040907731
1075	0.735794160145
1080	21.0608479788
1085	9.72459149756
1090	2.82334190928
1095	6.33511455932
1100	0.4
1105	2.31970547083
1110	2.6604365329
1115	38.3535438584
1120	5.03349646657
1125	0.545920374332
1130	22.7444448003
1135	5.07843361732
1140	14.9522182724
1145	0.63582251615
1150	6.32621787577
1155	0.506450583675
1160	0.978630616073
1165	31.4909987687
1170	3.42619359596
1175	0.80537665735
1180	2.56573223433
1185	0.466786264758
1190	1.92547470122
1195	0.609377755825
1200	5.48615252314
1205	0.4
1210	2.75063815845
1215	0.4
1220	7.09372059332
1225	1.17802816637
1230	5.46524534268
1235	1.04162104022
1240	10.0229295221
1245	0.54195064684
1250	1.12655199721
1255	0.539286392494
1260	27.9476116178
1265	0.4
1270	0.4
1275	2.29768645203
1280	9.675351241
1285	8.26305090824
1290	0.4
1295	1.28507700928
1300	5.41449553735
1305	21.4506338574
1310	10.2054981469
1315	6.57498623133
1320	0.645908375286
1325	0.4
1330	11.1252001028
1335	0.712656130674
1340	0.922843472473
1345	3.3366223337
1350	1.04387364901
1355	0.641077019964
1360	1.8007889082
1365	1.12911936777
1370	0.763990167722
1375	1.36498305524
1380	0.877694956011
1385	8.27622083255
1390	1.87958950261
1395	5.61050811186
1400	7.11730379032
1405	2.120756502
1410	5.91004312431
1415	2.20633386364
1420	1.10485821304
1425	0.962056789763
1430	3.57132093363
1435	2.46847997719
1440	1.83635380691
1445	0.4
1450	20.2689160292
1455	3.48701817057
1460	1.81463425888
1465	13.5856982994
1470	0.714101488417
1475	2.48422514449
1480	0.768902021485
1485	4.47030460714
1490	1.80985505994
1495	0.81584811938
1500	6.94279213723
1505	5.74048434125
1510	0.4
1515	1.40929134562
1520	1.45641685742
1525	4.81062964236
1530	1.05539024421
1535	1.19792629618
1540	14.9961335585
1545	1.97010381579
1550	0.4
1555	6.43310386656
1560	1.51284351354
1565	33.7189597173
1570	30.1645025857
1575	2.02928803128
1580	1.37935538386
1585	12.8282288242
1590	0.4
1595	4.85364019959
1600	4.33088392531
1605	5.30111682603
1610	9.18324390071
1615	0.931146949953
1620	0.4
1625	6.76543339804
