0	10.4130203223
5	19.8900194268
10	6.93209967328
15	24.0167441314
20	21.0222074628
25	14.6476837385
30	14.4403130437
35	15.6390886839
40	22.3939953385
45	28.7581675816
50	34.9198871931
55	10.3377382095
60	29.7504868841
65	17.5436992162
70	15.1320366268
75	41.9917281798
80	24.9374673646
85	12.7863439033
90	13.961782776
95	14.1392488959
100	20.9251684791
105	16.6704752986
110	20.3434882915
115	27.4423024416
120	35.4200330436
125	9.674086976
130	16.2735989251
135	6.92000337454
140	30.8777101531
145	15.2811762957
150	21.7142875042
155	30.8122729739
160	10.3846069707
165	15.8424966546
170	17.4937006302
175	13.5471156544
180	14.3308780698
185	25.0066231271
190	11.3237188852
195	6.25182097409
200	22.1952933965
205	30.4794932159
210	18.2195397562
215	22.1987090343
220	31.8850716085
225	18.1685322311
230	16.9578813728
235	19.4816193559
240	22.242583225
245	9.39260441925
250	12.5977539293
255	11.559737157
260	37.7618441972
265	17.7537515319
270	21.195996183
275	24.0355079209
280	10.0429740524
285	20.3375487044
290	19.1333057901
295	24.4255311799
300	27.6812803929
305	15.3179056851
310	19.2312363163
315	7.00740671384
320	22.6029353957
325	16.7504151926
330	7.76613989178
335	34.5872334588
340	15.2961246175
345	16.7083150796
350	22.2437903
355	42.6057092033
360	27.8982464192
365	21.6301386553
370	13.8024842585
375	38.1936715063
380	12.867985532
385	8.23807269767
390	8.84171198137
395	31.245028612
400	39.2770397366
405	10.3241665107
410	16.8734342275
415	15.9881912498
420	24.0971868179
425	15.7834692429
430	37.4874299662
435	9.22626476684
440	46.0063421587
445	37.311723584
450	16.5900710409
455	35.4960449787
460	14.3100738759
465	17.9803459431
470	25.9298255811
475	24.8050256655
480	18.9018756394
485	24.1000657737
490	25.160720831
495	34.6332688816
500	11.9895384719
505	39.0048329621
510	8.85555654982
515	21.3655347053
520	36.5568701074
525	7.48857928481
530	21.5922532444
535	20.3684849431
540	11.3719570892
545	19.1191033309
550	18.3970200089
555	24.7545881201
560	22.4414007997
565	22.2084839619
570	20.9591697343
575	50.9334962987
580	16.6583603536
585	44.0733994172
590	40.0930455541
595	10.6218342518
600	45.1149463001
605	16.9809844476
610	8.45060984192
615	16.0882772317
620	13.9823474381
625	15.9900410798
630	10.538467093
635	22.0263834265
640	8.31200093594
645	11.5491431704
650	13.1087049218
655	13.5386656573
660	16.6786965419
665	13.3054792485
670	23.7772326549
675	15.4271988682
680	5.65729401315
685	10.7281221965
690	10.9653228888
695	21.4114020996
700	34.4596343038
705	17.688570439
710	15.6158365434
715	5.12944489465
720	20.0359239785
725	25.4520363824
730	40.0018419349
735	25.8421217535
740	20.5419987295
745	28.5636268865
750	15.8450777646
755	17.523455265
760	22.5933309974
765	26.1231940621
770	5.85362338901
775	9.93275960555
780	42.043521538
785	35.0093814968
790	27.117214609
795	48.3159195908
800	19.3594510974
805	30.6304290431
810	23.4232350437
815	25.6188371327
820	12.8371042827
825	36.8820694632
830	25.972078248
835	12.0014143651
840	28.8972703031
845	30.5890603445
850	6.45159903002
855	22.1540367375
860	9.08251067188
865	23.7728654593
870	11.0549493771
875	20.9226558913
880	4.78444353227
885	26.5393871282
890	16.3442633667
895	13.0746426332
900	10.1654739688
905	26.7207282903
910	5.98207077892
915	4.36956154999
920	17.1888414722
925	15.7121195977
930	14.1014642886
935	17.9961549555
940	37.615971897
945	18.7819200145
950	15.0631555231
955	13.6395905859
960	27.6863543604
965	68.4730382849
970	48.8813371332
975	15.9914303411
980	17.898776243
985	3.98833876127
990	21.0361835503
995	20.7427733081
1000	15.007868826
1005	14.2314984086
1010	22.8422624807
1015	16.1759030879
1020	9.28707958149
1025	17.2225502873
1030	6.89944480318
1035	40.9381505721
1040	18.4807950312
1045	20.9283452046
1050	24.7796712963
1055	30.4721064313
1060	16.6493788208
1065	18.8104455832
1070	27.7376096305
1075	14.5703797048
1080	11.9610020545
1085	11.0693209375
1090	18.0834444898
1095	15.2972689183
1100	6.17180886855
1105	18.034785485
1110	56.9313692763
1115	27.9544579023
1120	18.2054202256
1125	5.13453613654
1130	33.0408697406
1135	25.5014382356
1140	18.8029260651
1145	10.6491751262
1150	14.8775329669
1155	12.0272842711
1160	30.4368662556
1165	22.0234868231
1170	26.4182117648
1175	13.2221273972
1180	16.1484585365
1185	16.6022142446
1190	50.5643154186
1195	13.2462651676
1200	14.3222541753
1205	14.6545882113
1210	33.420665325
1215	17.2726736549
1220	17.8538005452
1225	9.65217562013
1230	21.5400545884
1235	11.9328190344
1240	9.63471493027
1245	21.2214334468
1250	32.5517897932
1255	32.617283664
1260	14.4994893154
1265	22.6620963468
1270	10.7837647828
1275	20.5630160571
1280	16.3470718208
1285	26.7316930138
1290	59.0925880009
1295	18.1098534895
1300	39.7241247973
1305	4.95554445378
1310	5.67530648873
1315	39.4296787365
1320	6.93888053454
1325	16.6849913245
1330	20.6523274894
1335	20.2550360141
1340	4.72026932147
1345	19.6939459305
1350	31.4858326204
1355	13.0179864387
1360	13.5645390329
1365	15.08584025
1370	16.5902773845
1375	20.9566155723
1380	24.019639397
1385	36.2117142137
1390	11.9987532479
1395	10.4055646483
1400	11.6459514677
1405	17.6916486737
1410	34.4442669382
1415	32.0923600839
1420	30.1515029077
1425	21.8898146009
1430	17.6527223201
1435	22.2467161461
1440	15.4703868298
1445	21.5920811835
1450	46.7014137278
1455	13.4830571926
1460	22.9169094484
1465	27.3911350579
1470	15.6200514228
1475	27.5581294756
1480	28.7996879574
1485	16.1149541657
1490	19.6194009923
1495	9.69085936571
1500	39.409251344
1505	19.2961415592
1510	19.9041570383
1515	23.1822999757
1520	11.6914472327
1525	23.0392549064
1530	34.1247824521
1535	36.5090262653
1540	20.357781703
1545	3.20194658658
1550	16.0155401123
1555	24.0724244958
1560	10.9616175975
1565	29.7046799292
1570	26.1533864312
1575	26.9810921915
1580	27.9645280122
1585	26.1394872903
1590	15.8415629795
1595	19.8234961546
1600	25.7161166387
1605	14.3990074945
1610	16.949197583
1615	21.7318940553
1620	18.5933003578
1625	32.3718678028
1630	24.5073296708
1635	8.5297314144
1640	24.0355498322
1645	11.2402561116
1650	36.6847113568
1655	21.6862674462
1660	15.9004449421
1665	34.5963221977
1670	18.9686606206
1675	16.1131159059
1680	12.0849238421
1685	41.1593285839
1690	14.0664319921
1695	17.0149493528
1700	19.2968468347
1705	30.6954921035
1710	35.685643714
1715	20.9041667561
1720	9.46666108705
