0	49.802912209
5	5.04350208265
10	4.38234099926
15	13.0023370102
20	1.36768329119
25	18.4053293504
30	12.4729626475
35	36.7830466433
40	20.2147157383
45	0.4
50	1.19287134201
55	24.3494635417
60	5.46782940365
65	15.4990449867
70	3.05087395375
75	12.5300921368
80	9.7284444557
85	5.61415632851
90	22.638505909
95	33.1503409217
100	13.7924389068
105	32.8518384777
110	5.6118233253
115	10.1010528259
120	3.59251403692
125	19.9063189646
130	17.6545544622
135	10.8606578251
140	4.80550037839
145	4.01648014524
150	0.4
155	12.116919365
160	13.0287060875
165	2.71699914414
170	29.2016508833
175	7.11547515652
180	35.359363983
185	17.4175655365
190	53.1801212055
195	30.7030191592
200	10.5146486262
205	6.03962557202
210	4.73237185697
215	6.74955575146
220	3.86434560948
225	18.5862482776
230	0.4
235	7.49286574921
240	0.878421571945
245	19.1337620062
250	5.31056315703
255	7.63487039972
260	4.11169625033
265	25.1226008507
270	10.3319054513
275	8.33579181393
280	10.7623784914
285	4.91290474649
290	26.8379048588
295	17.3065441252
300	41.4100170523
305	38.883022387
310	5.35926358322
315	20.7905743512
320	10.7799413245
325	0.860947440461
330	1.77148512437
335	0.450084797848
340	16.4162546416
345	0.846726787593
350	40.7602827129
355	5.88104855886
360	16.1945982599
365	10.6607808973
370	1.84052043452
375	15.3169789445
380	2.7150034634
385	15.4654139973
390	10.4659658519
395	2.09144380788
400	13.6585160732
405	6.40584899371
410	7.61076395126
415	15.7886034698
420	30.7355228963
425	12.995140829
430	8.89525320915
435	4.20827175401
440	18.6657395808
445	2.00214726879
450	12.5970832929
455	7.58524073449
460	9.17498832999
465	39.302200336
470	10.7626966825
475	12.3206501935
480	3.98341582498
485	46.1772930499
490	5.75350302948
495	21.9381911216
500	6.28963488234
505	2.34645405591
510	5.04264405366
515	26.7151832589
520	9.55024024511
525	15.0946978275
530	38.0826282128
535	5.85764515115
540	2.82071657928
545	33.7652570433
550	2.16756286977
555	1.31113971101
560	15.0748826748
565	2.9346641861
570	10.7222909568
575	18.3056468064
580	7.78502277475
585	11.4098569416
590	11.2816671179
595	3.42624454458
600	19.8832691104
605	2.80156938618
610	13.2479459919
615	1.4711778166
620	0.767731743011
625	10.5171625111
630	1.9096764669
635	19.6584713041
640	8.90953459367
645	11.7796128375
650	7.01278052269
655	0.4
660	9.5538386526
665	6.79274620061
670	3.91585212118
675	5.06817168101
680	7.82020080942
685	9.24415784555
690	24.1174846926
695	1.89057354492
700	7.98000101088
705	36.1368596694
710	24.0823927775
715	8.22928082386
720	21.1549754901
725	21.2468978813
730	0.4
735	14.7664508554
740	3.61470846557
745	0.882941306819
750	6.83512723118
755	3.49913710982
760	2.7799105338
765	9.27866068361
770	26.251430324
775	3.71184849181
780	0.83879200776
785	15.0684881909
790	19.5165792392
795	7.22585396278
800	1.22604253364
805	13.3556920335
810	20.9811661962
815	20.7646129188
820	13.6893672543
825	35.6152986545
830	36.7526883683
835	12.1059477935
840	41.3145555118
845	15.5117807254
850	1.90955315185
855	13.7226961097
860	19.5870374883
865	1.34448047458
870	19.4590512146
875	3.95289177245
880	4.9275813056
885	3.59266410347
890	19.463498612
895	3.85276664164
900	0.4
905	29.6574141184
910	15.6659026135
915	26.6968563133
920	19.8403900799
925	12.270575683
930	32.7037188309
935	8.04343899572
940	3.50838572464
945	12.7049799124
950	46.4825634705
955	16.3703851874
960	9.43990679712
965	6.75956668428
970	7.94886004684
975	11.0269786269
980	25.9474462993
985	13.8389515054
990	26.5598430332
995	19.5511988848
1000	5.45343750636
1005	0.430718229314
1010	8.65305249515
1015	4.24408139745
1020	8.24720653801
1025	14.4080390369
1030	12.1940458801
1035	2.07277329016
1040	19.9545915624
1045	7.47643945543
1050	25.4440615652
1055	3.48862910788
1060	15.8300523233
1065	0.935069629348
1070	23.1530582877
1075	1.21458169248
1080	41.0980723825
1085	5.59710425388
1090	1.50536975923
1095	13.307617465
1100	0.797025110551
1105	1.38920629355
1110	21.8140549439
1115	10.822761376
1120	17.3628733011
1125	4.21514507419
1130	8.29488710265
1135	13.2901939463
1140	9.08310714169
1145	2.16151108005
1150	9.26043679457
1155	4.4624589959
1160	5.9450174971
1165	4.33649399657
1170	29.3455474854
1175	11.6592604012
1180	8.77549127625
1185	1.30428705315
1190	9.77525372145
1195	8.34008736426
1200	40.6516936558
1205	18.443509648
1210	24.5115711078
1215	12.879237576
1220	13.0331891531
1225	18.9332116701
1230	16.9244282696
1235	1.63188502078
1240	7.01401502081
1245	14.7719324066
1250	12.2764066036
1255	2.60009750001
1260	6.07787295734
1265	25.2394307653
1270	5.14194775922
1275	2.15189111277
1280	2.43100453282
1285	25.7700363084
1290	2.52637488525
1295	2.92493716616
1300	6.89978925272
1305	2.05776000211
1310	1.45884169128
1315	21.7137542697
1320	42.669272299
1325	0.637533965686
1330	4.53271022399
1335	35.4216835389
1340	2.62647074723
1345	2.0275395093
1350	1.52502785457
1355	25.3252637527
1360	8.57646156815
1365	6.87371296978
1370	1.98821566681
1375	1.0835727548
1380	3.31863040978
1385	9.95075424398
1390	3.12450203649
1395	15.7119301904
1400	0.539306663962
1405	23.6429959406
1410	6.48912084359
1415	14.6373142733
1420	4.33036480883
1425	11.3245106459
1430	2.7958448404
1435	47.8129885376
1440	25.9862224646
1445	11.0246914665
1450	3.57917785024
1455	1.82848267694
1460	12.6103252483
1465	15.250842793
1470	0.767301594529
1475	7.41016095742
1480	29.4112306178
1485	13.9122220238
1490	13.970548947
1495	4.20987247286
1500	1.83747926838
1505	5.31538333897
1510	5.30566576849
1515	8.52835724479
1520	23.5879957575
1525	12.9425961171
1530	1.98335631543
1535	1.97704456011
1540	11.0249618814
1545	9.44471950574
1550	14.5982161809
1555	16.0444799219
1560	17.5947711537
1565	8.42742229429
1570	31.1294322825
1575	3.80652811723
1580	2.4175097615
1585	5.481459305
1590	8.13833680038
1595	3.49483710677
1600	6.03230648245
1605	3.35978128429
1610	4.7671193762
1615	0.4
1620	2.49698825803
1625	3.93050009383
1630	8.71702765639
1635	1.03924992642
1640	4.49260713081
1645	20.0003324293
1650	6.3483027842
1655	10.8951586904
1660	6.26742595388
1665	0.4
1670	5.92870160581
1675	2.6615613772
1680	1.6292265106
1685	10.556313229
1690	24.547972468
1695	23.9740739959
1700	4.75302220502
1705	13.8717974431
1710	0.417394219232
1715	13.3089821571
1720	3.00751124967
1725	54.6150446852
1730	7.79927627779
1735	10.943740725
1740	54.8562768776
1745	8.14552031709
1750	2.71404099865
1755	9.34189139914
1760	35.1906566115
1765	4.54484422932
1770	4.53314804929
