87486
94315
72359
83221
69454
70403
80447
74985
93429
70013
57408
68881
68664
84631
85468
88381
77573
73137
66739
72366
65243
76597
85767
70381
77722
83024
92471
87330
81250
58801
65418
72895
72592
70917
73337
77279
87034
78350
62807
78074
78628
79043
82951
74861
85635
78292
66474
71180
73720
73034
74564
79374
95994
85907
57365
53790
75974
77631
72618
76411
84619
72802
76840
80648
68498
75383
77996
85448
90638
88690
85088
74826
63965
67645
51279
72732
70543
73711
83697
66294
74364
73604
78605
83252
71766
73444
100122
72190
85506
81519
77235
82829
73288
64219
52565
65856
56135
72802
76840
80648
68498
75383
77996
85448
90638
88690
85088
74826
63965
67645
51279
72732
70543
73711
83697
66294
74364
