838177
890702
651428
780381
655721
645147
795676
724605
865600
606958
541774
682486
694157
694246
802642
836127
667592
680419
724714
705051
633275
721273
837102
682849
695459
727460
825782
752561
673680
557765
678997
792068
655603
836023
674271
684530
776218
760938
566838
769212
734163
680953
796704
671422
791202
714558
595055
728935
733271
650464
718126
762338
850550
697022
499827
642144
742392
756078
818999
742264
660056
681145
709784
787899
656266
701815
773105
814188
796431
696241
728458
711438
549722
589569
662264
836745
642226
785252
792766
609521
649530
689970
743514
783785
671295
671707
923362
663888
738933
725988
658877
824650
663951
567505
642371
722166
444706
681145
709784
787899
656266
701815
773105
814188
796431
696241
728458
711438
549722
589569
662264
836745
642226
785252
792766
609521
649530
