0	10.861446974
5	14.1418526676
10	9.38063730098
15	7.97989277456
20	6.62497565577
25	4.9090937043
30	6.70056314649
35	10.7116527061
40	5.32873599598
45	5.58640523766
50	8.0660755779
55	7.40411293129
60	5.88434547811
65	4.85648451852
70	8.70706321912
75	6.38210264999
80	11.4429975748
85	4.45809483091
90	6.99001207775
95	4.5696633831
100	7.12912950428
105	7.88830509608
110	6.02788525482
115	6.3135102792
120	10.5448216115
125	5.31856871336
130	5.95988946952
135	4.57775547597
140	6.09779023918
145	10.7192255546
150	9.84027701572
155	10.9895281156
160	15.7495988702
165	10.1795194733
170	7.02276347997
175	5.16468114167
180	3.84278228943
185	13.2812493323
190	17.3970288643
195	6.7571577294
200	7.29796372566
205	11.6189774912
210	8.89672599082
215	5.51716481546
220	6.53916181385
225	5.698535469
230	8.60168487797
235	11.0012950114
240	14.1567630953
245	6.79476717296
250	2.75517241355
255	12.5666094433
260	6.27528161395
265	8.92527388074
270	11.4943720944
275	7.54432751122
280	16.7908175977
285	5.53542372253
290	11.0245147703
295	7.11402661095
300	12.0843601439
305	15.3563813153
310	6.7227134109
315	6.79747750433
320	13.781403021
325	9.49073082351
330	12.6413067506
335	17.8857170509
340	12.920852404
345	13.5943690201
350	4.05892619819
355	8.44022024142
360	9.24197375409
365	7.77689897591
370	9.41245825422
375	18.1290585796
380	7.29451694137
385	8.90724624898
390	5.23386409891
395	6.24042855649
400	9.017606937
405	9.77998180426
410	7.04530913193
415	5.50012557707
420	6.90637174141
425	5.12209076245
430	7.9001052412
435	15.4806488459
440	12.4025554139
445	13.1561717341
450	4.87060769359
455	12.4517020741
460	9.64090454087
465	12.1863797867
470	9.54652663471
475	6.489155423
480	13.2622890347
485	7.41837572509
490	18.5794300007
495	13.37082003
500	6.46299323777
505	4.79165151903
510	8.27921181217
515	13.522222068
520	10.017322029
525	7.2269361541
530	11.8143863314
535	11.9175734646
540	15.880435271
545	5.43216239173
550	8.43245269638
555	4.40387874207
560	15.0511949437
565	7.26303298491
570	4.54818560104
575	22.3948776972
580	7.9085120205
585	7.16261453428
590	5.2903554934
595	10.4451651287
600	11.2505245534
605	6.28630348492
610	10.4283352921
615	4.93783635129
620	11.9315462817
625	11.2565062773
630	6.79668367765
635	3.14088378019
640	5.79398124774
645	6.42828847447
650	8.76106893473
655	20.5997997152
660	6.36739945078
665	7.48121380769
670	5.57406794884
675	10.9852216241
680	6.60322623323
685	7.03009916278
690	7.47746013901
695	12.6237557316
700	18.4113787138
705	6.432925475
710	8.62165818633
715	6.75156380523
720	7.73076676775
725	16.3494283455
730	7.8244748047
735	12.2673688502
740	6.56601645387
745	5.13951773251
750	11.3967682949
755	12.4970296496
760	11.3951530121
765	9.93336485789
770	7.69258200053
775	5.45295321847
780	13.7463317691
785	6.18647289427
790	8.19811049265
795	6.26382286659
800	11.0385065821
805	6.60592566437
810	6.26967376857
815	4.27384952808
820	9.20839412978
825	8.5287869234
830	9.61796295741
835	8.51385168084
840	5.30836312487
845	8.59918799052
850	13.891231355
855	8.75781213687
860	5.5829153937
865	6.44720636405
870	11.4299138365
875	14.4934595136
880	5.70004060182
885	4.64058887147
890	7.08517267581
895	7.41504813555
900	4.79223464125
905	5.24353568283
910	5.40390379291
915	10.4847521927
920	7.03481692229
925	6.64563303121
930	4.68399622795
935	10.6328824042
940	10.0006318451
945	7.20354366119
950	13.8722558452
955	22.3922811968
960	8.80971222021
965	4.82616476139
970	14.9899611735
975	4.59517811134
980	10.9809638871
985	6.69561099529
990	11.186627687
995	11.2129400446
1000	32.482686698
1005	7.8819070426
1010	3.83855447536
1015	8.61315743514
1020	10.8332411618
1025	6.08173901381
1030	6.43357599258
1035	5.93997622911
1040	8.78321611085
1045	9.23344359048
1050	7.03384384962
1055	9.02199868153
1060	8.68112262221
1065	10.524345777
1070	19.8088735674
1075	8.57496834905
1080	4.95985109813
1085	11.1042928818
1090	13.2534204011
1095	8.95906522526
1100	6.4274791087
1105	12.4655755964
1110	7.18976583617
1115	3.38756454292
1120	21.2427500023
1125	12.3536202256
1130	8.7028396677
1135	4.1104282505
1140	10.1980395913
1145	11.7891601886
1150	8.83487133847
1155	6.72050402136
1160	6.4277137563
1165	8.89059148096
1170	6.66241647371
1175	7.5857865634
1180	8.77224060042
1185	7.94205036966
1190	11.340410175
1195	13.1953476896
1200	8.88609992395
1205	4.99808782271
1210	10.6339671632
1215	7.40351706078
1220	9.295829686
1225	11.4701419084
1230	7.28555458429
1235	7.57989499762
1240	6.56445235395
1245	5.69282400625
1250	5.76317097202
1255	6.90115483188
1260	6.72691106148
1265	4.25337592228
1270	8.26372337155
1275	6.46782258987
1280	9.48264113869
1285	15.8765611947
1290	12.0778626984
1295	6.48619625953
1300	8.67518556349
1305	14.2916073504
1310	4.41770981014
1315	6.67076834639
1320	7.36373491508
1325	8.56083470011
1330	10.6222781523
1335	6.9413597028
1340	10.7424630429
1345	8.29503579589
1350	5.71479645281
1355	5.71320203296
1360	4.02219476147
1365	4.72555029126
1370	5.09900037609
1375	9.0961746053
1380	14.2488215981
1385	9.43766747267
1390	12.469087888
1395	6.31785413409
1400	4.82246902123
1405	11.7356736227
1410	3.40893960346
1415	7.08798736494
1420	14.1191465834
1425	3.47257753639
1430	6.85906699979
1435	13.7075980506
1440	5.89710580337
1445	9.71128253497
1450	7.65828967824
1455	6.90294161926
1460	8.7917224548
1465	10.9965124232
1470	7.61396063953
1475	10.3772552127
1480	8.98951903172
1485	11.3856088
1490	6.84258217745
1495	7.0828971199
1500	5.88402491779
1505	8.47114767552
1510	6.38865601835
1515	17.0415848067
1520	9.8278647514
1525	7.21710904546
1530	5.1136534348
1535	9.38452641198
1540	9.6810541908
1545	9.87779208727
1550	7.70775913711
1555	13.2033697735
1560	8.43525006588
1565	5.6543178404
1570	8.29575255596
1575	6.76539830691
1580	11.079461164
1585	6.01012675572
1590	4.41272884211
1595	14.8354375205
1600	13.3424166618
1605	10.3119712947
1610	9.72472972942
1615	14.1612720335
1620	6.8463163084
1625	13.5219358792
1630	7.12107970136
1635	4.75621223475
1640	7.57436953178
1645	7.71473636101
1650	4.87343973546
1655	7.66908584494
1660	7.42538484194
