0	9.60687072639
5	8.5621277195
10	10.3344365156
15	9.15299393978
20	8.91000409592
25	16.8547314395
30	5.0889665216
35	5.80461714248
40	8.14867306735
45	5.10691965294
50	5.4693354682
55	8.11150697999
60	5.01328865567
65	8.55561802948
70	5.69505514079
75	5.75060745003
80	15.3905111804
85	4.71712343729
90	9.39479084616
95	11.2496779193
100	9.20154085151
105	4.76100731665
110	7.5651456677
115	5.64577465064
120	10.0877601989
125	6.475618477
130	8.54512775175
135	10.4241025355
140	9.48518334679
145	11.641871096
150	11.5498533121
155	8.50153457261
160	5.64314159677
165	5.74881648966
170	7.08183379421
175	4.99783387877
180	7.69225222557
185	9.7241606267
190	7.84833114053
195	13.3479273035
200	6.58832541733
205	6.50300379846
210	8.26898558994
215	11.9464364109
220	9.07056606521
225	13.5760914025
230	8.59484933838
235	14.4951469911
240	4.8015650409
245	10.2447993346
250	6.48256313331
255	7.46385245369
260	9.51742490321
265	7.41960200167
270	8.17128054443
275	8.03962035458
280	6.04773296763
285	7.45930628079
290	5.82574399208
295	9.63934673084
300	7.45501870861
305	6.81656796226
310	10.420616615
315	9.90920631155
320	12.616401782
325	9.12933824786
330	4.99949874955
335	8.15380582869
340	11.7976328055
345	9.58890553593
350	8.73820450183
355	9.2289043276
360	9.55149510916
365	9.12233344059
370	6.78497719366
375	9.47025292224
380	3.14845055714
385	9.63966571261
390	10.8534581068
395	9.04238448254
400	8.33761183994
405	10.5041553534
410	8.5939989921
415	4.54855733235
420	8.6328507767
425	7.9345844614
430	8.39687267107
435	10.2884279586
440	10.0655744187
445	11.0118725032
450	8.60362123599
455	13.2842932823
460	9.42431340877
465	9.94263601129
470	8.40269621271
475	7.85510601344
480	9.04906357131
485	5.86597835265
490	10.362282644
495	7.39115619737
500	8.34611137182
505	8.74169716677
510	8.68934367845
515	7.09088763826
520	8.63616326775
525	9.56187680564
530	7.80135609434
535	6.61803274995
540	8.85331691545
545	6.86607643922
550	5.2622733293
555	6.12705615176
560	6.34016144471
565	14.3136756066
570	10.2331462897
575	14.4223683393
580	6.98067921404
585	15.5225992785
590	4.82386345018
595	9.48684283253
600	9.9961207153
605	9.61111444324
610	13.9538394518
615	9.69757565144
620	9.05055344024
625	8.61343218114
630	6.66770025338
635	9.21997818227
640	7.15550176167
645	7.51905265646
650	10.5600008858
655	8.84754441525
660	5.03581018552
665	8.35265021889
670	3.36803679166
675	8.7050767289
680	7.03366605297
685	8.22487765074
690	9.63497441309
695	12.2741927888
700	8.76925849564
705	6.71103640506
710	8.7626204892
715	10.0788116828
720	7.64848322672
725	6.21778106577
730	7.06427396642
735	5.54229616842
740	10.1148423891
745	8.41366726341
750	8.21872727961
755	5.26026486265
760	5.57204994836
765	14.0931181846
770	6.45586864955
775	7.73855943939
780	11.7423288369
785	7.56174542566
790	10.3149914094
795	6.48003882167
800	4.74693197074
805	8.43914786545
810	9.09200008557
815	4.06988569694
820	12.7969616639
825	9.23255984134
830	14.6640035655
835	8.25470316208
840	6.71818778152
845	7.45691312287
850	6.22717479705
855	6.61845136801
860	11.4950797091
865	10.3795574556
870	9.52289515169
875	5.81571050789
880	13.2284953039
885	13.2239207868
890	6.58521291061
895	9.55585130038
900	5.86295423566
905	8.29971100784
910	5.61342368321
915	9.78610527991
920	10.0435973251
925	7.6077405933
930	7.89192606048
935	7.83784452737
940	10.4419622528
945	11.7642966382
950	11.0064677817
955	6.92599319219
960	9.16959612535
965	10.3724438527
970	12.4382449837
975	10.080576609
980	5.17796095611
985	8.5430010123
990	5.39114075946
995	7.83603462551
1000	10.6928468567
1005	6.90686086597
1010	3.72665299964
1015	6.56854320351
1020	9.60367064881
1025	19.5536600952
1030	9.11333206743
1035	5.50185654914
1040	5.62915534488
1045	8.25817091989
1050	8.45825924161
1055	8.52754872702
1060	9.78715140044
1065	13.4241917464
1070	10.1266215566
1075	8.19144036198
1080	6.71521074589
1085	8.12492355569
1090	7.52757963225
1095	5.47399004052
1100	8.20294194256
1105	12.1881306761
1110	16.5207234339
1115	6.26329677469
1120	11.2981332533
1125	6.22690060708
1130	11.465379046
1135	9.20508567522
1140	8.6778220533
1145	6.05475289802
1150	8.58982496591
1155	5.02722754911
1160	5.92279872354
1165	4.89284598955
1170	8.86039835225
1175	14.4054031248
1180	5.4019675247
1185	10.1451736227
1190	9.29694918736
1195	7.51158861935
1200	5.22606923641
1205	7.16852497673
1210	8.08207389997
1215	9.69917744377
1220	7.90435544956
1225	7.19846830475
1230	6.99783057817
1235	10.2553017834
1240	7.44254209506
1245	4.49219757489
1250	8.78352635806
1255	6.97009802335
1260	9.74849571541
1265	11.9491671119
1270	15.1822818455
1275	8.1179845441
1280	11.9797670468
1285	6.37289191802
1290	7.26887300684
1295	6.06504433725
1300	8.97272004501
1305	7.95874151625
1310	8.28268924238
1315	7.98337464876
1320	16.1998529586
1325	18.4034013356
1330	9.68177673526
1335	7.61765349146
1340	6.85061210631
1345	13.8548426565
1350	12.2113755563
1355	6.49772780301
1360	7.52437277086
1365	6.65767799264
1370	8.7583956072
1375	9.13769765634
1380	6.50144309113
1385	5.51777680881
1390	7.87055959515
1395	6.9033792318
1400	13.0977789455
1405	6.71476241231
1410	9.98841168988
1415	8.00019663335
1420	10.809067863
1425	6.92393072271
1430	10.5942612497
1435	11.8493804625
1440	4.23753280272
1445	4.33129820459
1450	8.62876241958
1455	5.96721223757
1460	9.86131589762
1465	7.26276519222
1470	5.25072541276
1475	5.98275640924
1480	14.0287724285
1485	11.0717549555
1490	10.0689185337
1495	8.0173594187
1500	9.39310183143
1505	7.95921821196
1510	13.7223573441
1515	7.60613220152
1520	3.321396023
1525	8.06254086112
1530	8.65595440123
1535	7.35232865105
1540	6.14615174162
1545	9.93017364503
1550	8.94424042742
1555	8.46130635967
1560	9.68336612803
1565	8.98979973733
1570	6.88797089103
1575	9.75768177888
1580	11.3477051093
1585	9.74875590455
1590	4.22571723416
1595	8.3909670945
1600	6.94729140991
1605	7.70217719477
1610	7.62886643355
1615	8.67435576702
1620	6.63326412719
1625	10.0206002351
1630	5.19099141021
1635	5.51961054808
1640	16.5904222221
1645	8.6245683498
1650	11.001066284
1655	6.04174727435
1660	13.4093099459
1665	8.45598647778
1670	8.53927087828
1675	6.06614741239
1680	7.06128894613
1685	9.5977357779
