0	11.6123190441
5	7.13323246001
10	11.2173809413
15	8.28230850119
20	6.72906473956
25	9.56768149433
30	10.1184724749
35	13.7723557178
40	6.51564598977
45	9.28621156399
50	8.62419859271
55	8.56437878714
60	5.26987117742
65	10.0419939826
70	7.98207733522
75	9.24764969704
80	6.28415826274
85	9.24764192556
90	13.0820443428
95	5.042563442
100	6.22331336594
105	5.35869837006
110	6.94186755095
115	5.96068357038
120	6.827513267
125	8.62247856196
130	6.85742882909
135	4.72479790724
140	10.0593754246
145	13.4489645932
150	10.0373140608
155	8.18218923086
160	8.71597454728
165	8.45040364169
170	4.85736015118
175	8.93749640896
180	4.85223613596
185	9.20249580021
190	10.2903585747
195	16.6055255061
200	10.7450432885
205	5.18460470351
210	12.9155939608
215	10.6919334745
220	7.37136400183
225	6.99125039594
230	10.2604974458
235	7.42476417534
240	5.48453493222
245	8.73595395167
250	8.87718648862
255	8.57225497092
260	12.7734896564
265	8.76432013799
270	7.34444449175
275	5.09534161314
280	7.26167794594
285	7.22387698211
290	10.677758442
295	6.88297516675
300	7.44763916074
305	7.92410404118
310	9.9331191906
315	9.40272174496
320	9.00483027967
325	7.63487696137
330	5.4257679967
335	12.4027545081
340	5.90200947622
345	8.98007664053
350	3.40577379258
355	7.83322695675
360	5.51746901958
365	5.63897295411
370	16.7747113213
375	7.76302693987
380	9.14403878893
385	13.6764507917
390	4.82142249741
395	8.470337752
400	12.3439011984
405	10.2637660919
410	6.69076509947
415	4.91166161742
420	4.44133016647
425	6.56259343965
430	10.2308401808
435	9.24595312664
440	7.11341152438
445	7.14653231179
450	5.84606392332
455	9.3802457329
460	10.7958205359
465	7.0464946202
470	10.0620539895
475	7.10199453498
480	11.2324483444
485	6.98752088305
490	10.3039858019
495	9.04445117189
500	8.38600521872
505	13.0921259958
510	4.98579816758
515	9.19858654405
520	6.13096587443
525	4.52546054295
530	5.54333160088
535	5.46435891157
540	7.81918637549
545	10.9657100041
550	8.09936437149
555	6.71459558075
560	8.04105333964
565	6.98866376148
570	15.5884286318
575	7.75113864715
580	9.18400872154
585	5.02946256918
590	6.91487717117
595	9.01688817451
600	8.86181367837
605	10.3615292762
610	12.2983159052
615	8.35504635125
620	8.23349265774
625	8.62053824393
630	5.20792548185
635	5.1837694819
640	8.84250892454
645	3.96257789419
650	8.98781570266
655	10.2147875906
660	6.28315417931
665	6.24875017043
670	6.80789474039
675	8.27198413736
680	7.50227095436
685	6.65664769283
690	5.39767753597
695	6.20359251443
700	5.26008122172
705	6.49473634065
710	7.08920236335
715	7.14875770957
720	10.217860155
725	15.0194138956
730	8.6006346652
735	6.00689519771
740	8.90545456491
745	6.35044716798
750	7.76193286311
755	6.61441421865
760	8.09918000317
765	8.96190973166
770	6.08491878167
775	7.82682468963
780	9.11335439969
785	8.2206340994
790	17.3125785535
795	5.54667227898
800	7.8764543055
805	7.98573017041
810	9.97433070864
815	8.30290154525
820	10.9587629454
825	8.97293568056
830	5.33828270485
835	8.70522650603
840	7.60056861208
845	7.49132698456
850	3.92949916736
855	10.2969262977
860	7.01505191238
865	8.62671621363
870	9.12740789863
875	9.34109738712
880	7.24769927381
885	5.92689286756
890	6.50289452911
895	12.380073181
900	10.0879899532
905	10.0734150439
910	7.50903678947
915	4.50806797267
920	6.44212345244
925	10.1712508903
930	6.63783798364
935	7.33488395493
940	6.46048512213
945	8.49293338346
950	5.35915335444
955	8.67686924196
960	9.6844317701
965	8.46210859414
970	7.7126499884
975	8.86009097376
980	12.7892753711
985	10.2331392422
990	12.426007285
995	4.91310488805
1000	8.5739361802
1005	5.21874732427
1010	11.1243074154
1015	8.40178298545
1020	3.76233104937
1025	8.06409200943
1030	10.0633163964
1035	9.15489649135
1040	6.44913696534
1045	9.90315418542
1050	7.47506830884
1055	7.49626420856
1060	4.78255320893
1065	8.99661265282
1070	10.7441534204
1075	14.4522755905
1080	6.83099265183
1085	9.68123089586
1090	9.5267279618
1095	7.84192818352
1100	8.53361531898
1105	9.10546810556
1110	7.6106051063
1115	4.24974170892
1120	11.7540152382
1125	8.22781128302
1130	4.68456432262
1135	9.99017215192
1140	12.2088705025
1145	10.1687641088
1150	16.0095765874
1155	7.08868508209
1160	12.7084475523
1165	8.8284851299
1170	6.25647394295
1175	11.1668315795
1180	12.0110506936
1185	6.7772202905
1190	10.3589753635
1195	4.78792576658
1200	4.90361603758
1205	4.81000961534
1210	6.55475823785
1215	5.22736600353
1220	9.07654363177
1225	4.51941655664
1230	5.64675070174
1235	6.94210826775
1240	21.4503541406
1245	5.8571211994
1250	7.7956892864
1255	13.1113511781
1260	5.01389948602
1265	7.21827897161
1270	9.55595010984
1275	15.2705197573
1280	11.3991448321
1285	6.15917775516
1290	8.32621671121
1295	9.32392266224
1300	9.89795157893
1305	3.7669964825
1310	9.30475882462
1315	7.79929579254
1320	9.93715779027
1325	8.53151844769
1330	14.0113252608
1335	7.95378761819
1340	8.4066322651
1345	4.554307815
1350	8.57122221706
1355	4.01121025574
1360	5.47607098923
1365	8.53515633754
1370	9.11780965418
1375	9.01067765113
1380	7.02539236804
1385	5.77530085771
1390	10.5472683518
1395	7.82980423427
1400	9.67964638836
1405	6.14689736304
1410	9.26709680657
1415	15.3149091057
1420	6.29706682612
1425	7.76959256567
1430	7.01862372966
1435	5.5726923027
1440	7.15864475044
1445	6.51769184925
1450	9.05485462078
1455	7.26744123859
1460	7.38412684916
1465	8.553391123
1470	5.84242285673
1475	7.88899366652
1480	9.12504259559
1485	8.25553633434
1490	11.1562883619
1495	5.23351681602
1500	8.53916825317
1505	10.7479344885
1510	5.68726284468
1515	7.3944133423
1520	9.54461834298
1525	9.50455134211
1530	4.91747764595
1535	10.8599161474
1540	7.49966380209
1545	5.13691118557
1550	7.36623661161
1555	10.6620730734
1560	7.3972752352
1565	4.82345826407
1570	6.54170287656
1575	9.05234709787
1580	3.30567571017
1585	10.5554917988
1590	7.80573640374
1595	5.48543731335
1600	7.96770117183
1605	7.76743926665
1610	6.40089534189
1615	8.24387000928
1620	6.08870303452
1625	5.47133821928
1630	8.86610214213
1635	4.69556318114
1640	7.27753747194
1645	7.39962703837
1650	7.99306713277
1655	10.5751612322
1660	7.68621032503
1665	7.9787347577
1670	8.53422339271
1675	7.20034027494
1680	7.64951993273
1685	4.80690815355
1690	14.6155130106
1695	8.44015091615
1700	6.81414206721
1705	7.08205293025
1710	2.9623053103
1715	4.8392807573
1720	8.65731690086
1725	8.27551447571
1730	7.24144415062
1735	7.12945230822
1740	7.1703904463
1745	6.27586590559
1750	8.90550307203
1755	9.39643157635
1760	5.15493257757
1765	3.95975068462
1770	9.7290858177
1775	8.74326920487
1780	9.53425190481
1785	3.32614856859
1790	7.94063266416
1795	6.1575950763
1800	18.2473743142
1805	8.26452194829
1810	15.6747367268
1815	7.2062155123
1820	6.57328476137
1825	13.8616854602
1830	8.83676461279
1835	4.83203367662
1840	7.81384883392
1845	6.39445430054
1850	5.1483902417
1855	6.95873830736
1860	8.21846804306
1865	5.53636489863
1870	6.90530279646
1875	4.12843467808
1880	10.7356685455
1885	9.94433610472
1890	7.35032447518
1895	8.75998529678
1900	7.33968278701
1905	10.592414039
1910	9.16364190569
1915	6.88678775072
1920	7.08077820628
1925	6.50353334223
1930	5.79470399268
1935	5.00094511696
1940	6.4001307131
1945	5.13008164458
1950	11.2181007923
1955	7.48641885864
1960	8.5997074204
1965	7.20189849334
1970	10.3913351248
1975	5.73167020798
1980	5.73974680445
1985	10.9714900796
1990	6.72431405497
