0	15.1117143996
5	9.72898568976
10	5.54687384355
15	10.3236563197
20	6.41576171601
25	7.45043141582
30	12.2909363346
35	4.54957391707
40	8.21617312241
45	10.9976359328
50	15.1608665055
55	6.39317480247
60	6.61789912749
65	6.95319636527
70	8.61616283245
75	5.45076957068
80	4.97296027255
85	6.66116065138
90	9.77813425598
95	6.88355642659
100	8.65614906806
105	13.5690081477
110	10.1644317403
115	7.98615442967
120	6.28088353815
125	8.32003032974
130	9.35305648218
135	9.08884244757
140	7.3718005231
145	10.2983513853
150	9.59557960747
155	10.2156190227
160	8.38035855575
165	4.24198020072
170	6.39432451921
175	5.36447415341
180	11.3282846764
185	7.0979652747
190	9.03451484054
195	6.65276788629
200	12.8388322386
205	10.4480781014
210	9.87626775243
215	7.99178423971
220	18.3504498941
225	9.69907228464
230	6.93653584388
235	5.50342496954
240	7.63352580503
245	6.05913536244
250	5.62747251494
255	9.70954091685
260	9.4634919335
265	9.3749675529
270	11.143621394
275	8.79717455776
280	6.99009098434
285	6.2257290552
290	5.24199244609
295	5.35617729843
300	6.14789422475
305	7.06650159911
310	6.15335272825
315	9.08486151654
320	5.86170711874
325	5.74883324224
330	7.3590751454
335	11.8180401044
340	9.38902350102
345	20.3916322767
350	4.44054830617
355	7.94529705274
360	4.39184914813
365	8.17130014138
370	8.90218269047
375	5.7311896022
380	6.01111140105
385	5.82761919396
390	7.49591320394
395	2.97756074041
400	9.292335963
405	5.74475530253
410	8.74174057929
415	6.26628399653
420	5.45670015431
425	12.929849393
430	6.04561502088
435	4.68323701723
440	7.51910706352
445	12.6824239926
450	8.68362218625
455	8.47284141063
460	11.4871756998
465	8.50420159727
470	10.8075799217
475	7.92362202196
480	7.33677938251
485	6.7166294448
490	14.0159264432
495	3.93737506635
500	4.74031975609
505	8.45639676899
510	9.48848081937
515	7.35678088477
520	5.24974533422
525	4.67713765301
530	5.60882466948
535	6.38581108935
540	12.4470319101
545	10.8270825866
550	5.91428727411
555	8.13453037716
560	9.17167375529
565	9.60021455964
570	11.1872507897
575	9.89588783476
580	9.82126411451
585	8.92062810017
590	7.03093098705
595	6.85231922146
600	9.06642752132
605	8.9426598847
610	4.25285995099
615	5.91303265142
620	5.24108167107
625	13.256882089
630	8.8012130475
635	7.2610670961
640	9.35717941448
645	5.81183604863
650	3.99188881856
655	12.1191124401
660	8.15486725491
665	9.88504151383
670	14.4126269509
675	9.56651809082
680	5.42461038669
685	8.94941468037
690	8.13877206548
695	10.2397401715
700	5.58457970394
705	10.5944685361
710	7.90360275545
715	8.637003479
720	12.4139682397
725	3.60463573295
730	9.10978802701
735	8.89954849271
740	8.65494753988
745	7.48123206872
750	7.94440293425
755	6.73658640839
760	5.1612120369
765	7.39232476111
770	6.35351945234
775	5.78974174421
780	6.29685751993
785	10.8707534578
790	8.07364254845
795	13.5119735929
800	8.67803573829
805	7.42336874876
810	8.50997552698
815	8.43451762596
820	10.5675316224
825	9.90824168583
830	4.31926342447
835	16.9589113185
840	12.6547865671
845	6.22282729728
850	9.57242562276
855	16.9965364912
860	10.492794026
865	6.04630015824
870	10.8784032362
875	6.17734714436
880	7.49047483933
885	6.60016902316
890	6.98695302592
895	7.38111844585
900	11.7502967425
905	9.75931743166
910	6.56419303217
915	5.0307929413
920	9.85225227869
925	6.52899643441
930	8.18651464755
935	9.04951682809
940	9.70785541222
945	14.0955917208
950	6.58245018923
955	8.58564406878
960	17.8572253237
965	5.48832023548
970	11.6020684472
975	6.72869970839
980	6.35841674743
985	7.40885565032
990	6.24324438019
995	4.30519135671
1000	5.85514867771
1005	7.85039674672
1010	7.62297216199
1015	5.04337716692
1020	4.98641259586
1025	10.7765175734
1030	5.49801613028
1035	9.60735470947
1040	7.43858924339
1045	9.68294167755
1050	6.6928288595
1055	6.65401761996
1060	5.81589720728
1065	9.2939253957
1070	7.21105648481
1075	7.75107280792
1080	7.17562563654
1085	5.21363118032
1090	10.2477268544
1095	5.37896394809
1100	7.55801888472
1105	12.2528866601
1110	7.63806104091
1115	7.72505686516
1120	11.390021134
1125	5.71532217376
1130	9.49165162393
1135	6.03319218045
1140	11.5696232534
1145	6.01248824587
1150	10.0211330849
1155	5.13084907705
1160	8.04894033471
1165	4.1566913641
1170	6.55880165558
1175	8.53375451341
1180	6.36907711935
1185	13.8259805501
1190	8.65064509166
1195	10.4839265145
1200	9.45117429007
1205	5.05601622287
1210	6.8048694645
1215	6.48036744018
1220	8.23579197179
1225	10.8024421185
1230	9.28510903963
1235	9.36446782624
1240	7.38858179428
1245	11.3659094269
1250	4.89625031728
1255	6.22258119569
1260	4.95212015442
1265	4.95809868375
1270	8.43163532533
1275	5.08100046959
1280	12.5014906595
1285	8.40319813325
1290	6.5965725244
1295	10.3710201301
1300	10.9137258694
1305	5.65823389933
1310	5.96102342903
1315	13.2128405378
1320	14.3561923381
1325	7.85164558447
1330	6.32768263739
1335	11.6247233591
1340	12.5828766453
1345	6.46685528314
1350	3.91408016067
1355	5.19472897218
1360	13.4923676569
1365	5.71063323616
1370	8.16486362848
1375	8.19475052211
1380	8.00850498392
1385	6.72808287775
1390	10.2404834342
1395	5.38987553689
1400	9.36417982
1405	9.81126709125
1410	5.51306105466
1415	6.93863216896
1420	11.9614673536
1425	9.33715506673
1430	8.6019556163
1435	3.60330338321
1440	7.82197183556
1445	13.0446369848
1450	6.89661814959
1455	8.74419399364
1460	10.6221223399
1465	8.08666423925
1470	10.0984887902
1475	7.73581366527
1480	5.81884819992
1485	7.03472213254
1490	7.82778631701
1495	11.8754970275
1500	14.3814403835
1505	6.70419646231
1510	5.54841325621
1515	7.15318215253
1520	5.68031253593
1525	7.09507408885
1530	11.1052684651
1535	11.4376237385
1540	6.70715896362
1545	7.07110116591
1550	6.89663403973
1555	8.54968639659
1560	8.9314757379
1565	10.333355188
1570	6.31690058601
1575	13.411174919
1580	8.98021522636
1585	7.92812638495
1590	7.88658567937
1595	7.24154892169
1600	7.30687504771
1605	5.23099882361
1610	12.0437332325
1615	9.21737788441
1620	8.45594069506
1625	7.89963752818
1630	9.51648443187
1635	10.412188961
1640	10.4497864269
1645	5.1625573822
1650	7.1900349968
1655	8.14441851356
1660	6.04798493186
1665	12.1036232644
1670	8.37931689584
1675	6.44288568773
1680	4.57686280543
1685	8.96604070075
1690	5.60354927332
1695	9.69648953165
1700	6.42922187203
1705	11.7277638278
1710	6.33866318045
1715	7.99169459337
1720	13.2273851174
1725	4.51574376978
1730	10.6435397307
1735	11.2247499479
1740	4.44263315261
1745	9.60550597314
1750	5.38293111856
1755	6.06949592704
1760	10.1352014541
1765	8.22283035729
1770	7.73363736677
1775	7.45410052449
1780	8.52695671785
1785	9.64383745088
1790	6.84801978152
1795	6.23427629087
