0	8.56774798852
5	11.2344148775
10	4.47048866767
15	4.71878955606
20	9.10617808761
25	8.89455929773
30	5.7631429152
35	14.7341620926
40	12.8545561364
45	7.96895232727
50	11.3039873747
55	4.14209769632
60	12.2524022585
65	14.4280171057
70	8.86531603029
75	5.73617004077
80	12.532166072
85	6.81338734708
90	8.26003159383
95	3.7057078534
100	5.36204356398
105	5.09365709711
110	4.06500789016
115	6.84912724655
120	10.3033348809
125	5.97555401703
130	15.5278439658
135	6.66247685308
140	7.9028946332
145	5.84988551291
150	11.9055586
155	13.4459837061
160	7.25366658059
165	5.54972372646
170	11.412036995
175	9.92137990942
180	9.55494249621
185	8.37715234274
190	6.0203613378
195	12.8506018561
200	4.93818375717
205	9.09037356173
210	12.9924094452
215	9.73119505797
220	10.8558746565
225	5.06157559447
230	12.7440572865
235	10.0636377054
240	5.41369014283
245	9.4501831509
250	6.4203367556
255	6.79504275127
260	6.05099231457
265	7.11908124621
270	7.19694409534
275	7.53350209139
280	18.1768702843
285	7.43407506211
290	9.93693988809
295	8.61510855401
300	8.93919877219
305	7.70816850577
310	10.5470666586
315	5.55073884102
320	4.19854070398
325	5.37400102644
330	10.3408693876
335	13.246892773
340	4.74678918091
345	4.73850871711
350	5.32542023172
355	9.09248838812
360	6.32561626174
365	3.15635948875
370	6.62881500364
375	3.04417832296
380	2.68257106566
385	4.28304371566
390	5.58141478603
395	7.36532470248
400	10.0362769337
405	8.68373906456
410	6.50629915217
415	11.6089093494
420	12.4688195191
425	12.2786954874
430	7.51197624301
435	9.8738278893
440	6.98480426381
445	8.79352128436
450	12.3531308722
455	6.99749782373
460	6.18056258867
465	8.21527451651
470	7.17199436071
475	9.55413689083
480	4.95145164476
485	9.36910437215
490	8.45092953658
495	5.14678391388
500	9.77080590402
505	14.8361927814
510	5.54804321728
515	8.94142742886
520	5.98968159545
525	9.71714314619
530	9.02258709366
535	3.15944743829
540	9.93561481682
545	6.83500133894
550	5.68149557408
555	8.35035363716
560	18.3943986371
565	4.75137402663
570	7.10467125829
575	7.60617845822
580	3.34080109048
585	8.66651748042
590	10.3999892839
595	4.55014930627
600	8.47063850373
605	8.72861817279
610	6.659880174
615	12.5761134244
620	15.4212210653
625	6.14642349761
630	6.11722640949
635	6.81263830906
640	5.24688930915
645	5.2555063057
650	7.85006911454
655	5.73741523823
660	9.73601321306
665	6.27913856017
670	14.3716652804
675	8.04181637506
680	17.6493412243
685	5.56121782682
690	6.47104447173
695	2.56864905797
700	14.2329550175
705	6.30730484969
710	6.29092857082
715	5.87068797689
720	13.8087088111
725	8.50188355538
730	9.75304131274
735	8.49062108557
740	6.4234321965
745	12.0795163215
750	12.1880959383
755	17.9950423932
760	9.170562464
765	6.65279127443
770	9.07412331905
775	13.989766474
780	2.74699554176
785	9.50958099412
790	4.72327242241
795	10.206788833
800	15.2182006228
805	13.6930872007
810	6.13043692132
815	3.03490696113
820	10.2898882467
825	13.6379476775
830	6.90921505048
835	11.3460470996
840	12.4475999217
845	8.79560873038
850	7.92550243543
855	4.19069681126
860	5.24959632106
865	7.06420608038
870	4.16390127088
875	11.7586869413
880	9.99133246705
885	5.72840864438
890	6.81252832766
895	6.14075898398
900	8.19699431087
905	6.77618249276
910	7.24567287872
915	14.3760355891
920	7.50623586618
925	7.27522453795
930	6.50563869193
935	10.2928263805
940	7.17224557818
945	5.81941070689
950	5.66957206494
955	9.30302386945
960	9.23082546566
965	7.15757626153
970	4.00080223334
975	7.10056825727
980	9.19216110954
985	6.75616859768
990	8.35940754392
995	9.17792666425
1000	11.2678056039
1005	14.6377431743
1010	10.1151240018
1015	5.46425052015
1020	8.21411829162
1025	5.37526581563
1030	3.26909014846
1035	14.3448218557
1040	9.7715419846
1045	8.18862526777
1050	8.26808009924
1055	10.3820944801
1060	13.6771958144
1065	10.181690709
1070	11.5566287782
1075	6.74463701718
1080	10.2624138188
1085	11.8195090459
1090	6.99279073072
1095	2.89507733574
1100	12.5212363435
1105	6.25267522439
1110	5.4904523681
1115	6.33453021418
1120	7.29377978952
1125	8.14953858502
1130	10.3400065341
1135	7.6618040402
1140	4.89548607841
1145	8.75924856693
1150	7.73821650214
1155	5.41770402562
1160	10.128084556
1165	7.87741682215
1170	5.39671711849
1175	9.41705104803
1180	9.09527806157
1185	5.5079075422
1190	16.0408395094
1195	4.54041352225
1200	7.70261371701
1205	7.16446684865
1210	6.97816850098
1215	8.68071284576
1220	16.4725540437
1225	6.98189229757
1230	10.985631924
1235	16.2045899919
1240	5.35343035853
1245	5.04043638688
1250	10.9616211817
1255	7.93486896505
1260	6.86316866293
1265	8.39227267974
1270	9.15780457475
1275	6.30135375722
1280	12.7175479368
1285	9.08851945729
1290	14.8990904705
1295	7.90559674735
1300	7.48361835724
1305	4.44986487398
1310	5.77537016023
1315	5.86747445981
1320	4.98801589328
1325	17.3709198205
1330	15.2821721843
1335	4.62480902669
1340	8.31756187216
1345	9.43615084807
1350	9.58082590917
1355	7.82934399879
1360	12.151764938
1365	9.44134199179
1370	7.63147358809
1375	6.68202855964
1380	8.9138638821
1385	9.22671189959
1390	7.49537290418
1395	9.72972321951
1400	5.12821908592
1405	10.1335137828
1410	6.90507300975
1415	9.44799569583
1420	6.61811953811
1425	4.02062332989
1430	10.8465299339
1435	9.96567286428
1440	8.97949511745
1445	4.6834469003
1450	5.58879278234
1455	8.00789145219
1460	3.57304789812
1465	8.05752678623
1470	8.01560937528
1475	10.6646666576
1480	6.77182412417
1485	6.03704253613
1490	8.84724978897
1495	10.6851698712
1500	6.88985547532
1505	20.8076926786
1510	7.44506459183
1515	6.88373399703
1520	5.02255458115
1525	7.94535283836
1530	5.40365579832
1535	7.41105921387
1540	12.5992126743
1545	11.1718454609
1550	5.36549151258
1555	7.62975704941
1560	9.41122015665
1565	7.85011898143
