0	7.2619115427
5	6.21721763544
10	13.1165702871
15	9.05419446295
20	6.98630202018
25	6.33954391329
30	8.00331319663
35	9.35623975513
40	3.59818857621
45	7.65689627372
50	7.64475161518
55	9.55258379107
60	9.87844864211
65	8.34817846428
70	6.74718056426
75	5.43928584923
80	6.69569776927
85	4.25306114116
90	5.5237135481
95	8.9401140318
100	5.84648401584
105	8.62949436918
110	6.4188176408
115	9.54407574852
120	6.50478305144
125	13.1550538769
130	4.02217830367
135	7.46720982158
140	5.79014758638
145	4.8323633753
150	8.93601296874
155	5.29438984286
160	14.3821535858
165	18.4967565958
170	7.29373159213
175	8.98243353017
180	9.81535803784
185	14.5544476551
190	12.6352420364
195	9.85240526262
200	9.35700970159
205	12.4049120777
210	6.95924115811
215	11.9127246876
220	4.74847849877
225	9.6901877415
230	10.4900855338
235	5.57080025978
240	5.42008101724
245	6.39034395598
250	14.4776613315
255	6.87590287406
260	10.1380442819
265	6.76042860177
270	5.74024889547
275	16.3591279068
280	7.64374343752
285	4.8067361271
290	8.70503960047
295	5.8247766165
300	19.7277199504
305	6.12064949647
310	10.4062212618
315	8.26340657309
320	11.067451676
325	11.1049910624
330	11.3208910295
335	9.4559956322
340	7.66504246604
345	4.79650996811
350	6.72463537746
355	12.8795962885
360	14.0710342777
365	6.2727407755
370	3.67515673345
375	6.77922554522
380	11.1824568191
385	7.7016770781
390	7.49529216646
395	10.226991442
400	8.35151296017
405	8.71224191834
410	5.96280336871
415	8.60820692551
420	8.19886764496
425	16.7523307862
430	7.02502791491
435	8.31639942797
440	6.58132761001
445	7.24211499092
450	7.50230902311
455	7.09615112362
460	18.1171592351
465	10.3434974148
470	18.0817662079
475	8.8259445143
480	9.78391028896
485	13.4947179949
490	6.87085280379
495	30.0357339429
500	11.9552139187
505	5.68740649013
510	17.1200732489
515	12.5893448216
520	6.28053745926
525	10.8223935204
530	9.08402255623
535	8.44243095925
540	7.34857875981
545	7.72035995274
550	5.25326926644
555	11.4275504347
560	5.37611184357
565	6.60175852573
570	8.1484854765
575	8.03962996733
580	8.41489578942
585	13.9727177983
590	9.67448275026
595	5.40882228853
600	4.10126871037
605	11.3891267189
610	6.26319276635
615	3.70507772034
620	10.098986555
625	18.9228002216
630	11.3370109444
635	5.68185026252
640	15.8057236163
645	3.91159688708
650	15.0698906101
655	7.49724265195
660	4.47669986073
665	6.05437363078
670	5.97456395824
675	12.1817751698
680	6.87299466011
685	6.96205251255
690	9.00796762091
695	3.63682345841
700	5.49318358298
705	10.096281012
710	5.4805002981
715	13.9743985969
720	14.8227241382
725	8.80581989224
730	3.97380499726
735	7.26100498343
740	8.69884740673
745	17.2141283167
750	8.82531097825
755	7.1515563012
760	8.21146705706
765	7.20144004798
770	6.48224751122
775	23.6376538223
780	10.8853866364
785	5.15867951202
790	6.81747585737
795	8.85429547579
800	12.0017927115
805	8.28342337169
810	16.8621989141
815	11.4546343845
820	8.58327939051
825	9.75404914371
830	6.07964821601
835	5.0569086169
840	10.7818022564
845	3.93669222922
850	13.3260124195
855	10.7729134742
860	8.19983111386
865	6.76917302855
870	18.3690406947
875	7.46220106675
880	6.95953361251
885	5.7808090926
890	12.6191621786
895	8.43678600914
900	13.2519404107
905	5.29573653004
910	8.20277150774
915	7.5112047163
920	10.5436626233
925	8.13969717231
930	17.5367726583
935	11.2388541561
940	18.300037756
945	7.44509011337
950	7.31644918584
955	4.1169462748
960	7.74322729612
965	2.25125515788
970	4.86260229076
975	5.59033892725
980	11.5378316168
985	12.6038779583
990	4.96420062856
995	5.80015009764
1000	8.10656244832
1005	7.87393569935
1010	5.68734932138
1015	6.91011124991
1020	6.68570252548
1025	8.53821241749
1030	4.85734948212
1035	5.2879856358
1040	10.5703270314
1045	7.42613612019
1050	4.11529510123
1055	8.07702899834
1060	6.54088469742
1065	5.42305992879
1070	3.26017884191
1075	7.86455490141
1080	10.6788457838
1085	12.1552115021
1090	13.8807988482
1095	12.8443419821
1100	8.26178638865
1105	6.51401860942
1110	6.05947460344
1115	6.47406596667
1120	12.7493661681
1125	4.24178497677
1130	10.32465295
1135	16.6715732874
1140	6.27272788553
1145	7.71162510633
1150	8.38570452396
1155	11.977791218
1160	8.86045649808
1165	14.8508928208
1170	10.6508974674
1175	6.40472499557
1180	14.1803962805
1185	9.59373679413
1190	5.11597590834
1195	5.60026187918
1200	2.90940621089
1205	5.87606262869
1210	6.86314543082
1215	9.21306271802
1220	10.1038300232
1225	5.60042862892
1230	5.10725835959
1235	6.48136114732
1240	3.95204013287
1245	6.73892117071
1250	6.98909622461
1255	13.3457364185
1260	18.9624608414
1265	11.6500417459
1270	4.80093618365
1275	8.76783296547
1280	14.4411273349
1285	4.38486767858
1290	22.0650399197
1295	6.20765902598
1300	4.86792272609
1305	4.03811665887
1310	12.0480301755
1315	4.22146505234
1320	8.62982205115
1325	9.06468278491
1330	7.72407693691
1335	8.49417472394
1340	13.4843946886
1345	5.17510325312
1350	9.20105365514
1355	8.61562733342
1360	6.51893517749
1365	6.32742403702
1370	7.29450393453
1375	3.69592179277
1380	22.0512325444
1385	20.5937568473
1390	19.0682549603
1395	8.08886652991
1400	7.39378883047
1405	14.2678526644
1410	4.9195950192
1415	7.50357349081
1420	12.2855787145
1425	8.5000260625
1430	9.39933841541
1435	10.6836371432
1440	11.0470947306
1445	5.60949974158
1450	6.02496868594
1455	7.6841280319
1460	10.1308750839
1465	4.292830412
1470	8.36673718461
1475	5.63240840755
1480	18.216833718
1485	4.21984476429
1490	6.84384351585
1495	6.96701145727
1500	8.42103309878
1505	10.4649148625
1510	8.09475592239
1515	12.1630822427
1520	10.9992050835
1525	5.81080226758
1530	8.83877331123
1535	6.52569905159
1540	15.6359808266
1545	7.34411587614
1550	6.50883707926
1555	8.15076792527
1560	10.3698354881
1565	11.0214938885
1570	6.60222216155
1575	10.3266411075
1580	8.50346404954
1585	6.33376443719
1590	7.4460131811
1595	18.4049624508
1600	9.46799476531
1605	3.35415168869
1610	8.25990581618
1615	10.8522817223
1620	5.47519211223
1625	7.00897920972
1630	8.07431494826
1635	6.06666391945
1640	8.92626820978
1645	8.7204562505
1650	12.45172303
1655	14.2738771499
1660	8.64551864336
1665	6.7781699967
1670	10.7375223402
1675	4.77129953693
1680	5.33210256741
1685	7.06910812128
1690	9.51807438054
1695	5.40111274286
1700	10.7705609241
1705	10.297130646
1710	7.5662079837
1715	11.7219327798
1720	3.54169966858
1725	9.17530610459
1730	12.6515770518
1735	11.1347467814
1740	7.98138861406
1745	14.025863142
1750	10.0904100956
1755	7.57758592726
1760	4.4612298532
1765	12.0303577624
1770	16.2422790658
1775	9.44700372573
1780	6.67405098999
1785	8.36097558667
1790	10.3992012414
1795	16.4623445105
1800	7.38688641708
1805	4.86221221457
1810	11.4338676279
1815	3.98209808136
