0	6.8112615119
5	4.52266125825
10	5.30314690329
15	15.8501207049
20	10.3323092036
25	8.07846493409
30	7.81205811601
35	4.65247964379
40	11.4632596953
45	5.87291577906
50	13.1060705257
55	7.95189657835
60	15.2771103303
65	11.9858258663
70	11.8799281387
75	8.16968977411
80	6.19135962401
85	6.67134376749
90	7.5045388523
95	16.9414645321
100	7.31743402088
105	8.37308573479
110	10.4038589901
115	7.3697256464
120	6.54834294613
125	7.33439834534
130	8.3725346262
135	9.71190949984
140	9.96662373636
145	7.49686761592
150	7.33078118572
155	21.3607534835
160	6.43015028972
165	7.41748220348
170	6.45680226906
175	5.99418396789
180	8.85890596536
185	6.12849105662
190	8.03635077634
195	8.36789860068
200	3.96051696876
205	8.27703839465
210	9.38655080417
215	9.05548142062
220	9.91513960948
225	15.3860688659
230	8.71066502626
235	5.90233339844
240	8.5715903771
245	5.85828071655
250	7.11191606736
255	12.2400749493
260	8.54214427271
265	8.1296446695
270	10.1161144313
275	5.9561456502
280	8.17904924189
285	7.77124899438
290	7.45111210329
295	16.7785572986
300	8.02423552439
305	4.31038721129
310	19.2766892416
315	8.4007576924
320	10.3844737327
325	6.29771504471
330	5.19045858361
335	5.43343666163
340	11.0732768028
345	9.25088065377
350	7.24608237411
355	12.0705246013
360	12.6227474367
365	3.84364172646
370	6.91169565693
375	6.68795724338
380	9.46340465584
385	9.29434673553
390	5.82845939289
395	8.61627463442
400	4.88437859754
405	10.4837266002
410	6.81191323939
415	8.67182510107
420	16.8572630543
425	5.53937389725
430	18.8459878357
435	9.05761025176
440	7.94628001348
445	14.1441211816
450	8.26491209168
455	4.97077690677
460	11.0414103098
465	5.05292704685
470	10.07746295
475	5.59742524868
480	5.46511580144
485	15.3426221799
490	7.01769691758
495	14.4350926224
500	7.91451191161
505	6.00027565749
510	10.5898414524
515	5.64392511376
520	6.34581171641
525	11.8694437596
530	6.11784532518
535	9.05587128713
540	5.15772605984
545	7.45253082782
550	6.58491909381
555	11.2708834994
560	7.19061042239
565	6.35692110491
570	8.69473805275
575	8.7889601485
580	5.17538581464
585	6.50227173928
590	5.81467567015
595	9.27713607281
600	20.7455913748
605	5.67264027652
610	8.02749143239
615	11.1755007647
620	19.704979422
625	7.21645850197
630	12.100023438
635	7.73576045236
640	11.0796629671
645	6.39537139937
650	6.49760658739
655	6.59180339701
660	12.2931081398
665	6.3564278475
670	7.28815705363
675	13.4225008237
680	13.2863612013
685	7.84283335807
690	14.9547489455
695	11.0257402785
700	8.25488846379
705	6.9195052532
710	11.3803596649
715	8.72024672354
720	13.5410416802
725	4.31452480482
730	8.65770129858
735	8.12840249455
740	11.4605249424
745	8.28325955285
750	7.89119870975
755	6.33614021983
760	8.48936888031
765	13.2418267564
770	5.70348704412
775	9.70633443322
780	6.67959485528
785	9.85226386515
790	6.79467049352
795	13.800112272
800	6.53294654846
805	5.5559860802
810	5.55214660128
815	7.57018671007
820	7.7438497961
825	14.9474252915
830	6.53909921751
835	6.89402157334
840	5.93813286855
845	9.91344077073
850	6.10495362827
855	12.3852678075
860	8.83812551832
865	7.31664884627
870	13.376466038
875	7.4945497253
880	9.54807138347
885	13.1963098008
890	8.17256583174
895	4.59100452465
900	10.7102278801
905	12.2928790952
910	5.75938383204
915	14.5526338602
920	6.65114094502
925	6.25251402655
930	4.70963354613
935	7.73624956261
940	8.88168544742
945	7.38666128689
950	10.7628399015
955	6.99165466569
960	6.71826027505
965	7.56974817471
970	15.9288811089
975	8.10619952562
980	9.33802219761
985	7.5568048698
990	7.3216683165
995	7.64608404338
1000	9.3839601523
1005	10.0627865759
1010	6.04931999829
1015	6.90840142372
1020	9.25745089854
1025	11.7210723149
1030	8.3672496623
1035	12.9763467792
1040	10.0240536196
1045	14.8489576138
1050	6.06457068085
1055	8.81005769099
1060	4.90270020148
1065	7.06252297063
1070	11.105931381
1075	6.58458275685
1080	3.73369482659
1085	5.61709058777
1090	6.71552535124
1095	6.74310910283
1100	3.04039713547
1105	11.4675289663
1110	8.47348706527
1115	12.1340727869
1120	8.44341839281
1125	6.84401431862
1130	7.80099584793
1135	11.4667306717
1140	9.12795382439
1145	8.11641676842
1150	4.41809202922
1155	8.38411353838
1160	6.92222249924
1165	7.29256221968
1170	7.63716835066
1175	8.42509423583
1180	6.56343495734
1185	7.49342414634
1190	8.06423965014
1195	5.7306245526
1200	10.778940185
1205	12.3152322522
1210	10.0258096231
1215	6.63827463278
1220	9.10020493831
1225	12.4523824737
1230	5.12218222673
1235	6.47246973043
1240	11.0095210877
1245	6.47568380783
1250	22.5627058576
1255	11.4528336263
1260	9.75144460982
1265	5.76538460289
1270	6.36486753699
1275	10.5828674633
1280	7.85170395461
1285	8.38143043131
1290	6.69929114605
1295	9.18195469194
1300	10.3364762143
1305	11.4870215006
1310	7.8142460422
1315	10.8468036871
1320	10.3496337784
1325	11.4620572916
1330	11.2457230553
1335	10.6305033116
1340	5.83250975028
1345	9.02260285979
1350	8.4134989014
1355	14.1007806099
1360	7.41548838499
1365	6.20129460522
1370	12.3221923812
1375	4.56575697905
1380	9.81647334292
1385	9.42210778509
1390	6.55196994889
1395	15.7824244807
1400	9.94453225736
1405	4.99655264432
1410	11.178322797
1415	9.19241100189
1420	7.67367769843
1425	8.86892368278
1430	7.63412772856
1435	4.83268305822
1440	6.94594045788
1445	10.0529179802
1450	7.94135047576
1455	7.71400949777
1460	5.93850741987
1465	5.60308678844
1470	4.547809669
1475	12.9177810925
1480	9.30895369961
1485	11.4308726128
1490	15.4057907425
1495	11.9529095131
1500	8.99727633618
1505	6.51222560797
1510	20.36089289
1515	12.6009060644
1520	4.35113547669
1525	7.19987488226
1530	12.0188559951
1535	7.95064152161
1540	9.43467889288
1545	6.54784603612
1550	7.64859880069
1555	9.25306866677
1560	10.2055352893
1565	20.9168651815
1570	7.08775437822
1575	10.1622733294
1580	12.1960649424
1585	11.1787212727
1590	11.5947055085
1595	14.9512667512
1600	5.071038628
1605	7.95147120682
1610	5.65426090432
1615	5.41062997106
1620	5.75714814664
1625	5.70802377653
1630	6.76407565238
1635	9.34437696498
1640	20.7491135928
1645	7.70555133285
1650	5.73131270246
1655	10.887932597
1660	10.1243159714
1665	7.74722089981
1670	7.74772026966
1675	5.89845112984
1680	7.66782971883
1685	8.54745385266
1690	10.4261206985
1695	11.882720334
1700	13.5125716091
1705	6.11394854538
1710	5.23572885077
1715	9.74745913117
1720	7.17873553087
1725	6.84128772945
1730	8.02098150676
1735	10.4474627231
1740	11.2975897117
1745	6.56291369878
1750	14.4953689249
1755	5.58465657478
1760	9.08420193525
1765	6.61370980779
1770	8.3438768427
1775	4.13885095715
1780	13.5433426049
1785	6.51112345075
1790	6.86030716685
1795	5.98303525304
1800	11.1061758616
1805	7.60901493549
1810	7.44721918416
1815	7.25694406133
1820	12.5412410273
1825	5.03132455213
1830	10.942030247
1835	6.63904679965
1840	4.97272697909
1845	12.0720088271
1850	6.09062391045
1855	5.5323306213
1860	9.40556356044
