0	12.5737840192
5	15.3318925049
10	9.29940906363
15	3.90287535301
20	11.0249060922
25	17.7026868164
30	3.83950897956
35	13.4907872153
40	5.60548065498
45	14.0107548204
50	12.5045824008
55	14.1858909184
60	2.93183843314
65	7.66739917386
70	3.1908455189
75	20.9549744642
80	7.63052449767
85	11.3560371845
90	4.49226828285
95	3.76655055265
100	4.3382534258
105	4.8421542191
110	3.97224553273
115	8.2954271523
120	3.71814102145
125	8.97990997032
130	8.44513510008
135	14.6253857243
140	4.2756191683
145	6.02742082042
150	8.80085781369
155	9.21789706069
160	5.46813519569
165	8.85241389278
170	2.23856894035
175	3.46387852665
180	4.3430576916
185	11.3530536229
190	10.3805076743
195	6.1376711399
200	2.81153874727
205	9.57688087519
210	5.09060343497
215	5.83511469567
220	12.1267567713
225	4.39286999919
230	7.97819617927
235	13.397192066
240	18.8470299652
245	12.403518169
250	7.89941388149
255	1.46767260879
260	6.5939107269
265	8.54598766113
270	13.901564779
275	11.2755247559
280	5.1241961318
285	7.15874743258
290	5.00466441237
295	3.7350603687
300	7.92237553521
305	3.63382965154
310	3.84541091399
315	5.30476637509
320	7.5577903193
325	7.3673415011
330	4.96226873655
335	6.048238998
340	7.75744576394
345	3.22053542522
350	5.35244111727
355	4.90633618726
360	7.84099650979
365	2.28749243215
370	7.91233680524
375	5.06032837849
380	6.64546586486
385	7.45790813487
390	9.42917426591
395	3.97884253999
400	9.07772496015
405	9.30915378944
410	24.0246847459
415	8.08365243527
420	5.76302051851
425	5.29883204417
430	6.60866224408
435	5.81994854903
440	4.54224645497
445	3.181134741
450	4.467366298
455	4.13755848676
460	7.54577699069
465	6.62974371091
470	6.72109044727
475	4.59957042377
480	4.4191177
485	9.18412469108
490	12.4118543422
495	5.64522112758
500	5.0972009386
505	4.21203659274
510	5.69934903617
515	10.9866605176
520	8.32174605176
525	2.6899367004
530	10.8297042726
535	4.04347359574
540	18.704165001
545	16.3456954401
550	15.5933042054
555	5.28953060192
560	10.6828759446
565	8.84979511222
570	9.96174388945
575	11.224915245
580	23.9428981153
585	3.77049420478
590	3.64864839318
595	9.61446380778
600	17.9478186999
605	4.50266599315
610	4.416540618
615	7.45002775939
620	6.97875830687
625	5.71866384696
630	5.71193942849
635	21.5847699201
640	11.3944342322
645	5.28649206787
650	11.5148458338
655	12.2648633421
660	14.6309512252
665	5.98150233671
670	12.1569336003
675	4.91617787842
680	8.63252328228
685	18.4996687782
690	11.4729591052
695	7.83161016948
700	7.53284042262
705	26.4253673733
710	11.5592944467
715	14.946275133
720	14.2878675342
725	8.13008530075
730	7.17370977588
735	4.95087489156
740	7.81705773908
745	9.22631732011
750	9.68073477649
755	4.53918265607
760	7.71574964312
765	13.4817079968
770	3.67928066651
775	9.53393996343
780	12.8013629854
785	15.4051123463
790	5.47174244588
795	5.16221501136
800	8.90987258302
805	14.8192197338
810	10.6406113706
815	3.37565456777
820	5.77775974233
825	7.21789770235
830	22.4432940188
835	11.6047511861
840	4.33393068398
845	15.4927298063
850	19.3104474681
855	11.4230060267
860	5.17924241596
865	8.40958858804
870	8.01654820184
875	19.8422858191
880	3.76658358436
885	3.12644905668
890	16.4335319935
895	20.9499387037
900	7.77864726432
905	4.29012605022
910	2.89333965829
915	12.1585010525
920	12.3502066617
925	9.17329378887
930	3.02958756984
935	5.6395709678
940	20.0338983733
945	6.37870692984
950	7.64570658267
955	14.5456389074
960	11.0914956725
965	6.37559027139
970	6.8514560904
975	5.19677342578
980	21.6484610161
985	14.5694040941
990	5.09633186804
995	13.6473552397
1000	4.22572634116
1005	11.7908838511
1010	6.11697190016
1015	13.3729225718
1020	5.65432042758
1025	6.58330885618
1030	6.19446315064
1035	11.7624351601
1040	12.98177085
1045	3.816871014
1050	10.646284418
1055	17.3848984472
1060	11.7392701686
1065	5.66199921579
1070	2.84571957176
1075	11.3931990612
1080	7.33764643008
1085	7.1464626482
1090	6.65844598332
1095	15.8887039077
1100	16.4521177282
1105	3.24420225071
1110	6.72710262643
1115	37.3308454476
1120	17.3540934092
1125	10.7316387864
1130	6.32830044561
1135	15.4492943087
1140	12.1794581549
1145	5.07118328866
1150	5.08228662454
1155	4.49016280641
1160	8.2162230535
1165	3.90601642788
1170	2.70633946181
1175	4.85514474551
1180	11.1540145766
1185	5.80156993029
1190	12.7593304602
1195	6.61810474822
1200	10.7208773535
1205	6.37513271777
1210	4.44384805872
1215	12.7846609838
1220	5.09102745038
1225	16.2981755084
1230	8.71285774663
1235	6.43241588658
1240	11.0262168025
1245	6.46058281274
1250	6.02886188236
1255	6.82898550212
1260	5.58483308086
1265	7.25728723733
1270	4.48911279099
1275	5.0617909642
1280	6.95110834093
1285	13.7696220067
1290	12.9250941555
1295	12.2350567726
1300	5.28362965078
1305	4.29475704834
1310	12.3998054168
1315	6.34104466175
1320	22.8414801544
1325	9.07649322826
1330	12.2573790197
1335	8.52033572397
1340	3.52733174372
1345	7.94047666121
1350	5.25535900327
1355	9.15613863579
1360	6.36605281519
1365	6.81526467053
1370	3.81650985813
1375	3.97344101618
1380	39.7100593262
1385	12.1124118282
1390	6.33873287387
1395	6.02683979599
1400	3.57218643072
1405	6.06228810185
1410	8.74106285254
1415	13.5452617807
1420	6.4549429636
1425	6.19836393103
1430	13.9563863138
1435	5.38691791084
1440	11.820454221
1445	7.15678456263
1450	3.8073396022
1455	6.0337077935
1460	4.00020928056
1465	5.30610571861
1470	10.0954717437
1475	8.74531928984
1480	3.72649671609
1485	6.4650615031
1490	9.55530355774
1495	2.18744765753
1500	9.20255440898
1505	9.15594663523
1510	3.39086426727
1515	9.93569013505
1520	4.47427350967
1525	2.50478883663
1530	9.02047942133
1535	7.72190190346
1540	3.23918828444
1545	13.5485917974
1550	11.2605454118
1555	8.27272075116
1560	7.06530769163
1565	16.166474884
1570	20.0542681067
1575	3.31332984332
1580	7.04184443385
1585	3.79780535455
1590	15.2007023219
1595	10.8964996931
1600	4.20012793394
1605	16.1828927433
1610	6.94561434458
1615	12.2667875381
1620	4.93803233876
1625	20.5417694762
1630	6.73575500449
1635	10.3244548506
1640	15.7381199176
1645	5.33770555219
1650	3.40791028667
1655	5.51820598191
1660	11.6441518708
1665	3.8968043596
1670	17.2589311683
1675	3.96840198123
1680	3.52737157747
1685	2.73150667603
1690	15.230352339
1695	16.0864533065
1700	11.0677794884
1705	17.096593896
1710	4.86200843246
1715	7.5499910973
1720	17.0413761094
1725	21.1570038843
1730	5.83409290758
1735	10.5718849954
1740	13.1788968127
1745	7.08111473851
1750	5.49771866256
1755	12.2255644545
1760	5.96102977539
1765	11.8314843915
1770	15.0197006265
1775	4.77398490247
1780	3.939741938
1785	21.9017437055
1790	9.81343491674
1795	9.58535185429
1800	7.96471444865
1805	10.9140862217
1810	14.2052900386
1815	4.69947231159
1820	7.59089129025
1825	7.30825304063
1830	19.7768559676
1835	4.77447027807
1840	9.95109424399
1845	3.98544634697
1850	5.51327247793
1855	18.7793599579
1860	6.08200335062
1865	13.2502985487
1870	7.16565284819
1875	4.77725690881
1880	4.72506779749
1885	9.2049774475
1890	9.16656306796
1895	6.90223431415
1900	6.23380024744
1905	5.26673797086
1910	12.832776206
