0	9.6779976622
5	8.98918729627
10	4.69827175509
15	14.4218738112
20	10.5150469143
25	6.45897749771
30	5.63543792393
35	4.8953764011
40	7.53186207103
45	3.34816780009
50	12.8564373703
55	4.68748922849
60	6.01317930531
65	7.6690488388
70	6.56372081636
75	11.0879395824
80	6.96948475712
85	9.4602988116
90	19.0331903413
95	6.48957078352
100	8.10904721551
105	7.36143281593
110	8.59807467575
115	8.49048323224
120	9.83423103806
125	8.55455016154
130	5.69536127587
135	4.69969805547
140	7.61242645209
145	10.8327080157
150	8.36936467568
155	9.46906296957
160	9.38359525706
165	13.2340829824
170	11.2802341369
175	8.58915528796
180	6.00952737531
185	4.35195420092
190	9.96539902305
195	6.80115448464
200	7.71521373799
205	11.4339632091
210	7.29118338365
215	4.74607845322
220	9.92903378945
225	6.79940766368
230	5.81078507583
235	7.41183951254
240	7.05539924126
245	10.6423104615
250	13.2267187096
255	5.12817634751
260	7.77418449979
265	10.4076389441
270	12.3353609646
275	8.60525445984
280	9.1859803197
285	8.55693666642
290	9.52160423616
295	8.39238319926
300	9.13166964263
305	8.29626730383
310	10.203882858
315	7.64164626546
320	15.3958605869
325	10.8330138703
330	6.44189268306
335	8.48628899317
340	9.76527362314
345	11.2395963094
350	11.8521582527
355	10.4723722577
360	10.2100903319
365	13.0840729969
370	7.16819937926
375	3.81276167902
380	7.34721191283
385	9.78634156476
390	5.49414890024
395	13.1698159563
400	9.19569863352
405	7.80626671834
410	10.0795993033
415	3.81705505392
420	8.04346904256
425	6.71810359646
430	11.271819738
435	8.71658497983
440	4.73715043155
445	13.5214107359
450	6.85518287252
455	4.5094707249
460	6.09953139488
465	13.3461990229
470	5.81857792747
475	6.48975427176
480	7.35058486417
485	3.58507596297
490	6.97016705519
495	6.87248426534
500	8.96937412242
505	7.04556663703
510	7.01971951554
515	4.12758531357
520	8.76193123726
525	9.05841726863
530	9.6888088999
535	11.9189573227
540	13.2853002034
545	6.53840941485
550	12.2303517101
555	6.27532817733
560	6.89899028923
565	10.827788305
570	7.18904604481
575	15.3604921736
580	8.25072593352
585	6.57550768611
590	9.22720925453
595	6.60108214002
600	11.2914325851
605	10.7991195712
610	6.33514227043
615	5.92510259505
620	8.44585198358
625	7.26292953678
630	15.3536205544
635	9.11437078043
640	6.1868565525
645	10.5493043925
650	5.13480098978
655	10.9990019469
660	7.52484401423
665	4.55069856964
670	3.96043509332
675	7.08707385827
680	10.0579854977
685	8.80467542791
690	8.96025391537
695	7.70785537659
700	11.4553151841
705	8.84009026934
710	10.7986982627
715	14.5462275831
720	5.58126379845
725	8.50761220985
730	8.2467175627
735	8.75202814373
740	11.8363196174
745	8.26619333398
750	7.76574556876
755	6.09173272696
760	12.2390075811
765	7.24534371443
770	15.5790015096
775	6.85335147715
780	7.69261214601
785	10.3406204378
790	3.273850725
795	8.76965406173
800	7.78045433079
805	7.35849885443
810	4.51066874076
815	6.52047326388
820	8.1360354668
825	6.75024009215
830	9.85588562119
835	13.9806333598
840	9.73859273597
845	7.03868588804
850	6.48669571413
855	10.9078020366
860	14.2901450418
865	8.02205652539
870	4.4397148353
875	7.95176240683
880	14.8462048242
885	10.3819071909
890	10.7169395011
895	5.79736470753
900	6.29521027537
905	5.14635598672
910	9.18045100394
915	10.1490638422
920	10.2446145614
925	3.31339588199
930	4.61104044162
935	8.24681456479
940	5.57474570966
945	9.78634201421
950	10.0506664236
955	9.23981663089
960	10.4336781125
965	6.04775348056
970	9.52290414824
975	14.4011905676
980	21.0928058566
985	4.89734827356
990	9.21538833557
995	10.5320137749
1000	5.48904058099
1005	4.95344418072
1010	9.09366989924
1015	9.02518904769
1020	11.3754709663
1025	8.58898845518
1030	9.86878334566
1035	12.5822185837
1040	5.79340302767
1045	9.23904093195
1050	5.49267193209
1055	4.49303942862
1060	14.6756083965
1065	7.97743767094
1070	6.0095936283
1075	8.06643996781
1080	6.89981882977
1085	8.28113619986
1090	2.74305116346
1095	4.97554009698
1100	9.15570744497
1105	9.7123946004
1110	6.67704514386
1115	8.39639520221
1120	10.2755348485
1125	5.93367288043
1130	7.03293849951
1135	7.58099492765
1140	4.39899967196
1145	6.77074468939
1150	10.0416271743
1155	6.74951692915
1160	12.4081461979
1165	10.4596609974
1170	9.5127140343
1175	7.75754833503
1180	14.5039073891
1185	6.18098370406
1190	6.57404255196
1195	7.80216697108
1200	7.47205430878
1205	12.7327910166
1210	9.81208863435
1215	11.9041343615
1220	10.0729752714
1225	5.85564987811
1230	8.81034725815
1235	8.93861158877
1240	11.4825735383
1245	7.64548199899
1250	8.15447292228
1255	9.57673638302
1260	7.95053776446
1265	5.95989132686
1270	10.5828723622
1275	11.0333858216
1280	11.0638321869
1285	6.51905144419
1290	8.30950370739
1295	7.02540861305
1300	12.4253188999
1305	9.57579418694
1310	8.60011314369
1315	10.6458976055
1320	11.1127560034
1325	6.5560022185
1330	8.21262063526
1335	7.66196303155
1340	6.77672956463
1345	6.62225488655
1350	4.14912177633
1355	10.2060933065
1360	7.51081096779
1365	7.52796130869
1370	13.3774018928
1375	6.38241916722
1380	4.45833783818
1385	11.7656778299
1390	7.11148610615
1395	10.0874549816
1400	5.26404072742
1405	5.7519210199
1410	6.58557700197
1415	12.3670332751
1420	4.21303749939
1425	10.4835740412
1430	6.26968123405
1435	7.21904655624
1440	7.29731893236
1445	5.82386206931
1450	12.0142415551
1455	9.73931401088
1460	10.0656724917
1465	6.998785143
1470	5.53472754527
1475	4.30320944452
1480	12.1363603619
1485	8.32586409366
1490	4.44897721899
1495	7.05761692233
1500	7.20796164705
1505	5.76682310271
1510	2.63798629179
1515	6.65455740576
1520	5.55894330726
1525	3.47804995375
1530	5.44903663673
1535	8.46612944598
1540	6.04258496885
1545	10.1027871455
1550	8.93689421942
1555	7.29352387098
1560	7.87658146508
1565	8.84711722526
1570	7.04356824895
