0	5.89340346041
5	10.0566619952
10	11.3995669161
15	7.88303673682
20	6.94323671012
25	7.54497501965
30	7.29672402201
35	9.26986695939
40	6.73479393055
45	11.9328062735
50	7.58217762586
55	6.83294699236
60	6.26611985876
65	8.9025958886
70	6.04383915551
75	12.3566548195
80	7.91355088463
85	7.88132653299
90	9.4086166804
95	5.62736513396
100	10.0494934104
105	12.3204144403
110	9.43130131403
115	7.56479912358
120	9.83873666895
125	12.5502622896
130	5.45206283943
135	7.93027592065
140	6.37255411232
145	9.38070346981
150	8.82196942856
155	6.27362820686
160	4.43812126263
165	5.07603313892
170	4.86790357439
175	9.23988638269
180	7.83631011706
185	9.55634418958
190	11.0523436619
195	9.28439501036
200	6.70920946868
205	10.4165602303
210	6.96487191587
215	9.2714764376
220	6.05177943799
225	8.11122104989
230	4.56541441267
235	5.61632726838
240	10.4721004511
245	7.1769153994
250	4.51361366127
255	8.2366275297
260	7.11302297771
265	6.75086195461
270	9.49572276377
275	7.06388528889
280	10.2554541956
285	5.8638798923
290	10.5623777683
295	7.94883579913
300	6.1235777878
305	8.19644635233
310	7.03574631581
315	6.67681564079
320	5.73329394917
325	6.27014186355
330	6.83943674115
335	7.90663526072
340	11.7745893339
345	4.93791001927
350	8.63090351663
355	9.23215128581
360	10.7115313214
365	8.62952300088
370	9.92682717957
375	6.3075564673
380	10.2542737647
385	5.7804894889
390	10.3646912484
395	8.77318322228
400	13.931081549
405	8.06615431717
410	9.5655935689
415	8.63916345902
420	9.29835629161
425	5.24167835254
430	9.49305491478
435	10.6820002777
440	6.0414931846
445	6.08247515903
450	8.07143041205
455	8.90829872272
460	10.0390780368
465	7.28986863392
470	9.74211810915
475	7.40206908198
480	8.61243982909
485	9.73863896363
490	7.38347003055
495	7.24803199171
500	7.17422403669
505	10.3683774219
510	12.2130240606
515	7.52584400591
520	10.857676038
525	6.57709197871
530	7.51769575218
535	7.83168279823
540	10.4700914697
545	8.3897965941
550	8.61708079477
555	5.78311266837
560	9.21155765409
565	8.67177318771
570	6.36970817887
575	9.15037662854
580	7.18227137276
585	7.11136317431
590	11.0209427784
595	7.17917798134
600	7.42302794713
605	8.65293541662
610	6.48635594742
615	12.564389387
620	7.59874221759
625	10.4577233165
630	5.54462757497
635	6.5115588585
640	8.98877940973
645	10.7770636875
650	7.19148840667
655	11.7085006448
660	9.80409368998
665	10.1124473232
670	5.80342331555
675	5.13282734902
680	8.24367977093
685	6.43997804354
690	5.58409617109
695	6.93294943437
700	6.00624247627
705	7.81263166213
710	8.08158979011
715	9.53334834562
720	7.80189205954
725	7.21635403432
730	8.48226647284
735	12.9709572805
740	9.45027634559
745	7.39950840748
750	8.99675661887
755	8.7379691295
760	6.16210469635
765	5.08436127148
770	7.28789031341
775	9.52698276611
780	8.65811274766
785	9.0140817523
790	7.16858295794
795	9.05845378643
800	5.44993413495
805	10.8042515306
810	9.74714110697
815	12.3328989142
820	7.2392345343
825	10.1623854928
830	11.5343251561
835	8.31521334037
840	5.88797434984
845	8.39344178375
850	11.865760192
855	7.16957580867
860	6.70983691756
865	7.66786497914
870	8.3456729282
875	5.90565610066
880	8.61552102009
885	7.10764984865
890	7.939165424
895	7.17938519412
900	9.21114052051
905	6.97444448277
910	8.64484833986
915	6.83746292817
920	9.63168627222
925	9.3044913891
930	6.83001000411
935	8.46243040199
940	8.18558574505
945	5.35401960664
950	7.04576532219
955	6.92142495432
960	8.26707431063
965	9.26327908865
970	10.0533737405
975	7.48685907448
980	11.3406487201
985	6.42551481803
990	5.69316383908
995	6.71841510257
1000	10.0346368314
1005	8.42654897018
1010	5.9203689116
1015	9.49972732325
1020	6.5548992563
1025	8.13291417034
1030	9.04455687243
1035	7.78117913556
1040	7.04129130922
1045	8.69885686035
1050	8.61989220908
1055	9.25840864824
1060	8.18641181812
1065	8.20407789739
1070	8.32076236171
1075	6.30312293706
1080	9.38983071353
1085	5.74703974281
1090	9.92106485084
1095	7.49498588325
1100	7.5263245485
1105	6.36170397548
1110	4.48002926225
1115	6.29780190445
1120	7.25776481676
1125	8.46711577035
1130	8.03286761968
1135	10.4045020284
1140	6.89395659198
1145	9.45653384391
1150	10.8265171458
1155	7.11705773737
1160	7.0663407264
1165	6.59065085748
1170	9.57058052969
1175	6.57060455111
1180	8.60979494516
1185	6.63821283136
1190	8.57921557459
1195	8.29789406827
1200	8.89676329827
1205	8.01785731232
1210	9.57120858246
1215	5.20178383718
1220	10.8289860649
1225	6.5168277886
1230	8.67916758597
1235	5.36471211345
1240	8.0116968641
1245	6.78478902834
1250	8.66590509021
1255	9.03488811852
1260	6.26958835434
1265	5.90333786222
1270	5.19413448112
1275	6.94910856679
1280	9.25519401769
1285	8.14284479192
1290	9.69493853142
1295	7.4645227931
1300	4.22989714633
1305	9.95524196561
1310	10.8586869919
1315	11.5891955877
1320	10.3453768259
1325	11.6174807699
1330	6.71775422741
1335	8.80819028458
1340	9.17648693696
1345	11.8208612585
1350	7.02977417491
1355	9.40770122961
1360	10.5287615567
1365	5.82007537791
1370	8.77138481903
1375	9.0275572343
1380	6.9024233247
1385	6.00008750224
1390	6.91749148452
1395	5.85914148935
1400	5.25809616615
1405	6.01317440187
1410	9.27384352442
1415	7.47808974439
1420	5.78746317393
1425	15.1890248134
1430	8.38859615867
1435	6.82274212341
1440	7.78358817874
1445	9.77694970336
1450	6.57514131575
1455	7.00696665585
1460	7.50793019197
1465	9.42112006967
1470	7.95582855441
1475	12.2546600449
1480	8.54189643645
1485	9.41735144396
1490	14.0104219958
1495	6.6840037479
1500	7.76404791483
1505	10.6821865027
1510	6.89709758196
1515	7.11358461861
1520	6.45144214757
1525	9.44053611877
1530	10.9664726991
1535	7.05872856845
1540	8.48593874434
1545	5.16244195896
1550	6.86598963044
1555	9.07965017336
1560	8.8637389763
1565	8.42435064326
1570	5.81665734039
1575	8.12672972019
1580	7.97988918555
1585	4.0936886436
1590	7.03430689654
1595	6.55795094362
1600	8.61861578163
1605	8.16574116081
1610	10.585128815
1615	11.0555856702
1620	10.6010725605
1625	9.07092878341
1630	10.028795462
1635	8.92388328889
1640	10.2906606937
1645	10.1506224344
1650	7.64177358587
1655	11.5846105946
1660	5.71314152497
1665	7.22728078057
1670	13.7619703573
1675	8.43013869863
1680	7.94851454244
1685	8.73719810977
1690	5.46322138541
1695	6.18330787245
1700	5.99213778696
1705	5.99058845106
1710	5.47982054037
1715	9.71516324908
1720	8.66958755304
1725	4.90002150681
1730	7.66463614214
1735	7.25493204495
1740	4.87937266138
1745	7.72606741284
1750	7.73902436661
1755	9.09108078449
1760	9.51179545555
1765	9.54307465207
1770	8.16373368827
1775	4.54065819651
1780	8.26537446006
1785	8.4738791417
1790	12.9526502969
1795	9.41519405901
1800	6.19686229282
1805	10.8801323142
1810	14.7250261598
1815	11.5016452595
1820	9.54688693006
1825	9.39773620556
1830	12.2898108438
1835	7.89821459508
1840	7.93840106757
1845	10.1351989701
1850	10.2283993779
1855	3.85534659008
1860	12.1920217124
1865	6.11009912823
1870	7.71132844643
1875	8.43293964346
1880	7.34934561275
1885	11.6306896842
1890	10.5682563881
1895	7.42117940246
1900	7.17017351129
1905	7.55217755585
1910	10.90146443
1915	9.40323930845
1920	8.17525768488
1925	11.6162497652
1930	5.89293883092
1935	6.16036804913
1940	11.1371793788
1945	7.19010055581
1950	5.8590789079
1955	7.63715094537
1960	5.04314467728
1965	10.7542498818
