0	6.09432268275
5	6.53168859505
10	13.7945693654
15	9.38133581127
20	11.9916467496
25	5.70171485312
30	4.06618448537
35	6.59820011427
40	4.47487645962
45	6.77756393062
50	17.7607358598
55	8.14659026153
60	8.3915260732
65	13.8920542214
70	6.60905006101
75	11.4944405291
80	10.7469260587
85	9.77732623461
90	17.7556953974
95	11.7587261927
100	6.69853665646
105	8.83401336503
110	9.14293662611
115	6.44370726363
120	6.58603494322
125	10.2409702177
130	6.28515265135
135	19.6749869146
140	20.8286048177
145	12.9927809996
150	4.08289960613
155	6.06238088451
160	4.87929965901
165	9.4074855916
170	5.50064433253
175	11.2995262896
180	8.49500671764
185	7.78072468041
190	16.1183998378
195	6.94489180131
200	8.78748864325
205	4.76921065294
210	9.63550390994
215	13.0395101757
220	27.5581110549
225	13.7779687477
230	7.32808694056
235	10.4244676601
240	8.93470972429
245	11.735057928
250	7.54200112714
255	7.53615600416
260	11.4325745943
265	14.3022759133
270	5.7508228419
275	6.97859828101
280	2.43129595916
285	7.8290415448
290	9.74804729423
295	10.3587520061
300	27.8715607536
305	9.37608904409
310	4.03329706356
315	10.9463178435
320	8.78306473746
325	9.33753778909
330	11.5256993111
335	8.46321752354
340	4.356486701
345	4.50066851676
350	3.83431060842
355	10.7819237723
360	5.5642961306
365	6.05199054047
370	16.4593720942
375	6.2321781398
380	3.740552102
385	6.5703479333
390	15.9838617323
395	13.5970384332
400	7.04974139853
405	21.568440714
410	7.0094111034
415	9.32708480111
420	6.45689045982
425	6.46330683123
430	3.67256457745
435	8.86721043429
440	5.7677756206
445	2.62261877951
450	11.1893639365
455	12.288591546
460	10.8163638936
465	10.1532709268
470	9.11619430539
475	9.22819397594
480	1.96455663651
485	9.5085321947
490	5.53825307974
495	9.61099322679
500	24.0288825318
505	8.31741627894
510	3.14280758578
515	8.02329329138
520	5.6156789494
525	14.3699148772
530	8.0302679121
535	22.3351326281
540	16.1721053581
545	4.09242113008
550	3.89317700643
555	5.58505443726
560	7.53305028911
565	6.76923483788
570	13.5007914636
575	4.83992454805
580	7.34055273986
585	4.21423087445
590	6.70572893374
595	14.9030872869
600	6.02207736156
605	5.19080813088
610	3.85578789912
615	13.2553324892
620	8.04018770129
625	7.61345686418
630	5.89428201841
635	14.0872725173
640	5.32340871109
645	7.27708602521
650	3.21888503893
655	8.86186760476
660	14.1140171764
665	6.79845589103
670	7.75743886536
675	7.14646215612
680	13.7534283436
685	4.87697715173
690	8.05594116458
695	4.32473817976
700	10.2463596866
705	5.81541491777
710	6.88618691877
715	5.62207500515
720	4.75830172405
725	6.88248775403
730	9.95708427676
735	4.40381755445
740	8.56487605339
745	15.9889504154
750	9.42530297017
755	8.91163078449
760	8.3449578057
765	7.90666016847
770	6.29442760253
775	6.35433168973
780	7.34526635984
785	5.6923659195
790	5.73262063961
795	12.5097417273
800	5.80045919052
805	8.48524589666
810	6.03051343233
815	2.05517735726
820	8.54341514001
825	10.6502304806
830	6.64119823342
835	8.36473379005
840	7.49008027313
845	3.85176053506
850	20.521099204
855	3.67364419125
860	5.09139710524
865	14.3595390706
870	5.48850972179
875	13.5135239352
880	8.41342998187
885	7.74107974791
890	7.89299815098
895	11.6847008377
900	10.5734517221
905	9.51656005848
910	15.6129934153
915	7.20509555878
920	11.4926827485
925	8.59922002035
930	7.26140499382
935	5.6986120708
940	10.3545843612
945	8.36765236251
950	6.21230186845
955	7.90170543649
960	5.73552763272
965	10.3081424389
970	4.93561863764
975	8.12160976227
980	12.9529920172
985	2.88909483255
990	22.8119361359
995	7.37669232483
1000	15.146531901
1005	7.46081775866
1010	8.33045034042
1015	24.0215870172
1020	5.22556923681
1025	8.56653674725
1030	12.082323937
1035	7.58363492556
1040	12.8689335586
1045	17.8061352379
1050	11.412129092
1055	4.91614548865
1060	11.5342547694
1065	9.92290225978
1070	9.10039156905
1075	12.5419508205
1080	3.60738544566
1085	9.17622362546
1090	9.50253012364
1095	9.94636276371
1100	8.62503186454
1105	11.8118208228
1110	4.87431534857
1115	8.77928688042
1120	12.084010875
1125	8.67259368625
1130	12.4164602619
1135	10.3661472731
1140	8.7495133011
1145	9.85948110424
1150	10.9326756369
1155	10.2200106096
1160	1.67707710964
1165	8.04058562601
1170	12.3722979448
1175	8.11838663768
1180	11.5721106096
1185	6.75738228039
1190	5.77306573641
1195	12.015529251
1200	3.63451036627
1205	9.81934074952
1210	7.71852225517
1215	7.07130085484
1220	5.57613297356
1225	5.59025993555
1230	8.66216518946
1235	7.84702660539
1240	10.775317035
1245	5.39243075841
1250	7.59785563458
1255	6.50631919573
1260	11.6118604441
1265	4.71090427141
1270	3.13447391264
1275	2.05985785465
1280	7.19008822593
1285	17.6766820961
1290	10.1945698
1295	9.79298141496
1300	4.52656825977
1305	4.27224616844
1310	13.7632160333
1315	6.84194518634
1320	6.2877634596
1325	5.86808482765
1330	5.61046854112
1335	3.64106326556
1340	4.99382980421
1345	16.1209616713
1350	5.76505595285
1355	5.79522667871
1360	7.99148431043
1365	7.92373519748
1370	6.42656294332
1375	12.6097654117
1380	11.2509730827
1385	9.44029516948
1390	2.0824101066
1395	12.4114318452
1400	8.451094743
1405	9.32775617777
1410	7.55616378282
1415	12.8202640708
1420	4.69334212198
1425	7.61735880501
1430	11.2849098713
1435	11.947849803
1440	6.41890000449
1445	6.01778377313
1450	4.9635355837
1455	4.88623355257
1460	5.27996224354
1465	3.95447535831
1470	5.39731578033
1475	13.0126821614
1480	6.61725382245
1485	3.59240296057
1490	8.83979580854
1495	6.34380924752
1500	12.877987001
1505	8.42429905226
1510	7.9174445399
1515	9.73600496104
1520	3.8336124303
