0	8.08479990008
5	7.6350285892
10	9.48723602826
15	8.49401440292
20	4.93810209619
25	5.9604240967
30	7.91697228961
35	6.97193953855
40	9.02724145715
45	11.1574321838
50	6.19030666708
55	6.74874163277
60	8.59245074109
65	10.5938744559
70	7.88522243409
75	8.68824841582
80	7.87507082031
85	8.33916120924
90	10.3391029092
95	11.5483491715
100	6.95413466124
105	7.53413365809
110	8.12423221629
115	8.89353002124
120	10.1669208719
125	7.57258191679
130	9.09203841505
135	7.51710407124
140	5.95573567312
145	8.61769432712
150	5.94589441735
155	8.85743726913
160	7.6850587424
165	7.76368293367
170	8.41131081913
175	7.49291791628
180	10.5527404994
185	5.49593081503
190	10.5710839302
195	7.99834077126
200	15.5465163679
205	7.60732011557
210	6.19564759884
215	8.39345958453
220	6.61069205951
225	8.15353039769
230	6.52305092325
235	8.79429792113
240	7.4543636027
245	7.15222030511
250	8.76947658966
255	9.97260259496
260	7.16249755533
265	7.72085124966
270	6.2772836562
275	8.11575375126
280	7.08390621894
285	9.43346333806
290	7.92277981401
295	8.96990809334
300	8.7183530632
305	7.2763730777
310	6.85556422164
315	10.4831574799
320	8.12617715192
325	5.79856076884
330	8.24323310775
335	11.266175631
340	7.88603947091
345	6.48195669182
350	5.50814038685
355	9.55046644313
360	7.92791393681
365	6.85185292168
370	6.58310442018
375	5.70427025485
380	7.51915064838
385	8.63363774442
390	6.10246569098
395	10.0741925185
400	11.7271561014
405	8.97251763541
410	11.3130779624
415	10.3511570435
420	7.32946232038
425	8.80543753236
430	7.95357140527
435	6.55578769703
440	8.0424121838
445	8.15648766491
450	8.38958196061
455	7.58169318653
460	6.63446634936
465	8.84182891327
470	7.23016911459
475	6.56621790362
480	9.71492319012
485	7.6236549943
490	5.3286083782
495	9.50528775514
500	10.8908214515
505	7.06026085855
510	7.90988856117
515	9.6023582498
520	6.77741546776
525	7.59681043394
530	9.68834941437
535	6.72872153358
540	10.3815557286
545	7.61744963438
550	7.19514158852
555	9.06718099115
560	6.14501941398
565	8.29087723333
570	12.0964303654
575	10.1757029275
580	6.72225193474
585	10.1876872971
590	6.69115679457
595	11.5851397117
600	10.5336950453
605	6.69133153158
610	8.29132765558
615	7.50363704191
620	10.3608773955
625	9.88518281909
630	6.26947248573
635	7.56796223034
640	8.4894851906
645	7.92817952561
650	8.69897234124
655	7.53913325204
660	10.9511692395
665	11.1577951607
670	11.7448335046
675	6.77346466721
680	6.77900591168
685	5.75582723455
690	9.07865019197
695	6.61882960746
700	8.9517414054
705	8.60432001228
710	12.9889665984
715	8.64229103948
720	8.79668498281
725	10.7701994746
730	11.5530464641
735	7.28858206707
740	7.1364538299
745	6.2524313108
750	7.52627520362
755	7.01820738916
760	8.2524754582
765	8.32492436188
770	7.60124324877
775	10.2400734977
780	7.41893966377
785	8.89551505333
790	7.19865392153
795	9.25691179125
800	7.1112243473
805	7.72046325133
810	8.00314661385
815	9.52804901931
820	9.15412908033
825	5.64697064161
830	9.72061798809
835	7.28269155908
840	8.62772048471
845	6.77690277636
850	6.60910870792
855	8.20481226628
860	5.04457889857
865	7.20931552377
870	10.1997184355
875	6.71532249086
880	5.8705726811
885	9.86829826408
890	9.13259822215
895	5.79095692828
900	7.96941357182
905	10.8043785729
910	10.784924877
915	6.62185045258
920	9.19141888134
925	7.80278136639
930	6.18769684364
935	8.52208308359
940	8.85604893086
945	6.78715057438
950	7.69849151923
955	8.83145268517
960	5.47709195432
965	8.55474331146
970	9.2073289688
975	8.42257779463
980	7.20767568354
985	10.076693884
990	6.30666705529
995	8.91650047525
1000	7.37297857509
1005	7.95388550305
1010	7.1348293499
1015	7.70039680962
1020	7.62282194256
1025	6.62827042273
1030	7.59969686729
1035	7.83237596653
1040	8.17245106633
1045	8.29633765959
1050	6.86430663762
1055	10.3260037308
1060	8.44183012233
1065	10.5353655133
1070	12.1262736228
1075	9.61246254711
1080	7.16466692492
1085	5.9349336557
1090	13.0380018575
1095	8.21079666102
1100	6.26426880348
1105	14.0749126259
1110	7.00759223372
1115	9.79175188035
1120	6.281479858
1125	5.20601629583
1130	7.8982432763
1135	7.06194406604
1140	12.1393363403
1145	7.05042659481
1150	7.14885372231
1155	10.5466901778
1160	7.31444699864
1165	8.12581582161
1170	7.04342793789
1175	9.35007544397
1180	6.22454307341
1185	10.2167766421
1190	6.95380337644
1195	8.53243116018
1200	7.2479149111
1205	7.2507695074
1210	9.39394734033
1215	7.87970725094
1220	8.70957217339
1225	8.24293130983
1230	7.24095582883
1235	5.67634922435
1240	9.64776866118
1245	6.38945993075
1250	5.89837931167
1255	10.093742941
1260	8.03978614391
1265	8.34089242588
1270	8.86500539621
1275	7.02939513989
1280	9.71907651527
1285	11.0562027126
1290	10.3528243357
1295	5.99577614022
1300	5.86987578265
1305	8.8892291949
1310	7.0018968598
1315	12.3068311905
1320	10.9894755343
1325	6.02293290054
1330	6.05935987605
1335	9.91691473126
1340	6.94194010775
1345	7.35523147846
1350	9.05317587651
1355	12.3777272633
1360	8.92786038053
1365	6.50407567187
1370	12.0901731058
1375	7.82501714804
1380	8.95872067896
1385	6.83656357844
1390	12.2387464494
1395	8.68788621922
1400	7.90026871171
1405	12.4923879611
1410	9.02674976513
1415	8.91997326843
1420	8.96331031379
1425	10.0093017992
1430	6.55685247593
1435	7.74052329751
1440	7.09200415083
1445	9.10914016214
1450	8.69812394406
1455	5.40517887346
1460	10.0568697142
1465	8.9345266033
1470	7.7306414616
1475	8.78285568185
1480	9.55362881591
1485	6.12168777749
1490	6.3417811301
1495	4.96071323176
1500	7.75317647676
1505	8.67670347522
1510	7.64448615638
1515	8.43695340065
1520	6.80192498805
1525	7.95022152297
1530	6.33145615514
1535	7.04746030412
1540	4.92797367354
1545	7.61635436313
1550	5.30786596793
1555	5.77115247605
1560	7.07855960477
1565	13.1606961681
1570	9.56703321567
1575	8.69957304401
1580	9.017312938
1585	5.86805899513
1590	9.0783226421
1595	9.85724970519
1600	9.22685655676
1605	8.02351673567
1610	9.20547947165
1615	8.24074443905
1620	12.1812756591
1625	9.84388988324
1630	11.0970770929
1635	10.378988999
