0	25.8550899896
5	5.95096039019
10	19.1817141616
15	2.09213755745
20	17.4408851533
25	12.892265973
30	5.24108542313
35	8.49450398081
40	6.41306975221
45	16.3293205505
50	7.3496390638
55	15.6386709049
60	32.5659183944
65	101.866010161
70	12.0885225763
75	4.25480809066
80	38.3977440413
85	15.1253259321
90	22.957388382
95	18.9940737838
100	15.20605369
105	3.36644725752
110	2.50165924095
115	7.98942753459
120	6.44869834722
125	9.18326218981
130	11.3683943381
135	25.4256030185
140	4.77717737249
145	3.35928156039
150	5.25822913416
155	15.9495726889
160	9.46501100702
165	13.2064279636
170	7.97183161559
175	3.99787485357
180	7.62898266463
185	11.3116906606
190	5.49235190572
195	18.2924583304
200	4.8171670579
205	9.14910965561
210	42.7288371359
215	5.65322258756
220	2.34545495579
225	27.1369412149
230	9.45535049097
235	20.0334235517
240	4.81012776747
245	4.4939389761
250	45.0101498362
255	2.86078929788
260	5.60109771241
265	9.0665936822
270	7.49865959998
275	31.3285512231
280	9.07212214
285	6.25583410321
290	11.2797243881
295	5.19990573337
300	12.8702301366
305	7.15329595621
310	8.92852979958
315	1.48702723048
320	6.48915254506
325	5.23230332755
330	7.21207681575
335	4.89307241947
340	6.50818661453
345	5.05974164819
350	5.6038981163
355	16.1367208076
360	8.60770508673
365	2.62277836762
370	13.1043083722
375	5.676448995
380	9.2652423709
385	27.6337354506
390	5.09632529154
395	10.0879427621
400	4.34211394421
405	10.2687259357
410	14.6735307797
415	3.71119362634
420	8.30610382008
425	8.92238028084
430	1.69893159732
435	10.7637251299
440	6.88275692631
445	12.1727305779
450	8.84787748913
455	4.09599252616
460	3.97430790297
465	3.46883786342
470	8.73472718284
475	6.1664331786
480	7.97547395242
485	4.49485669196
490	12.5000480253
495	6.09771243864
500	9.0686860697
505	2.26885033129
510	3.90649934902
515	10.9452039886
520	2.30041958241
525	9.40329352208
530	13.1353846767
535	15.9078494455
540	5.17117900818
545	17.730087985
550	6.09160290937
555	12.7715394078
560	12.5696241078
565	6.4949044125
570	35.4648687052
575	30.4014489883
580	12.4902283181
585	3.13693463646
590	3.32223117149
595	11.7082525933
600	7.24667642545
605	14.7538754147
610	24.4467431699
615	7.92059140191
620	9.87458877834
625	2.92719639553
630	10.9258789713
635	3.27184617463
640	13.6893618982
645	13.4069898247
650	5.25099212799
655	24.6397400397
660	4.69932915088
665	9.4841476633
670	4.33977805189
675	14.0738387044
680	5.59668481195
685	3.73135003854
690	21.8387406256
695	7.81230746254
700	3.85327739918
705	5.11750696663
710	14.2664760802
715	3.00011896247
720	5.73883385354
725	2.37085759295
730	7.43953391814
735	6.12553960859
740	12.8806112549
745	15.4091397654
750	12.2006278759
755	5.23204385886
760	11.067736597
765	3.79308878488
770	2.95808952114
775	7.22650759966
780	4.58302998921
785	10.6672517204
790	14.5156609037
795	3.98338040283
800	4.4241893683
805	1.87233414308
810	16.3621251179
815	14.979902426
820	7.47265348909
825	8.57935434693
830	66.9111296754
835	9.91069143125
840	6.13849654179
845	8.38384306495
850	27.41771372
855	12.4724601696
860	13.4963185565
865	6.53317360074
870	10.9108816461
875	9.34463587063
880	2.98894118597
885	9.2102775268
890	5.51676249292
895	14.2795636258
900	39.082650636
905	23.1716466625
910	2.576840322
915	9.19688628853
920	9.00944163983
925	19.2491005037
930	25.1622779959
935	9.35906542351
940	2.91199627449
945	21.5693473786
950	52.2435979595
955	40.009457944
960	3.86717968418
965	3.77333727861
970	10.0822953158
975	5.7639244594
980	14.4915024328
985	4.53659779644
990	10.0982383299
995	9.96207184633
1000	23.1162608129
1005	9.45207706117
1010	31.484400928
1015	6.16781665244
1020	2.71510093491
1025	6.44141681603
1030	28.2189902678
1035	7.88194585018
1040	7.94237773513
1045	10.3259321879
1050	9.61738282308
1055	5.8481210233
1060	7.53511501113
1065	4.36539757037
1070	2.6673559892
1075	7.74761587229
1080	8.96981420203
1085	10.9389590409
1090	12.3987300644
1095	3.13637398318
1100	76.6615752357
1105	18.8419482158
1110	5.27981356714
1115	7.41800386034
1120	13.6844272927
1125	11.6191203836
1130	3.62751724184
1135	11.8776983736
1140	56.598118208
1145	2.75068566577
1150	9.47171388045
1155	6.31888429266
1160	9.80024739543
1165	6.58185845581
1170	19.5277737243
1175	6.53318831913
1180	23.6559468223
1185	11.9241175717
1190	10.6532329
1195	6.83182032544
1200	9.91213514193
1205	11.575401904
1210	11.1319222958
1215	30.504369316
1220	7.76051575776
1225	8.20271809443
1230	15.6456444659
1235	6.44157135476
1240	15.1232454588
1245	11.6891213624
1250	39.0352915315
1255	4.29506872097
1260	20.4867328179
1265	8.87964159327
1270	12.4402768935
1275	8.5125020601
1280	8.27300391457
1285	18.0258128876
1290	11.6390150796
1295	6.07322539068
1300	4.04816731336
1305	6.3207669284
1310	6.40988103065
1315	4.16675437882
1320	6.59590065646
1325	19.7456507264
1330	7.53122008502
1335	10.4183987538
1340	9.52312018775
1345	100.333556503
1350	24.595852245
1355	26.7043569198
1360	18.8760014245
1365	28.6303565956
1370	6.50712580106
1375	6.22579908676
1380	13.6248411013
1385	25.932019882
1390	14.626897032
1395	34.2134701679
1400	15.0741758519
1405	9.98752357986
1410	36.2254823824
1415	5.15679448662
1420	4.04972523213
1425	7.4340671676
1430	9.11684137175
1435	4.64655596204
1440	6.1254247168
1445	5.52694788686
1450	6.63183602821
1455	12.4984991476
1460	6.83132549556
1465	7.70276879619
1470	5.47872858734
1475	8.13885375854
1480	28.220429919
1485	17.1047262479
1490	5.63941140569
1495	19.0492385017
1500	9.08105293918
1505	7.22808926708
1510	28.0351814877
1515	3.18132763891
1520	2.36125704359
1525	3.2864453594
1530	16.7169545148
1535	10.6189268077
1540	5.18016014711
1545	11.8326512984
1550	9.90249510275
1555	26.5621625805
1560	15.6082537654
1565	6.90588370041
1570	5.580327145
1575	16.6829920902
1580	7.02383289333
1585	20.5793363374
1590	14.0669866368
1595	10.8058033859
1600	4.48672665435
1605	10.273431716
1610	6.38773447837
1615	3.41383634669
1620	7.58355082549
1625	9.83345940164
1630	8.90264229485
1635	2.51771901629
1640	2.39927453909
1645	9.95380094073
1650	5.20931770274
1655	6.35619912232
1660	15.8817600834
1665	6.06103292118
1670	2.88306601536
1675	10.5504814363
1680	21.3639378195
1685	7.89755454844
1690	19.4373447986
1695	2.33953536438
1700	2.83996635453
1705	3.44203571489
1710	9.9941587722
1715	10.907012981
1720	5.12563698748
1725	3.88890704369
1730	13.3400506854
1735	4.67036440687
1740	5.33401005197
1745	5.97357116339
1750	14.3843564415
1755	9.79897444513
1760	5.02641411752
1765	7.01827981333
1770	28.7153568871
1775	7.90711464147
1780	10.357129894
1785	8.37535701919
1790	2.64077133817
1795	10.0640179736
1800	16.3375076335
1805	4.93855199476
1810	3.85198742942
