0	9.66963115498
5	7.93998277325
10	6.88780867081
15	6.49058898103
20	9.00403242533
25	8.17836481818
30	8.43751073231
35	6.55261569206
40	7.57175276315
45	9.08432544744
50	10.508897943
55	7.21836861222
60	10.8313391802
65	9.14307768257
70	9.47681254715
75	10.0334748164
80	9.47069464112
85	13.4540199808
90	8.52766556695
95	5.46203320529
100	6.51790618821
105	7.94207888182
110	8.30838638474
115	6.98796804
120	8.53984171147
125	11.022580496
130	5.6446625863
135	5.25767118322
140	8.5194935684
145	11.326633633
150	6.93625302734
155	10.2251277616
160	7.35310843642
165	8.05262654504
170	7.23983549521
175	7.4498125352
180	8.05135518364
185	8.86300636972
190	10.321327225
195	9.58792762308
200	9.26598709447
205	8.88771297878
210	8.88677355458
215	9.91551920389
220	7.18491813598
225	9.10589689585
230	7.13375012064
235	8.11262160976
240	5.98650500195
245	10.4064200373
250	6.15519623379
255	11.7365754731
260	8.8679715478
265	12.3804923143
270	8.40627813393
275	9.81791979239
280	8.03122569477
285	11.1630839696
290	8.1459505288
295	6.90041244032
300	6.69036991921
305	10.2985869764
310	8.42571816813
315	8.42089794791
320	8.56421810805
325	7.36015076923
330	6.18365177532
335	6.76528005145
340	5.01698470215
345	12.0533875298
350	6.36071109717
355	9.22481280437
360	7.78043524978
365	9.16820492283
370	6.74900300219
375	6.91492488055
380	10.9286287064
385	7.77518446819
390	6.99781528285
395	7.54162644643
400	7.78172365268
405	7.64151379451
410	5.35349451199
415	13.1259000183
420	5.61770298059
425	9.80889155404
430	10.233543291
435	9.61933362235
440	10.8961734176
445	9.67189513727
450	5.91153283643
455	9.58132738183
460	9.68032863281
465	5.47028751072
470	5.54956193269
475	12.8766242815
480	8.79216895229
485	7.99592268609
490	6.88032844414
495	5.99133615626
500	8.38399270411
505	5.67215541428
510	11.5906847125
515	8.28418173926
520	6.73294899678
525	10.0478320801
530	7.40728127249
535	8.97783139589
540	9.71386319619
545	5.70276084124
550	8.29362301832
555	9.49329319828
560	7.15105114643
565	8.09673980282
570	4.33217432167
575	9.34149075748
580	8.95780828305
585	8.73559705077
590	8.74063695733
595	7.00835779288
600	10.7157066139
605	7.09986360992
610	7.81940072063
615	11.3827051238
620	6.40894810107
625	5.76709925084
630	7.00526866381
635	11.1643751653
640	7.44089082781
645	5.32043602591
650	8.6802088892
655	9.63779530531
660	5.04608538592
665	9.88501176173
670	9.17501632308
675	9.32871149661
680	6.02056767819
685	7.77709938893
690	8.13071434788
695	7.88687262409
700	9.90374205812
705	6.80636107832
710	6.20139640511
715	6.97737480915
720	5.98868564059
725	7.20032874207
730	9.62314824495
735	8.09449957561
740	5.11650055651
745	6.07137414992
750	7.89497099818
755	7.35629231674
760	6.44346395422
765	7.21079809717
770	7.70778391288
775	7.86045132345
780	9.07714526663
785	9.13763614536
790	7.76498529107
795	11.058000669
800	8.98542059101
805	8.84040905141
810	7.35404055639
815	10.7284082188
820	9.27532455748
825	7.09582257095
830	7.0815080856
835	7.66455754418
840	7.11596260247
845	6.23893479794
850	10.2427534516
855	6.42443571455
860	7.70672292945
865	7.33930417394
870	6.81056612675
875	8.31756773225
880	9.62503577644
885	6.57528681677
890	5.40811233558
895	7.21007690269
900	15.0696687262
905	8.15432193347
910	8.65838382215
915	8.47240654647
920	9.93767399222
925	7.8442401458
930	7.33310973889
935	7.2164108293
940	8.60832344719
945	6.63117112689
950	8.70271294661
955	5.21675991235
960	5.2271821954
965	9.52013814652
970	9.84351826537
975	5.24603904268
980	6.65524314444
985	11.2648831299
990	4.9285286033
995	9.00040463087
1000	7.60335057399
1005	7.38290799095
1010	7.0887874001
1015	7.29121545622
1020	7.79793139717
1025	4.48493460593
1030	7.00666650223
1035	11.0118139431
1040	11.5511352014
1045	5.60452588966
1050	10.6670964031
1055	6.93068460058
1060	7.82893964863
1065	7.03212082294
1070	10.1107716411
1075	7.04546695373
1080	8.13531156052
1085	6.00830673061
1090	7.5970348648
1095	3.71111684953
1100	7.13768956994
1105	10.8715949045
1110	10.9571431795
1115	9.21111731878
1120	7.43360433877
1125	8.73309926585
1130	9.27219017712
1135	8.32128250452
1140	6.63550714452
1145	7.8625305325
1150	10.6579690241
1155	7.39401536448
1160	8.39601351872
1165	7.82094529626
1170	8.12726006853
1175	7.07846463838
1180	10.6475986156
1185	12.1532962385
1190	8.08265082881
1195	7.05609590377
1200	6.32128644576
1205	7.27731485633
1210	6.42682310088
1215	7.79982094574
1220	11.9444630531
1225	5.4429099837
1230	6.98467554951
1235	9.47653091745
1240	6.85679837479
1245	7.33189061716
1250	8.29028630475
1255	10.8516595529
1260	7.37664332869
1265	10.846824393
1270	8.57408032546
1275	11.5056722888
1280	8.54398661969
1285	11.4381032391
1290	9.32572550983
1295	5.75184745784
1300	6.85216919794
1305	9.56328660334
1310	8.95727328438
1315	9.29394581654
1320	6.03999283022
1325	6.41323138039
1330	8.4590267983
1335	8.09930073251
1340	4.40914269687
1345	8.91581787001
1350	6.96214206267
1355	6.94677121062
1360	9.66029536286
1365	8.40363252355
1370	12.1595981656
1375	7.11138527154
1380	7.22110332992
1385	8.6039324373
1390	7.38967932038
1395	9.19447562976
1400	5.794039141
1405	7.19701901164
1410	8.73108996306
1415	6.89791484451
1420	8.44182149719
1425	10.8443113349
1430	14.5166910807
1435	8.06354589659
1440	6.81833858342
1445	8.5917131286
1450	11.9092874035
1455	9.43580467413
1460	8.44191212942
1465	7.56410076835
1470	6.09181729886
1475	8.56989823829
1480	7.39678686415
1485	6.48874407046
1490	6.67430381367
1495	10.3718315249
1500	7.91958956845
1505	8.07038078735
1510	5.65199298417
1515	11.1167839077
1520	10.7412006393
1525	8.38529759632
1530	6.93516173653
1535	6.80800766985
1540	8.3652570088
1545	10.2717352095
1550	8.47374023502
1555	5.38046245966
1560	7.78754358938
1565	10.9322269408
1570	9.18600517088
1575	6.99824874034
1580	10.3088218852
