0	11.079202444
5	5.85465452472
10	6.43527482864
15	7.76697409181
20	8.11587903628
25	8.23589185188
30	9.93412152291
35	7.01054120827
40	8.27542347435
45	10.6736831887
50	11.2746682446
55	5.4437933493
60	8.12363474507
65	12.2123356125
70	10.7763739377
75	7.96850366034
80	6.2776389095
85	7.44469527871
90	10.5796147666
95	11.1368020057
100	7.45681601517
105	7.70898341502
110	8.81776551545
115	8.45708402605
120	9.42759161094
125	5.48909235053
130	9.99781690044
135	8.01251488645
140	6.55065344946
145	8.68037646573
150	8.04753528984
155	5.4328433442
160	9.16995200764
165	5.78857278951
170	9.38271076813
175	6.58965499199
180	10.253608719
185	8.95524866204
190	8.96492164881
195	7.0155167309
200	8.71076639513
205	7.39401194725
210	6.28755573353
215	8.1252554236
220	6.5506837227
225	9.93953480641
230	5.58086471981
235	7.12844496964
240	10.4456875659
245	4.69046392529
250	8.24958423785
255	9.11607375643
260	6.18452822834
265	6.8861027805
270	7.53922914035
275	7.57896988972
280	9.68611223669
285	7.84361690183
290	6.37287783109
295	6.58070222356
300	13.2212846698
305	9.05247671163
310	6.23690047739
315	10.4272519086
320	6.24552009094
325	8.49829219209
330	8.04591834511
335	6.90798636386
340	10.1203934432
345	11.604487363
350	8.45776890274
355	10.3767662092
360	8.22970468144
365	6.92570547118
370	6.58079382931
375	10.6632340926
380	14.4387939524
385	7.26264977196
390	8.23787066728
395	8.17886901625
400	10.0803639351
405	7.0242324979
410	9.05141123499
415	8.86200116352
420	6.99888831266
425	9.58625975997
430	9.67071699662
435	8.86302875901
440	9.54647787953
445	5.39248052339
450	7.569136609
455	9.69840433665
460	8.4879901676
465	5.89421423787
470	7.16236037258
475	9.2737940166
480	6.3477545869
485	9.04348033953
490	8.027573975
495	6.62523544025
500	7.57991890195
505	7.46965267479
510	6.8998630778
515	7.1544364677
520	6.92170313614
525	8.64847976777
530	8.33456387422
535	7.42992486515
540	7.85116123206
545	6.21430865551
550	8.41272467623
555	8.56617376283
560	5.72603235893
565	11.3662927579
570	8.5360430375
575	11.0588028192
580	7.14054931589
585	5.37100412925
590	9.23490463458
595	5.8195833964
600	8.5176131866
605	8.18429394746
610	8.49335148363
615	6.67371181596
620	7.08768374245
625	7.92799886672
630	5.53188097338
635	6.35894250471
640	9.25491232559
645	8.44426093688
650	8.52886075978
655	11.1765916243
660	8.05183795527
665	9.49813900587
670	7.06694657095
675	12.1948541022
680	4.3933641073
685	9.33182926612
690	9.07560647801
695	9.60769597606
700	7.58355935759
705	8.33444836003
710	6.93143433744
715	11.559636722
720	4.45302199653
725	6.6170534648
730	9.38985423178
735	7.62414474044
740	7.12501050695
745	7.36651117982
750	8.79836657433
755	8.00367759585
760	8.24684300872
765	13.2429462868
770	7.59670293604
775	10.4061475777
780	9.81609106635
785	8.87225086062
790	7.93734186731
795	6.40517604178
800	7.42171506844
805	6.77637810933
810	9.17710419238
815	10.8168824528
820	10.4533893408
825	6.5337075598
830	8.66976077467
835	10.6868339079
840	9.22457444204
845	9.82014840749
850	5.6889374824
855	10.3573401631
860	8.88557634185
865	5.74176870408
870	9.15134313725
875	8.8888323096
880	7.68999384461
885	8.07570869666
890	6.11256960746
895	7.00565369598
900	7.04672714276
905	5.45699354102
910	5.96553877171
915	5.32025136683
920	7.17029272621
925	6.08878439709
930	4.98519506097
935	10.254033594
940	8.60825725896
945	6.21812756013
950	8.21398471621
955	4.8925311695
960	6.61798435489
965	11.911239292
970	7.99580496205
975	6.02261372087
980	6.61216266248
985	8.04901973797
990	5.8075211737
995	8.82512534508
1000	7.04649816773
1005	8.2907986773
1010	7.66331774364
1015	8.83279063371
1020	7.53434108249
1025	7.8033242144
1030	7.56937283409
1035	8.1815262859
1040	7.64707016507
1045	6.8760858972
1050	8.77850513656
1055	8.38285798245
1060	5.96225523783
1065	6.6789337617
1070	5.14457129025
1075	7.44120392423
1080	9.15005534419
1085	8.4827793918
1090	8.57672796847
1095	7.10838628249
1100	8.16309371423
1105	8.42052483823
1110	10.5093351859
1115	7.85054803697
1120	7.04973731227
1125	8.36768415532
1130	9.80597498455
1135	9.64086301277
1140	8.58708475527
1145	9.05648018928
1150	7.92482455443
1155	7.97726105783
1160	9.56251638013
1165	7.96316180997
1170	6.08012471343
1175	11.1955221333
1180	12.1908250208
1185	7.90484165014
1190	10.1464347661
1195	10.2948362554
1200	8.9643728289
1205	7.89000730859
1210	9.4076392454
1215	6.80389699261
1220	6.87553598959
1225	13.800405942
1230	8.48358886542
1235	9.26263222353
1240	7.22694235492
1245	9.32723993001
1250	10.5706750385
1255	8.29216449988
1260	8.10559071568
1265	5.28047282407
1270	10.942027816
1275	8.63456323243
1280	7.24044222026
1285	5.95239183955
1290	6.43941874904
1295	5.39579681865
1300	10.1454631918
1305	5.49725393535
1310	6.94357726104
1315	4.77092190737
1320	10.0356667284
1325	8.02175432236
1330	6.60049768627
1335	7.83157069497
1340	11.6544731563
1345	9.43525815704
1350	5.89162787614
1355	6.57053882848
1360	10.2358796202
1365	6.29087476257
1370	8.45865482165
1375	9.23111999917
1380	10.7558915111
1385	8.57076772411
1390	9.58086464005
1395	8.16659252375
1400	6.43261390229
1405	11.4593356411
1410	6.64427285276
1415	6.74754308256
1420	7.81463862017
1425	10.0505474152
1430	6.62167013
1435	8.10347876051
1440	7.45898593836
1445	5.97993657131
1450	9.13858085981
1455	7.2017072061
1460	6.9121458002
1465	8.23301868436
1470	8.52415602365
1475	6.62919837609
1480	11.1084235762
1485	9.44129456686
1490	6.55156301021
1495	9.91456620321
1500	7.29805631019
1505	9.63023574298
1510	8.87782694555
1515	8.72192461324
1520	8.93147101254
1525	9.21923509947
1530	8.66673340931
1535	10.0452554416
1540	7.15288836382
1545	8.26821623748
1550	6.91282547556
1555	13.1993631154
1560	6.18778669016
1565	6.05478026736
1570	8.40954177938
1575	7.74374434431
1580	6.43153849253
1585	7.96694759758
1590	7.83891444405
1595	8.04894131509
1600	6.75352847105
1605	6.80168241025
1610	8.12368163627
1615	8.56205346534
1620	7.58509186682
1625	6.39531958631
1630	9.35749276001
1635	12.2371631983
1640	6.53140574165
1645	7.18678320007
1650	8.28397477942
1655	6.11885837343
1660	8.05312341004
1665	7.31856550278
1670	8.46472310931
1675	7.1948359925
1680	9.45095226751
1685	12.8334373035
1690	8.71690291496
1695	6.78879037364
1700	5.14137288825
1705	8.02742055158
1710	7.27710490086
1715	6.32615122367
1720	5.40384332238
1725	8.19014600983
1730	8.43002039305
1735	8.59291527153
1740	7.65139285299
1745	6.79155470361
1750	7.2702715719
1755	12.9523716914
1760	9.38045863397
1765	6.04987757732
1770	6.70307330941
1775	11.065072972
1780	5.8162969131
1785	8.24505590572
1790	5.54409616497
1795	9.09176036517
1800	8.86919015571
1805	6.02015850563
1810	9.20288036524
1815	5.92793321221
