0	9.51426469175
5	5.48715952253
10	10.0728180085
15	13.1334025544
20	10.835316052
25	8.62885272789
30	8.73466157706
35	8.81128521905
40	9.31423545443
45	8.89066086473
50	12.447966917
55	8.939312124
60	6.21910083353
65	5.62028098923
70	7.50832379642
75	6.6736357766
80	6.97621684211
85	5.78608756027
90	7.14089160831
95	7.28066157487
100	8.97843095676
105	7.91214126224
110	6.20380720647
115	8.69798583896
120	7.36767200084
125	10.1832647943
130	4.92138402641
135	8.35149001684
140	9.56289843
145	5.80854196108
150	6.47961248192
155	7.02238810363
160	8.47127089057
165	6.37836750408
170	6.94564825941
175	9.57134093931
180	14.3448547926
185	12.6734945348
190	9.03465422272
195	7.24112753046
200	5.75988800289
205	6.27455445407
210	8.55107091875
215	7.53138781116
220	10.1341871633
225	8.70227471469
230	7.16761671386
235	8.44190604114
240	4.75379297763
245	13.5857982591
250	6.22227165363
255	11.7067802868
260	9.84934190286
265	7.72744186967
270	9.02220102187
275	5.92354226677
280	10.2888503039
285	3.02249861136
290	6.82230715257
295	7.62530160991
300	9.45780231637
305	12.1675916951
310	9.53283435059
315	10.3039131858
320	6.30128066657
325	11.1317673497
330	13.5123199805
335	17.6624085064
340	7.42392227751
345	7.72708909003
350	6.07423595932
355	11.8027033995
360	12.2834650108
365	11.5295371214
370	7.0790017034
375	6.20369392682
380	6.95316492551
385	8.29727063743
390	8.33262539661
395	7.34294109787
400	9.60161466485
405	5.02830548399
410	5.51879332972
415	8.8511141926
420	10.3499748699
425	5.90780257966
430	15.1785072596
435	8.49499975969
440	9.91189787198
445	12.9489410029
450	7.53855631278
455	9.25177588686
460	6.26285868474
465	5.97163528315
470	8.76553959893
475	10.8754428361
480	6.04372705412
485	5.8243717261
490	4.6800912694
495	7.91659794855
500	8.11899081466
505	8.79118330573
510	9.08406408034
515	10.73189464
520	6.32046261226
525	10.8051125342
530	13.5837780768
535	12.0721686736
540	11.4606149364
545	12.6659682499
550	11.3525474842
555	8.14733113052
560	9.42647951657
565	8.02688581214
570	9.51730268663
575	5.73431728076
580	6.16472110231
585	11.4125815134
590	11.8010609465
595	8.06129100922
600	5.63588776647
605	5.74421552634
610	9.93727333585
615	9.6376937775
620	6.30214637471
625	5.67553694027
630	5.59247455792
635	8.63109682079
640	7.97594255389
645	10.4435896005
650	6.692569933
655	8.66418367562
660	7.71938502775
665	8.33612424402
670	5.56107402349
675	7.94935744521
680	10.3103549536
685	10.1223537582
690	8.43744593095
695	7.70963906838
700	9.53556000006
705	12.4115581212
710	9.64485933025
715	14.2239019131
720	11.1510907651
725	5.88275213666
730	10.5745778356
735	5.54015773235
740	6.69682303111
745	7.81213229247
750	7.49040765587
755	7.94095992446
760	14.5342622638
765	7.43120898757
770	7.99848726489
775	8.5046086235
780	10.7072148277
785	8.47603878788
790	9.63169408451
795	11.639979405
800	7.36584797187
805	11.5065318905
810	10.3497115075
815	11.0012450444
820	5.01887433312
825	13.8477317351
830	8.39715459228
835	7.48527863216
840	11.2948740929
845	6.02936899162
850	5.09318615992
855	5.94205945878
860	7.79477155977
865	6.57986929902
870	9.45635862734
875	7.21659435307
880	6.10151429826
885	8.49345617185
890	10.1293425259
895	10.1675484188
900	4.58508567806
905	7.75648821176
910	9.76644072871
915	7.77161962479
920	6.88448292204
925	10.7851654449
930	5.48561290707
935	14.6177073537
940	8.04508524354
945	5.33393217664
950	9.49903717699
955	9.00094001266
960	11.1579915061
965	14.2459663948
970	7.10572541655
975	7.19099426644
980	10.5968289609
985	10.2883753259
990	9.48432717251
995	15.751953827
1000	8.4549140528
1005	10.1818894781
1010	9.06839910608
1015	7.47817286785
1020	8.95238534871
1025	10.2611644125
1030	7.36868273544
1035	8.9334570391
1040	6.78550675887
1045	5.0887865888
1050	6.46829379963
1055	7.64897492601
1060	8.31703403549
1065	8.09401369385
1070	6.72971918876
1075	6.27134714552
1080	4.9525278122
1085	11.6612969775
1090	13.3826654692
1095	7.11320387242
1100	8.56976133638
1105	6.51108192151
1110	4.84230270439
1115	8.45406296975
1120	6.81247900319
1125	7.8613117422
1130	10.6089034042
1135	8.8195314967
1140	5.54696232614
1145	5.48408792429
1150	4.56014629037
1155	4.71274645396
1160	11.8434943355
1165	10.3154903347
1170	6.22154900573
1175	6.91102870945
1180	10.4187804041
1185	9.68265777646
1190	6.43484594536
1195	4.46945429413
1200	12.3722994359
1205	7.98272556028
1210	11.5807603433
1215	5.72335468685
1220	6.74334938075
1225	6.31993167661
1230	10.9513679012
1235	7.2590215027
1240	11.0418502255
1245	9.85609001816
1250	10.1046536941
1255	9.81169229829
1260	6.51540585761
1265	15.2478687197
1270	8.40668221948
1275	11.1737559186
1280	7.56048925514
1285	8.59453111639
1290	5.08990128854
1295	8.88095078031
1300	6.10555758457
1305	15.4334115317
1310	12.028416444
1315	7.83389840984
1320	6.71264114708
1325	9.12030261098
1330	9.88627487619
1335	9.42541477788
1340	9.25403125054
1345	14.3839191487
1350	11.4073486538
1355	6.74359500767
1360	10.3986275225
1365	8.56270767615
1370	9.52533604644
1375	4.98872572681
1380	4.96988170778
1385	8.14087168754
1390	11.6163141326
1395	8.3470627492
1400	7.3997988481
1405	7.36609754215
1410	12.7464786975
1415	6.676801285
1420	5.98733869403
1425	4.93427803786
1430	8.67647083609
1435	12.1248497491
1440	5.86440249335
1445	8.15840611603
1450	5.65144616139
1455	7.36278653672
1460	10.9127028461
1465	9.98520997177
1470	8.75380502049
1475	8.46407942194
1480	6.9431928613
1485	22.3546122183
1490	9.18502589273
1495	11.4286036988
1500	6.58256939308
1505	7.96429392389
1510	7.24323843473
1515	9.37357767048
1520	5.57108407258
1525	9.07793646564
1530	10.9445289842
1535	10.981036035
1540	11.9265183974
1545	8.1581511268
1550	7.94337625879
1555	6.1366960364
1560	8.41174591692
1565	10.2523433395
1570	6.38589955382
1575	5.52487923101
1580	7.82221403526
1585	11.4952984333
1590	8.93503216571
1595	11.869429794
1600	9.30347993986
1605	8.91059411241
1610	6.56403635676
1615	12.9016771246
1620	7.5823342573
1625	15.0782180168
1630	8.79017089589
1635	7.73744648668
1640	8.55068585419
1645	7.68547274333
1650	5.19229600952
1655	9.04480308819
1660	11.4327243877
1665	7.24402598148
1670	6.39222844149
1675	5.77338827027
1680	10.9833726119
1685	6.14433450294
1690	4.07500272578
1695	9.63254948313
1700	7.91920817374
1705	6.91803793713
1710	9.34797939563
1715	9.77967198721
1720	11.7688577612
1725	12.4538161561
1730	9.60935097626
1735	10.0973442544
1740	9.39997901503
1745	7.21184563137
1750	10.2142682018
1755	11.8353219947
