0	16.9413976283
5	6.38746351464
10	9.10114783507
15	5.05025506559
20	10.8203831794
25	24.7537682815
30	4.4318242155
35	10.3557333036
40	6.86382686727
45	10.721775513
50	7.07479669808
55	9.52845749773
60	16.8801850858
65	12.8634176706
70	6.62968187057
75	5.29089579428
80	14.9290290382
85	3.76405255587
90	17.113062683
95	5.2069766402
100	8.21208196338
105	10.527924731
110	17.811293555
115	7.12842514092
120	8.30192918782
125	5.72310221513
130	8.37254891844
135	5.50422592321
140	14.3031294519
145	11.171590954
150	3.52061356512
155	4.17951440427
160	4.64306345763
165	7.73058383351
170	11.5004880795
175	9.92223284976
180	4.9367660452
185	7.95638369108
190	12.623402021
195	9.13905057826
200	6.21432139375
205	15.309187389
210	9.08310288067
215	14.4213695362
220	5.07073949554
225	12.720585662
230	5.17208242454
235	8.05607317373
240	46.9932244417
245	6.61636192227
250	8.82902427746
255	6.72273580599
260	13.0439600943
265	3.59207197286
270	5.88329441383
275	6.0016223655
280	3.53947421121
285	3.57423477948
290	12.1811249564
295	7.88166336144
300	7.258950674
305	7.94133152847
310	28.1893539602
315	5.89963945686
320	5.0022478731
325	5.39843360925
330	9.34962635302
335	12.2611247365
340	5.93344511557
345	7.14543551729
350	18.0473341892
355	15.6188434702
360	12.9839574678
365	12.6817264022
370	9.9681890141
375	12.0392660041
380	9.5989058153
385	8.6912339611
390	7.1043767006
395	12.1911870957
400	2.02717486599
405	12.7696225195
410	4.76526676005
415	6.83125591026
420	7.84461487697
425	18.963651295
430	7.00581050014
435	5.72564974026
440	14.5904311965
445	14.131680024
450	3.27413506688
455	10.4279766582
460	8.06646903138
465	16.6005550925
470	12.6247664781
475	8.88013307629
480	4.51722950022
485	13.2443567985
490	3.82093335318
495	4.94517116769
500	6.05286774432
505	8.8586113245
510	10.0071688246
515	23.3278516655
520	11.9602205067
525	5.23404658202
530	15.5823384685
535	19.9127814033
540	11.8446743789
545	4.10993122145
550	8.05470570898
555	27.7498181232
560	6.64622994239
565	9.28818156804
570	11.0428676117
575	13.6643884245
580	11.9747531036
585	2.26900572348
590	12.8059961318
595	12.7329254404
600	5.33121013949
605	5.56425993397
610	6.9230467782
615	4.59993228419
620	9.88001997622
625	20.3776218509
630	2.06145400381
635	8.67084096487
640	10.763782934
645	9.42107676912
650	5.25404676167
655	7.86295409517
660	9.78915853082
665	5.57199510576
670	13.5553676848
675	12.1789896776
680	9.5942632303
685	22.8817952199
690	5.99896560036
695	14.0651714094
700	3.13728345996
705	3.59968846214
710	3.44768674134
715	5.04227974422
720	4.88467934694
725	10.8536335414
730	6.81605313899
735	5.04351465602
740	3.78986555026
745	9.6774546658
750	5.25124991183
755	4.10959496663
760	4.46943220112
765	5.05034562
770	8.42445852345
775	16.3554719305
780	6.05555215576
785	20.6390981608
790	9.21054085926
795	6.81226083019
800	13.6448757682
805	4.71292925535
810	6.36318779583
815	9.3731936853
820	11.160640433
825	11.1476074523
830	6.75474162509
835	7.39286845756
840	5.73259676952
845	7.21671275916
850	4.81081385078
855	13.6777354912
860	8.07822869674
865	5.03111535678
870	12.7890660337
875	11.2629716366
880	33.3129196698
885	10.0440837829
890	7.48540219262
895	11.0935531858
900	5.36982088899
905	7.38878055473
910	9.7758501915
915	10.5466407704
920	8.49429776105
925	14.3896548866
930	8.67517223218
935	5.43137506787
940	3.8577032333
945	10.5773469823
950	10.1878431922
955	18.8497923996
960	7.11795539487
965	4.46937001757
970	7.50827480014
975	6.60699413661
980	7.91804171232
985	8.72207012978
990	6.98948892171
995	9.3690158979
1000	7.20948193728
1005	6.70712219726
1010	6.33719231722
1015	9.31514951602
1020	4.92672744211
1025	13.750672512
1030	6.00860712376
1035	3.88212038425
1040	9.24474672688
1045	9.17108023681
1050	2.8907038748
1055	3.9752462879
1060	3.20242445887
1065	12.1652242799
1070	1.43322512374
1075	8.19817654343
1080	4.20637026442
1085	3.48493274417
1090	15.6091876285
1095	6.42736854422
1100	5.59892363157
1105	12.2262110428
1110	22.7508620591
1115	10.2125852919
1120	7.80617760383
1125	2.96533833317
1130	6.54399093729
1135	45.0100247886
1140	6.36709430646
1145	14.811836523
1150	10.1719501138
1155	6.76704924374
1160	25.2147955733
1165	6.34496824657
1170	7.47853515617
1175	19.9261519007
1180	22.4549034009
1185	6.85813407605
1190	5.36378559183
1195	8.59608733058
1200	7.33938798314
1205	5.20004015576
1210	3.4984780167
1215	10.8714190356
1220	7.23917862263
1225	11.8112072717
1230	6.45486597316
1235	4.89245303923
1240	25.6622823808
1245	11.3807613606
1250	5.8571064023
1255	5.3805090845
1260	7.36702309885
1265	10.5497678613
1270	4.41598161633
1275	3.41415939115
1280	5.73282409411
1285	7.12525680462
1290	5.40372503508
1295	7.19140751936
1300	8.96549260488
1305	15.7439913162
1310	10.083862868
1315	7.29320521279
1320	11.8930389175
1325	15.1986786378
1330	6.54457067954
1335	4.18239165437
1340	10.0925349478
1345	8.13344326028
1350	3.83776164876
1355	11.8402543419
1360	4.50581440412
1365	6.36140953971
1370	6.20990358278
1375	7.47112672288
1380	19.2853265076
1385	6.63381326049
1390	11.7303821834
1395	24.8678658183
1400	2.56968892867
1405	8.97249904693
1410	12.8217513476
1415	8.74915112673
1420	6.30835842478
1425	7.22480098063
1430	9.30791117144
1435	16.4217917301
1440	7.80602788358
1445	7.31199755178
1450	3.65797034057
1455	19.8393695652
1460	4.06997535684
1465	9.62801161653
1470	6.53613113444
1475	8.15874436466
1480	10.8694937173
1485	5.05671211406
1490	17.7455026264
1495	11.4056096244
1500	6.8809585742
1505	3.78269545959
1510	6.48609579791
1515	16.6801244507
1520	6.43735994679
1525	11.3860428211
1530	5.96858799325
1535	4.25949163699
1540	7.79821114037
1545	11.8382548845
1550	10.4601794989
1555	11.1727916228
1560	10.1732979543
1565	7.36825534715
1570	7.9278881925
1575	5.5722154615
1580	3.34455810137
1585	14.2336801399
1590	5.75933456454
1595	6.87355873384
1600	5.99055315035
1605	7.76818136099
1610	9.12917188644
1615	9.53222394828
1620	7.90870713415
1625	5.89347115088
1630	12.6027558853
1635	6.38984346392
1640	5.13977079619
1645	4.3467415074
1650	2.80936685416
1655	9.26641594001
1660	10.5361320673
1665	9.97596230594
1670	4.29566076532
1675	15.9181078114
1680	5.02143021137
1685	12.0462319737
1690	15.4022707589
1695	3.60212607696
1700	9.72312415003
1705	5.27991703712
1710	4.65436407728
1715	9.66517211838
1720	11.6017560005
1725	4.78863349579
1730	15.6650749563
1735	11.7708983533
1740	17.5577969139
1745	18.6034220853
1750	13.5306697611
1755	15.3465209495
1760	6.72258059624
1765	6.99595220329
1770	9.33176680453
1775	2.38656089039
1780	4.71569401129
1785	3.46599280907
1790	13.697731044
1795	31.7649684529
1800	5.35240633823
1805	8.69691593904
1810	7.643908061
1815	8.17045694927
1820	5.183989734
