0	6.28922448958
5	11.2535814543
10	5.08893764384
15	11.575431458
20	6.07431025349
25	4.76550148819
30	16.2906534132
35	6.96808282747
40	7.17975955643
45	9.32017828349
50	11.1995883415
55	6.81663653576
60	8.77928382936
65	4.81541540599
70	8.39873476719
75	7.63794431685
80	4.93046043958
85	9.66637803323
90	3.91932910829
95	8.16480442256
100	6.88002223933
105	11.7716897337
110	18.397809297
115	8.9644167689
120	10.1527048543
125	6.1047035255
130	8.59245817592
135	12.0055531266
140	5.12978330208
145	12.5990387673
150	8.19687535535
155	7.48905544708
160	6.95563851527
165	9.83957494101
170	6.14437858487
175	5.71640041344
180	10.9583427784
185	4.43121100294
190	12.7328612997
195	12.7568123771
200	4.52259517342
205	7.54825511221
210	12.5800511418
215	8.21165745738
220	9.72622013932
225	6.24372305962
230	6.66254707131
235	7.9925463907
240	8.62693798921
245	8.83187682042
250	8.5293624661
255	10.5339197366
260	7.66638162368
265	8.51467458172
270	10.3923924121
275	5.61068644308
280	9.74462584559
285	13.927321041
290	3.76528296059
295	6.41965666162
300	11.538016696
305	9.08984757653
310	7.43199742919
315	7.06123099875
320	9.00853966874
325	9.87639785433
330	8.47296935262
335	8.40376483056
340	10.3485790124
345	6.4180467216
350	10.302364807
355	7.93151137286
360	8.98154390787
365	9.55565066832
370	3.85981102637
375	9.08263889322
380	16.0575688937
385	6.83290211388
390	9.24495969275
395	6.27575961711
400	9.90027420283
405	8.11738307622
410	5.86150229733
415	6.24814523835
420	7.28175888913
425	5.82196003369
430	8.04689787265
435	3.36826976651
440	7.13190879525
445	11.0938037553
450	8.10500731563
455	7.84348894025
460	6.60541130618
465	4.84798417741
470	5.18689675621
475	5.1682441329
480	7.97869789457
485	5.09567143672
490	13.1062092783
495	11.427105866
500	9.44980317503
505	10.0133797664
510	12.1278973771
515	9.94873839949
520	7.35516561003
525	5.09897932693
530	9.50412546479
535	12.0245200293
540	16.9267960753
545	11.6720133897
550	10.027954502
555	9.7300451256
560	7.39999398571
565	9.36027153724
570	10.1242101032
575	3.9264413871
580	8.56578888776
585	4.9816751022
590	4.45140131877
595	8.9430332484
600	6.55149185507
605	6.58244783376
610	9.41752944988
615	8.25349865499
620	5.85645401285
625	4.30248587429
630	7.57948563085
635	6.51074988792
640	8.79865038633
645	5.51796147681
650	9.18432374885
655	5.31510134464
660	4.91777561611
665	14.5458965463
670	6.80705770456
675	8.94776391197
680	5.01969851218
685	5.07850488081
690	6.34209942381
695	5.11770416946
700	7.74712373093
705	11.3704707043
710	8.26205626475
715	11.710098993
720	11.358278342
725	6.74760443275
730	11.4634710671
735	2.73074982984
740	10.7221107622
745	9.72162993242
750	7.77519091074
755	8.56395390217
760	9.21536029553
765	13.1249248015
770	3.09430968047
775	10.085425326
780	11.2742239304
785	5.61971233281
790	6.08939683443
795	14.2750480947
800	6.97559248466
805	8.9454576595
810	9.99628781959
815	12.175903336
820	8.25358731134
825	6.6095501394
830	8.47014168279
835	10.7713404038
840	5.66566341465
845	11.021865108
850	16.7847760396
855	4.41638745913
860	17.7349195708
865	6.86613770219
870	5.34507660063
875	9.05603544759
880	6.82264147091
885	14.9876950078
890	10.9014183493
895	5.73654656825
900	6.02709759818
905	6.5085848518
910	11.8528539309
915	5.40972810401
920	4.26232683785
925	10.8905631505
930	5.4187930528
935	11.7554451255
940	6.53618444835
945	7.757391712
950	12.973603669
955	5.74209317761
960	5.08003543169
965	4.8923436696
970	12.7151062037
975	9.15557386277
980	8.83203106433
985	6.85884380029
990	23.2711895831
995	14.5219916478
1000	5.65174063854
1005	7.20921200035
1010	6.19139047491
1015	5.96549271867
1020	7.09916717336
1025	5.09124624899
1030	3.76272265463
1035	5.95808713851
1040	5.08182553988
1045	11.5826964577
1050	8.16228728191
1055	5.95329083579
1060	6.53194602745
1065	9.91371162458
1070	8.34800796421
1075	6.04790477147
1080	6.91635837309
1085	7.77457175558
1090	7.95475203608
1095	9.28091470794
1100	7.80871529832
1105	9.38428694619
1110	7.60186390584
1115	13.7174814625
1120	3.01012241578
1125	17.6547601502
1130	11.7665879416
1135	12.1912631575
1140	4.70792468122
1145	4.92860328096
1150	5.67805025892
1155	14.2127121027
1160	5.53872678167
1165	5.71132347774
1170	7.25165402263
1175	4.5951796806
1180	6.74906163391
1185	8.1189081143
1190	12.8637615975
1195	10.8140640567
1200	8.56536154025
1205	9.5328255225
1210	9.19849957777
1215	8.39105435699
1220	7.33596459879
1225	7.31093973061
1230	5.88114757769
1235	20.0856266089
1240	5.63681585568
1245	6.56967684334
1250	7.24207031245
1255	12.0073929379
1260	9.33448024691
1265	7.0577717669
1270	5.52685478673
1275	7.31361900083
1280	7.70165315209
1285	9.40515246483
1290	5.71749425378
1295	6.04929584389
1300	4.50506909506
1305	8.37532855018
1310	10.5771727272
1315	11.2380716686
1320	8.75552469018
1325	8.71205537658
1330	8.51826636451
1335	8.97428363823
1340	11.4019081495
1345	4.92519897752
1350	10.4298325541
1355	8.11296996924
1360	6.16612430428
1365	3.95116504661
1370	3.88211908451
1375	8.05797475794
1380	11.9807950955
1385	7.64277780037
1390	4.37266936082
1395	7.78103369479
1400	6.353732883
1405	9.42960283561
1410	12.3721048043
1415	5.60176267841
1420	8.05253120868
1425	9.35263375716
1430	9.17600536809
1435	10.4402614586
1440	6.04070806775
1445	11.673708051
1450	10.7390716117
1455	9.49903402386
1460	10.8698647965
1465	5.12682942275
1470	5.62526081024
1475	8.91383721887
1480	8.40315974699
1485	11.2304693816
1490	8.6496085312
1495	8.69348818113
1500	9.63760365357
1505	9.45293915361
1510	7.50395012114
1515	11.6027978539
1520	11.5568608405
1525	5.14386788041
1530	12.1453708722
1535	6.79815412928
1540	6.68854419836
1545	7.66048933193
1550	8.51087698366
1555	12.1597773023
1560	10.7839949255
1565	5.55090410193
1570	10.5602204304
1575	11.3802301425
1580	8.10225103926
1585	12.2519106478
1590	15.6710796739
1595	12.1078827399
1600	10.5005401563
1605	12.4003015015
1610	7.38677864904
1615	9.66098408174
1620	11.8159117329
1625	11.2791351364
1630	6.16860044506
1635	5.65895056357
1640	6.88985333243
1645	9.77288592347
