0	5.70774549687
5	5.03571823888
10	7.75751163706
15	9.39409704536
20	8.63537003248
25	6.8913742798
30	8.85543964797
35	7.42165760592
40	5.84910765052
45	4.87315470362
50	14.6865716142
55	9.62334782856
60	3.96785469373
65	18.5444756101
70	7.16221362477
75	6.61691369775
80	7.74500462558
85	9.72139108819
90	14.2226709678
95	3.91420857468
100	12.7122343738
105	8.14740348381
110	17.4397082455
115	4.89694936971
120	11.0440580224
125	12.9793172066
130	7.91012258828
135	14.6682215796
140	7.73226841381
145	14.4541130211
150	7.83189408038
155	6.08619856794
160	4.68424113713
165	10.7150601743
170	7.34624480172
175	15.9266902949
180	7.73637691765
185	7.35404395105
190	15.8779491539
195	9.7962471311
200	9.21315325522
205	11.4467291816
210	10.4198981212
215	6.26715200486
220	7.21298317118
225	15.9486990225
230	8.04505328824
235	9.09003167596
240	6.38908429817
245	3.79758868454
250	6.21039587325
255	6.05239907392
260	5.86392182282
265	5.7771857966
270	4.98760080705
275	9.99926078478
280	9.05705835126
285	17.520249776
290	7.46093036104
295	5.38193617282
300	10.3740474338
305	5.43324542902
310	7.48585473861
315	10.7721851158
320	7.22055359864
325	7.58509956249
330	14.4315452962
335	5.08042516917
340	5.21748050918
345	8.41819834959
350	4.69840116204
355	11.699354281
360	16.7469968837
365	15.0806667212
370	8.08123499874
375	7.32930590835
380	7.58882644628
385	9.70466396575
390	6.00127620588
395	5.36887611479
400	4.44518781068
405	10.0357596749
410	4.9083726811
415	5.41104842828
420	6.24214134972
425	5.5680281135
430	7.62589727847
435	3.83731523756
440	6.54420726042
445	11.0037423271
450	15.8710100886
455	7.73261406737
460	2.76271913461
465	11.7153092737
470	9.29702324937
475	10.0706426163
480	16.2020885868
485	11.0291028748
490	8.11305966451
495	7.40274088717
500	11.342055698
505	5.95630679972
510	5.61499260501
515	5.29941965007
520	10.1757632307
525	8.74369737052
530	9.15242321648
535	6.14430333137
540	4.53506625748
545	6.29504715917
550	5.40912668035
555	8.20755244045
560	7.62592958719
565	8.40868566407
570	15.9722470805
575	5.64165749861
580	6.23098040121
585	5.48414734853
590	9.70501206489
595	4.08849635513
600	4.84893345053
605	6.6808236503
610	4.75000268106
615	6.37591122832
620	12.773047877
625	18.7513575156
630	5.91595194194
635	12.1958587269
640	15.1459755386
645	14.0602911273
650	15.8339155924
655	6.68218942574
660	9.11135661338
665	8.48996107278
670	18.091516072
675	9.22990696813
680	14.0166347634
685	7.19733161742
690	21.2896313723
695	7.42174116675
700	6.0744052041
705	3.46924687625
710	10.6764537541
715	9.73627359618
720	19.021258572
725	3.75280884214
730	5.26904635614
735	7.1357310697
740	6.03920667043
745	8.35131757428
750	8.88614121523
755	5.98038740099
760	6.19781618798
765	5.44776058565
770	7.59459781889
775	9.14939932137
780	6.59842250608
785	5.36462676815
790	9.75679013399
795	6.36875843609
800	7.63812430481
805	9.86264310377
810	7.67996399739
815	5.79108702004
820	5.64540937533
825	4.63114245995
830	4.699309151
835	10.3328353578
840	11.2606010071
845	5.33974165773
850	16.0762018868
855	7.23388605997
860	19.640417694
865	10.1917262793
870	14.7737101027
875	18.3461599477
880	6.0974147794
885	10.2018018492
890	11.0814004086
895	9.3754395746
900	9.43840810306
905	5.89362648966
910	9.30447379067
915	6.59384295552
920	8.95334102383
925	8.25782905397
930	10.1813808847
935	6.08977337416
940	14.8603612745
945	11.6518840957
950	16.2882106411
955	6.63596065123
960	11.6785460428
965	7.38332477079
970	10.5954232417
975	12.8928983099
980	8.27470319583
985	10.8600717532
990	11.0826727949
995	7.75305487951
1000	4.9515409926
1005	23.8751839169
1010	8.97064050901
1015	7.99963189136
1020	6.80615774774
1025	11.6388075326
1030	6.45108132467
1035	8.21528974023
1040	5.53684511231
1045	8.33284235305
1050	13.1781878393
1055	9.13168334799
1060	7.54165357658
1065	7.05633292527
1070	5.3897139718
1075	7.62463268837
1080	5.07711999968
1085	6.05417085459
1090	7.82915587847
1095	8.12171813403
1100	4.35148147994
1105	6.09068542278
1110	10.9597381042
1115	6.04523200434
1120	9.64182909481
1125	5.30290487091
1130	7.23004933191
1135	7.00152354285
1140	7.11590115542
1145	7.98553671729
1150	4.81906233099
1155	11.5631553313
1160	7.51867503953
1165	16.2619576996
1170	9.02007069138
1175	14.0109946973
1180	13.1048753885
1185	8.31771454034
1190	7.10412579881
1195	10.8863713999
1200	28.9085675874
1205	7.91545520934
1210	6.98160935483
1215	7.97373686444
1220	8.75259961057
1225	8.11525073795
1230	9.74713498332
1235	10.4579931364
1240	12.8351290477
1245	4.83800867224
1250	7.89349991273
1255	8.98284704767
1260	10.7296218782
1265	15.5834018509
1270	8.90140044867
1275	4.56103172391
1280	11.5312571455
1285	6.07462942099
1290	6.17592774711
1295	8.55961061087
1300	6.66947928382
1305	10.6897210908
1310	13.4712384914
1315	5.03472625257
1320	8.12779522561
1325	5.56889131779
1330	8.57470767216
1335	6.8703837473
1340	8.57149154795
1345	7.42876985743
1350	10.4976831761
1355	10.7068051012
1360	15.9377380826
1365	11.2244960701
1370	8.01002114784
1375	6.52082375493
1380	6.08695069583
1385	8.24183982769
1390	11.8248430059
1395	8.80611605372
1400	6.30299535479
1405	4.15447761224
1410	5.75106731851
1415	10.2554145234
1420	13.0311760848
1425	9.88562729593
1430	14.8463461282
1435	4.99455295667
1440	10.3405688424
1445	7.19274301646
1450	6.56877334101
1455	6.7012755204
1460	9.96549616051
1465	3.01559884396
1470	13.617308904
1475	7.27112829636
1480	13.5247651569
1485	3.83628494342
1490	11.8131229532
1495	4.7441699351
1500	10.8844570027
1505	7.24567236285
1510	10.9399971677
1515	10.5107057999
1520	3.56015969082
1525	7.69126977145
1530	5.62990046578
1535	5.90283908647
1540	7.20516308387
1545	40.8947527397
1550	10.2607445476
1555	3.15245972374
1560	9.99145011323
1565	14.3876336215
1570	5.49858255262
1575	9.8187265039
1580	9.19489864027
1585	6.90683449401
1590	6.77468391835
1595	6.39894767837
1600	9.21547416631
1605	7.1286830534
1610	13.1006839493
1615	12.5328843305
1620	6.44671635874
1625	9.96255090998
1630	11.2002048283
1635	13.0765745882
1640	5.96914673555
1645	7.58505743968
1650	19.7783580954
1655	10.2636177806
1660	4.52177142358
1665	9.16028227939
1670	5.06574690588
1675	15.1476963416
1680	7.82425266429
1685	7.20737274224
1690	8.36421888947
1695	10.4459640476
1700	17.4464091748
1705	6.41634329225
1710	6.94417141501
1715	5.82768197623
1720	5.25911511925
1725	10.8687513764
1730	9.3949984152
1735	6.95717569268
1740	8.56350595907
1745	10.6254729783
1750	10.3901126706
1755	8.05268212333
1760	6.05659899009
1765	5.08146263917
1770	5.85498831237
1775	9.99470410901
1780	5.68195227223
1785	5.9665808445
1790	12.5434716636
1795	6.05087698145
1800	5.01437311226
1805	23.6912343965
1810	23.6174789156
1815	4.95749838837
1820	6.30319746289
1825	9.82243700304
1830	12.3965042599
1835	7.33941525107
1840	4.9526471755
1845	13.9146640525
1850	10.46771667
1855	8.72206137813
1860	8.55508752075
1865	13.8391922326
1870	9.6788265482
1875	6.29595071199
1880	7.79941131128
1885	13.3432558186
1890	7.1259273171
1895	8.93334916479
1900	9.45525534558
1905	4.97379000565
1910	5.55785147051
1915	7.25965944047
1920	10.0996078362
1925	6.71223018445
1930	10.5677956061
1935	5.27718835103
1940	8.29117447572
1945	7.86616386321
1950	17.0624109288
1955	5.77811145334
1960	13.432818699
1965	12.0089990426
1970	12.0096475408
1975	20.0320640118
1980	3.00380086361
1985	4.879967397
1990	5.82324455287
