0	10.8816459921
5	7.36034556966
10	6.72606604431
15	6.81529126236
20	5.86627267441
25	8.59552122788
30	9.3692604214
35	7.14259212176
40	8.12202968144
45	4.91832934731
50	8.68469584368
55	10.8148237803
60	9.47093456023
65	6.97591958265
70	14.8881807089
75	5.10054101311
80	6.54134881701
85	3.94219219966
90	8.82437252588
95	7.78762137769
100	10.4076301951
105	6.53078897618
110	11.5148836922
115	4.83019700306
120	6.90979655138
125	5.48370008198
130	11.4781564815
135	14.2418721794
140	5.22317578574
145	18.8489201694
150	9.46640848042
155	8.92718511885
160	7.39265230069
165	9.42263533612
170	9.58826800668
175	10.7627509225
180	11.4816707164
185	13.1779428439
190	12.2241360766
195	5.0862270736
200	7.87305226985
205	9.51009127409
210	6.27058754706
215	7.90731071561
220	6.19839600045
225	15.6241836923
230	8.67760200518
235	7.80805548191
240	6.5755636104
245	9.07159238112
250	5.31196602888
255	11.2043650488
260	8.69912532623
265	4.83086088812
270	13.0135216635
275	6.70421065546
280	8.50951939029
285	5.14964179551
290	4.49760083964
295	8.5400990349
300	5.04976291061
305	9.14297589276
310	17.3567163158
315	8.0041382655
320	9.04914519257
325	8.2063510959
330	3.82859437615
335	7.53692789753
340	15.2942440009
345	15.4924765643
350	7.84694405533
355	12.4307187261
360	6.73393080201
365	8.92361688979
370	6.67309661605
375	7.50177741458
380	7.67747462866
385	14.9275965584
390	5.92049986157
395	9.77657296643
400	14.1745676658
405	9.32570073625
410	6.33018713026
415	8.1805688646
420	10.5716813043
425	13.5798231881
430	5.39233425056
435	9.0920276136
440	6.44160087575
445	6.72092205462
450	11.054631805
455	8.63054724664
460	3.74469337997
465	5.58574416682
470	8.95101340936
475	9.0728365483
480	6.76111931513
485	8.21168298908
490	7.1646436608
495	9.72841598766
500	7.68211637754
505	12.0200876231
510	8.37452757041
515	9.75933903435
520	7.47124377879
525	14.0536679354
530	5.79354743846
535	11.9100266989
540	8.9134902599
545	5.59874262064
550	8.46356004921
555	7.2040475399
560	9.43159098671
565	9.56752282269
570	6.54666672837
575	13.5131811445
580	8.54676425085
585	7.48861440028
590	15.2646280868
595	5.13098115859
600	11.6013534499
605	4.63160687587
610	11.7551835085
615	9.03460836335
620	5.64140237828
625	10.1008282664
630	9.91336702612
635	4.5691175654
640	8.32476525906
645	6.83137913146
650	6.53206875085
655	5.95666844857
660	11.617895194
665	5.29837282836
670	10.3602766427
675	6.09760035983
680	9.44604865314
685	7.22028944772
690	3.93096273951
695	18.6330960971
700	6.73196590574
705	9.21091433694
710	6.685694013
715	7.94698232726
720	20.6166248904
725	12.1715167822
730	10.9156301088
735	8.26222798435
740	3.68334132027
745	7.71471933167
750	3.75768721284
755	7.38374245583
760	5.13559187241
765	5.11643216661
770	5.62537757654
775	16.2149529776
780	14.879267687
785	10.1323935819
790	13.7461337632
795	4.81679251896
800	5.44940311398
805	8.26774535076
810	5.37726423716
815	6.24978613975
820	6.54485763689
825	10.1840828771
830	4.8158100196
835	5.44654233919
840	8.15492751895
845	7.22965656519
850	13.9449694825
855	9.33015059201
860	4.70015186978
865	10.3437368774
870	16.2469047681
875	7.13004610238
880	27.7700276033
885	7.73999394883
890	7.30736248627
895	7.76610949273
900	4.39235551195
905	7.97399275451
910	10.3203445459
915	11.1523244369
920	18.507187958
925	7.10414645959
930	12.3432620192
935	5.37013968765
940	11.4498900925
945	11.1692188214
950	9.2790751151
955	7.03957456796
960	9.8839598652
965	5.02424988874
970	5.13905983841
975	7.53214037872
980	4.7543154227
985	8.16312521942
990	11.9679508287
995	7.17204296474
1000	7.05304171665
1005	5.77124003104
1010	6.16985183219
1015	8.48135615761
1020	11.0416903777
1025	6.80896759805
1030	4.02230989323
1035	9.54262802125
1040	13.36451746
1045	7.41509613014
1050	5.27119173031
1055	9.19557236116
1060	6.20777631637
1065	4.23880508928
1070	7.88764447511
1075	9.93540832753
1080	8.04677474516
1085	6.54811123145
1090	10.9932612769
1095	5.34926923832
1100	10.0507586347
1105	6.09629810147
1110	13.5418574956
1115	6.3673909677
1120	9.62664336515
1125	4.18781938059
1130	14.7619117699
1135	5.66562850077
1140	9.09553927843
1145	9.07158071841
1150	10.6289716716
1155	6.05077928298
1160	9.0119421376
1165	15.4892759647
1170	6.03742771671
1175	6.53667220171
1180	6.95897201249
1185	11.2752078167
1190	3.57944741054
1195	5.45424013696
1200	9.45772240134
1205	7.77273787828
1210	8.36562369176
1215	7.24757147149
1220	7.1381566227
1225	4.32438569356
1230	6.16677122863
1235	6.38022381324
1240	14.7672353493
1245	10.785974663
1250	5.66041614928
1255	6.23685888943
1260	13.4477067399
1265	9.01184996485
1270	14.4561243102
1275	6.25000502788
1280	6.2544561136
1285	9.70105561205
1290	9.80056775918
1295	6.22530628105
1300	8.44282316269
1305	20.6104246034
1310	7.89698526257
1315	8.87309075052
1320	8.57401239762
1325	8.55892945055
1330	9.23243905558
1335	9.23737324436
1340	12.4046875553
1345	3.26779606269
1350	8.19952649139
1355	8.90699351604
1360	9.88497170386
1365	8.9433983925
1370	15.1492835289
1375	9.3566034859
1380	10.1740401408
1385	5.57839756051
1390	4.3153089678
1395	7.23539717917
1400	8.20213517263
1405	6.00393121043
1410	7.95982584824
1415	7.91049333661
1420	5.08394859386
1425	10.8796334822
1430	12.7316197366
1435	11.2340760135
1440	5.75488475607
1445	7.47230435916
1450	14.7265102681
1455	9.33474673241
1460	9.4161684212
1465	13.7519530804
1470	5.17159384912
1475	4.90883572481
1480	31.6887272532
1485	5.88442702601
1490	5.63531877299
1495	15.7627103901
1500	9.59782766013
1505	6.36350345367
1510	11.4104184029
1515	5.49032560325
1520	7.89365204725
1525	10.8041947895
1530	8.99103226758
1535	9.41753773624
1540	6.45163590568
1545	9.46956840381
1550	3.87494643278
1555	10.4121926678
1560	9.19200385388
1565	9.88220954218
1570	7.73401480074
1575	11.6478911375
1580	6.51711292566
1585	10.2707281214
1590	7.29384007887
1595	18.1985861426
1600	6.4809768711
1605	9.02327045476
1610	11.3623010177
1615	9.35521386632
1620	12.0158768598
1625	9.89139763331
1630	6.77040424707
1635	12.8870178898
1640	14.2693721072
1645	10.5586770192
1650	11.1659369752
1655	4.82803923232
1660	11.246215534
1665	5.96858553099
1670	7.12890599434
1675	6.92676272751
1680	5.97741805459
1685	8.5686894052
1690	10.5651204539
1695	8.00509375725
1700	11.2487776238
1705	8.84858650906
1710	10.0604230309
1715	6.57107486587
1720	5.14318748289
1725	10.9187277475
1730	5.91683591434
1735	7.0791967127
1740	5.86024478738
1745	11.3704876022
1750	7.45574706185
1755	7.70862243101
1760	5.97216252973
1765	7.07475783684
1770	15.5200568831
1775	9.30571366349
1780	6.67815433811
1785	12.4646513577
1790	5.35642948636
1795	5.04640509814
1800	8.46940955227
1805	7.02976895051
1810	10.1969805573
1815	12.0780531163
1820	7.51631243276
1825	5.77070775583
1830	7.0346121037
1835	6.70850503239
1840	7.98150624371
1845	14.9578163525
1850	6.26432871003
1855	6.98531607436
1860	8.53175181867
1865	7.50480557193
1870	6.13552197315
1875	9.83865409513
1880	6.10377149373
1885	12.5832605376
1890	29.2721101646
1895	6.61080350357
1900	8.83890418775
1905	4.74468012174
1910	8.56267672811
