0	1.61569849306
5	7.55389249453
10	9.73731665958
15	4.7047984368
20	3.80154042634
25	12.6669196341
30	4.82391971635
35	3.20266519437
40	17.0059331001
45	3.83738496116
50	5.15186317328
55	9.25693074683
60	5.2949730479
65	16.5352980623
70	2.50012303262
75	5.41244262379
80	5.35134036908
85	10.2413232307
90	2.93100020431
95	23.0110821641
100	1.54618727768
105	1.94583027014
110	11.6618914675
115	4.68162732009
120	10.7232127683
125	6.13266025246
130	0.847844746811
135	6.23466004064
140	15.1701712554
145	7.67683041358
150	10.1150214502
155	7.20817356681
160	16.9937653118
165	4.36783745874
170	7.08997712777
175	3.84503832445
180	5.8823755794
185	4.41625411272
190	2.77200315688
195	2.40336318868
200	11.733811018
205	7.15690559248
210	2.66296903644
215	11.2943577743
220	4.43407771141
225	2.97561694555
230	3.40133410518
235	11.9702880849
240	9.72198365928
245	16.9223884345
250	2.11010531316
255	5.32824497348
260	3.41321116887
265	7.74541041124
270	7.04582984597
275	14.0210694174
280	20.6976799749
285	11.906089273
290	4.49956482521
295	6.67581301702
300	7.98843747021
305	5.83075227753
310	8.2257508845
315	9.04558182557
320	15.0396813079
325	11.8620895155
330	7.42542841373
335	18.4928170361
340	3.49722056759
345	1.37574982227
350	10.7278079406
355	8.41645337641
360	13.8492186966
365	2.26344481729
370	4.3410836119
375	4.78709307572
380	5.70649657212
385	4.01504977545
390	4.95690577381
395	5.50314420849
400	10.2206867499
405	14.2857524518
410	3.31837076177
415	8.20739007498
420	16.1580757367
425	6.87561105738
430	8.45986873
435	9.36417313856
440	1.96583117291
445	3.23530907933
450	3.1341672889
455	8.28947302346
460	13.9454425834
465	5.73630205103
470	4.00983586608
475	3.93806927479
480	4.53048602536
485	15.1793677778
490	9.12818364962
495	14.5229431695
500	4.54007143181
505	11.628727556
510	7.03692785921
515	4.71592130329
520	5.23079899515
525	5.82416217172
530	2.40425651471
535	11.4452631868
540	9.76308105297
545	14.4699488529
550	5.80997553542
555	3.53137193169
560	8.23540823285
565	5.18579988741
570	7.70307847463
575	20.2467443252
580	7.46927495838
585	15.7662960545
590	4.89671391783
595	11.0364490511
600	4.31755622764
605	3.74891453019
610	10.2927137322
615	19.4025252128
620	6.60163701531
625	9.38796914083
630	2.8046231168
635	4.48337331202
640	10.8480653164
645	3.93577212529
650	1.02664442176
655	4.84813306616
660	17.9866304674
665	4.66154893049
670	11.9762685396
675	7.41916206555
680	7.25213868017
685	6.19083900936
690	2.36935855002
695	14.9604140124
700	11.2951511992
705	6.43872676649
710	5.47387086795
715	5.76591511517
720	7.28472795924
725	15.2506671349
730	17.6291412918
735	3.19816856242
740	11.558340577
745	11.6215365732
750	5.6873612652
755	3.37276541263
760	10.798239797
765	6.14592713991
770	9.02668177709
775	2.90915087876
780	10.777364899
785	6.88268764666
790	3.93495489361
795	3.33692594847
800	6.91973606676
805	5.68606071257
810	6.92211388462
815	6.1180343269
820	3.37492911078
825	14.1384824406
830	15.3327033588
835	9.96104537232
840	6.63043009407
845	5.77347654438
850	2.83111351597
855	11.8890946056
860	20.1217328168
865	9.64269208547
870	1.41521613558
875	11.3133390801
880	1.39268024997
885	5.46972931487
890	7.79178510434
895	4.59346179775
900	7.78976508502
905	2.25456841715
910	6.15392733396
915	3.83390877735
920	10.4428463979
925	6.70067173393
930	7.66368706989
935	7.73873741483
940	10.9674743618
945	6.07881165799
950	9.56988480807
955	7.32456526131
960	11.6023307542
965	12.3582048329
970	8.74919140912
975	9.10383243827
980	7.98746311885
985	4.2330254513
990	7.07797618553
995	9.90993603978
1000	6.64229078858
1005	10.0961224152
1010	4.46330742988
1015	8.13736766204
1020	4.23510014911
1025	8.60989576125
1030	6.19120666757
1035	8.05186767398
1040	13.4044065553
1045	9.79740079112
1050	3.07310339734
1055	4.18447731668
1060	3.23871622846
1065	3.57673127815
1070	9.24133010847
1075	9.7825592221
1080	5.09572861131
1085	9.66885550149
1090	10.4871900515
1095	9.45090095716
1100	8.19791499616
1105	5.28916166671
1110	12.7923579562
1115	4.13282010542
1120	7.41963971822
1125	3.70035216421
1130	17.7079162881
1135	12.4799843876
1140	3.70157805023
1145	7.13535090444
1150	3.20670055837
1155	3.67331272923
1160	5.82706256127
1165	8.64394733472
1170	15.056393244
1175	4.68820164623
1180	1.68283282349
1185	4.23956440143
1190	16.4507580297
1195	11.5647556067
1200	10.9108620987
1205	3.92245244452
1210	8.73072484417
1215	5.71880728897
1220	6.03895392995
1225	6.35268616976
1230	4.51916575566
1235	5.22158099276
1240	7.24091018741
1245	3.52382416545
1250	7.33602376864
1255	18.6919507054
1260	4.44782280313
1265	14.5075606201
1270	5.29236182045
1275	8.33905152577
1280	6.7004535765
1285	3.16133160413
1290	5.41127042352
1295	9.10678010305
1300	4.77323276127
1305	7.07611650222
1310	5.00565426151
1315	6.96995277961
1320	1.8549890956
1325	4.6821960124
1330	4.76695093779
1335	7.76715043439
1340	8.73565943782
1345	11.2237614226
1350	6.92979339124
1355	8.48368762644
1360	8.56118912296
1365	4.97908707431
1370	13.7975522718
1375	6.91419687831
1380	6.60947951793
1385	6.11344681381
1390	2.79127319068
1395	7.06172288886
1400	6.40824774098
1405	8.92784496145
1410	3.94641115556
1415	1.20668573932
1420	4.31210237174
1425	8.1687775676
1430	10.0656327307
1435	8.80124059076
1440	4.99867728195
1445	8.11269323093
1450	6.32610162681
1455	7.55010437952
1460	17.6877106603
1465	5.26063090569
1470	4.74906613058
1475	19.7833452227
1480	13.4395519145
1485	9.82516742505
1490	13.1965007691
1495	3.95890403678
1500	9.96406787629
1505	4.65696295623
1510	5.16957748862
1515	11.3547256768
1520	4.43914441702
1525	4.97939714982
1530	4.3243374774
1535	10.2694284953
1540	4.92068628928
1545	7.73185393644
1550	21.95509212
1555	14.6136053135
1560	7.43998467873
1565	7.66714967776
1570	2.12674308308
1575	20.2743530748
1580	2.08660783139
1585	4.96182775992
1590	2.71240783941
1595	6.24053271487
1600	3.54320338639
1605	1.27641178301
1610	5.51372849277
1615	14.5917411737
1620	14.4485964861
1625	4.11476658948
1630	7.08222575936
1635	15.7266393284
1640	9.00122687926
1645	9.85960845716
1650	4.49322386175
1655	4.43339450032
1660	3.03560421578
1665	6.50986518803
1670	11.5769833899
1675	11.5353744419
1680	9.62664443353
1685	18.2988229606
1690	5.42020103031
1695	8.45761720503
1700	5.07106952435
1705	1.6397730242
1710	7.31891607502
1715	5.16280960445
1720	18.3892658108
1725	4.18159064134
1730	13.2884110339
1735	18.9345228067
1740	4.45892856137
1745	5.06258121172
1750	8.79543435581
1755	2.89783180389
1760	20.5547906701
1765	5.78182979108
