0	9.47084067365
5	9.72183596096
10	5.93035274017
15	9.44966225995
20	6.89085837424
25	9.9190359731
30	7.25528892956
35	6.97565760735
40	9.06918574975
45	4.47015922133
50	6.90156737467
55	6.89836218732
60	6.59255873275
65	4.88060002022
70	8.28329677716
75	7.91782091283
80	5.59700649594
85	10.0288842747
90	7.93263637993
95	5.44028636709
100	10.3655899442
105	9.64162775281
110	6.51452020817
115	7.38120088752
120	8.27969602432
125	9.28442817692
130	6.43961929206
135	9.60855087992
140	10.369571972
145	8.8257437245
150	6.48301988182
155	8.04647028098
160	5.54115471087
165	8.02491181612
170	10.8287076456
175	8.04473434351
180	10.0990974933
185	7.63497963795
190	8.19033464215
195	8.96699959133
200	7.54561856935
205	6.99334837076
210	6.33080220863
215	12.3442155974
220	8.83123605314
225	8.89418448083
230	6.50358818164
235	6.60486756835
240	5.70478762573
245	12.1874043883
250	8.06129928992
255	10.1890296134
260	7.29261293239
265	11.3041884204
270	8.47783308253
275	7.54520315543
280	8.70548777471
285	7.10448321957
290	6.59948916791
295	6.23785333232
300	9.42307477133
305	6.02195611451
310	9.05252366583
315	8.72126997793
320	6.17980749258
325	9.53206020066
330	7.04308071183
335	12.9362992293
340	9.42353601468
345	13.880612249
350	10.5509066444
355	6.94433852235
360	4.3043117713
365	9.97289859626
370	4.83874809262
375	9.82243049786
380	7.92826418396
385	8.11920086752
390	10.1395762241
395	10.0066155032
400	9.26367434916
405	6.11367671144
410	10.1176721101
415	6.22343078728
420	8.04325272602
425	7.67454590646
430	7.39471484305
435	6.92909419566
440	7.7611706432
445	6.98337094701
450	7.96186358812
455	10.099845857
460	9.60453925531
465	4.76376396568
470	7.99194622607
475	5.59051598402
480	4.35733157292
485	9.14405655307
490	5.95106235064
495	6.45580554025
500	6.19595741584
505	8.15401142151
510	6.80656557098
515	8.35081286946
520	9.05586472166
525	6.86851067909
530	6.65159080015
535	7.59310432031
540	8.13892712352
545	9.16325553197
550	7.19108329147
555	8.19858454579
560	5.21219308484
565	7.41961146063
570	9.76343821444
575	8.21744321709
580	8.70973891216
585	7.56942928253
590	13.5721172976
595	7.18693476208
600	5.80146941912
605	7.58222552279
610	10.0976852184
615	9.81854288065
620	7.41740967998
625	5.07412248149
630	6.06729496316
635	8.80698303224
640	10.4936712107
645	6.96945331203
650	8.55816296458
655	6.88790356081
660	7.14912093224
665	8.13886797577
670	6.58468039104
675	9.42504105009
680	8.83529346205
685	12.3027847087
690	7.87502776787
695	6.77704299247
700	5.43319363448
705	7.38199638558
710	11.0057932866
715	7.00753015572
720	5.35843150268
725	9.09647102429
730	10.3852498828
735	15.7246405245
740	8.03762699423
745	7.40292964516
750	5.30192253978
755	7.23695933327
760	7.96766914895
765	5.14868765178
770	8.67836351253
775	8.11910993163
780	8.46679730818
785	9.40447602397
790	6.24716574462
795	5.52286252255
800	8.9599117441
805	4.84517653721
810	9.56806893373
815	9.40621790087
820	6.83300385428
825	5.28034551952
830	8.14901485667
835	8.7670609795
840	7.34671375735
845	9.0542010049
850	11.0643453861
855	11.2455548149
860	8.74091897749
865	8.64701516927
870	6.16844302887
875	8.67493618658
880	6.29062872413
885	13.8642431659
890	7.7685150582
895	13.2425310495
900	7.66154055199
905	6.98085031564
910	6.39794239302
915	7.69919214866
920	7.44409135348
925	11.4158129768
930	9.83139703908
935	14.8609113848
940	6.70949954586
945	8.89365984651
950	10.9627113119
955	7.47598627062
960	7.48658464599
965	7.48687160212
970	12.6838384652
975	6.57115393217
980	7.90096468486
985	6.57856839193
990	12.4158122827
995	7.79340149301
1000	7.07943407302
1005	8.97180725034
1010	6.79199415731
1015	7.76006958173
1020	8.87252761587
1025	6.69082970273
1030	11.6702066438
1035	6.74343288708
1040	6.07518509489
1045	7.03995980336
1050	9.41021643194
1055	5.53910419104
1060	6.86204220397
1065	5.99849022712
1070	6.14728769917
1075	8.27716364798
1080	7.69573043522
1085	6.85612407473
1090	7.80937199976
1095	9.02516143487
1100	9.92853085663
1105	7.50202061488
1110	6.88800218746
1115	6.85412775393
1120	6.46215517313
1125	8.72934746144
1130	6.18948808472
1135	7.96882360792
1140	9.37907851919
1145	5.97572024815
1150	7.17858277483
1155	6.7479888054
1160	8.8926185288
1165	5.91320285742
1170	6.36309559049
1175	5.6374292728
1180	7.53562664865
1185	6.7848568465
1190	8.35872894181
1195	7.69282328807
1200	7.48753731337
1205	6.24459942806
1210	8.22049077049
1215	9.0103269267
1220	5.41023782477
1225	7.52449698211
1230	7.12975523483
1235	11.3815230853
1240	10.3332799297
1245	5.84379048074
1250	7.10664619918
1255	8.13730459856
1260	8.94764353729
1265	4.48971884864
1270	6.70990905402
1275	4.85752523118
1280	6.73121861743
1285	9.85489788365
1290	6.28722072149
1295	6.5714541865
1300	9.55820022512
1305	9.95663429886
1310	6.10402550123
1315	6.84728603811
1320	9.78180846131
1325	8.81136985515
1330	6.27238409076
1335	7.47592851868
1340	9.2266050036
1345	9.92823655985
1350	4.37087872471
1355	6.59479116017
1360	6.43378282652
1365	9.92848607552
1370	7.47434188424
1375	10.0908353159
1380	7.70108768656
1385	9.32273873062
1390	7.53559259576
1395	8.7600925747
1400	7.8764070837
1405	6.76853523886
1410	8.52371842735
1415	7.82991062088
1420	8.7993215754
1425	9.29167505736
1430	8.6425363513
1435	8.16251133201
1440	10.5478253706
1445	10.9553805162
1450	6.50927639431
1455	10.3869773435
1460	6.91178470172
1465	5.21638572559
1470	8.74306082076
1475	6.81305806858
1480	7.72004296379
1485	15.539837
1490	6.74845500843
1495	9.44836057003
1500	8.93655776602
1505	9.52080097208
1510	7.51944724626
1515	3.99064070542
1520	3.8808357323
1525	13.1519197107
1530	8.60031484246
1535	10.8782818266
1540	11.2955404356
1545	14.2998169598
1550	10.4417416744
1555	7.72416624498
1560	9.72317463191
1565	10.2370948834
1570	8.70615720267
1575	8.23052102671
1580	5.94155398918
1585	11.2307973699
1590	6.70001303729
1595	6.72849724821
1600	7.64064820454
1605	8.58589373038
1610	6.81330557223
1615	6.53753905288
1620	6.78454788923
1625	10.4581218736
1630	7.40268687935
1635	12.8527094221
1640	6.42815256299
1645	10.6451272842
1650	7.8532537875
1655	9.91723433457
1660	9.86910793929
1665	10.7727246182
1670	4.80458623474
1675	8.16015473314
1680	6.41613925084
1685	6.7483217601
1690	7.40409942569
1695	11.1122367654
1700	8.82918135651
1705	10.3929425091
1710	7.47035795056
1715	7.0862220348
1720	4.16009954007
1725	6.52217402394
1730	7.861646617
1735	7.91195441055
1740	9.16860211173
1745	8.66834629523
1750	8.02234659704
1755	6.35570394399
1760	6.29473531164
1765	5.57049665045
1770	6.14164427396
1775	9.09854744496
1780	6.08417718506
1785	5.76978802047
1790	6.57836791381
1795	5.10938267617
1800	5.42738728114
1805	6.73638068062
1810	9.04080766686
1815	6.16823144937
1820	4.04443276267
