0	5.3029346645
5	7.98482506415
10	6.68517075474
15	9.39292441008
20	9.55515047131
25	12.0324245923
30	8.00718053394
35	8.59767833449
40	10.0402402958
45	14.3825424064
50	8.47941620801
55	5.54759859598
60	8.72049742178
65	9.32787796996
70	9.76216390513
75	12.6660057154
80	8.62965823591
85	7.90511478599
90	7.93368532786
95	7.97704646334
100	6.26639742144
105	8.75537330887
110	10.7955286506
115	9.5988556306
120	6.58835781859
125	5.20418774718
130	7.41595065902
135	11.6566509252
140	8.38537968821
145	8.05308701826
150	8.73105565597
155	4.41859175677
160	10.1758854601
165	5.05978737567
170	9.80085840842
175	6.85627478848
180	6.71034272601
185	9.76874583404
190	11.9101036473
195	14.6455722384
200	9.67042827784
205	8.20403999602
210	8.83731066398
215	7.86855050506
220	7.32601314988
225	8.5828180761
230	9.89578925309
235	9.28343016144
240	7.52239042093
245	7.84132619841
250	5.3466813713
255	8.0247064772
260	11.0970806388
265	12.5617996264
270	6.95942740366
275	5.44617425539
280	8.11502417422
285	10.2446911749
290	9.82136816071
295	7.93344608045
300	7.02649871153
305	9.63912489767
310	9.28724708819
315	6.51368095579
320	10.2400515592
325	7.24583045593
330	8.93338146328
335	8.84505749708
340	7.7764726764
345	8.49179666277
350	9.38245067965
355	7.86704671345
360	8.990472047
365	8.07297922441
370	6.39565296142
375	10.8546180024
380	9.36969170338
385	6.72995616645
390	6.23781761089
395	7.65145890457
400	8.12965287415
405	6.63745705697
410	5.17913541018
415	9.55443124273
420	8.73007339419
425	8.98854243826
430	12.7989839673
435	12.283420857
440	10.2419692059
445	4.96446383516
450	10.0395238528
455	11.206662281
460	12.0824107341
465	10.9379491956
470	6.04929049089
475	9.12088726543
480	11.7225458728
485	10.9623869285
490	6.88801955302
495	7.73836342571
500	4.69137530218
505	11.1876195583
510	7.2155897583
515	8.98534617556
520	10.4049615198
525	9.52019056433
530	6.90157082786
535	11.8322026355
540	5.2237342668
545	12.2458479207
550	7.10226299196
555	6.46069571647
560	7.82068947713
565	12.1270986264
570	6.1991661315
575	8.81764641374
580	9.11719613289
585	8.488046277
590	7.75627504193
595	9.70124678586
600	15.0077059268
605	7.66425936105
610	9.933067673
615	7.87004750695
620	4.64796652815
625	5.74506942413
630	6.42164092715
635	8.78297113087
640	5.96142690834
645	5.68479535158
650	5.63441757849
655	4.538562095
660	5.92820774357
665	8.57838293016
670	7.45946920666
675	9.89564366605
680	9.72674865151
685	8.78907635
690	6.01730838299
695	7.10578475286
700	4.32552176303
705	5.78612291301
710	11.875990684
715	6.05828024394
720	7.71022308831
725	8.93510613574
730	6.94527697356
735	6.49656480377
740	5.32108167891
745	5.43601898534
750	7.93486032715
755	7.68480791502
760	6.77761979414
765	8.26337220176
770	8.89627798214
775	7.13546523702
780	5.87958466324
785	15.0348024311
790	8.87340328382
795	5.2255912459
800	6.86934196045
805	15.1803581893
810	11.9976969319
815	8.16034600515
820	16.6316341459
825	6.27554883728
830	9.09371783745
835	8.9272371858
840	9.3974166795
845	11.8600929914
850	7.01466951603
855	7.66331913613
860	7.78749484521
865	6.46152015043
870	5.81695490502
875	7.65606954817
880	6.35315644367
885	11.1398898973
890	14.1734679742
895	5.20855644374
900	8.52511583011
905	7.18747949827
910	11.1017672261
915	6.28220842077
920	7.91899082028
925	6.0645528648
930	8.22736975642
935	6.7156503916
940	8.13362921849
945	6.93385317485
950	6.76153384985
955	6.47580175314
960	9.51219364856
965	6.09519374831
970	8.98584671409
975	12.2192175039
980	13.857413455
985	13.7180817237
990	3.91730836075
995	6.27431463161
1000	6.76111686589
1005	7.34146775241
1010	6.54594928643
1015	9.61361112053
1020	8.0204298209
1025	5.63584727833
1030	6.26128451365
1035	7.29657673976
1040	6.76849416229
1045	8.81934018501
1050	5.33006328577
1055	6.27389885068
1060	5.53982226469
1065	5.97950404438
1070	8.23687386579
1075	7.65223435093
1080	5.58624189281
1085	9.90256736607
1090	7.58360885811
1095	6.988358854
1100	6.72743975376
1105	6.05520858842
1110	5.45523617999
1115	7.9123835799
1120	6.77535690383
1125	11.7372792651
1130	8.98466621624
1135	9.73180488786
1140	6.59371800926
1145	5.33628504865
1150	6.8502026525
1155	9.9567709175
1160	11.5444437603
1165	6.6481700363
1170	7.61418675674
1175	5.87513304551
1180	7.78250061212
1185	10.0685819155
1190	6.95477450631
1195	7.3897988833
1200	7.73910320999
1205	8.03086397077
1210	5.04586123295
1215	12.4788355179
1220	8.25164224567
1225	8.21015736503
1230	9.35625534789
1235	11.0238800373
1240	10.2822809548
1245	8.62104370977
1250	12.5007861064
1255	7.71475129246
1260	9.15387136283
1265	5.83309662095
1270	8.57753716536
1275	8.15775576998
1280	6.43699397775
1285	8.28352521544
1290	10.2414563406
1295	9.08595820838
1300	10.3676965788
1305	6.37211730222
1310	5.14415548525
1315	8.19313027276
1320	9.96083002874
1325	11.2449872368
1330	6.45060139432
1335	8.08020153047
1340	5.47227114767
1345	5.93739471577
1350	6.63418375275
1355	4.68063442234
1360	7.5141141155
1365	6.25266257451
1370	8.7245938249
1375	6.94435307664
1380	12.4126561494
1385	8.04498067126
1390	7.17396670072
1395	6.6695429024
1400	6.7869589464
1405	6.48553906595
1410	7.60840184438
1415	9.22608467261
1420	8.99506070511
1425	5.69808282044
1430	6.37137158452
1435	7.90333493402
1440	7.50936070763
1445	7.85894560812
1450	8.47055756773
1455	8.3712477186
1460	8.99657817519
1465	6.42963195063
1470	9.70289676343
1475	6.49979380292
1480	7.06745821991
1485	4.03832741341
1490	11.5125871432
1495	6.6258294057
1500	7.38336157116
1505	5.23116232186
1510	9.55251621366
1515	7.89130002704
1520	7.06567485505
1525	7.8870999955
1530	11.3831479976
1535	8.12990983609
1540	10.69221697
1545	9.04816480468
1550	8.2196951075
1555	4.88113819662
1560	11.2155017007
1565	9.53479235146
1570	4.42927601285
1575	16.0581466586
1580	5.55412663734
1585	7.49517156901
1590	7.44331262697
1595	7.61887682223
1600	6.88728013236
1605	8.92605862261
1610	5.75193166567
1615	8.55916000547
1620	6.40742694555
1625	8.71345636141
1630	8.95896958717
1635	11.0349858235
1640	7.55917582176
1645	11.1262732519
1650	6.49450600227
1655	10.509890175
1660	13.2873737129
1665	6.6115484921
1670	9.22733083065
1675	11.3681541158
1680	8.59716963426
1685	11.1846513852
1690	10.9991212172
1695	6.12416226926
1700	9.33611853366
1705	11.3788899107
1710	8.06403311579
1715	9.24371365523
1720	7.2834267158
1725	6.89497877145
1730	10.2055496404
1735	6.15251051454
1740	10.1643513248
1745	6.39710773934
1750	7.09372094584
1755	4.80431414822
1760	11.2931433058
1765	7.24424429736
1770	10.485289983
1775	6.97461924726
1780	17.1497232787
1785	10.2494079554
1790	4.76208611221
1795	7.3567675133
1800	7.03003335072
1805	8.40992457222
1810	5.95170631009
1815	9.23110383711
1820	7.46265123105
1825	7.92322763493
1830	7.1217009473
1835	6.326255211
1840	8.51630414011
