0	5.62742051642
5	4.96466714614
10	9.82324781536
15	7.24022906602
20	12.6296031217
25	10.3565574458
30	7.52622195291
35	21.9986552279
40	9.41212192341
45	6.02474866922
50	6.2396082093
55	5.74306266025
60	12.2645014557
65	7.2980669886
70	9.43001901976
75	7.78494522897
80	9.27790820445
85	7.14394439372
90	7.56302606279
95	10.5832395332
100	6.48882882457
105	5.27066596346
110	12.8624636918
115	4.16341352507
120	9.32541879564
125	7.44339406277
130	13.9725153795
135	13.4249457762
140	10.5553593122
145	4.51067364681
150	15.4891784808
155	9.3237878469
160	8.27385505979
165	6.00941506624
170	6.64674113604
175	11.1374130862
180	8.15205332769
185	5.56978237269
190	8.98110802865
195	6.80858452183
200	9.29421256954
205	11.2081676834
210	10.5850714262
215	7.41226142404
220	9.76060359418
225	9.61961342189
230	5.87304758263
235	10.4628660636
240	9.36757859194
245	10.5018273093
250	8.12715065902
255	6.46320095774
260	11.9593992566
265	7.3168062457
270	10.7931333354
275	6.73620899049
280	16.919829459
285	6.48033134536
290	9.90168533471
295	6.07864865719
300	6.46560967115
305	13.1410113977
310	10.060673426
315	14.0330511362
320	8.18738106423
325	10.3807466058
330	8.52291776445
335	8.77438446411
340	22.0902800142
345	5.97841425577
350	9.09045989232
355	13.6488500363
360	7.45311943534
365	7.42307782167
370	9.58172660954
375	9.33168467819
380	10.1905041661
385	7.77835556568
390	8.48424548287
395	6.71676464245
400	4.55489196363
405	8.25102733457
410	4.72761470397
415	6.74621886121
420	8.92210680636
425	6.2626648916
430	9.38108915399
435	7.16933155507
440	12.4455164654
445	5.6595127182
450	10.2981627098
455	7.48615883917
460	14.4485805881
465	7.65774959793
470	6.98648868118
475	6.32307051617
480	11.5499991592
485	9.01857195854
490	7.43291015753
495	4.98800270695
500	6.43042141979
505	7.45295826568
510	11.1828364653
515	18.6100493183
520	8.4032717267
525	8.49544996222
530	10.7426632458
535	6.06103294701
540	6.36638885241
545	6.35336463268
550	8.74485589351
555	4.17465410981
560	12.569695553
565	6.67565121946
570	11.2222399687
575	6.4843387477
580	11.3342909891
585	8.2898620682
590	7.52939864388
595	6.80440539344
600	8.59925645057
605	7.64104842637
610	7.74986682195
615	5.44613518299
620	7.024813307
625	9.84148525123
630	5.84187136971
635	8.29554615763
640	9.04994205311
645	6.23418121831
650	4.32446892173
655	8.44716839154
660	12.112902875
665	5.75133462118
670	8.99161161537
675	5.46078673345
680	5.40840855102
685	11.9676393281
690	11.4942041971
695	7.17974408806
700	13.8673750745
705	12.7080719326
710	9.58751001091
715	6.21110392296
720	4.05151733566
725	7.8540750574
730	5.85631734295
735	7.3720020576
740	8.83734447583
745	14.4080514729
750	9.1078801102
755	8.98861322673
760	10.8952831861
765	9.08155153163
770	7.73714135949
775	9.00407675038
780	9.61385828717
785	7.6371239328
790	8.03110626029
795	9.30323321692
800	9.61830716073
805	4.12493569567
810	13.2205799457
815	11.1898732479
820	12.2952194394
825	10.0471687645
830	5.10784117464
835	10.2595029893
840	9.66113686421
845	7.79920072345
850	16.7319659654
855	9.82157090909
860	13.3841223891
865	7.60256238454
870	21.7807224188
875	10.1694173405
880	11.1444516992
885	7.51227409247
890	10.2063097184
895	13.2214692073
900	9.10345797918
905	8.34058135739
910	9.23568145971
915	7.69958838569
920	8.86519254363
925	8.61863127581
930	7.00369480018
935	12.3924550581
940	9.57575332049
945	9.96990416627
950	8.06176333456
955	9.11981385174
960	5.59914950092
965	7.46548314657
970	9.49388150644
975	6.35908977324
980	9.78816080432
985	5.73080361914
990	8.8623873299
995	5.11210019324
1000	5.76063435867
1005	9.04140857353
1010	6.91423773066
1015	8.04606802971
1020	8.19540738537
1025	8.53474969747
1030	6.24431118432
1035	7.29268459433
1040	5.24832176531
1045	5.91518930542
1050	6.22698381741
1055	6.86403622326
1060	8.19563144889
1065	10.3615206604
1070	8.74206826501
1075	11.7405630452
1080	11.2021966225
1085	8.87007302303
1090	9.77577536114
1095	9.56730952481
1100	7.08654475918
1105	16.922557698
1110	8.05543802407
1115	5.1670804827
1120	9.01755884552
1125	7.75300869228
1130	10.5555202739
1135	8.72247956865
1140	12.2461190336
1145	7.10387068236
1150	13.3286831994
1155	6.05980022216
1160	9.5039665452
1165	6.28082240571
1170	6.95123303628
1175	8.72926854021
1180	7.64252408687
1185	12.9671026945
1190	20.3818278528
1195	6.34260884085
1200	8.33317946866
1205	12.3134565282
1210	7.04771916245
1215	11.2816832364
1220	11.3954826336
1225	8.23057439629
1230	8.69051404544
1235	11.7631381974
1240	10.5441796189
1245	7.06741201145
1250	14.00413713
1255	8.43399719138
1260	6.08706574213
1265	4.17503313388
1270	6.40757068569
1275	10.1592719185
1280	7.13876458189
1285	6.99172403029
1290	6.0018270752
1295	10.0403829995
1300	9.74485926189
1305	10.960641424
1310	8.24517484197
1315	12.8006276841
1320	11.2598809722
1325	23.4586650246
1330	12.0235564957
1335	7.84210481707
1340	8.25501660943
1345	6.55662066644
1350	7.95747455129
1355	6.29202217246
1360	3.41866510124
1365	7.48765432267
1370	9.80923053945
1375	7.91505509794
1380	10.1872466041
1385	6.81876839059
1390	11.0548487908
1395	4.0099971611
1400	6.78975462546
1405	12.2457111526
1410	15.7159315016
1415	8.60079335008
1420	12.0298754251
1425	13.7937592396
1430	11.7838124359
1435	8.51052769067
1440	5.27184681984
1445	8.24147682495
1450	5.20816215846
1455	7.41198709287
1460	9.08059636495
1465	9.71929460423
1470	6.97310761839
1475	10.5993227582
1480	6.69166817155
1485	5.58012966994
1490	6.08329406616
1495	13.0926389369
1500	2.82276989667
1505	11.5219157614
1510	6.8236614838
1515	7.9138099144
1520	9.22236264167
1525	7.92663882399
1530	5.70793971914
1535	10.3964851719
1540	7.34352470726
1545	12.8924654937
1550	7.81946822
1555	6.13069368009
1560	6.6251986017
1565	7.32018417749
1570	12.0806486507
1575	5.13333446909
1580	8.61487082267
1585	6.11222153551
1590	6.58898766904
1595	5.15292665081
1600	12.265842274
1605	6.01162847166
1610	11.9883651707
1615	6.35209742287
1620	14.4440663555
1625	9.05830305744
1630	6.91660862554
1635	8.5787501947
1640	8.90559253919
1645	9.50888850253
1650	5.26458241578
1655	6.92379749711
1660	4.66786921883
1665	9.93208955243
1670	11.5287216067
1675	4.78557760512
1680	8.07821074443
1685	13.9233159588
1690	11.8190537854
1695	6.60531280835
1700	11.4647984139
1705	7.08760220364
1710	7.86003195092
1715	11.5096337958
1720	9.14956720533
1725	10.0831714033
1730	9.50722429075
1735	7.64226109927
