0	7.87482444134
5	9.49895266605
10	7.02657212316
15	9.71984342564
20	12.9422678149
25	9.6899996464
30	7.67248334084
35	8.7620216836
40	7.30012198229
45	11.5982263414
50	5.38611676467
55	8.38216173611
60	6.06503502038
65	9.69005458262
70	6.81207250141
75	7.04465462256
80	6.54480365279
85	4.98635212851
90	6.98152492158
95	12.935807519
100	6.40313298737
105	9.32388417025
110	14.2250855139
115	10.2336716925
120	8.17991259841
125	6.85078011205
130	7.31201658021
135	9.47647901887
140	10.6394320262
145	5.84296967396
150	8.4905068772
155	5.53625582048
160	10.8620801121
165	9.36401285172
170	5.56484511741
175	8.14001803246
180	9.45741962519
185	10.0783165193
190	7.45508051261
195	8.19851785294
200	11.821308442
205	7.5182925042
210	6.53421384829
215	13.4460967261
220	7.72339129539
225	7.05354300431
230	8.34513334211
235	10.5550315891
240	10.1813195981
245	6.08692749372
250	19.1538394578
255	12.4016633479
260	17.2138013942
265	9.60738435981
270	8.77733258464
275	7.83320159743
280	7.3851506833
285	7.41237766036
290	8.51844886656
295	6.11608621398
300	6.47922151667
305	7.40599492877
310	9.56407121398
315	4.91025106491
320	5.84253597368
325	8.84608125567
330	6.97381199493
335	5.17996568504
340	6.26320083496
345	5.35164998016
350	8.14124892381
355	7.97950910681
360	6.78157405719
365	13.9705675495
370	9.86817653208
375	7.6346380971
380	7.93175164369
385	5.23397300817
390	7.43836814372
395	11.8203316766
400	6.10997485685
405	12.0112022391
410	13.2352862868
415	6.84367867127
420	6.60315293855
425	10.9434608265
430	7.90989745062
435	9.45795548456
440	9.1121855227
445	7.4295087339
450	11.2067835434
455	8.56881201894
460	8.09645979397
465	10.1139681239
470	10.5890550184
475	9.14666474789
480	9.68364069021
485	7.79626622481
490	5.75228661344
495	10.3694827222
500	7.90347304373
505	7.56002318441
510	6.39419683024
515	6.43889772171
520	7.41972407904
525	14.5593369152
530	15.3181381559
535	4.52222940473
540	6.89454482125
545	9.62571249522
550	6.35190302903
555	7.46622078564
560	4.45296143571
565	6.76341197614
570	7.59879178127
575	6.97547017507
580	6.79635653447
585	5.87022963762
590	5.9580113121
595	9.04029787732
600	4.9575757332
605	5.39139815358
610	11.7303665076
615	11.6789215812
620	7.66648574816
625	8.61484363339
630	11.326282216
635	8.69448469865
640	8.14707933511
645	7.93655150613
650	6.22078495438
655	10.8939602088
660	11.432500442
665	11.2820383921
670	8.32812237209
675	11.5149828707
680	6.37677229642
685	8.94128809375
690	8.06033185883
695	9.77957371784
700	6.28420272118
705	10.22312334
710	8.60255418968
715	8.98895712028
720	12.6655371921
725	7.8094969412
730	9.18569660716
735	7.96708421855
740	7.52921406825
745	9.319898361
750	12.2952362266
755	6.93063643383
760	7.92170635691
765	5.21028902618
770	9.47354502969
775	10.0119612111
780	6.7160435494
785	8.68889061875
790	12.8210941043
795	6.35662608024
800	6.90878301797
805	4.76661277883
810	8.31470047898
815	9.21671893642
820	5.67954930233
825	6.03149181235
830	7.46761652779
835	7.26252313068
840	6.96461072511
845	6.03729512302
850	8.75573403937
855	10.5362238715
860	6.02754967887
865	4.83131752964
870	8.50162370357
875	12.1899840896
880	4.53751770528
885	5.68680814857
890	6.45239309353
895	9.00340318937
900	5.87114281363
905	8.02341252593
910	7.94776688418
915	12.7196946878
920	9.69128307856
925	11.1248220144
930	9.59059937502
935	5.48758608884
940	6.34500967746
945	6.93618609779
950	7.03538149131
955	7.82878745412
960	6.89736712551
965	7.97559960364
970	10.2157557081
975	5.79897581736
980	11.0609440645
985	8.47700404281
990	8.19094463757
995	6.96267936872
1000	12.0400682592
1005	10.6875019851
1010	9.68076895242
1015	9.67471269257
1020	8.60907770864
1025	7.00342561052
1030	10.3468559071
1035	6.77279983989
1040	8.39542538893
1045	7.82766631609
1050	3.56787764368
1055	7.73609447588
1060	6.43897909946
1065	7.57147016331
1070	5.31182956507
1075	6.56592084766
1080	5.85462666014
1085	5.26659334984
1090	9.81001187389
1095	9.3725836205
1100	10.2432043159
1105	10.1114662854
1110	8.73767944136
1115	6.34523541516
1120	10.3509086998
1125	7.57341800868
1130	7.35056486701
1135	9.70919008314
1140	7.92148258801
1145	8.92476377219
1150	4.30870640511
1155	6.32080257621
1160	5.80203554898
1165	5.27143524055
1170	6.26153666251
1175	6.32311355126
1180	7.6523237725
1185	9.11831041302
1190	6.64866678537
1195	7.17874491401
1200	7.43910475687
1205	5.86782651763
1210	8.33753331819
1215	10.6948182721
1220	12.5198375541
1225	10.1575962557
1230	8.30572610396
1235	7.5674751847
1240	5.68585510335
1245	13.6548083367
1250	7.529057206
1255	5.55572983096
1260	6.2268223011
1265	7.5961814313
1270	8.79293878463
1275	12.2756062352
1280	5.12886885288
1285	6.21373545874
1290	7.2669899454
1295	6.68613093149
1300	7.62971308831
1305	8.26156909912
1310	5.44472504684
1315	9.24108844056
1320	7.93009935422
1325	13.335216918
1330	7.59897021205
1335	11.3134834393
1340	8.41904939622
1345	8.34646875023
1350	6.70781040895
1355	7.12554193134
1360	7.49673077429
1365	14.3508040789
1370	8.21537873186
1375	5.90603336048
1380	4.93712833362
1385	10.841648477
1390	12.2144280271
1395	12.0844193124
1400	9.12081462951
1405	8.31106902711
1410	5.99004371596
1415	10.0681231754
1420	6.81271753672
1425	9.21245135778
1430	7.40425704398
1435	6.55461082217
1440	9.29669806524
1445	8.72218140277
1450	6.69675063864
1455	6.0960988319
1460	5.20432288755
1465	8.78048511801
1470	10.4486832308
1475	8.87268027346
1480	11.2203145024
1485	5.04289931841
1490	4.37476375948
1495	8.02803767131
1500	5.82307107861
1505	14.4082388672
1510	6.81848207662
1515	6.76209537885
1520	8.22053418349
1525	11.5148661862
1530	6.67901306892
1535	7.06573559003
1540	7.81132866362
1545	8.02107047217
1550	5.18128936505
1555	6.83893381928
1560	7.94082009944
1565	7.4749490799
1570	7.60781429671
1575	7.79775077507
1580	9.42349590669
1585	7.91660554195
1590	6.77555467848
1595	7.94989153121
1600	5.75589936683
1605	8.11003027932
