0	5.09402973352
5	8.55623582647
10	8.42126293249
15	6.80163776904
20	3.95105409355
25	8.45487062709
30	9.51311162698
35	16.9972985593
40	14.045791947
45	11.5082988152
50	20.3722665027
55	4.75404866619
60	6.43625809334
65	7.87897667376
70	9.80690105628
75	5.01702954588
80	6.54042918559
85	20.8864960819
90	3.83842607008
95	14.6349802178
100	8.87609973545
105	6.94703947919
110	6.48391700793
115	13.2264348097
120	5.87952106532
125	6.00592523543
130	5.35575125948
135	8.77721573014
140	6.24937237569
145	3.90144924675
150	11.6840314299
155	7.73605050138
160	7.58051494282
165	15.6409695716
170	11.6741795704
175	6.90086432123
180	3.59822556019
185	10.7690490387
190	12.1593143023
195	5.60565066157
200	5.69904724953
205	6.37353051047
210	4.55985985282
215	5.11601692641
220	11.1445627564
225	12.7803505143
230	10.3254015847
235	5.80221375672
240	8.30998377769
245	8.75867075153
250	8.50580620235
255	5.4203885639
260	4.46119785828
265	6.55373293575
270	8.85160118107
275	4.82146529712
280	12.5363945455
285	4.57405365176
290	6.70352062989
295	14.719144937
300	6.38091419163
305	12.6257428841
310	5.25185418895
315	6.33453013732
320	7.46541789787
325	8.35616888355
330	11.4196932637
335	9.66305397732
340	7.07522075402
345	6.06340654699
350	9.66742731376
355	15.0233978502
360	7.83381393604
365	15.6687788906
370	9.32057254433
375	19.4047574658
380	9.78259113858
385	3.82498513736
390	7.8892918596
395	8.62236447832
400	6.06001887612
405	13.8594152066
410	6.38621521814
415	7.0992895079
420	6.79344368433
425	6.26311966589
430	7.58214882325
435	7.38000525635
440	4.30104097805
445	6.25332260842
450	6.85163194935
455	19.807521043
460	17.6535210429
465	16.8752062646
470	10.4277719708
475	7.78986984118
480	5.17794637768
485	8.03864408133
490	7.23325835919
495	3.75884860018
500	11.9357302691
505	4.06938704825
510	7.44631749736
515	7.1702323145
520	8.35415565208
525	9.19207534023
530	11.0416171179
535	9.78926476244
540	4.06036731454
545	9.15731567113
550	4.94691183032
555	5.68508164423
560	5.50256644917
565	12.8148859221
570	8.46818937967
575	8.64624437632
580	6.55359207195
585	8.39509780094
590	9.28653453092
595	7.93847088027
600	11.9773826743
605	8.80094333192
610	7.65795904915
615	5.8824077236
620	14.688860848
625	5.70667894843
630	9.79196277595
635	10.5428827183
640	6.71024848327
645	9.21735562455
650	10.0252078407
655	5.42713957721
660	9.53940789613
665	7.62973230569
670	8.98895511963
675	11.8143425421
680	4.50805630216
685	9.4658156227
690	5.67344309549
695	6.25337601458
700	11.2424937624
705	13.0526677278
710	9.24176453406
715	6.86011911482
720	9.16871966384
725	12.8644494044
730	9.39413239595
735	11.1567539965
740	3.22258100637
745	13.2020582523
750	12.5628185991
755	6.70515090144
760	12.0434216221
765	6.39696951892
770	7.58110884576
775	9.88579772416
780	7.36304952748
785	12.299941066
790	6.42675377592
795	5.86857587691
800	8.71619266838
805	8.38215098437
810	5.29566816047
815	7.86649016328
820	3.8313825284
825	10.3923529185
830	9.98006329742
835	8.00496527533
840	7.80791183089
845	8.30035662507
850	4.03333393032
855	4.3933664693
860	4.52371336607
865	10.2292076982
870	7.62428349065
875	5.44316028988
880	14.6796189687
885	6.72471467884
890	9.65816503606
895	6.10142988629
900	6.82278101311
905	6.09345062062
910	11.4305205593
915	15.7432675944
920	7.51890784498
925	9.50933242566
930	7.63228700087
935	5.16918873918
940	5.37144611682
945	7.64778000106
950	9.51371022113
955	5.87420104605
960	7.23260768204
965	11.5111874984
970	5.80650061758
975	7.16323704137
980	4.51124001886
985	7.71472403248
990	8.84676420446
995	23.2465256365
1000	10.1681907721
1005	8.6157794779
1010	6.66397020357
1015	7.01959439348
1020	6.30967446916
1025	4.96635356645
1030	7.63258214438
1035	12.6897860343
1040	13.8134081157
1045	6.39868583515
1050	6.85237730512
1055	20.2144709678
1060	5.95254360362
1065	7.77010316759
1070	8.78599668086
1075	20.1828207792
1080	4.22823253958
1085	6.01386583926
1090	7.61360525498
1095	9.5692314679
1100	6.32260202394
1105	7.57871327168
1110	6.37791159086
1115	7.75748450606
1120	9.8206011703
1125	7.41711791103
1130	5.18256820632
1135	10.1524625181
1140	5.41542406223
1145	17.2981391095
1150	6.88277117995
1155	13.5225585403
1160	8.68638421159
1165	6.06528814395
1170	8.69856259976
1175	8.3930890941
1180	8.66985754699
1185	8.22189816796
1190	4.94167850241
1195	10.7711157065
1200	5.78765993874
1205	17.3247318258
1210	10.0636886811
1215	4.81805690632
1220	3.1013796266
1225	11.3133591033
1230	8.96499622757
1235	9.73912297449
1240	6.05652993096
1245	15.5509974413
1250	6.2048100199
1255	9.65339182318
1260	31.0754960337
1265	4.4422593306
1270	7.65193666558
1275	8.928216145
1280	7.47582068724
1285	6.52568294758
1290	3.95062659559
1295	6.98353149311
1300	12.1420277988
1305	3.72615464979
1310	7.77038032466
1315	6.63989833861
1320	8.20823838642
1325	9.97875990852
1330	8.72097455673
1335	7.75726196306
1340	6.36042092654
1345	10.861404283
1350	11.0211484664
1355	17.1659612377
1360	8.02423678638
1365	11.6530142225
1370	12.5268583217
1375	8.47102684075
1380	9.12898277986
1385	4.58386707727
1390	4.60303589714
1395	9.84204119677
1400	5.73018743164
1405	5.92937575954
1410	6.57794835012
1415	6.70654327212
1420	6.86097778907
1425	4.6607158472
1430	9.29309472954
1435	12.0148553734
1440	14.3158448025
1445	10.8789644395
1450	10.8760557525
1455	14.3123805538
1460	4.2807315633
1465	5.86132095206
1470	9.67529678825
1475	5.36885321123
1480	5.92230526134
1485	13.5046043927
1490	8.31528391248
1495	6.94750333432
1500	7.8224573221
1505	10.3922880506
1510	4.11933537948
1515	9.97501310985
1520	15.5042967957
1525	6.85754024222
1530	12.397394695
1535	12.0942113643
1540	11.1010457048
1545	6.2429587189
1550	9.72878695824
1555	9.68127352808
1560	10.3976916662
1565	8.08486560878
1570	6.72838686612
1575	8.58173330622
1580	6.0681186963
1585	5.65323208871
1590	8.13273442145
1595	10.8439927708
1600	9.1372151064
1605	14.22689286
1610	10.0744018549
1615	4.15018986635
1620	11.3649728503
1625	4.70453439795
1630	8.70796716912
1635	9.06606183508
1640	8.26230128497
1645	14.9682992805
1650	14.2538691933
1655	5.42973961831
1660	11.9730889718
1665	6.44187337693
1670	10.8782803968
1675	5.63886609046
1680	7.09957136464
1685	11.5490114252
1690	8.29564893236
1695	6.7501290233
1700	6.69995458498
1705	7.20645126556
1710	7.30857412312
1715	8.55952730991
1720	5.66056555635
1725	7.37283363356
1730	11.6939554579
1735	23.8053926379
1740	11.1910832144
