0	11.7447006905
5	10.138289923
10	10.07336532
15	8.46639800616
20	6.11293918537
25	5.90804132697
30	6.10234113609
35	9.02690889284
40	12.8978402884
45	6.76995313673
50	10.1206605226
55	8.91765784603
60	6.32705257736
65	6.42245093521
70	9.32033995977
75	6.25786095748
80	8.45317512833
85	7.08743988621
90	7.91526475671
95	7.63249155085
100	11.8778486009
105	12.940022123
110	9.06335218055
115	13.5461627883
120	8.64429833388
125	8.34343624877
130	5.89099568248
135	8.28000849591
140	11.7668620096
145	12.1865612602
150	8.6418322187
155	6.5235996329
160	10.5720045857
165	8.07258788082
170	5.26613713306
175	9.31898017414
180	5.05742890617
185	7.05274187874
190	8.19844385565
195	11.2452431103
200	12.2699417431
205	20.0116574304
210	9.46625182484
215	9.74669126657
220	6.88541053217
225	8.46144337401
230	10.3047746056
235	5.93572527537
240	5.55042090203
245	6.37435573432
250	8.00177751833
255	7.69369778712
260	7.15630717136
265	8.44907202815
270	7.26219241191
275	9.74810612066
280	10.6148994733
285	8.64724818914
290	6.3895941621
295	8.00655536921
300	6.42471326078
305	5.53037602448
310	6.95249467271
315	7.31538605083
320	8.58619768526
325	11.0117212555
330	8.34534331226
335	4.02875536002
340	8.31435780544
345	12.0245913672
350	7.11271921786
355	8.4069589009
360	8.97130805829
365	12.1892571856
370	8.92583109858
375	6.22107448292
380	6.91417433722
385	7.96861098965
390	6.19389599961
395	4.68516510096
400	9.56366427369
405	6.93117306502
410	6.57078619681
415	6.0887517453
420	5.57617057383
425	11.0066083476
430	9.79357164409
435	6.82049411269
440	10.2551384742
445	9.68424810398
450	4.66487869579
455	7.0236854961
460	7.64106620991
465	10.4299490614
470	5.68867869595
475	11.3439969464
480	9.0068733087
485	5.62574376786
490	5.11517110928
495	8.76472229899
500	12.2382241582
505	7.15593273668
510	6.02879223488
515	10.061577405
520	10.0247867071
525	8.72628949058
530	6.32906447209
535	6.88141250688
540	8.24553948594
545	8.61363122101
550	9.2947253998
555	13.0702569515
560	9.37264732431
565	6.53181916735
570	6.45846477838
575	8.87942577563
580	5.81926998126
585	5.59990393361
590	7.20275194469
595	6.99100144126
600	9.72622696049
605	7.92663694557
610	10.5654102714
615	8.98447298319
620	7.74791225871
625	6.97673214112
630	9.03946795788
635	7.93375947534
640	14.158682649
645	7.2906511313
650	6.85520394546
655	7.25213310611
660	5.8402679106
665	7.16103472238
670	7.15231046769
675	5.94309246338
680	7.47422873939
685	8.06676250035
690	8.34981740474
695	9.13754845784
700	10.3774711282
705	9.12575590181
710	8.32886888801
715	6.68443381396
720	6.36806222771
725	9.97634425518
730	9.35773845726
735	7.64001017349
740	9.33929917165
745	5.52019828448
750	12.7413259281
755	6.15406087547
760	8.39313590695
765	7.8195931807
770	11.5830660135
775	19.160964308
780	8.85719056936
785	5.7606095687
790	7.45084770635
795	7.32422234686
800	5.60987359317
805	7.21633218478
810	10.1427735472
815	6.53426615077
820	7.77580343898
825	8.08054313042
830	5.53688405549
835	6.34473284354
840	11.0554157167
845	6.57162542968
850	6.71227324712
855	11.7101229883
860	5.38055668921
865	6.74208510893
870	12.189394549
875	9.36554087008
880	5.28977569903
885	5.15706194985
890	5.8909700675
895	11.9595256002
900	5.51696447808
905	10.3052841948
910	8.46603638059
915	8.24312513437
920	5.77791725201
925	8.70268841918
930	7.80485714097
935	6.74341464617
940	6.27692546009
945	10.6634606217
950	5.78628877295
955	7.83389312574
960	8.94010168428
965	13.5967411905
970	8.37824330914
975	8.22019604815
980	7.43148401326
985	6.88074578799
990	9.92655528827
995	10.0068479416
1000	9.84666023779
1005	5.35315205006
1010	6.14682615492
1015	8.86037008632
1020	9.53330189995
1025	6.80987709869
1030	6.67962823377
1035	5.69745878976
1040	11.0359654542
1045	11.1159865648
1050	10.9856979961
1055	8.52744962752
1060	6.84482235436
1065	7.63889520976
1070	7.7965910325
1075	6.89446919577
1080	8.35634677265
1085	9.67800241523
1090	9.99613644442
1095	6.94081442395
1100	7.56250633076
1105	11.4308358615
1110	13.6673656292
1115	9.13111942047
1120	7.10057481134
1125	10.428841393
1130	7.02371480368
1135	8.08084284918
1140	7.69335894975
1145	6.83296283436
1150	7.47568150124
1155	8.2432233271
1160	6.75551539199
1165	8.32576153935
1170	10.7893183513
1175	7.96002157009
1180	7.54321815041
1185	7.58265362488
1190	11.5222451497
1195	9.41506392807
1200	12.1564561519
1205	8.01005677951
1210	10.1696778114
1215	12.8854640964
1220	9.4420971289
1225	6.68026309133
1230	10.691594458
1235	7.08853783531
1240	7.16934061141
1245	9.89606103637
1250	11.3113274004
1255	6.57275959238
1260	11.1490260029
1265	6.98672016251
1270	7.59917312792
1275	6.12682283405
1280	4.94875524922
1285	8.46548957557
1290	9.0119258039
1295	7.91956918227
1300	6.31932345722
1305	8.75544485022
1310	7.32221720729
1315	13.2914938408
1320	8.23386997286
1325	9.06667606866
1330	8.18444772262
1335	5.92702072095
1340	7.19622716734
1345	10.6498858742
1350	10.8187374826
1355	5.79374325885
1360	5.25171360655
1365	9.59655480682
1370	8.1954406032
1375	11.0702108437
1380	8.09297480832
1385	7.95148381236
1390	11.7255194331
1395	11.1933090146
1400	6.51679978042
1405	16.5632197778
1410	13.9374975962
1415	8.54223341427
1420	8.06152355856
1425	7.92667511173
1430	6.920420493
1435	5.43554280198
1440	4.96597750059
1445	10.1836137526
1450	3.34859125548
1455	11.8666755175
1460	4.49503749234
1465	5.43649482377
1470	9.07998356275
1475	7.52252441796
1480	8.41987454549
1485	8.75005465026
1490	5.33334881081
1495	5.83230134747
1500	6.83755101061
1505	6.45932524968
1510	10.1059927459
1515	9.59074397494
1520	7.41950446452
1525	8.21052394383
1530	8.63817275591
1535	6.73669849652
1540	4.37264155264
1545	13.7657703113
1550	7.56271982546
1555	7.39932170944
1560	7.01895889497
1565	16.7070540187
1570	4.91440307824
1575	8.29767683817
1580	6.89139331908
1585	11.4736492842
1590	8.9737380775
1595	7.41483420295
1600	8.02187530283
1605	7.71996638579
1610	5.60799622226
1615	6.52352705187
1620	7.38090449568
1625	15.8630734579
1630	7.11752340986
1635	7.98768679911
1640	7.46591532688
1645	5.98368539665
1650	10.7573675612
1655	11.3141471999
1660	6.08953760359
1665	10.3892602692
1670	3.72598809487
1675	4.54884651441
1680	7.42706332267
1685	8.23517614383
1690	4.05657532255
1695	6.27363966052
1700	5.78810038112
1705	9.25885236296
1710	7.94223812072
1715	7.37546595937
1720	13.9499642224
1725	11.7107709245
1730	6.00489944733
1735	8.21892746836
1740	8.74101605098
1745	11.1269793608
1750	8.27572683895
1755	9.15567171988
1760	6.94988542537
1765	11.12497564
1770	7.2233419558
1775	7.75030676334
1780	7.68905516346
1785	5.88810719739
1790	6.72923989394
1795	8.60937383294
1800	14.0323746419
1805	8.52212430706
1810	4.98587389146
1815	7.59869866998
1820	6.12478902452
1825	8.65921126688
1830	10.4704472733
1835	6.884753455
1840	7.83022874712
1845	7.57084463511
1850	9.85804926547
