0	18.2914717019
5	5.69801199135
10	5.38147476449
15	8.16338967268
20	6.27262784654
25	16.7255425623
30	11.6646529575
35	6.76949066987
40	7.19689955744
45	6.23852358364
50	6.13158424442
55	11.7167021329
60	4.87737177363
65	12.6387528627
70	17.6881923886
75	9.72032477699
80	8.42587894351
85	5.00349692715
90	9.86311859374
95	5.3961279554
100	17.6764911042
105	4.57138602461
110	5.75642959088
115	11.682296375
120	9.72362536574
125	5.06481156766
130	9.4800457857
135	8.66082408337
140	15.7269788182
145	11.7742492613
150	10.4648760887
155	5.15885861126
160	17.241434099
165	13.1742791285
170	10.6366685693
175	3.49077004304
180	20.0528740991
185	7.75839235215
190	6.15400592029
195	5.2218580847
200	16.3354919043
205	4.15679552363
210	10.3208212894
215	6.38553241664
220	11.8880290788
225	37.4917979965
230	5.26749564976
235	6.87261031284
240	7.12459108376
245	8.38652672355
250	9.96598244159
255	3.32900481401
260	6.54324447408
265	8.71869364667
270	9.3703520126
275	10.7387839354
280	11.9846899969
285	8.07603034977
290	11.1431620902
295	7.22932567798
300	14.3581465178
305	17.6043550337
310	5.38039324393
315	7.32802309168
320	8.34721355949
325	5.25217619558
330	6.52628780272
335	6.46992416577
340	7.15685398545
345	6.64960937165
350	6.621245355
355	14.2684798462
360	7.11920774331
365	4.5357290568
370	6.91914599788
375	17.880610725
380	6.28358283518
385	6.98111458669
390	5.93627871533
395	12.8147296563
400	6.47633675767
405	8.45916140762
410	4.98741646225
415	19.9222139791
420	11.7341275948
425	7.73102781727
430	7.28330622576
435	5.14196319969
440	31.6981964875
445	7.06323834972
450	14.4851786586
455	6.09708630112
460	7.56445522094
465	13.797945264
470	11.4612735712
475	3.91572136366
480	15.2497139564
485	8.51466981668
490	9.10214909775
495	7.84142142401
500	7.56683205834
505	5.52955111644
510	10.5044663437
515	5.45242443906
520	13.6602195328
525	7.80944464353
530	5.57777843227
535	5.96846656374
540	7.09277432095
545	5.89756038668
550	5.29982109183
555	10.610803543
560	8.59358552918
565	13.3777784686
570	9.63434451855
575	3.4720395478
580	6.01673122808
585	9.52347682648
590	12.7439992808
595	12.7671860419
600	5.26403972217
605	8.85845585864
610	14.6784421769
615	5.17291049814
620	11.4125248645
625	7.51382779382
630	8.75383500825
635	7.39724426718
640	7.35839753435
645	8.65462208753
650	20.0287426324
655	6.79884786712
660	12.337399641
665	6.19739918181
670	7.1093350124
675	7.91565002328
680	9.59765546201
685	11.3477120305
690	9.99845631499
695	6.80419326648
700	11.1321859062
705	8.54970793779
710	11.1733262704
715	4.59550095412
720	14.2740063298
725	5.33711776334
730	4.04866028215
735	7.17927499149
740	9.73246001432
745	5.65533715807
750	14.2612816963
755	4.85157970726
760	8.68330970024
765	9.34133417082
770	19.805658938
775	3.2429072032
780	4.9250028376
785	16.9792958337
790	7.18099580225
795	16.8921975891
800	19.2464184838
805	5.19765965219
810	11.1916368433
815	9.44017339039
820	15.3234870589
825	9.34656434083
830	5.39148627419
835	15.9723230125
840	6.29860641875
845	5.42668715573
850	4.97753451513
855	7.80449952602
860	14.697948319
865	7.06035701411
870	12.0812609628
875	4.76038711087
880	8.03641485927
885	10.3701342116
890	7.64431649069
895	7.54114343062
900	14.6848375807
905	5.56060273242
910	9.35328225591
915	7.00981328966
920	8.43606572826
925	11.1714344915
930	17.9086478321
935	5.51677732837
940	10.6995651109
945	18.8723067333
950	5.84367551921
955	4.46284784595
960	8.66501457862
965	9.08551983833
970	4.1169941489
975	13.0027472164
980	5.46012007476
985	7.47605465816
990	6.54280549955
995	15.8223257079
1000	7.40537577405
1005	5.54752612399
1010	4.75499751872
1015	5.78839238913
1020	9.65673876383
1025	9.96660158873
1030	10.8211464949
1035	8.83718544877
1040	3.95799659409
1045	12.138809508
1050	5.38761150052
1055	4.5201140781
1060	12.439542895
1065	8.08517794278
1070	9.49538650895
1075	14.8224947777
1080	10.1796383654
1085	11.6959513731
1090	3.94101920574
1095	5.2958281586
1100	13.1075140005
1105	9.7209416136
1110	3.69708053239
1115	9.28167201489
1120	8.38393268494
1125	10.5620791382
1130	4.82811600183
1135	6.94224524575
1140	8.90126561117
1145	6.76045613302
1150	7.56292206392
1155	7.27044543131
1160	17.7489397457
1165	8.72977172157
1170	8.55807402377
1175	25.7234746543
1180	6.07376961421
1185	12.5386389735
1190	6.07329302311
1195	8.45497775582
1200	6.66115783975
1205	18.7427768081
1210	5.70447324247
1215	8.43177423876
1220	11.9763785754
1225	15.5306678447
1230	6.96219367906
1235	8.21980339496
1240	9.91972821593
1245	7.58224289993
1250	7.38995410216
1255	11.6071362812
1260	6.47955005468
1265	6.32432071302
1270	9.69233746662
1275	3.57984595711
1280	11.6733494881
1285	16.6905546591
1290	11.6051038494
1295	8.63868233027
1300	9.82413986669
1305	3.99430120979
1310	8.10985460709
1315	8.67786300624
1320	5.36556777811
1325	10.6561685288
1330	9.16849768142
1335	8.13172824236
1340	7.61347829345
1345	7.33840552549
1350	3.69378792277
1355	9.59981200911
1360	6.99361999512
1365	10.3538880317
1370	10.7366037634
1375	7.29860056032
1380	6.13099829251
1385	11.6758393663
1390	9.39574067503
1395	10.3206645035
1400	9.8429739387
1405	5.02020556584
1410	10.3527662658
1415	5.01202884794
1420	4.77431768994
1425	6.04408152996
1430	3.99331229591
1435	12.9694970899
1440	6.65936439392
1445	7.14960018632
1450	14.0551265092
1455	6.02149585501
1460	7.80982738618
1465	6.69834139533
1470	6.58753646549
1475	13.5656111125
1480	5.22526153983
1485	8.73342822199
1490	7.66643039394
1495	4.82899950806
1500	7.70861904082
1505	5.29790577928
1510	3.21770792414
1515	5.99345188425
1520	8.6253152547
1525	6.28447912658
1530	6.29433598117
1535	5.23199126549
1540	12.2765813147
1545	5.09566834559
1550	4.81460304509
1555	11.7633832487
1560	8.81711684989
1565	6.61459746031
1570	7.58995253174
1575	14.9962345235
1580	13.2817253898
1585	5.43391644089
1590	13.9808150728
1595	7.26189970566
1600	7.70387359543
1605	7.22742370706
1610	5.36460519626
1615	3.87509211612
1620	6.37094450548
1625	10.352716885
1630	12.7189067845
1635	11.0150324889
1640	11.4282466853
1645	9.68303658165
1650	5.78611018721
1655	10.6415230926
1660	9.22876676773
1665	6.14770426303
1670	6.95868072588
1675	8.67774035725
1680	7.83335283774
1685	9.06258074812
1690	6.87374138318
1695	15.2814227756
1700	8.76371909537
1705	8.58491068521
1710	4.54734847476
1715	9.75111673754
1720	12.0901860292
1725	17.8028483358
1730	7.2316918217
1735	7.70698345882
1740	4.44023272419
1745	10.0479919568
1750	12.8676960045
1755	8.93422945818
1760	4.23876838564
1765	10.706273948
1770	4.94620613674
1775	5.54370286617
