0	14.19237589
5	7.61923775691
10	6.94683839707
15	5.62338189332
20	10.718520759
25	10.8275570752
30	7.6060651826
35	7.58529467938
40	9.05746990179
45	6.10566434559
50	9.28740145599
55	8.62467733717
60	6.14260401838
65	5.83802880204
70	6.75190606481
75	7.63720774556
80	9.02410029093
85	7.66750630446
90	6.80710572709
95	6.94166972467
100	9.15834680788
105	9.39710532808
110	7.94521399096
115	6.07463304288
120	4.37034669407
125	12.4939121274
130	7.46581076974
135	7.45117977826
140	9.29271648028
145	6.34255346345
150	7.44302281607
155	4.16254578446
160	7.08403548394
165	6.32678182279
170	9.52035811856
175	8.11094142262
180	8.06432095282
185	8.82174941236
190	9.50406851811
195	6.24100346337
200	5.56709221331
205	5.54085780118
210	5.12813171108
215	5.47282912238
220	5.64143733473
225	7.10870942334
230	5.4701807547
235	9.27805232469
240	13.9218544742
245	9.29896903837
250	10.3713930333
255	7.81825503676
260	9.64584450949
265	9.80277357089
270	9.43869047349
275	6.46516982632
280	9.50416826786
285	7.28458064498
290	6.24963528766
295	7.84135877598
300	8.12920226362
305	5.85341833352
310	9.61161259739
315	9.81070393379
320	8.26343631857
325	5.23550858527
330	5.75205707095
335	6.07916828615
340	5.82121526312
345	8.34234648519
350	6.9549516325
355	6.88005723344
360	6.02461190068
365	6.83828582949
370	4.19343825638
375	7.6115856084
380	5.64844581443
385	4.25595605657
390	9.29889994869
395	8.61153137391
400	3.76808459455
405	7.77928615498
410	15.9427383644
415	7.31618127054
420	12.6389734927
425	7.27931046797
430	9.76774224482
435	4.48329238701
440	8.14574567589
445	8.22122049338
450	8.91227237194
455	11.4027620371
460	8.2139222038
465	12.8246216177
470	8.97211955062
475	7.32307124337
480	9.89566675718
485	14.3976707848
490	4.68092532983
495	4.71395707432
500	7.19092054126
505	6.5687608342
510	6.46135826595
515	8.7831629604
520	10.1616601177
525	6.4990202649
530	6.80772421023
535	9.89676409613
540	7.06818857987
545	5.88916604463
550	5.73656248104
555	8.32062298575
560	7.77467758297
565	4.18176027413
570	8.60382329692
575	9.01915450932
580	6.96182487527
585	10.1728534606
590	8.61377451956
595	6.06732517513
600	9.86084116634
605	12.85180373
610	4.98796671302
615	7.44706017682
620	7.64180923725
625	8.07753322565
630	5.83521989049
635	8.75029397544
640	7.13841371165
645	14.5255712174
650	12.7731765537
655	6.47862243105
660	8.71633963119
665	5.99082639457
670	6.46915958358
675	5.07116931885
680	15.4337415335
685	9.05000681516
690	5.91210890313
695	6.35521466439
700	9.08914860264
705	11.6568208586
710	8.42377227944
715	8.24920470503
720	6.85496246419
725	8.01671218285
730	6.84618264583
735	7.37571400558
740	5.96497737576
745	9.95088402373
750	7.74878298062
755	8.84383183973
760	8.44653880579
765	8.89221871521
770	8.4156311251
775	7.23294150625
780	7.40091590563
785	9.1701978319
790	14.8301359471
795	9.50158433602
800	8.88718836954
805	7.82213880356
810	6.38213444302
815	8.24200745891
820	10.5160199856
825	14.900150758
830	12.534826869
835	8.73577981927
840	6.72287128773
845	11.494342143
850	9.39799130002
855	7.18817534763
860	7.52071200327
865	8.37814350101
870	5.73937183087
875	8.60452100184
880	11.6170371224
885	7.64928179013
890	9.23551938637
895	5.83409627907
900	7.61479375985
905	10.9945333148
910	9.39480473115
915	5.0463734019
920	7.92724821835
925	7.96924151194
930	8.01817011642
935	5.54039645344
940	10.945964341
945	8.15384968877
950	12.4079751397
955	6.41614193213
960	7.71414511975
965	10.6713440889
970	8.982250265
975	11.1560471431
980	14.3911632064
985	6.63895956174
990	7.52724369742
995	14.6621209861
1000	7.88160512203
1005	7.21003051303
1010	7.68270131893
1015	7.56158686163
1020	8.31809761263
1025	8.77073443008
1030	7.26114659453
1035	8.72074285124
1040	5.1138990585
1045	4.92238790507
1050	6.83361696028
1055	11.8675313713
1060	9.73568068365
1065	8.38353788521
1070	12.1309945069
1075	7.93579055633
1080	7.62372755823
1085	5.65147773357
1090	5.38584524243
1095	8.0328158772
1100	4.892292956
1105	6.16964025719
1110	11.2883100997
1115	7.43634808326
1120	7.1504265026
1125	8.72688529078
1130	5.18120161136
1135	6.01746831281
1140	8.43026525196
1145	9.1059883855
1150	8.76181888791
1155	12.8820150989
1160	9.41606639452
1165	10.2962009026
1170	5.65331608694
1175	7.03637340897
1180	9.91687250412
1185	8.31120643986
1190	14.4602865246
1195	9.28025281812
1200	10.2798305836
1205	7.95182323431
1210	8.73954818256
1215	7.1463720578
1220	8.89805770469
1225	9.48071274151
1230	7.84291914989
1235	6.44230565153
1240	8.75734950399
1245	7.1990472534
1250	9.99507535414
1255	8.00200205375
1260	5.6986643652
1265	9.35539484633
1270	5.44461733305
1275	6.28875952521
1280	9.91469030655
1285	13.8615244396
1290	9.00293027203
1295	10.0800553319
1300	13.3990902697
1305	5.03762569623
1310	9.52178124542
1315	5.63725638251
1320	6.87600513295
1325	6.47885378162
1330	5.90323114989
1335	3.9719828672
1340	6.12496015176
1345	10.2742706739
1350	11.6708694551
1355	3.30722214503
1360	5.85028562853
1365	12.2174571093
1370	7.1468619146
1375	7.93150773696
1380	4.81340413566
1385	7.89077515145
1390	8.27447098444
1395	8.0932668085
1400	17.4819162394
1405	9.56085060273
1410	13.7772531654
1415	4.8640573911
1420	8.79086743088
1425	7.69213858408
1430	6.387091866
1435	9.57764315208
1440	10.2587544189
1445	4.68012516306
1450	7.06598408093
1455	9.83171151091
1460	8.17892055317
1465	14.0049059382
1470	8.17242097708
1475	6.82680723574
1480	9.42832450802
1485	7.98007737174
1490	7.89366249303
1495	5.69382524265
1500	9.15819255654
1505	6.41130959434
1510	8.18945180739
1515	7.17143912754
1520	6.76536795497
1525	7.95725055567
1530	10.739872206
1535	9.55440787014
1540	5.05011441911
1545	8.01709542483
1550	9.31796192235
1555	5.51357624825
1560	7.66031349343
1565	6.61592529059
1570	11.0907471472
1575	4.38128500101
1580	7.94540706851
1585	9.11756351187
1590	8.3271065203
1595	5.42771247462
1600	4.02369400133
1605	6.74417384183
1610	11.4725209292
1615	10.0154326432
1620	5.28238245262
1625	13.8026352202
1630	6.76229102763
1635	5.60340765167
1640	5.64674264361
1645	7.88015158072
1650	6.73900420096
1655	13.784252581
1660	7.11776802914
1665	8.47146287846
1670	7.38211409437
1675	9.04368098216
1680	10.0428678069
1685	10.7855505585
1690	6.00354895259
1695	5.17334216718
1700	8.54815518312
1705	8.10397315662
1710	9.3065760184
1715	7.7548268693
1720	7.7503404962
1725	7.61816837684
1730	9.66462707622
1735	7.06839874826
1740	10.093220663
1745	8.28797451342
1750	8.96251750319
1755	7.84401886344
1760	11.6192147807
1765	12.370993626
1770	8.79501211893
1775	10.183571132
1780	7.05554020086
1785	8.8503697272
1790	8.22005585921
1795	9.43347457106
1800	6.1949418252
1805	6.13097218906
1810	7.40782675599
1815	7.0068999298
1820	8.62419971819
1825	6.99534601803
1830	9.38575934906
1835	9.04172622615
1840	11.2779337091
1845	10.5662611487
1850	9.18635338162
1855	9.42029712257
1860	7.25460886875
1865	5.87687005312
1870	7.39239058639
1875	5.53959343543
1880	6.40193078279
1885	5.94885655654
1890	6.64814608819
1895	6.99014725427
1900	11.8846653119
1905	4.02287206054
1910	10.4580735253
1915	7.75379438937
1920	7.52529258602
1925	10.2236872213
1930	8.24646339547
1935	4.96446038873
1940	5.94692249962
1945	9.0113007179
1950	10.9222240321
1955	8.93689159692
1960	7.54986146612
1965	6.51765291234
1970	4.45465901806
1975	5.29277422129
