0	8.79814516586
5	6.76932856166
10	5.79294575314
15	10.3295922997
20	14.2522130742
25	8.82994661684
30	7.46798744072
35	7.11869952003
40	6.68625742936
45	8.39631676746
50	6.91560230644
55	18.3308056943
60	7.85219421532
65	12.3550342566
70	12.9861248799
75	10.6853962624
80	5.19105249546
85	8.08998240438
90	7.53513113418
95	13.1450880809
100	7.23873789007
105	7.89026067498
110	8.93066706303
115	4.96041447614
120	12.3141658772
125	8.46098519689
130	7.47075296066
135	9.00162811574
140	8.85029258678
145	9.41351830691
150	9.52729476798
155	9.75072950582
160	9.37589143202
165	6.32453585624
170	11.8849668742
175	9.731740855
180	8.95834481882
185	8.06455379406
190	4.64260624144
195	5.90304696193
200	6.14096169917
205	5.09373955292
210	6.65873018662
215	11.8640026925
220	9.97821277952
225	6.87046669023
230	7.79676012761
235	7.65788524866
240	6.20290462328
245	8.55290902671
250	8.76795348639
255	5.11410556788
260	11.3668605068
265	8.75795764704
270	11.5218159523
275	7.45020611433
280	7.05720968348
285	5.69279260341
290	3.56086216698
295	7.47273039641
300	7.43991256879
305	14.8965196534
310	12.1051788088
315	7.2812814857
320	12.4046231792
325	5.56593752952
330	7.80251661222
335	5.78999900206
340	5.14990046526
345	8.43668408719
350	4.4947876718
355	6.79254786113
360	7.26619147862
365	5.41644849816
370	8.25360689722
375	12.4915903309
380	9.32645635107
385	8.63835361285
390	5.76593412912
395	15.0320346607
400	3.71160590064
405	7.7437293087
410	12.6497885675
415	5.60450896455
420	9.12380076754
425	6.32430303684
430	5.71102393552
435	7.02957078502
440	7.82789877686
445	12.8154479906
450	13.9963322424
455	4.79723818631
460	9.35640638294
465	9.96663172996
470	12.3887644609
475	5.74558783132
480	9.3213287663
485	5.91471926214
490	10.3709165715
495	6.03255086155
500	6.38578696838
505	9.16732368827
510	4.94500264484
515	11.4791215527
520	8.86668731541
525	4.91535478748
530	9.33547827951
535	10.7919322675
540	5.86625278832
545	6.49097840708
550	6.77925851606
555	5.35591435476
560	7.32862776748
565	11.1805892653
570	9.37781389588
575	7.38666826775
580	5.94332254611
585	13.9278433909
590	7.03892956587
595	8.82566736468
600	4.39880724177
605	7.36458522216
610	5.86473585349
615	6.51769015589
620	8.72171737376
625	7.26577262307
630	8.14119966665
635	6.83510283116
640	8.77534304687
645	11.1455269564
650	6.46459951436
655	5.1936558121
660	7.927754707
665	8.90481022978
670	8.91796356045
675	7.38259470722
680	8.92153165302
685	6.67254691817
690	7.15412644574
695	12.2132231696
700	13.2044281169
705	7.92722261488
710	8.52734861866
715	10.6531507272
720	9.93659415593
725	9.85515962261
730	4.64556889394
735	6.87234965982
740	7.81150069834
745	6.86804098541
750	6.0354974821
755	6.87213068654
760	6.45665829824
765	6.13625371489
770	5.10592067515
775	6.62005371093
780	7.32342060048
785	8.10641791598
790	10.1985356116
795	5.56312398429
800	5.98234385788
805	8.29168223231
810	6.84190287265
815	7.91944924515
820	7.05865691845
825	9.01229425211
830	7.19772081292
835	6.41051186999
840	10.2720556058
845	6.83136634494
850	8.92700246764
855	9.32255488659
860	6.10335262383
865	8.57037210792
870	7.67936698296
875	12.638360285
880	8.96418348132
885	6.06465211336
890	7.48120666623
895	9.35010796311
900	7.88935398644
905	10.3706767888
910	7.71190949158
915	4.8591881438
920	11.0727101405
925	8.45444637012
930	3.88969372349
935	9.12285000026
940	11.6059174048
945	10.2434006379
950	8.34011252122
955	8.28393753972
960	5.89927318112
965	8.08434969494
970	7.80077021819
975	6.4070462717
980	8.04261041634
985	7.40651914811
990	15.3547975061
995	8.85316976213
1000	8.74413106496
1005	5.28038275954
1010	7.34627349933
1015	13.1782656289
1020	6.99803380779
1025	5.44421324241
1030	12.1439407342
1035	8.14644172405
1040	7.35813309069
1045	8.28332835692
1050	15.0813527015
1055	10.3252278688
1060	12.4820124871
1065	7.71930184845
1070	6.4831047592
1075	12.000625209
1080	5.30100745052
1085	8.88598623184
1090	9.6021455619
1095	10.0994402274
1100	9.41820399683
1105	6.87170225354
1110	6.33621506855
1115	9.15193470232
1120	7.53159586638
1125	9.1136972734
1130	7.4472159848
1135	11.2085122511
1140	5.1589817364
1145	4.17418985894
1150	4.56037246071
1155	6.26922134086
1160	9.82326692568
1165	13.0433227612
1170	7.063932182
1175	4.29433790299
1180	4.42668320433
1185	5.21278467999
1190	4.93625831919
1195	4.6659285239
1200	8.67727008121
1205	8.91119672534
1210	9.19406606141
1215	5.36304232256
1220	4.6035368883
1225	8.56738885586
1230	10.9648338851
1235	7.15931922089
1240	12.4437874946
1245	4.94114153693
1250	3.45534422712
1255	7.87440762229
1260	7.20357119726
1265	8.48930225021
1270	12.3097898706
1275	4.63955209226
1280	7.91220011383
1285	6.81677420977
1290	4.85174158223
1295	13.797118187
1300	15.541327721
1305	8.79241166751
1310	6.3912891832
1315	8.60164749515
1320	6.28334909181
1325	8.29156544457
1330	8.01316431486
1335	10.6743149851
1340	7.58885588559
1345	9.75953482742
1350	6.20102471441
1355	7.73097324052
1360	6.18456692424
1365	7.81092941738
1370	4.12841426371
1375	10.338343834
1380	3.05729559422
1385	11.3892268161
1390	5.59399712279
1395	10.9364305858
1400	7.89761579247
1405	5.30128949317
1410	9.6103514759
1415	10.3884424392
1420	5.47201851666
1425	5.6121925599
1430	8.77345116721
1435	9.32140574959
1440	7.73159937526
1445	8.5403605126
1450	2.8207858733
1455	6.40226497669
1460	9.56213689806
1465	6.72508979123
1470	5.31155453402
1475	4.22123972932
1480	6.28438835302
1485	13.0419422476
1490	14.8485358868
1495	5.14549020211
1500	3.70353563202
1505	7.74937806806
1510	7.6585965291
1515	4.32225671375
1520	12.912922675
1525	4.95170172541
1530	4.54274727783
1535	11.2216370561
1540	6.75302149912
1545	11.6248055306
1550	6.01562572169
1555	5.96421501591
1560	16.6310237227
1565	7.39217689907
1570	6.7527299637
1575	8.68912933083
1580	4.57756659513
1585	8.16157487355
1590	11.7621470326
1595	7.31838864835
1600	19.3388921969
1605	13.7115343411
1610	4.47592268234
1615	13.5065414843
1620	8.08567491411
1625	4.0952217842
1630	6.12806108337
1635	7.42932762134
1640	9.18258257295
1645	11.0335103275
1650	7.83217689514
1655	7.62200299433
1660	9.48791944831
1665	6.92199239661
1670	5.54426376198
1675	8.1385922362
1680	7.7352288425
1685	7.10551679181
1690	3.93411943714
1695	6.82032679329
1700	8.12091000458
1705	6.91597005564
1710	6.56375425369
1715	4.40198582727
1720	4.76189870984
1725	4.84572374078
1730	8.15546214729
1735	7.67947971705
1740	8.29334417185
1745	8.6505495301
1750	7.50093335961
1755	5.98443425208
1760	9.28252614258
1765	12.2508275105
1770	5.78329613919
1775	15.8813995913
1780	6.98544269164
1785	4.83295956782
1790	11.638032559
1795	7.7836056146
1800	11.6220800828
1805	9.56380646253
1810	8.43406512155
1815	5.64827210617
1820	6.94536187973
1825	7.95237636804
1830	9.46857178802
1835	8.59453240556
1840	4.01472176989
1845	12.6010872728
1850	6.97085432264
1855	7.68466098083
1860	3.33940275327
