0	16.9584322921
5	15.5238547513
10	9.46514260091
15	7.75234412725
20	18.5073269811
25	10.3714558507
30	10.5021928217
35	13.2269566033
40	11.4963523236
45	9.60705673334
50	9.25462440775
55	6.60711249186
60	5.22388298519
65	4.87204855332
70	7.30966134152
75	7.38505079812
80	6.67217702933
85	14.0674156832
90	5.11440189563
95	14.0268731424
100	11.2566999503
105	6.71967473168
110	10.9224905069
115	6.40942869452
120	9.85073896303
125	3.61794327617
130	7.46674837733
135	22.1731477014
140	4.40338875019
145	7.44848256293
150	7.55636698699
155	10.1322685226
160	19.5828572384
165	6.14554476907
170	9.15851565021
175	6.68108508881
180	17.0647123955
185	18.4031980357
190	7.78526976089
195	12.2763655938
200	3.83188049472
205	13.667756425
210	10.5380805491
215	10.3682673522
220	8.27079048818
225	12.9662542746
230	5.68576651526
235	9.25237447568
240	6.58185295839
245	7.75946735247
250	6.85807654427
255	4.18609949583
260	12.0642869862
265	5.59212447192
270	28.2128008522
275	16.9475102475
280	7.36598884558
285	11.9768662362
290	9.74502720485
295	8.60947778518
300	8.99171379228
305	5.25099963545
310	10.2421248836
315	3.71131587048
320	9.59060941994
325	8.88974881904
330	9.89133206178
335	10.4683020567
340	9.88219914012
345	17.3785411918
350	5.44900210708
355	12.9359177154
360	9.64235272253
365	5.0129407355
370	6.09471531541
375	7.19472799834
380	6.64258999312
385	11.0747701357
390	7.11831112714
395	6.77911856288
400	11.430048186
405	8.00924911859
410	6.75083044217
415	16.9104012967
420	5.54633380118
425	10.6411127032
430	6.88728303802
435	5.10651679878
440	17.1397765169
445	9.36387525085
450	12.7160448073
455	7.08584549774
460	15.4727324438
465	9.66941110524
470	6.02412694587
475	6.75359104213
480	9.3143449107
485	5.48144764102
490	11.3627077638
495	5.15137924495
500	12.3621117684
505	6.83095732731
510	9.53145911107
515	6.1054592773
520	20.7133207795
525	5.2484645207
530	3.6677380071
535	6.31930709225
540	6.02074606518
545	7.08704913335
550	11.2495389017
555	5.72826278937
560	7.73024626947
565	8.63452368614
570	6.25522509296
575	6.94783218589
580	19.0950681754
585	5.72497420937
590	9.10441979558
595	6.33828992073
600	9.58025458263
605	6.612806922
610	6.61070790875
615	5.72127361728
620	12.3076666335
625	10.1649329543
630	5.48556348758
635	9.24785066758
640	6.62192582231
645	9.03316609842
650	16.4677414305
655	6.89938983094
660	4.62338081233
665	19.208885312
670	5.33178565903
675	6.5981052306
680	9.41269472205
685	4.49487862214
690	9.46048671182
695	5.21503068303
700	8.57913073641
705	7.6406345395
710	19.773275407
715	15.894279899
720	5.15042715058
725	7.30983134382
730	9.01585193372
735	9.26004065262
740	5.33264116912
745	9.71567456306
750	2.27758323505
755	8.97694133014
760	9.14452632404
765	5.22024611782
770	3.84842880793
775	10.9683386645
780	12.7684825213
785	5.61341434951
790	4.73552768768
795	9.32012343223
800	8.8513077822
805	6.12478468802
810	14.3169496471
815	10.9950189161
820	5.23665802839
825	10.136508059
830	28.6908872185
835	18.2567753746
840	8.39788491612
845	7.59242905048
850	7.92250729471
855	7.37820540945
860	6.71557402984
865	10.852969167
870	8.51769134761
875	7.46472196572
880	7.06183844049
885	7.3784396322
890	12.4929110082
895	8.73413971184
900	8.67829085585
905	6.11084306933
910	7.13617559051
915	6.71346929555
920	7.15170858677
925	5.25776114625
930	5.97596602473
935	10.6547458291
940	11.1761263674
945	7.73668887002
950	18.1688587636
955	34.2648779862
960	3.75066038028
965	14.1749424007
970	5.76746687595
975	5.37173098109
980	5.80497570217
985	10.8593655167
990	11.2324897468
995	8.93013227169
1000	6.0677115512
1005	7.44523356634
1010	6.99938010004
1015	29.8350399428
1020	6.10593769122
1025	7.94011151567
1030	6.72328375165
1035	6.1537666756
1040	9.33529543429
1045	22.2147189533
1050	36.981922779
1055	6.94098727937
1060	9.59676428268
1065	5.66348408609
1070	7.24084864044
1075	19.5642839174
1080	9.60076108235
1085	7.02168003453
1090	4.26162854113
1095	23.0309649551
1100	3.60415429642
1105	8.68482332805
1110	7.85870087793
1115	10.7100722809
1120	8.14078264539
1125	8.88077234481
1130	16.3661330694
1135	10.6380582636
1140	10.1245235637
1145	9.88576231788
1150	4.73939862986
1155	5.25804614139
1160	10.8375421135
1165	5.78549233373
1170	11.8048515564
1175	7.76711702259
1180	5.16801494363
1185	10.0340084519
1190	7.70572067345
1195	7.41314255666
1200	9.71841776866
1205	5.97998055184
1210	6.92552215851
1215	7.2701141204
1220	12.4312377041
1225	5.54143917734
1230	3.09283965868
1235	11.574330163
1240	7.68110898689
1245	6.47450375556
1250	3.36454750354
1255	5.18790037393
1260	5.78591793031
1265	9.01887187971
1270	6.6144322209
1275	9.28604674517
1280	13.475983429
1285	5.2927870103
1290	9.33390170545
1295	5.4038448863
1300	5.62543130523
1305	6.29811894043
1310	13.1578237156
1315	11.5854607005
1320	6.01950186692
1325	8.87037997042
1330	15.0252212898
1335	6.05939848076
1340	12.1102267799
1345	13.1043096446
1350	6.88430413425
1355	15.3724921252
1360	11.509118776
1365	10.565193148
1370	8.09178494644
1375	14.802083716
1380	21.9208246378
1385	18.769551308
1390	11.4866203797
1395	14.7845035138
1400	15.1386507366
1405	4.32045384275
1410	4.79481976805
1415	17.5522558372
1420	16.4424782504
1425	13.7859064242
1430	18.2935421197
1435	6.54493967085
1440	11.9404129516
1445	11.0380738473
1450	5.81160250946
1455	4.40685239688
1460	8.93791335296
1465	7.5951103466
1470	8.6249175135
1475	10.2378958131
1480	5.0311283827
1485	8.67994300088
1490	6.37075161046
1495	10.5071573456
1500	8.69587800247
1505	8.35149141479
1510	5.46784642794
1515	15.7939949787
