0	7.39691137618
5	7.93256221135
10	6.91158448662
15	8.02452580373
20	5.98878294167
25	8.70644667185
30	8.56613926923
35	13.2810396474
40	7.7605972215
45	8.79583102338
50	6.34207464979
55	7.85941117319
60	7.88185402544
65	8.93878190705
70	9.69241964053
75	7.48542880409
80	7.48471674521
85	4.99245115929
90	5.9337278622
95	2.95902500216
100	8.02608055404
105	3.55207085139
110	4.90858160616
115	7.97531835105
120	11.0523977011
125	15.2680343646
130	9.15618000827
135	6.10701418138
140	7.22434589814
145	8.84968758088
150	7.37197644976
155	8.0238878871
160	12.926889648
165	6.22569151905
170	6.65884755614
175	9.67397794738
180	8.34644628482
185	12.9876479519
190	3.67785553521
195	4.40125232691
200	5.30773932286
205	9.99792976272
210	8.0913131991
215	9.43152779855
220	6.81955464073
225	9.66440793533
230	6.54105736385
235	6.61009574125
240	8.0244522423
245	7.37470790452
250	5.34558804796
255	5.92944705393
260	10.2129009582
265	8.32599759225
270	14.6161135025
275	5.32275298842
280	11.511274094
285	8.76165391806
290	6.44604920454
295	5.53895709821
300	6.85170810158
305	8.59778639699
310	5.69894489726
315	7.70388755913
320	9.15012127966
325	8.23026428544
330	6.83162481101
335	9.27212374573
340	8.57042040641
345	14.8070657157
350	6.81574094621
355	11.0028537321
360	12.1426133067
365	6.63363843754
370	8.78092141213
375	6.5940101398
380	7.70719372293
385	5.02480447096
390	6.46878694496
395	13.031332721
400	8.08957241887
405	8.59832685224
410	10.9801492271
415	7.74292788787
420	8.15059715069
425	3.75643775073
430	17.1178324474
435	10.6122452008
440	13.4594121144
445	7.17669351702
450	8.8147713316
455	4.86270933281
460	12.8541946893
465	5.44971977406
470	7.03296503196
475	7.42830089178
480	9.56817578381
485	14.123076529
490	5.95533099809
495	5.55347233975
500	6.70139814263
505	8.3029322811
510	9.49654005072
515	4.9440076482
520	6.88316443738
525	6.35216338714
530	10.0067180601
535	7.57191734082
540	6.86843422681
545	6.19612058275
550	7.00902468613
555	10.7072157474
560	7.22302371835
565	8.11050674527
570	9.25527468323
575	7.6720812317
580	7.80790104064
585	6.75561779866
590	8.17138808425
595	10.8593177209
600	8.4190124709
605	6.7334249861
610	12.1782419753
615	9.27480614373
620	4.83712336957
625	6.15916036957
630	4.7881738356
635	11.3453678376
640	5.47349400304
645	4.90516877559
650	9.07682192225
655	13.1211372596
660	9.05275158212
665	6.12124808685
670	7.95597332255
675	8.39134021236
680	5.98132792072
685	7.87929064541
690	5.31457479906
695	6.78767386708
700	8.17903364832
705	6.98008314268
710	10.0458974065
715	6.86355771431
720	5.21787522789
725	8.46012560005
730	13.7182916761
735	6.01447957754
740	7.05009923257
745	3.66397460607
750	10.459041324
755	13.4093024503
760	7.67679663699
765	9.04998890484
770	5.61617858423
775	9.20913012876
780	4.82644284442
785	13.4433126588
790	8.58835695493
795	6.27025727135
800	15.7865624624
805	9.16323575042
810	10.1464070643
815	7.28527580078
820	4.00959533689
825	6.61601539752
830	8.71317892302
835	13.2383757583
840	12.0786417989
845	8.48360724057
850	7.00836519944
855	6.84727424967
860	7.81069914892
865	6.72572660503
870	12.0042664226
875	5.72409604704
880	3.63824792688
885	7.89694617539
890	8.75993281167
895	7.86128713227
900	6.61795108308
905	9.12619809842
910	10.4498456086
915	14.1642944891
920	8.28695994886
925	7.82078763172
930	6.02004527946
935	5.45419513049
940	9.78316621574
945	4.41916272917
950	8.0640922437
955	7.47067409925
960	5.42749320393
965	8.76085330702
970	10.8638025239
975	14.6525820626
980	8.84098672809
985	8.49817306958
990	6.78233489925
995	9.84369410091
1000	9.97516642579
1005	7.78356276876
1010	8.47721640734
1015	8.09186268598
1020	7.71294556173
1025	8.31096571004
1030	8.5494444053
1035	10.6682122621
1040	11.9845439233
1045	9.74364419657
1050	6.62536280542
1055	12.7181733518
1060	8.33249478809
1065	7.5817284841
1070	5.46329557147
1075	6.83271349649
1080	7.32423939827
1085	7.67071962837
1090	7.89407833396
1095	10.6603325461
1100	10.5924257318
1105	12.2864762641
1110	4.27717391746
1115	9.11165473283
1120	11.0423840573
1125	4.43673403661
1130	14.812021566
1135	7.20969117623
1140	9.65861166384
1145	4.60878024755
1150	6.21488256268
1155	10.4499822991
1160	13.6007366844
1165	4.81814109611
1170	5.74329088033
1175	7.06214635256
1180	9.06250008841
1185	9.57234858522
1190	8.12896941689
1195	8.04722490842
1200	5.68183935972
1205	9.99303508894
1210	7.95597740925
1215	8.15761000371
1220	11.8687703864
1225	6.7850395896
1230	9.94562463449
1235	6.6120320497
1240	11.2063498018
1245	6.90643893984
1250	5.78099126172
1255	10.2219322645
1260	14.4357801785
1265	8.63014630913
1270	11.6632623023
1275	4.82779738637
1280	8.24222203744
1285	8.58831365566
1290	8.00213500408
1295	6.0684502416
1300	17.5379554843
1305	5.89262591633
1310	12.834746648
1315	9.81506016446
1320	7.46906407571
1325	4.43012096215
1330	6.80142021346
1335	5.50880268662
1340	6.15753902585
1345	8.08430953067
1350	9.36251788626
1355	7.78684633878
1360	9.80930858035
1365	9.38849298899
1370	6.8409285956
1375	6.52556746183
1380	13.9362186694
1385	6.1408725632
1390	3.93987570817
1395	6.01773980103
1400	5.51359194033
1405	5.95790951975
1410	6.14103154923
1415	8.73350345701
1420	7.81522236826
1425	7.97704081664
1430	6.64451321442
1435	9.61808513398
1440	7.94793677256
1445	8.68804643727
1450	6.55095566499
1455	7.27375023981
1460	10.5600331654
1465	6.8885678792
1470	7.00387907945
1475	8.37676944235
1480	5.06278864793
1485	11.5994296515
1490	7.96615338565
1495	9.20373559457
1500	6.14264530115
1505	17.7769048473
1510	7.46816802238
1515	6.87855047422
1520	4.80419508297
1525	5.80009429375
1530	3.1561377628
1535	4.51770715983
1540	6.72518311624
1545	11.444887731
1550	6.28982843817
1555	6.64108787204
1560	6.17918451536
1565	10.7921737441
1570	6.78026932986
1575	14.0890895946
1580	8.88750430203
1585	9.30513409825
1590	7.25997881527
1595	7.08065242609
1600	11.5921373332
1605	11.8150440248
1610	9.13047320027
1615	8.24752044829
1620	6.94343387569
1625	5.81957383902
1630	5.4501034272
1635	16.3389954265
1640	6.02246854457
1645	7.25182731595
1650	6.26578438216
1655	8.29215944566
1660	4.76135170046
1665	13.9446566358
1670	14.2577398223
1675	12.2838657143
1680	9.74377408664
1685	8.51476790543
1690	8.23360470318
1695	4.13977184436
1700	5.95280001188
1705	14.5673167169
1710	4.71398014753
1715	5.0264393271
1720	12.6020163571
1725	5.58970551501
1730	8.78743835505
1735	7.86153205107
1740	6.42646888436
1745	10.9715133372
1750	4.34674182018
1755	7.28092233402
1760	9.27998611687
1765	6.97052267331
1770	7.56750352981
1775	4.27774344083
1780	14.5323234269
1785	4.5072254245
1790	7.84250036944
1795	7.26584924676
1800	6.48584972447
1805	9.23478912997
1810	6.03761043967
1815	5.26185562986
1820	13.7305635417
1825	10.2029291461
1830	8.56461717242
1835	16.7885948197
1840	5.45082093267
1845	6.70258722416
1850	15.3852585626
1855	5.80861401992
1860	9.00678942975
1865	7.27567358171
1870	8.62266771317
1875	6.40180206815
1880	7.46658650992
1885	9.88297450528
1890	10.9459057934
1895	8.76763072891
1900	7.4885025504
1905	4.50912692265
1910	7.58312911986
1915	9.08155594352
1920	5.19949394422
1925	7.72288214089
1930	11.740035987
1935	6.92281354353
1940	7.57667945654
1945	9.39910677755
1950	7.43830213852
1955	5.06109755391
1960	8.42525889463
1965	9.86621872998
1970	7.25013401081
1975	8.9221090892
1980	7.86867667278
1985	7.64556715981
1990	5.83461257802
