0	6.08712886963
5	8.87130687305
10	6.56779338701
15	10.2672855655
20	6.93509460033
25	5.79925216676
30	7.29362328901
35	9.30273058355
40	11.0874167026
45	8.13137565872
50	8.09841812098
55	12.5814385154
60	6.44677352981
65	6.77301757214
70	6.45990213834
75	10.1774347441
80	7.23251257454
85	9.68258165885
90	5.0428358325
95	9.98699993329
100	11.7165328564
105	5.57866499297
110	5.59134065136
115	8.9533890905
120	7.17958961222
125	8.57031041764
130	7.63094647381
135	7.9455636909
140	6.3471345426
145	7.31558364945
150	10.6669057956
155	9.3418316615
160	8.07836456027
165	8.54729214961
170	5.75836977407
175	9.46172698129
180	9.08732410958
185	9.28969742985
190	9.56891320296
195	8.39973668066
200	8.92023779402
205	7.43270197696
210	5.81993945809
215	8.51640124477
220	10.6147067923
225	8.5812345466
230	7.13404735485
235	9.04781248172
240	6.98681085986
245	9.40815409606
250	8.55054685872
255	5.81983504286
260	7.11170714877
265	9.94823797113
270	5.47137647189
275	12.1818243856
280	9.0689576363
285	11.475617593
290	8.65656533092
295	8.88027024599
300	6.20218794631
305	8.08535645994
310	10.6782604399
315	11.0919998672
320	6.21124961023
325	11.1783493619
330	7.99160486236
335	8.64623676551
340	8.11941806262
345	5.4299022779
350	7.8685862927
355	5.74681650382
360	7.2703154093
365	7.23133925627
370	8.17419128091
375	7.87964609272
380	6.25604436277
385	7.2259297084
390	10.8860269517
395	7.16329668458
400	6.80705522521
405	9.04773440557
410	9.65100930877
415	10.5010333495
420	11.956098245
425	6.30814178394
430	6.78983449751
435	7.34814911266
440	10.4987826966
445	5.01043517555
450	12.0384582993
455	7.543468245
460	9.53426729174
465	12.8532829088
470	7.67068709447
475	7.78241764771
480	6.54593809329
485	6.72428795489
490	8.31836003193
495	8.19416474691
500	11.0489690365
505	8.70716418531
510	5.97288341876
515	9.41368433903
520	10.2656519864
525	7.40515665261
530	7.28318243578
535	6.8977532642
540	7.792839077
545	8.31182661302
550	6.67520422324
555	10.9967206272
560	5.66486166572
565	9.11209408099
570	9.54071887455
575	8.00574136746
580	6.35754779829
585	8.68930906927
590	9.7665274444
595	7.64974675074
600	7.36199790118
605	8.71284991804
610	12.8293974301
615	12.2323124391
620	7.22582082131
625	7.15849653082
630	11.926984795
635	10.2527702248
640	4.80870912554
645	6.7710446655
650	9.45168267438
655	10.5904081029
660	10.295506546
665	9.16402047614
670	13.0933853262
675	8.63827880916
680	10.4504230484
685	4.56438144641
690	9.84150584192
695	5.06062101224
700	10.5608526768
705	6.22071952359
710	6.85274990646
715	8.86944092003
720	7.66380054068
725	8.91440776363
730	6.43020491594
735	10.2563295612
740	7.94618103475
745	7.22527538257
750	12.2494579083
755	6.9262920581
760	7.82267072784
765	6.21447844612
770	7.47925899155
775	5.56170159513
780	6.46552764986
785	9.83595343963
790	7.68820168833
795	5.64089866326
800	6.11783944401
805	7.18716751394
810	11.8109330698
815	8.55750877555
820	9.51430505983
825	9.14463481994
830	8.93034944502
835	6.30864478132
840	5.44564983788
845	7.41185755318
850	6.82096711846
855	9.90864415894
860	9.55457528851
865	4.81126407687
870	8.86611270117
875	5.23212645171
880	4.87533372775
885	6.41751889888
890	9.90547767182
895	8.6836876994
900	6.86138546727
905	7.0278499946
910	5.43600567662
915	7.20679202159
920	7.71901778359
925	10.3532280061
930	6.09308131592
935	11.8694199005
940	5.84836174882
945	8.18190750357
950	7.12896169732
955	6.72899952834
960	6.90027783145
965	7.6287207831
970	6.59983786876
975	7.5950933821
980	7.6510567477
985	8.40395665744
990	8.96530426778
995	6.37890522278
1000	8.89492099148
1005	8.38545736992
1010	9.45450958988
1015	6.6043884051
1020	8.40009824683
1025	10.1109440971
1030	10.2613180611
1035	7.57765346699
1040	7.35761039907
1045	7.20440985666
1050	10.1479044102
1055	7.03429008332
1060	6.56202127454
1065	9.05215179631
1070	9.55514452546
1075	6.81867683108
1080	11.2583644626
1085	8.19117821513
1090	7.91862941041
1095	14.7116898122
1100	15.9090666442
1105	6.71564747752
1110	6.01409252425
1115	8.59260032598
1120	7.8801904615
1125	7.27278269659
1130	8.20804060014
1135	6.22121817144
1140	9.55551291639
1145	10.1279962299
1150	6.21095858307
1155	8.96504369647
1160	9.1454615409
1165	6.75104237262
1170	5.89785325999
1175	8.8016754612
1180	10.9166137629
1185	7.56706742383
1190	9.26625868438
1195	6.8292034634
1200	6.9246715594
1205	6.89486458094
1210	12.0753017154
1215	6.18642388192
1220	6.18488759461
1225	5.71406762617
1230	10.2310261422
1235	6.96884977086
1240	6.92849841669
1245	5.75434836224
1250	11.6492801478
1255	10.0662070146
1260	9.01640720002
1265	14.0014965226
1270	9.80645625287
1275	7.75955875037
1280	8.36525044892
1285	9.38353026087
1290	8.25950182438
1295	9.1002202701
1300	7.9157107137
1305	8.39392825426
1310	6.35067935329
1315	5.76581963135
1320	10.3580627874
1325	6.76478093874
1330	5.22075861216
1335	6.51503380324
1340	7.81797244687
1345	8.41316968574
1350	11.727978361
1355	9.54884596203
1360	6.16809548613
1365	7.8228334325
1370	6.31460301563
1375	8.25089358183
1380	9.14960270131
1385	7.12785554682
1390	11.6650124277
1395	8.06938795772
1400	8.28505606318
1405	6.36702756919
1410	10.904526713
1415	7.34630866471
1420	10.3169403948
1425	8.86310639379
1430	7.15952537692
1435	7.47885741334
1440	9.67399012321
1445	9.49522290982
1450	6.86832321259
1455	8.48351845618
1460	11.1336315127
1465	5.57685026874
1470	9.97960617366
1475	12.823733963
1480	9.03540911608
1485	9.88844883272
1490	9.5082003923
1495	6.70902166052
1500	8.43280144999
1505	11.4230836503
1510	7.3981847501
1515	6.37774491586
1520	8.17920523155
1525	13.6591745369
1530	6.97908256023
1535	8.3762801415
1540	5.35492609329
1545	7.8984831171
1550	8.90118397298
1555	6.14048813456
1560	5.88360761069
1565	9.71483208047
1570	4.68353431304
1575	7.48629227327
1580	6.53489990239
1585	7.12268133216
