0	9.51019470613
5	7.59966801373
10	18.9506100743
15	7.11624943757
20	6.12357941754
25	10.3436004429
30	11.5010695376
35	7.42877072327
40	6.23097766012
45	13.4190072405
50	4.9199727155
55	6.71904151253
60	12.0692749496
65	10.6315162417
70	8.55987833311
75	21.3352002459
80	10.2879038225
85	3.84274199432
90	2.82072644104
95	8.46973508978
100	8.91541436087
105	16.0835251939
110	9.28800764143
115	9.87109084315
120	6.0215170843
125	10.6503685569
130	9.79977776861
135	10.6013759937
140	6.2012208711
145	6.35943267081
150	6.75966299983
155	7.85389165551
160	4.93343859833
165	4.60819640214
170	7.46532895515
175	6.68258574072
180	10.7750065855
185	10.5638560907
190	7.29666009581
195	5.69492079015
200	6.10719876418
205	6.59208258762
210	6.78689593613
215	4.641691928
220	7.35942767982
225	16.8381997421
230	4.66491175343
235	6.10826934702
240	13.000715339
245	3.76909854937
250	9.17347372483
255	9.34112719427
260	9.25388310282
265	10.8814255992
270	10.7830240127
275	9.23507913121
280	4.69988478731
285	7.74377788121
290	24.1702836047
295	5.98115972792
300	6.8827074205
305	6.7736786147
310	6.9357721847
315	6.2025031843
320	7.02554738191
325	6.41213849703
330	8.63380109689
335	4.60117291942
340	5.50954943681
345	4.23917236796
350	3.64883801275
355	9.63056766135
360	12.3154680995
365	2.85260151449
370	5.8214050059
375	9.95378253619
380	13.5392137506
385	9.14525073831
390	9.43402329344
395	5.78088424696
400	4.64498350275
405	7.89625891472
410	6.57200106511
415	6.71908192578
420	5.70878964491
425	4.42384577997
430	7.52184151893
435	11.820087328
440	11.0100741556
445	5.750868828
450	6.11147730433
455	8.61635396826
460	6.93939559546
465	8.16698932116
470	6.73849308786
475	8.5768500128
480	3.0161425568
485	12.0652260258
490	8.78198458466
495	5.8410410248
500	13.9280226996
505	5.75400098531
510	5.19425385466
515	3.31277484889
520	7.13872251388
525	9.04424304574
530	5.27928742167
535	11.1536225283
540	5.4998193116
545	6.83301961172
550	4.83770241754
555	11.4521186805
560	8.8942930828
565	5.98933948881
570	4.36494099987
575	8.71295477237
580	11.2392329048
585	9.44780143977
590	7.3782407049
595	8.92690694004
600	2.8261925161
605	6.19731579735
610	19.1930609268
615	5.56347353242
620	8.4001966999
625	7.48181755451
630	6.56900772255
635	3.55775750976
640	7.50760018062
645	10.8198531004
650	6.75625678975
655	13.5626405702
660	3.94976250133
665	7.90986170076
670	8.45395023612
675	11.4230991406
680	8.93313346353
685	5.06850667427
690	6.71666567525
695	10.0436389508
700	4.93662893504
705	8.67927987052
710	13.1599017748
715	6.20048190326
720	6.36800066766
725	16.5663412944
730	8.31569823681
735	9.15141662336
740	11.9707022175
745	13.2849820455
750	7.58372808897
755	9.05837815991
760	5.74965121208
765	16.7323376268
770	10.0644937114
775	9.45359144049
780	4.69290108481
785	13.9281686008
790	9.79528143751
795	4.19932913724
800	6.43944185214
805	5.4540323752
810	8.32754567218
815	12.4955147033
820	10.6209508763
825	12.3970470073
830	10.1962522769
835	7.20264623611
840	6.98027285259
845	11.9921036123
850	8.75951892564
855	11.6722163001
860	5.96175802481
865	12.546855314
870	7.14029208416
875	5.87660550599
880	8.64772747224
885	12.743757049
890	12.4657778572
895	9.21564960584
900	5.55648249404
905	8.58382338678
910	15.1975432407
915	17.4586264031
920	4.95985409464
925	6.37345156071
930	7.10783667061
935	6.49738039607
940	20.3114206486
945	2.90731336673
950	8.99119397161
955	6.55772875931
960	7.26747807156
965	17.0999848093
970	12.087569765
975	7.84030402077
980	5.84045921286
985	3.4746037763
990	5.71244882453
995	5.80204625943
1000	7.71041479144
1005	7.73742361766
1010	8.46328652099
1015	14.6246753006
1020	5.32259710411
1025	5.12840822993
1030	8.14369600541
1035	4.33510050983
1040	6.90703122304
1045	10.0049365838
1050	7.64803604853
1055	7.12905355396
1060	9.26418743096
1065	5.21903232542
1070	13.0812976842
1075	12.0921864948
1080	5.12401576337
1085	5.67101935683
1090	9.86865093264
1095	1.8291458214
1100	3.51616859868
1105	9.72973964169
1110	3.34910827846
1115	5.33268730535
1120	6.55439710891
1125	14.4146828549
1130	8.12499140818
1135	10.7324835302
1140	5.54239505535
1145	7.89454950533
1150	6.63938210086
1155	6.16394596018
1160	10.0707225709
1165	6.43854686182
1170	10.6335733421
1175	6.91722144328
1180	6.84564244675
1185	6.17443696762
1190	6.31203932072
1195	12.0023048907
1200	8.25044530788
1205	5.87088338161
1210	7.54208613928
1215	7.75262919515
1220	6.36326561095
1225	7.71705239436
1230	7.77664777133
1235	8.45646618135
1240	8.31204435079
1245	9.06384850944
1250	3.628765903
1255	3.58910938916
1260	10.7785902602
1265	3.71201585893
1270	4.2006275538
1275	6.13176615339
1280	6.97939811095
1285	4.28614923325
1290	3.02599657693
1295	14.3597298019
1300	3.85236781108
1305	15.182249366
1310	7.58978535433
1315	5.13604640093
1320	4.03655267939
1325	11.4880020422
1330	4.17137689108
1335	9.16238153767
1340	6.64356399897
1345	16.4461102227
1350	5.49622560537
1355	8.70831874734
1360	7.70065890075
1365	12.7124222463
1370	6.6646588031
1375	8.78968443903
1380	18.029943092
1385	10.3281973241
1390	4.8118420118
1395	4.18815967285
1400	8.18962156271
1405	8.47911914683
1410	8.63121196852
1415	11.1636112169
1420	8.85535037581
1425	7.51968051183
1430	5.95469690216
1435	2.88210480848
1440	8.36850071695
1445	8.66460670969
1450	8.00749102691
1455	9.25042000837
1460	12.0040130551
1465	6.50662124758
1470	6.13547530696
1475	5.34566355643
1480	2.82077092939
1485	4.63339237543
1490	5.91940419924
1495	4.86311661461
1500	7.98256980175
1505	8.14692864065
1510	3.32545494066
1515	5.67126151286
1520	5.49364215443
1525	9.35934404332
1530	8.39211392003
1535	6.16689561284
1540	4.96180753743
1545	8.77008907169
1550	5.38094478608
1555	8.75360563155
1560	4.54010885463
1565	7.13443548522
1570	7.27684127934
1575	11.506248724
1580	4.84171392662
1585	9.17700997802
1590	4.66627842435
1595	9.53401466552
1600	13.570416269
1605	5.74083622584
1610	9.61776728065
1615	12.1280011314
1620	12.4386302107
1625	10.6596965928
1630	8.47698012587
1635	12.0608350536
1640	12.1584483026
1645	6.8054533205
1650	8.96378237532
1655	5.08314944671
1660	14.2485904509
1665	5.54077960613
1670	10.3721087349
1675	13.4371210902
1680	10.873673683
1685	6.36336248699
1690	5.36283898188
1695	8.30955055667
1700	7.15744211268
1705	6.78461527471
1710	5.85948404711
1715	10.611110757
1720	6.40353219871
1725	4.26700438121
1730	13.0767853857
1735	6.60007600872
1740	1.85154618095
1745	13.5777903787
1750	11.1260089884
1755	6.67955732091
1760	8.57939402042
1765	8.46388479457
1770	6.12070454647
1775	6.66375362923
1780	6.18793765494
1785	10.7408145687
1790	6.31030251512
1795	4.76911550235
1800	7.6540717224
1805	5.36280483946
1810	5.52288853346
1815	8.97389219166
1820	7.78606201051
1825	6.73993354221
1830	8.43348407405
1835	10.7095912205
1840	8.10604034001
1845	3.94998422604
1850	6.64202548167
1855	8.451714667
1860	3.73546219014
