0	4.51718008933
5	5.65141089528
10	10.6096870115
15	8.41986377475
20	5.14529910496
25	6.67215384553
30	5.68012530145
35	17.4152441765
40	12.4172089105
45	9.71539198407
50	6.67874133939
55	2.93464882477
60	5.99600121764
65	14.2820795542
70	12.9313265414
75	7.42403035333
80	23.9790864062
85	6.13518977409
90	11.1871911612
95	4.69094549385
100	10.7285073835
105	5.83150504776
110	6.18386867059
115	6.60766230601
120	14.1792524368
125	28.6768956052
130	3.33571433752
135	8.08580816518
140	9.51410370641
145	38.6414258121
150	3.82899566761
155	14.0329376751
160	21.9324389207
165	7.06535897738
170	3.67614276839
175	3.75129035899
180	4.82684465331
185	3.6815168265
190	6.67878002772
195	4.45820889218
200	4.99258074236
205	10.0962038062
210	4.24542689729
215	13.3072701435
220	14.1567698003
225	10.3163537075
230	24.5112074476
235	8.3075886437
240	3.92893425241
245	11.018702889
250	11.0445001418
255	10.2372300333
260	27.2967754862
265	4.72163661464
270	5.6437855736
275	24.6995500596
280	5.60797141455
285	6.99555619756
290	4.87141420895
295	13.4504934414
300	8.19438918509
305	6.85564716069
310	14.8019579771
315	3.99257137579
320	18.2507239563
325	5.08383953549
330	17.9186112126
335	4.88445764928
340	2.83929143096
345	4.00157317114
350	18.2400206203
355	12.6734446641
360	13.2525284862
365	7.03689193707
370	3.87428101816
375	7.45912038538
380	9.69254451794
385	14.8391286294
390	12.9676255825
395	5.40929179602
400	7.3665817344
405	8.7543233349
410	5.51510711617
415	10.6907599468
420	6.44625555319
425	8.46088567436
430	19.8398840491
435	4.47241446013
440	23.1960478067
445	4.8093668906
450	16.6731197331
455	7.70520747888
460	5.36236200251
465	9.13685940207
470	9.46602094902
475	6.62123692945
480	19.3336714831
485	8.00017514411
490	11.4594629653
495	5.34425642868
500	7.16283173702
505	4.15321777767
510	5.67680875849
515	15.5570166224
520	5.61437968392
525	6.96087562777
530	11.2139532241
535	3.85371012978
540	12.5093827764
545	7.38405900418
550	17.9077109127
555	10.2631731272
560	9.48295747394
565	3.23706990191
570	9.52811530448
575	4.25886661128
580	6.98991194608
585	5.76872071367
590	5.01482211831
595	7.33730370742
600	13.3101934901
605	7.40152677233
610	5.20822954284
615	4.57098405198
620	24.0098610847
625	9.5020134787
630	29.7380466672
635	11.717192035
640	12.6926237038
645	20.9405812786
650	15.1177770014
655	16.8956471594
660	19.4666849365
665	9.08183425233
670	6.11789621943
675	8.51989194198
680	3.83999210561
685	10.8359488628
690	5.22290888265
695	7.10735212664
700	3.37143649692
705	107.21922573
710	5.38524799553
715	8.20121832278
720	15.6676356863
725	72.810071029
730	8.34483006293
735	8.97898060026
740	6.8006404027
745	10.4119457891
750	9.40920499262
755	16.5420911283
760	10.675838979
765	20.661682783
770	5.54761270367
775	22.0791443551
780	10.5634942511
785	16.4951149045
790	7.12128569379
795	11.4436859453
800	3.28735501988
805	21.8337213159
810	30.7906984548
815	10.9279347383
820	7.60701360488
825	9.31526760211
830	14.7028287028
835	17.7501988269
840	5.52505428105
845	6.39473641297
850	4.94044757144
855	12.7166453395
860	9.16968698148
865	26.3002213981
870	5.84336104878
875	4.23798820257
880	22.8217384597
885	7.29087989049
890	7.91125262654
895	5.57443838281
900	12.770343321
905	10.4553445817
910	15.4444464881
915	105.077253544
920	8.07658557859
925	9.84073511632
930	6.1561499333
935	3.33998724189
940	7.20212787896
945	9.28956988421
950	31.6654819647
955	6.81789075758
960	10.3483786921
965	4.07891736455
970	5.40255583475
975	4.56773040668
980	7.29721971214
985	13.6748207591
990	25.8147513368
995	5.66512691026
1000	7.4237429018
1005	4.77543389432
1010	18.3388801573
1015	5.87634817085
1020	6.74521752524
1025	16.7110227645
1030	3.49858794733
1035	2.74802440159
1040	16.3246765804
1045	10.5370207088
1050	15.6327594147
1055	12.4451778085
1060	5.66326902679
1065	11.7646669237
1070	12.2288160045
1075	5.66559746243
1080	10.7223427531
1085	67.4957026269
1090	20.2328953024
1095	9.30231425728
1100	5.97257365094
1105	12.1242094572
1110	13.8091580144
1115	6.09131617583
1120	11.9723523652
1125	26.0302459211
1130	14.9357052926
1135	17.4890218421
1140	9.3433497956
1145	8.69641721859
1150	3.60748091616
1155	13.4436989921
1160	15.8738453699
1165	6.05367144594
1170	17.1232488474
1175	6.4092288137
1180	12.1279130363
1185	8.34007897333
1190	22.186717163
1195	6.15626609833
1200	19.665214826
1205	5.79521193528
1210	7.97378483705
1215	12.2808821289
1220	7.20617484029
1225	10.7777131847
1230	7.46664179737
1235	8.60344518341
1240	16.5183399776
1245	3.93632362695
1250	16.8626163698
1255	2.41566674709
1260	6.9947605842
1265	7.80026432099
1270	9.62549947863
1275	6.54896921342
1280	7.4941494787
1285	22.3375564123
1290	17.9966544601
1295	15.9253274748
1300	11.0501571221
1305	7.49581827264
1310	12.3861205275
1315	5.23959410766
1320	26.4120302774
1325	13.8224817685
1330	10.8261143186
1335	7.75136582868
1340	20.0056243927
1345	9.70312827069
1350	4.62400372249
1355	8.01548118256
1360	19.2293874785
1365	4.65738484839
1370	2.75249184314
1375	15.7319070108
1380	16.1779352242
1385	6.18404447984
1390	14.5443718768
1395	17.5488984466
1400	5.25689305485
1405	9.94071571005
1410	3.23818075375
1415	2.89891028641
1420	5.92377774443
1425	3.84427005662
1430	9.47619287916
1435	7.57606447329
1440	18.0176700786
1445	10.0709937128
1450	13.4353210331
1455	5.17927573178
1460	8.45490803556
1465	11.2546780161
1470	30.4745770265
1475	6.63433942582
1480	15.569133628
1485	11.4601104851
1490	10.8395160825
1495	11.2148873823
1500	5.37404261123
1505	10.9508709694
1510	12.7656078581
1515	7.56366081131
1520	11.8658635615
1525	7.85205613054
1530	6.48069281553
1535	11.4250673256
1540	6.49808836528
1545	10.1056599033
1550	23.1798779129
1555	2.797894256
1560	14.22368093
1565	6.83450539238
1570	22.8404142506
1575	3.53450191981
1580	11.5377730512
1585	7.61935884608
1590	7.04765206928
1595	7.89275344632
1600	9.29061615781
1605	5.52292278997
1610	3.47394181428
1615	11.8001998074
1620	12.5265299305
1625	53.1560680837
1630	6.72218366236
1635	6.2940612644
1640	11.7517913785
1645	21.0086596138
1650	5.67042279533
1655	9.18074470961
1660	5.95026699534
1665	21.3218315739
1670	14.0734650543
1675	26.0075480941
1680	7.42507193429
1685	18.5251299303
1690	5.1267538565
1695	8.10620167852
1700	10.3488934967
1705	7.10429920014
1710	2.31642576338
1715	8.88386321925
1720	6.85486235437
1725	24.1308869871
1730	20.3492027496
1735	6.51828190957
1740	9.46018827654
1745	23.430268114
1750	11.827228467
1755	7.01250173734
1760	5.53483779845
1765	7.26513076939
1770	4.77768085873
1775	5.75782476726
