0	5.6432771152
5	8.6883865531
10	5.20983024097
15	5.55791659249
20	12.5081020418
25	12.3816220988
30	13.547859336
35	6.95788519912
40	8.80380316986
45	6.09990934056
50	9.54730244081
55	14.5479529573
60	8.33555279924
65	6.64412676095
70	9.82133394024
75	6.36192907898
80	11.1145166434
85	9.21637269575
90	7.54312467595
95	6.09788494733
100	9.67301772299
105	9.23472839848
110	6.5794226667
115	5.16228265577
120	11.5844641698
125	6.15313848946
130	4.40226631623
135	4.54702599228
140	9.15741785852
145	10.2072925634
150	9.8596021507
155	6.82584231889
160	6.65709811035
165	5.63475206392
170	6.15200960377
175	10.9804556751
180	7.98932652285
185	8.8985580103
190	14.2218011135
195	11.243550316
200	7.66022102298
205	6.02591821544
210	5.7399571753
215	8.25743518108
220	9.24775890669
225	12.1132289309
230	6.1245834195
235	7.50595324628
240	8.55049493099
245	6.52104867776
250	11.4684119276
255	14.589814784
260	6.11800740908
265	4.56483919864
270	9.59812365075
275	6.79097127883
280	9.56967574455
285	6.60711351193
290	19.6985015527
295	14.0492220097
300	6.10990218145
305	6.57675102921
310	8.39156772241
315	12.4717009785
320	9.29418241768
325	4.76105655726
330	10.1058306952
335	6.11176083088
340	6.75368713697
345	6.05419168834
350	7.3169125957
355	4.45026063906
360	12.6960846938
365	3.3155476909
370	9.61800703364
375	8.54273789937
380	15.5628938251
385	4.32390796459
390	5.77202883673
395	12.8838806309
400	10.706693029
405	4.85096503272
410	9.16481185712
415	8.02672324073
420	10.9634221201
425	6.40725609349
430	4.9501352112
435	6.21446379792
440	21.8794723235
445	6.20978959246
450	5.40897302091
455	6.39405694312
460	8.15296342592
465	13.2043733504
470	8.5714659447
475	5.15441463543
480	5.4101248451
485	8.9463013712
490	8.70887998515
495	10.0432852571
500	6.82316708421
505	7.37212158893
510	5.50919653142
515	19.3806462592
520	7.42308482798
525	7.30899155685
530	3.78389048717
535	6.38805730308
540	7.0292453662
545	9.35791045862
550	14.5253810247
555	4.96232505345
560	13.7763593237
565	12.7377472097
570	6.13352119243
575	10.5016224486
580	9.23337933658
585	16.3826822574
590	7.26186471738
595	9.98843689829
600	9.61918228973
605	8.76261749824
610	7.76612362528
615	8.06163530543
620	6.62387823595
625	10.110959227
630	9.27519595103
635	5.13113561042
640	13.2547097801
645	13.106593472
650	7.91847423834
655	6.87625109003
660	13.6684777244
665	11.5030248969
670	7.32910026105
675	3.01191081992
680	13.1123755339
685	5.8020667503
690	14.6197274239
695	17.7722043477
700	8.26498613416
705	14.7009391594
710	15.2108800645
715	4.11351158075
720	8.71991041771
725	5.59850920202
730	6.22230218186
735	4.02969495557
740	8.50405921588
745	4.62727905193
750	9.02939884688
755	10.936324261
760	7.12696756037
765	8.85974831293
770	25.624272171
775	10.1566385565
780	7.6138138286
785	5.78561452525
790	12.0287766664
795	8.44178079557
800	3.99272929878
805	8.08908497021
810	9.04788395524
815	13.3568579937
820	6.6360008445
825	6.33050670414
830	5.84803186231
835	3.75769768664
840	4.48559134821
845	5.05556233864
850	9.49093072776
855	9.59471496437
860	11.7668041148
865	5.24662444963
870	8.81071577463
875	11.1085032091
880	4.20917099474
885	9.21680426988
890	8.92500768196
895	10.6681138655
900	6.75464487566
905	4.94850268568
910	6.50628138882
915	4.12885624141
920	10.0083837811
925	7.07611790244
930	15.3017041781
935	5.28851668013
940	5.29797275394
945	13.9547512107
950	5.59133851093
955	8.4818874842
960	9.63433810264
965	16.4786605942
970	4.6779177562
975	6.63409520936
980	5.56377487824
985	8.29753879231
990	7.77810590084
995	11.3051784424
1000	5.59312001885
1005	9.00720019231
1010	10.8980589086
1015	8.5647163644
1020	6.10473516451
1025	11.3663547924
1030	9.77399667125
1035	7.88349399966
1040	15.439260158
1045	4.62486546924
1050	12.8180710957
1055	7.29174303937
1060	11.5587934903
1065	7.54800677326
1070	11.83823289
1075	20.047238098
1080	3.80591936484
1085	3.09362045876
1090	7.55216846225
1095	12.795183532
1100	7.50286267503
1105	10.1330456667
1110	3.67973519718
1115	7.59316699278
1120	6.54068170537
1125	6.20898921311
1130	3.37106662911
1135	7.62398665893
1140	5.86935066223
1145	7.29492229922
1150	7.11196988527
1155	17.6063375438
1160	6.92651973292
1165	8.21624548974
1170	9.8234174919
1175	5.20153863401
1180	6.72264511409
1185	9.21999320814
1190	5.83707836015
1195	13.7912624632
1200	7.83329003597
1205	4.54623114736
1210	16.0940761426
1215	8.23584203014
1220	20.8419644147
1225	10.78789438
1230	10.6852513644
1235	8.11353476616
1240	12.7491425184
1245	5.83424635983
1250	5.02614289564
1255	10.3755201786
1260	6.6011548595
1265	4.93926659939
1270	9.39870249156
1275	12.9646683237
1280	8.00075733387
1285	12.852796424
1290	12.0199965365
1295	9.02339489647
1300	8.05749302693
1305	4.38730381189
1310	9.90621961203
1315	7.6423127784
1320	5.52281450826
1325	9.10375556059
1330	8.41671718822
1335	4.66070548449
1340	6.00613221052
1345	7.54872193645
1350	7.90990119931
1355	7.64936173107
1360	14.1343860661
1365	15.1146758151
1370	11.3821231773
1375	6.65862883573
1380	9.14030314479
1385	8.42482513791
1390	4.79438320003
1395	10.0896180693
1400	17.0384820856
1405	8.69135194088
1410	6.75451102004
1415	8.43054831009
1420	5.34767812642
1425	6.265683882
1430	5.61672766517
1435	4.80957708272
1440	6.42164955278
1445	14.2794181883
1450	15.373757151
1455	2.82324986006
1460	5.78169518809
1465	10.9727623338
1470	8.33231286189
1475	10.3214247561
1480	13.4878086904
1485	13.4065255652
1490	7.97813474993
1495	10.7379243319
1500	9.01165013257
1505	5.73657239462
1510	10.6048900133
1515	5.0020218051
1520	3.93178906721
1525	9.21075410722
1530	12.789949457
1535	10.6035023439
1540	5.37569269054
1545	9.99194649161
1550	13.7717554722
1555	9.38977359809
1560	18.2634946299
1565	9.11532628212
1570	8.45908070838
1575	9.39219855287
1580	6.44693932747
1585	4.84570020757
1590	6.51865746413
1595	7.36850741625
1600	7.85071101647
1605	6.37131105122
1610	7.76791930937
1615	14.7536596211
1620	8.09787574317
1625	7.62970721298
1630	11.863190136
1635	3.8751238784
1640	4.66530224272
1645	16.7398147433
1650	9.39921247834
1655	3.66947327642
1660	5.62355751751
1665	6.91765519644
1670	12.9148629893
1675	7.25149966
1680	8.39853192063
1685	8.59862580123
1690	11.7490740421
1695	24.4402446249
1700	8.883302543
1705	7.24844734252
1710	6.58713478043
1715	5.64065511794
1720	11.2628781077
1725	9.87083270915
1730	4.62429477666
1735	4.3882238944
1740	10.5554144859
1745	4.95211679367
1750	12.1798205846
1755	7.03036116274
1760	9.84097714773
1765	5.99442009282
1770	10.1318814125
1775	7.58670987737
1780	4.9300605763
1785	6.6535545986
1790	5.54187704209
1795	6.99904572053
1800	8.48265890713
1805	10.7354055993
1810	6.94702839883
1815	11.363481187
1820	6.50353453392
1825	8.31174631177
1830	6.82319172311
1835	5.82897009865
1840	20.7420891744
1845	5.43049957044
1850	10.5177446733
1855	4.87743957123
1860	6.31123000328
1865	5.89798028998
1870	5.81141901707
1875	6.35706476908
1880	6.92879708886
1885	8.22929642306
1890	9.38998261661
1895	5.75386297815
1900	4.89302179455
