0	14.8970331612
5	4.25932777336
10	8.96909462395
15	4.23185596256
20	9.40197617006
25	4.88981938653
30	1.64345591848
35	9.27383784731
40	22.4871173894
45	8.5122293089
50	4.70904606951
55	4.59768743416
60	4.55747901234
65	7.09718914052
70	15.4142763193
75	15.5269413372
80	12.9548107825
85	1.03668162228
90	5.39672683959
95	3.96297971168
100	4.88126349299
105	7.37201111066
110	13.0585022084
115	6.1466361161
120	26.4952669903
125	3.89676929843
130	5.17490702822
135	1.57279602605
140	7.47609917558
145	7.37336055768
150	12.6249332734
155	6.94129662872
160	16.845403038
165	11.0295134466
170	2.94716189686
175	24.5386900147
180	3.81397702594
185	2.39934363179
190	3.20642927401
195	4.31610514937
200	4.75150490654
205	3.53397717129
210	1.48905106631
215	2.51047771304
220	15.6026141055
225	15.4196406992
230	5.38885598742
235	2.31633112331
240	10.480008298
245	5.43788036457
250	3.5150078365
255	1.78522021491
260	8.74431879135
265	8.96000802642
270	8.86430046705
275	5.22625543975
280	10.0263719627
285	10.6905916484
290	1.89714298732
295	2.4573002307
300	11.0107700195
305	6.78377026527
310	6.13716331239
315	16.8752905514
320	1.99772228656
325	4.37429771108
330	5.13955996284
335	12.7649963031
340	6.76226270378
345	9.24370078954
350	6.06216010438
355	3.84977851708
360	6.26549039976
365	2.79945177316
370	7.59371281586
375	2.19926192361
380	5.91183819295
385	12.3509855429
390	8.13539827896
395	2.71502100335
400	4.58473009032
405	0.49134527402
410	23.7291366165
415	19.5149409513
420	9.84572103034
425	9.46718715379
430	9.19802115193
435	17.231911182
440	15.2988477144
445	7.94722595274
450	6.67359983511
455	8.78085221733
460	5.12589662551
465	8.42957056378
470	5.06880439355
475	4.37399574428
480	9.26178519801
485	4.20904503756
490	11.3055256426
495	7.76334611331
500	5.02090075949
505	9.27706010305
510	10.531280243
515	6.02949040875
520	2.69813672013
525	1.89408717685
530	0.803094885301
535	4.82904220603
540	5.09057097204
545	20.7672921086
550	8.35476713098
555	7.5204342072
560	4.53354747878
565	22.9865550941
570	3.50697446022
575	6.18603623853
580	8.17877334824
585	6.11996354171
590	7.12262236211
595	4.0712863248
600	13.6060342804
605	3.66678536688
610	20.0114970165
615	5.42786234334
620	5.14419014482
625	3.36856695263
630	16.3098846312
635	5.15078491759
640	4.97917905648
645	2.61209590667
650	8.34745675795
655	16.766518495
660	13.7410469448
665	5.38592338568
670	3.62773312488
675	4.27410148142
680	7.54231480825
685	8.08031246583
690	3.61943900964
695	8.81590332872
700	6.64348718453
705	10.2378341729
710	0.734994591032
715	4.37095154407
720	5.23096830077
725	14.1901604666
730	3.3958759283
735	7.48743384497
740	34.9221256886
745	2.95603471797
750	7.22723906019
755	1.12072255741
760	7.1431411868
765	12.1668678571
770	13.2296216787
775	3.72699787973
780	6.09609490909
785	5.93304421189
790	1.64937206803
795	12.2898806812
800	9.14696679427
805	1.92183882145
810	14.7216315655
815	10.1967831228
820	12.7565509204
825	4.39130719028
830	12.5682427878
835	5.37695876854
840	6.27241885415
845	2.55545360829
850	4.4901330124
855	19.266746047
860	5.23810779288
865	10.0606023435
870	8.89269278179
875	9.81268749804
880	5.56468615039
885	22.302577604
890	3.75142223067
895	5.98137105406
900	6.97365673622
905	4.66556088888
910	15.6697618187
915	13.0117893951
920	12.2724278289
925	4.24525293423
930	15.5305355445
935	9.8395809698
940	4.61082579525
945	16.4103007902
950	6.10819543961
955	2.44663912348
960	11.3317708012
965	9.31926918742
970	5.24865882211
975	8.66443297151
980	2.06723326133
985	3.38813530263
990	4.25207685052
995	12.5079186592
1000	9.95457616192
1005	9.08963260403
1010	2.93261110957
1015	3.85377410045
1020	25.6448430096
1025	0.799002426763
1030	2.00712718624
1035	9.88823254694
1040	12.1774470019
1045	14.3922792627
1050	5.90472086625
1055	4.94544199968
1060	9.37481934236
1065	4.46435560482
1070	14.9287962164
1075	3.40889368784
1080	4.54571623323
1085	4.43825714317
1090	17.1391044672
1095	12.3308997361
1100	7.74292607957
1105	4.20359404296
1110	10.8729780765
1115	5.63721513309
1120	6.58811015246
1125	7.40884918497
1130	3.40180276672
1135	5.80526474981
1140	11.7443213926
1145	8.37674121634
1150	10.1161540343
1155	5.16561205145
1160	5.70033474531
1165	17.1793076193
1170	3.50400656084
1175	1.20410252216
1180	5.81415006819
1185	22.1747873154
1190	2.4412707142
1195	4.64222484636
1200	6.63342048139
1205	7.0546491182
1210	6.66456052582
1215	1.84739098668
1220	9.58613458276
1225	8.41610212425
1230	7.41808693332
1235	1.14247782677
1240	20.4721232997
1245	8.7076421798
1250	13.4807604092
1255	13.9069784247
1260	10.4400734409
1265	8.25609310322
1270	11.7747513708
1275	7.46605274702
1280	5.20173038386
1285	3.83038575242
1290	3.4640912719
1295	8.13238808715
1300	3.10606840921
1305	10.2735735514
1310	8.56525873505
1315	2.81276752583
1320	11.8390393392
1325	8.33230340761
1330	5.66328376711
1335	6.03103849101
1340	14.7372429112
1345	9.09648294781
1350	12.2213379646
1355	9.75136977426
1360	5.27472549136
1365	7.28802661213
1370	4.8721261355
1375	10.0556206574
1380	9.64003064054
1385	2.59330046335
1390	9.21827245843
1395	25.0856232687
1400	7.03893392639
1405	15.1594783896
1410	6.56387917904
1415	12.0002366713
1420	8.35363756
1425	3.67726552444
1430	5.03706371947
1435	7.26078922044
1440	2.21118311795
1445	4.49714207807
1450	2.48089962298
1455	3.63297964393
1460	2.45643642865
1465	10.3142367102
1470	2.72537156916
1475	8.62005864962
1480	3.59992272999
1485	11.1417615828
1490	7.09368599227
1495	3.21164646316
1500	9.64715411984
1505	0.677205609689
1510	12.6812115891
1515	18.2630901368
1520	14.9242259526
1525	18.2010015781
1530	15.4271805689
1535	9.26699475084
1540	8.2101755362
1545	7.60934109988
1550	20.8725009309
1555	23.7268527682
1560	2.85687313515
1565	6.82458268268
1570	10.8245951584
1575	9.32647954805
1580	5.00449066139
1585	0.97679390029
1590	4.4422659843
1595	5.69376079539
1600	3.59992990539
1605	11.1765037195
1610	3.43655595433
1615	3.57522742832
1620	4.92246934995
1625	4.44479874763
1630	13.3619690437
1635	10.8692237418
1640	9.1529755044
1645	5.38465630716
1650	6.04664111814
1655	5.79326867514
1660	15.4283459308
1665	2.45629249457
1670	13.633133034
1675	10.0035513528
1680	12.5161875097
1685	2.42089146823
1690	7.73478382077
1695	5.73700083316
1700	5.04878803027
1705	2.00777799253
1710	14.8719785366
1715	6.33908494963
1720	8.32791467614
1725	4.85038810508
1730	1.83409498693
1735	3.38929876841
1740	13.0809855398
1745	5.01174915529
1750	8.01714463388
1755	14.5820853051
1760	11.0861782867
1765	11.7772923856
1770	4.59264267367
1775	7.18239132295
1780	8.46588602217
1785	10.8994418844
1790	7.74913001366
1795	6.40309921115
1800	1.65522879287
1805	5.76528603942
1810	4.61993804528
1815	15.635224806
1820	2.55324831219
1825	11.6020079129
1830	2.77001928325
1835	9.96059407135
1840	5.77392317812
1845	7.57686476973
1850	2.83930321928
1855	3.39573393297
1860	24.2345738575
1865	7.66145621322
1870	0.758071048484
1875	8.85506966556
1880	5.89810196594
1885	2.52742074605
