0	9.1676815989
5	8.14411802438
10	12.5866240064
15	9.24315748532
20	10.8045686651
25	7.89983464126
30	11.3197620456
35	6.12385880611
40	10.7047131561
45	5.69240846648
50	9.68516088904
55	15.5638794969
60	8.57907922769
65	5.06913098641
70	7.05522304311
75	7.42339556498
80	10.1063037999
85	7.78839449275
90	7.26980202983
95	7.59918584697
100	11.0954157367
105	5.71798611924
110	4.90839780395
115	8.18599083357
120	12.4911515264
125	9.90208915653
130	8.24629186
135	5.80769479725
140	9.13752549879
145	5.55097083253
150	8.05445435971
155	12.2806305
160	11.0116781437
165	9.02480141381
170	8.77963057901
175	11.1204389873
180	9.27808651398
185	9.77960830136
190	6.72727157345
195	6.06742334208
200	4.56162285565
205	5.9460996596
210	10.6421312444
215	9.65190963272
220	5.84172668607
225	6.88809025759
230	6.45495592938
235	8.20064260794
240	5.69713267332
245	4.85347975331
250	5.84521071463
255	8.28154316992
260	14.6825118345
265	5.44040192535
270	11.9721315212
275	6.14035653763
280	5.30194147417
285	9.14498105675
290	11.5615758471
295	8.33583683744
300	5.19133706701
305	9.90894936704
310	10.5297352508
315	8.34963081145
320	10.9290623115
325	10.2197989458
330	7.76876581365
335	5.29909229726
340	15.2914782846
345	4.98541431085
350	8.29299783615
355	7.96115571474
360	7.18014991614
365	8.1526373117
370	6.16689795416
375	6.22149823554
380	6.3415759251
385	6.37021957937
390	9.63766753574
395	9.03879265442
400	8.42026619335
405	6.1570829758
410	9.33736278576
415	8.16814805233
420	6.80003909033
425	8.48567031669
430	5.64366431138
435	12.7050865368
440	6.69873960703
445	5.50293495729
450	9.31479681321
455	6.39295088169
460	7.2033737488
465	6.13105418884
470	8.93666871897
475	11.5520495501
480	6.69516520195
485	12.6032668392
490	9.52548164091
495	13.2416896854
500	10.189294311
505	10.9019964235
510	6.60375650345
515	5.63224991484
520	10.0809722896
525	7.21672971218
530	9.84172955644
535	8.40391513346
540	10.1787859625
545	6.98962643784
550	7.69415474894
555	6.63099924999
560	13.4993394942
565	5.67875705663
570	5.65731938722
575	8.85553468605
580	13.1382018158
585	10.1399569868
590	7.33587150867
595	9.83532321492
600	9.34451708579
605	8.74260658777
610	6.85029059285
615	7.50330431335
620	7.99435860918
625	4.26169589078
630	6.96247702596
635	8.71158429464
640	5.76343462151
645	6.12459763726
650	18.2568293596
655	11.2376451616
660	7.01767399332
665	6.21209768551
670	9.81813707654
675	8.64706142391
680	9.88925374869
685	8.88530278892
690	5.60510006329
695	8.78411236927
700	6.46193593245
705	8.58369272886
710	7.39478631708
715	8.09419276875
720	4.83113417928
725	5.80721804815
730	5.49669038519
735	7.20931891671
740	8.58305943234
745	11.7297516436
750	8.62708970809
755	12.6357080935
760	7.28043728474
765	6.04255300528
770	10.7969679862
775	7.67864662098
780	5.4499315175
785	5.76158852339
790	7.86692818901
795	8.17842032976
800	9.19918078144
805	9.23093253408
810	7.06191510366
815	8.06110798907
820	5.59312209449
825	8.50790652207
830	8.92622063883
835	9.27655108411
840	7.95816204
845	8.61127163105
850	9.44430465382
855	12.5019705418
860	10.3379724615
865	8.36403312464
870	11.8367507206
875	8.22363479168
880	8.13804706259
885	10.3646583204
890	8.3725657822
895	11.64917145
900	6.5554650486
905	8.29895241861
910	5.82338194427
915	11.2705507669
920	6.47909799341
925	9.93846931126
930	6.92084986765
935	9.36981453221
940	8.81293039518
945	7.64788089155
950	7.0923643587
955	7.6187538333
960	6.45138885952
965	8.21675548414
970	9.54721637512
975	6.3978841597
980	9.69298034974
985	11.4203073572
990	6.29300266983
995	5.64648888236
1000	10.6351581285
1005	9.8049647294
1010	5.73555460673
1015	9.24227410622
1020	13.7699147157
1025	7.73141851895
1030	8.08929931879
1035	4.98005520161
1040	10.3027670935
1045	5.68984702444
1050	6.72558594856
1055	8.04001756083
1060	8.20746132723
1065	10.6202335002
1070	6.88370754981
1075	6.50440491805
1080	10.0488090095
1085	11.0017822461
1090	5.85619424248
1095	13.0888963501
1100	9.42607612725
1105	5.64503082764
1110	5.78980810261
1115	10.8524421868
1120	6.2651502052
1125	5.45942621906
1130	7.84139664197
1135	5.5529524849
1140	5.64831332283
1145	7.21403617617
1150	11.7461318934
1155	5.82793742259
1160	8.69654313143
1165	7.50045298924
1170	6.40503500215
1175	6.62393633536
1180	11.4742201802
1185	6.5189132611
1190	9.28597741648
1195	5.02939806744
1200	5.38328437842
1205	7.62027830699
1210	5.41814014104
1215	13.5680216316
1220	6.94619890602
1225	9.68626193699
1230	10.088756094
1235	5.63874461475
1240	13.1297792196
1245	6.96814157272
1250	10.5553962405
1255	14.2850408908
1260	8.37081439533
1265	8.5534632231
1270	8.13955536977
1275	4.67343318034
1280	9.51655428339
1285	9.39099535735
1290	10.9685492132
1295	11.5462134502
1300	7.59903561921
1305	6.95073604118
1310	8.40607068831
1315	13.3614350657
1320	9.88770379904
1325	5.2126950992
1330	6.48924841212
1335	7.98437128339
1340	7.1800089341
1345	8.36961435784
1350	10.0062312645
1355	7.89574705866
1360	6.19714006229
1365	6.47425976196
1370	6.28031320481
1375	9.93972456545
1380	16.8122952075
1385	11.2879983587
1390	6.70614367897
1395	8.62345419719
1400	9.33303379642
1405	10.2731505711
1410	11.3431996456
1415	4.604981016
1420	8.33268665739
1425	8.36097249852
1430	7.8704679996
1435	8.27414172287
1440	5.31788982389
1445	4.33890993893
1450	9.37023106051
1455	7.88779509378
1460	8.02832752089
1465	5.25092856496
1470	8.93521178717
1475	6.22455488223
1480	9.47291222539
1485	5.999997199
1490	9.20661733031
1495	8.66861849439
1500	5.26148517895
1505	8.7848260622
1510	8.78008183622
1515	7.60525176204
1520	12.0805996463
1525	8.52091955188
1530	7.76682288161
1535	6.48025556409
1540	14.5491609408
1545	7.07985097641
1550	4.99018826549
1555	6.56681293172
1560	7.30720475156
1565	7.58797184157
1570	9.11150305764
1575	5.16631145212
1580	9.20106886734
1585	10.2184083355
1590	5.09574526211
1595	7.34331606915
