0	12.7280956799
5	6.91972223524
10	6.6899689641
15	5.84198040109
20	8.26580078063
25	8.43484092334
30	10.5016306106
35	8.80704852983
40	10.4901489774
45	9.34141552157
50	10.2838179323
55	8.74619258265
60	6.62035518303
65	6.16584411366
70	7.44989197913
75	13.0281915151
80	7.7539659556
85	7.94376718774
90	10.2225812849
95	9.30919760914
100	6.18720081294
105	6.08707026378
110	7.58361255228
115	7.78611651395
120	5.98326925815
125	8.5961250309
130	9.51553775286
135	7.44536972802
140	7.69123727473
145	7.70999996253
150	6.92632807137
155	6.64257264103
160	6.27530630473
165	9.31343103553
170	9.362168593
175	10.9437959583
180	5.7026635627
185	10.5704717729
190	8.16949093498
195	7.89480754513
200	5.93610319227
205	8.45115980501
210	7.62282689148
215	6.30843677485
220	8.03227666627
225	8.41251610096
230	8.85998163608
235	7.39073787959
240	7.53286511371
245	7.04959526242
250	6.50338349638
255	8.52166186218
260	6.51252039878
265	7.28983683655
270	7.42140078175
275	7.56130605957
280	5.83691059593
285	8.09306944333
290	7.0994970167
295	7.56131046295
300	8.71365983168
305	8.57618912391
310	9.18347289494
315	9.1208455629
320	11.364486401
325	8.59896180377
330	5.20883485565
335	11.596053659
340	10.0397080472
345	7.17686308213
350	10.0183024297
355	10.2126915894
360	7.65837520976
365	6.26091825798
370	9.2866515556
375	5.53925141087
380	7.98602766549
385	10.1259574002
390	6.6714917028
395	6.64972443731
400	9.19830152643
405	5.60978591004
410	6.25308954784
415	7.39596578288
420	7.37307063833
425	7.18994995549
430	5.26411475716
435	7.49862377292
440	7.08704287379
445	8.75002051675
450	10.1123484523
455	6.37204624167
460	7.34631755939
465	6.61139062248
470	7.36713356001
475	8.5501099138
480	8.59334373656
485	5.09378819305
490	11.9282162236
495	6.10076448485
500	7.24829172596
505	6.01242583535
510	9.3840676712
515	6.29166237214
520	4.56549405302
525	7.91261608443
530	8.82548786677
535	7.10845408244
540	11.2585841587
545	7.5179731493
550	6.85456611033
555	5.67639478552
560	9.08986519152
565	6.16941788396
570	9.94751711146
575	6.04040812846
580	7.26905666597
585	7.73265840434
590	10.4391183867
595	7.40021454774
600	9.96289030544
605	12.3223167545
610	4.84348392346
615	7.76982547973
620	8.99455800672
625	8.8188956713
630	7.43554622088
635	9.76325777738
640	8.46490039471
645	7.9292781436
650	10.0007333382
655	12.3765680519
660	6.32045760656
665	8.12549997111
670	8.7373495208
675	7.43036835085
680	5.99804402422
685	5.77045627104
690	6.43926824785
695	5.16611960032
700	7.26006830917
705	6.83852329053
710	7.75635130183
715	8.5250386441
720	4.78703175939
725	9.06974666949
730	10.2379738046
735	7.46675092528
740	10.226129427
745	6.3043452031
750	8.76862988309
755	7.46604146983
760	4.86915413821
765	7.95488030886
770	9.45681859312
775	4.91248061646
780	7.76635481253
785	7.20588056173
790	6.841620949
795	10.0115656291
800	7.43033890625
805	7.66671676168
810	5.9230725008
815	6.68112273323
820	8.82209624791
825	6.50156400204
830	13.0252333633
835	9.39914627495
840	7.52506179431
845	7.16501939421
850	8.4222129312
855	10.508120131
860	5.29897944689
865	12.890523182
870	7.95147064729
875	12.5020308271
880	10.6359575655
885	7.79695944478
890	6.431801884
895	9.11958470571
900	7.68663351797
905	4.06001005907
910	7.90568827162
915	6.31236547595
920	8.12940518752
925	5.46859844718
930	5.65583443377
935	9.00090165685
940	5.77042993191
945	7.81968490925
950	7.44902649613
955	5.81410947829
960	7.28039903885
965	10.0114428071
970	7.11488151929
975	11.7306753976
980	12.5178875942
985	11.2813329147
990	5.97439741363
995	6.90240855564
1000	9.22114819162
1005	9.12666341619
1010	7.66688058928
1015	9.63696566115
1020	10.0561189576
1025	7.06619683868
1030	7.92506293948
1035	10.3992669902
1040	7.71250421405
1045	8.1528755397
1050	8.09645960934
1055	7.7352186654
1060	5.58673185206
1065	6.74851371833
1070	9.17250114177
1075	8.14701136761
1080	10.4205839961
1085	6.94495064486
1090	8.65195739043
1095	11.2867950224
1100	9.25282187917
1105	6.51049845249
1110	8.50088302426
1115	6.56621046951
1120	7.99973752268
1125	10.7892689396
1130	11.7070255793
1135	4.54524000836
1140	6.0912555761
1145	9.61816978295
1150	9.39617571136
1155	8.75059010378
1160	7.43010863972
1165	6.41132266171
1170	11.1750477848
1175	9.35213218355
1180	6.70630593257
1185	7.56512916889
1190	7.32336395496
1195	8.6914926239
1200	8.06942237667
1205	12.4567390485
1210	9.0432107431
1215	7.04665704335
1220	9.02330358238
1225	10.5491572024
1230	11.7854263461
1235	9.09374809863
1240	7.97991305357
1245	7.39303725906
1250	9.72370297695
1255	8.62089763658
1260	7.48652739122
1265	7.79277118294
1270	10.982147454
1275	9.02246588235
1280	6.33978245555
1285	5.70203781808
1290	6.2117192872
1295	8.07802137662
1300	6.75513079758
1305	6.04246931628
1310	7.44132194157
1315	13.59460908
1320	11.154034172
1325	12.2434460632
1330	7.19498450133
1335	8.74934903413
1340	7.54894225212
1345	8.42241837055
1350	8.64141638895
1355	8.11335430284
1360	7.25574300443
1365	8.25293003764
1370	6.69351456317
1375	8.6498890962
1380	10.0420890243
1385	9.61156194713
1390	5.22007037858
1395	7.77458179669
1400	8.22015005695
1405	7.21327554448
1410	10.7828632169
1415	6.71204703624
1420	5.61721243031
1425	13.8663650501
1430	11.8565861751
1435	5.83468223537
1440	7.71940472108
1445	8.92902649594
1450	6.13321172318
1455	10.3911851612
1460	14.4452224645
1465	11.4934205025
1470	10.3473958442
1475	8.05837991747
1480	8.40036241557
1485	6.66096110721
1490	10.3994110963
1495	8.21802526757
1500	10.8329278738
1505	10.3365902975
1510	7.30250663848
1515	12.2651412685
1520	7.56143944643
1525	8.16650556543
1530	6.99483552529
1535	5.89107876102
1540	5.48007661612
1545	9.34845614869
1550	13.426102638
1555	9.62569996524
1560	8.59598742668
1565	11.2456112188
1570	5.71758079623
1575	5.08227286256
1580	8.20075014583
1585	10.3267105943
1590	9.75403576812
1595	7.60892838765
1600	5.8566738078
1605	5.22170131007
1610	10.0028685538
1615	11.1347653068
1620	7.23471025707
1625	8.47473657827
1630	13.7724821953
1635	9.33504575929
1640	7.55892160106
1645	9.56317490636
1650	7.25242683647
1655	6.89295292249
1660	11.1139251811
1665	8.65889666834
1670	5.97367241739
1675	6.74704297073
1680	12.5968445962
1685	8.49516843432
1690	8.06086796689
1695	5.8868756509
1700	8.37018109316
1705	8.99260074345
1710	8.79863815473
1715	6.38075792894
