0	10.5427333843
5	7.46187367774
10	8.20087487477
15	5.28745660233
20	11.8851632986
25	5.82933753956
30	10.4867899267
35	15.0752211609
40	4.96166168787
45	9.05564533929
50	3.40570131606
55	11.2045503005
60	6.42991783204
65	6.865846768
70	7.30563675045
75	8.82322338855
80	2.14951333973
85	3.80772285247
90	5.79368879275
95	11.3372095005
100	11.1493136288
105	13.3346284423
110	4.51298528501
115	8.33960648115
120	13.562050218
125	20.1172637454
130	6.02875570784
135	16.0732372032
140	2.5807299099
145	5.35441082398
150	14.85003128
155	9.84283822094
160	1.00329230091
165	13.6532341864
170	15.758143428
175	2.30866336477
180	0.977495008545
185	13.9030323942
190	8.38274718803
195	4.84318340184
200	11.3816435676
205	17.8991334746
210	6.89977000033
215	4.33311693617
220	3.71850467969
225	8.07098811928
230	4.30999609403
235	6.71410594396
240	21.6006973702
245	30.1962842438
250	14.7483288687
255	8.00647682908
260	11.1682190276
265	5.48653703215
270	2.24948928712
275	7.32163022914
280	8.94767077871
285	0.655466347534
290	5.40137298765
295	1.31416115659
300	8.2613192392
305	46.7117570854
310	3.38840972325
315	12.2296410554
320	1.76688762591
325	8.50470372862
330	3.40131005262
335	8.73646440493
340	2.08520616472
345	7.2237947166
350	4.25781417904
355	8.60560963498
360	5.90036213189
365	8.2233955535
370	5.52048884927
375	4.47998100623
380	9.9922954805
385	25.298974475
390	5.81013024551
395	16.9970412083
400	2.86354036654
405	4.48625539107
410	13.1075524998
415	2.55652310231
420	6.37469667858
425	8.86876651499
430	9.5426025278
435	7.86013773959
440	9.68387569335
445	6.23564925668
450	10.5114565001
455	12.8005272615
460	15.4489735924
465	3.91453781884
470	4.74340172191
475	2.63799162642
480	2.9569525114
485	7.66504032594
490	7.29566219195
495	9.1823900034
500	3.35890116408
505	3.11737126611
510	2.64840141413
515	11.0373616676
520	7.79818955633
525	2.53742482422
530	3.54109117888
535	6.88470030787
540	6.63948543632
545	7.21956465464
550	22.7426965646
555	14.3655346885
560	7.80748273425
565	5.51271050154
570	3.22834085193
575	4.25868614305
580	7.48325111058
585	1.79563021101
590	14.2437619777
595	7.10766333443
600	5.47945109877
605	1.82907069644
610	10.3999844711
615	11.7566042879
620	5.03242888774
625	4.71028013998
630	12.3853351105
635	3.56492383108
640	2.66347158381
645	5.11679782336
650	7.32448821564
655	7.6870084333
660	4.46940509815
665	7.97429535638
670	2.8800727163
675	9.52298924481
680	2.63930478756
685	4.74885143516
690	9.41626818671
695	3.63818605594
700	13.567080104
705	8.55122600916
710	11.1410316378
715	5.95235690633
720	3.35711676715
725	17.8285269293
730	2.78991533216
735	3.02175930412
740	4.57024221399
745	5.75508607813
750	6.56070947946
755	7.19496492948
760	12.8230022464
765	12.8858588362
770	14.3108302446
775	3.49858350246
780	4.88099499184
785	7.07861870325
790	6.43098559487
795	17.5014012968
800	1.91420595455
805	7.04378296831
810	9.9793288984
815	14.5355594811
820	2.29401778011
825	2.37026867059
830	5.38493029107
835	7.50202550874
840	6.21438781938
845	21.8315369738
850	6.09149308018
855	9.40104373413
860	8.26871617173
865	13.6230916396
870	9.36816755386
875	3.65740244201
880	6.69225805591
885	4.08294615835
890	1.70256207761
895	14.5601675072
900	4.86593903383
905	7.08777646692
910	15.691371123
915	2.74703460945
920	20.2561454767
925	4.89978186653
930	6.32027126606
935	3.02989674187
940	5.84260026002
945	11.8852335197
950	7.32422561882
955	16.293162245
960	4.50239173192
965	7.69234517974
970	9.20290051693
975	1.73494199761
980	1.76104519069
985	4.45802214403
990	8.52613487741
995	6.03903588051
1000	2.91626451638
1005	3.73063336078
1010	14.7240125553
1015	2.08324764264
1020	3.47308573456
1025	4.95786422303
1030	5.51078328529
1035	2.71293381534
1040	3.48722069283
1045	7.21719561027
1050	18.6467045395
1055	13.8662237182
1060	5.93073660084
1065	6.45374263268
1070	4.66378694557
1075	12.9837485545
1080	7.9733044778
1085	3.77690646306
1090	8.78743539498
1095	4.65841504321
1100	20.2761701773
1105	2.69329590061
1110	2.45377595437
1115	9.51916094094
1120	12.5691650248
1125	8.81049118099
1130	5.99976348973
1135	1.21346521685
1140	3.32965788333
1145	3.90303803825
1150	15.7585692525
1155	28.346375492
1160	3.26804582214
1165	8.69935965571
1170	5.24416590473
1175	8.01537263181
1180	7.62167480878
1185	13.2286263821
1190	7.30826463658
1195	2.10001201527
1200	12.6143815807
1205	11.1160926776
1210	15.5255578617
1215	3.98281573584
1220	9.22488522159
1225	2.95310647095
1230	8.90341175011
1235	4.26062086256
1240	2.42596181452
1245	7.88360532502
1250	2.65449928612
1255	10.3339840149
1260	11.9458605288
1265	4.92404952561
1270	14.0849031786
1275	3.10469335735
1280	8.82039868724
1285	7.36993098755
1290	3.0732859532
1295	14.5213692283
1300	10.7794190785
1305	8.18308961568
1310	5.82836339248
1315	13.8468721885
1320	2.81467517435
1325	9.05097326706
1330	2.7188613163
1335	4.3410046701
1340	15.4578410693
1345	10.1863455058
1350	2.75706761898
1355	4.83473800795
1360	5.80219574398
1365	14.4028293371
1370	10.3791564915
1375	1.97504701092
1380	4.20321205977
1385	5.81205259252
1390	8.80850719043
1395	5.35357338032
1400	4.08791169159
1405	6.44660864788
1410	2.51217838734
1415	10.8363161572
1420	34.6662033549
1425	9.14121929457
1430	1.66411878273
1435	5.7141948091
1440	27.6210067292
1445	10.382421935
1450	6.45357290813
1455	10.9719319466
1460	14.794123241
1465	9.66376873572
1470	5.59316008608
1475	14.5139763334
1480	11.9046053891
1485	10.7215517727
1490	12.100587423
1495	14.089381408
1500	1.84700184425
1505	3.50601949111
1510	13.2286244629
1515	10.2502728162
1520	7.13658994865
1525	12.3206311629
1530	13.8893154882
1535	3.80814664145
1540	11.5022156585
1545	4.18819964763
1550	6.89219153624
1555	4.02066225645
1560	2.20468086256
1565	1.65607632414
1570	8.00530422736
1575	4.86603190296
1580	10.4047902268
1585	5.03410204237
1590	2.51833479275
1595	11.3696272907
1600	1.41834191417
1605	11.4196244304
1610	13.2081489809
1615	4.55049213857
1620	7.44015156059
1625	7.01080793954
1630	7.02963768069
1635	5.27905052656
1640	4.61319401411
1645	11.8406982268
1650	19.5161617914
1655	23.6889046546
1660	6.65257690201
1665	9.73252438384
1670	14.5908812991
1675	7.99904185444
1680	8.82355849835
1685	2.36139959964
1690	5.23033799115
1695	4.95352311923
1700	5.57861970932
1705	13.7381505578
1710	8.81253471001
1715	8.14969311106
1720	25.3617794218
1725	6.52078152021
1730	6.9811374152
1735	4.29603151955
1740	15.1263636484
1745	6.92686490436
1750	17.9153850702
1755	3.6085780713
1760	11.4270071893
1765	5.31370127594
1770	7.08845950018
1775	5.69575439277
1780	12.9472401233
1785	3.42430258256
1790	17.0460688103
1795	4.60230019217
1800	16.4601844156
1805	17.8084375015
1810	12.9662059102
1815	5.49987699544
1820	21.6268640446
1825	5.43807962229
1830	15.409550549
1835	5.18124379534
1840	20.0880380986
1845	4.58264555134
1850	3.07977997361
1855	6.59338821425
1860	5.42229817234
1865	8.51505162871
1870	9.59203719016
1875	10.5371732597
1880	5.39291656506
1885	4.17028139165
1890	5.68421791894
