0	109.499551327
5	29.277476507
10	49.5369379973
15	62.2048288231
20	21.1844162183
25	13.1665549711
30	3.50494844274
35	22.6516858751
40	3.01624532766
45	28.3373731909
50	2.90845802621
55	704.672099232
60	44.8386395666
65	9.96434710487
70	19.5184951811
75	253.262272868
80	38.7891880597
85	1.2748785428
90	63.1772638285
95	5.32699548459
100	191.569419077
105	3.69316479492
110	13256.2559811
115	73.6710467236
120	46.3333048917
125	1.82183004751
130	454.610271257
135	2.18015052418
140	5.352991825
145	194.597655887
150	3.80313347086
155	555.282117231
160	488.033383398
165	94.9708170018
170	4.18912304723
175	111.402902057
180	30.9310385945
185	29.8251332186
190	774887.781653
195	35.7351978156
200	215.281235634
205	0.756564648421
210	2.0279879347
215	6.72503398314
220	557.218445938
225	31.4419569069
230	9.95398496351
235	75.6666991192
240	5.15704604341
245	719.924423677
250	5.40142314971
255	27.662160904
260	43.7317822755
265	177607.227841
270	1196.25140964
275	3.11769722157
280	5.80332093448
285	9.89087248459
290	5.82881577076
295	165.914122593
300	34.5540135025
305	10.951029589
310	9.03764364364
315	10.027349529
320	47.716640704
325	55.0239264667
330	238.89947214
335	8.76561519425
340	1339.26702351
345	12.1800052533
350	46.2560811062
355	43.1336094623
360	32.7700497646
365	4.9248326008
370	30.5599462753
375	30.1382197365
380	39.6081518954
385	2.1510048556
390	3.42714818139
395	4.84668578449
400	4.16001924728
405	3.40794556849
410	8674.29885318
415	57.7731385006
420	11.0884109723
425	54.0502894392
430	11.2721544848
435	3.24125914345
440	147.65816021
445	23.6970644195
450	32.7410607523
455	4.99884720477
460	492.022193382
465	9.21725697748
470	4.58294940208
475	3.00168004984
480	305.389485406
485	1.63867301284
490	1034.01063281
495	215.743707359
500	2.4755852283
505	15.375133325
510	29.5564149156
515	8.33071698786
520	16.0266916578
525	3.68971944875
530	19.3929916604
535	110.855644913
540	3.11565482559
545	348.712845011
550	144.17339196
555	8.50136075708
560	56.5863485653
565	15.2107141775
570	11138.0379524
575	12.1857199722
580	4.06296827785
585	243.354802536
590	16.6073298089
595	17.9596136556
600	41.9702664997
605	2.73097624137
610	11.7753633648
615	27.4394091485
620	13.3938471603
625	14.8278870875
630	6.7602647426
635	8.45187058422
640	1385.23895748
645	15.5828342747
650	156.702200281
655	9.57890539381
660	7.48848229489
665	9.66330966551
670	21.2023460908
675	6.90835694894
680	6.05715102025
685	8.40286503248
690	750.533416224
695	1.38321362092
700	2.12174454618
705	157.015803492
710	3.96850057903
715	8.66977326497
720	5.27923012924
725	1.77332427056
730	211.22765232
735	3.2499424853
740	15.5555777725
745	11.1790411759
750	2.29429260765
755	44.0371552358
760	5.15366691365
765	48.8559194656
770	1.28231052987
775	1.67558676052
780	19.413583983
785	18.3937016128
790	6.97370747009
795	2.44209638526
800	6.98879157397
805	158.710221303
810	5.40691770791
815	17.3027744161
820	3.15713480981
825	3.14511030386
830	15.6834203428
835	2.56361312847
840	52.8961966442
845	1.65260710185
850	1.62880772905
855	115.721192973
860	17.0782477299
865	14.9774345553
870	0.99139876365
875	9.33094745695
880	108.363634185
885	6.72737215499
890	1634.14298966
895	2.29296700811
900	75.5483029432
905	5.23863615491
910	3.54293651914
915	1.31170002921
920	0.997587624429
925	1.20066381222
930	20.7167179141
935	25.7268889591
940	31.9751846327
945	18.8670137387
950	135.560843077
955	11.6075182035
960	6395.37594085
965	8.92732168135
970	15.5379749965
975	980.269588664
980	28.4993491728
985	11.6053135702
990	35.1004123153
995	6.1972012252
1000	193.923769322
1005	19.2551268872
1010	4.60674102633
1015	12.467568253
1020	13.6628602356
1025	5.80135840608
1030	2.80466047657
1035	44.6276365955
1040	3.09628584961
1045	1.31388382033
1050	13.1788063072
1055	25.1529662941
1060	4948.1510745
1065	37.2779949103
1070	31.997366235
1075	10014.7634998
1080	11.2185369167
1085	2.29903878463
1090	8.32628023591
1095	3.2145820309
1100	1.9338426585
1105	3323.82994244
1110	8.70141935047
1115	28.8610081772
1120	6.1108472418
1125	187.793198386
1130	56.7663226014
1135	45.941613677
1140	16.1724723368
1145	52.0297536944
1150	3.93366876795
1155	1.15160545149
1160	67.6542547697
1165	169.972873865
1170	34.8672366921
1175	6.37952882085
1180	319.934523688
1185	27.2643193474
1190	6.62845859214
1195	10.7469462736
1200	23.9152404956
1205	44.5400057864
1210	2049.62214309
1215	25.7772570246
1220	8.7616129124
1225	1.61976869925
1230	157.193479233
1235	2.02586547698
1240	7.05716053491
1245	7.40088627315
1250	21.8262047674
1255	4.27241248195
1260	16.0981119311
1265	4.32503471911
1270	8.14713476116
1275	2.0058533842
1280	11.2332342721
1285	7.27646339195
1290	12.2928926632
1295	36.5379372666
1300	44.6482817836
1305	2.39315682789
1310	75.4875425843
1315	59.9239648636
1320	0.830803021263
1325	34.6522275591
1330	39.6683738468
1335	19.5089823835
1340	3.17890493171
1345	8.0787931448
1350	8.26810245724
1355	19.2580142146
1360	2.8807224333
1365	37.8857794625
1370	212.094422261
1375	18.0165165945
1380	430.455291001
1385	4.08053185798
1390	0.819138077502
1395	3.94191756969
1400	14.6826195402
1405	5939.96208354
1410	77.1126419951
1415	9.02827212678
1420	11.1228189126
1425	5.07312112157
1430	46.5882033493
1435	76.2465985142
1440	30.5903982193
1445	8.9798672606
1450	18.7914218684
1455	1079.80429413
1460	217.498525299
1465	0.622377591817
1470	343.288306176
1475	1411.68740461
1480	6.23547681689
1485	171.548360009
1490	4.55383087641
1495	17.9299224459
1500	2.79665704869
1505	5.12688237495
1510	1.18829749134
1515	151.538916046
1520	6.77724987751
1525	14.6007043378
1530	7.02920550725
1535	9.96036308689
1540	88.9638701081
1545	77.6977926967
1550	203.517987536
1555	68.0983683385
1560	421.905960222
1565	1.84134614227
1570	904.599406287
1575	35.7997700504
1580	6.55718637023
1585	15.6811500303
1590	6.47829448348
1595	39.0557175942
1600	4.00201693647
1605	395.689119643
1610	5.38028137897
1615	29.096122874
1620	22.8273887495
1625	29.6302594886
1630	122.581239403
1635	17.2598442783
1640	16.1407665292
1645	29.3656416473
1650	4.5302451402
1655	3.68886137059
1660	50.5122874656
1665	2.3083777539
1670	316.698436916
1675	1.56026360911
1680	9.53055832069
1685	299.129395848
1690	3321.72311377
1695	3.90538663118
1700	3.33524471057
1705	12.35048083
1710	357.539783937
1715	43.7071444218
1720	1832.5912035
1725	4.03754506469
1730	3.53681066159
1735	48.7302679598
1740	3.30486345881
1745	18.1947743722
1750	2.41530874132
1755	52.841110575
