0	9.91470344282
5	6.06672138577
10	7.9683826288
15	9.36884997631
20	7.69982939424
25	11.9743427533
30	14.0213178551
35	5.81207889601
40	6.68859994483
45	7.94301221884
50	9.14045349842
55	5.27747193991
60	5.95538986224
65	11.1253882007
70	8.68352478139
75	12.1982964292
80	5.85379850523
85	7.6287547622
90	5.53808594844
95	8.81815759789
100	6.20688971102
105	7.5450727167
110	9.24877913258
115	9.51879799982
120	15.2408312786
125	6.47832371496
130	14.1096572186
135	6.79321824538
140	8.66947623542
145	5.10269827983
150	10.6322429414
155	6.26444093284
160	10.258150796
165	9.00366591899
170	9.26494850293
175	12.7129692168
180	7.57271647944
185	6.91993891984
190	8.05795538817
195	5.58092530066
200	11.4223823556
205	7.58993555323
210	9.76011646454
215	7.45770325454
220	9.49659848075
225	9.01198388817
230	7.61369125114
235	8.04870626017
240	7.50142066314
245	6.44248479567
250	6.668417505
255	7.18482672577
260	9.66958954804
265	8.54936931365
270	7.59950378379
275	7.76544774587
280	6.53499282852
285	7.41604454787
290	7.79548558985
295	9.18867442751
300	11.1829342087
305	5.13681017157
310	12.0072387766
315	8.75409829588
320	7.47832500532
325	6.48413062296
330	4.87696683663
335	6.73532571321
340	15.216539338
345	8.92795899396
350	6.8136869344
355	6.58323983377
360	7.77202518094
365	7.06601942811
370	6.84296295689
375	8.19689290502
380	8.10940582886
385	6.60377553088
390	5.66342483568
395	6.79528755267
400	6.7301614918
405	14.3173949105
410	6.0844401788
415	8.87880746602
420	10.9655188867
425	7.95991021282
430	6.67202708009
435	5.53604115318
440	16.7150987227
445	7.58476599362
450	6.18922254343
455	7.01512732971
460	7.91741288408
465	3.28594333283
470	9.7369377866
475	11.6299965261
480	9.49736815694
485	8.9594487428
490	3.88400859602
495	8.08383710907
500	7.97279270338
505	8.92318363225
510	7.88447627778
515	12.7415538544
520	9.14330155263
525	4.42073601546
530	8.04539979124
535	7.92289404589
540	6.99096133142
545	6.48070469439
550	8.13009175925
555	7.48515081471
560	14.6195137808
565	6.71402704212
570	7.78927162002
575	6.00561921402
580	7.7639990572
585	9.7323425146
590	3.98902661462
595	9.57405196663
600	7.17261787624
605	7.95294243532
610	6.81775887044
615	7.63167188641
620	7.66151234003
625	9.68286710925
630	9.55318760522
635	6.95715597322
640	8.83826584793
645	6.7850581145
650	7.62298025046
655	9.40508424867
660	7.1789389584
665	5.98573539672
670	7.89829112575
675	6.55135299786
680	4.92859169845
685	9.63880520679
690	7.24283432658
695	11.8782920259
700	9.94989849004
705	7.85779758151
710	12.0055438085
715	6.95870809346
720	8.37804514767
725	13.3156251521
730	7.73674647594
735	8.09603853586
740	7.45271550428
745	10.0502444236
750	11.4301021211
755	13.9999338646
760	5.05066009306
765	9.0143723895
770	9.05847398167
775	6.57613344821
780	6.53450246997
785	6.05505340289
790	5.72481582408
795	8.22776052651
800	7.77678402316
805	6.66966438164
810	8.42623761844
815	6.55267299996
820	8.27432622218
825	5.71232240857
830	8.5371078769
835	12.7019999507
840	12.6364974922
845	14.0456418927
850	9.52859641237
855	6.31892101534
860	4.15479257213
865	6.04631623624
870	6.29831089786
875	6.44437461593
880	6.02663215824
885	10.970877521
890	8.94841052995
895	5.86712336685
900	6.33865094749
905	8.26419731601
910	4.11310948264
915	11.3096673407
920	7.37155381026
925	7.98771630861
930	9.81629069964
935	7.27388102426
940	8.58054628186
945	8.37876495463
950	5.32790556575
955	8.3528332817
960	10.265241691
965	7.39219835519
970	9.63533814666
975	9.30353104129
980	8.73551090269
985	6.70175829392
990	9.14152866735
995	5.0579939922
1000	7.34458205275
1005	8.80311303815
1010	4.58833465243
1015	9.74452150647
1020	8.31765613495
1025	11.5405570485
1030	12.0588478622
1035	9.45150241579
1040	12.1137045946
1045	5.99935679946
1050	9.11038094488
1055	8.22167605895
1060	7.29638102223
1065	10.3752534542
1070	10.2212203487
1075	9.53132974137
1080	10.2349807166
1085	10.0639752519
1090	5.33830222799
1095	7.15944073028
1100	8.65693077148
1105	7.71651881197
1110	4.6769301164
1115	7.32810757638
1120	5.8304011014
1125	8.51163483419
1130	9.23147034287
1135	9.18463756438
1140	7.2743685804
1145	4.63180748811
1150	10.8907373728
1155	12.4263829736
1160	12.0378389189
1165	11.8263112795
1170	8.23547647431
1175	11.8665638228
1180	6.65138612938
1185	10.5040227257
1190	5.53549628713
1195	7.05371952076
1200	7.32963441713
1205	8.09363754655
1210	7.84842264109
1215	6.69224341154
1220	7.19371277553
1225	6.55995016696
1230	15.0608697585
1235	9.19376862305
1240	9.86829893692
1245	7.97125902717
1250	13.1732061409
1255	7.09198439846
1260	8.49165756299
1265	7.81207439031
1270	5.3931686161
1275	5.26638533311
1280	7.46973029929
1285	6.89928561072
1290	6.66029097163
1295	11.8228926396
1300	6.20261267179
1305	4.57732261638
1310	11.3204869155
1315	8.18976659096
1320	11.2107265637
1325	15.9916470855
1330	12.558200166
1335	6.54283051225
1340	9.24790166244
1345	6.29687918771
1350	7.89056832895
1355	9.79766278438
1360	12.4208117157
1365	6.53439754442
1370	5.42430101301
1375	13.7376442167
1380	8.22624258632
1385	9.88446494388
1390	8.3007012849
1395	9.61828787434
1400	9.52708455073
1405	11.3100110134
1410	7.81886934559
1415	11.1815998153
1420	7.32022452926
1425	6.1392083724
1430	14.3895738156
1435	11.1267335479
1440	7.32540992487
1445	7.80752138153
1450	8.16641098129
1455	8.96174118313
1460	9.2299722445
1465	10.6917770315
1470	9.9507016036
1475	8.49497207232
1480	7.74260940439
1485	12.8862672961
1490	8.91403663503
1495	7.73487460637
1500	12.1718396178
1505	6.04405665552
1510	8.88310289302
1515	7.69667743171
1520	9.64928935581
1525	5.19269831441
1530	6.16240550516
1535	8.05220044709
1540	6.38247532417
1545	15.3341318052
1550	4.79179372401
1555	11.4967370638
1560	5.57228709072
1565	7.77857491567
1570	11.8646069528
1575	8.42684415141
1580	6.57485683573
1585	7.88821007973
1590	9.06978324892
1595	12.8865983014
1600	11.2167849415
1605	6.66055309552
1610	4.67208724069
1615	10.7804136105
