0	8.92045429822
5	8.27539425989
10	7.64366345072
15	9.94165486036
20	8.11590955878
25	7.79404687319
30	7.01291156206
35	8.12996931365
40	7.09807130321
45	4.52353910076
50	6.51815342964
55	3.49513867322
60	8.65771545102
65	11.9777369628
70	9.17900120908
75	8.86787964184
80	7.11859713126
85	13.2503113774
90	4.42449056133
95	5.19420210373
100	12.6226967577
105	7.2753659365
110	7.96538188009
115	9.21589584789
120	8.79343663297
125	6.71270043971
130	6.685340416
135	11.081897288
140	11.1278849431
145	13.1570567692
150	9.65457972634
155	10.3880282755
160	7.37385537462
165	7.17839815389
170	8.51164124947
175	7.167098569
180	7.408923172
185	7.41184115255
190	8.60092497213
195	9.1990111458
200	9.26279218096
205	5.58188124421
210	7.96644124977
215	8.94667479776
220	11.2212414787
225	7.55541869763
230	6.06014401734
235	4.67314767029
240	13.8234193237
245	5.89874652734
250	12.0481411017
255	7.00641135356
260	8.93490217417
265	8.63313222961
270	7.8376760502
275	9.6628328471
280	7.09041741247
285	11.0649874977
290	12.7006630955
295	9.44587791911
300	4.22017116967
305	9.08466733144
310	10.0772679673
315	8.16495157778
320	8.07057354313
325	14.0162103256
330	5.78558002514
335	8.51240833521
340	7.03115169062
345	5.09803416913
350	8.04850259124
355	7.7333186464
360	6.27712408063
365	10.6341191478
370	10.0748970249
375	5.90770578899
380	11.2420885845
385	10.182530151
390	12.6427740905
395	7.65868207611
400	15.3305814827
405	12.593778653
410	8.17569709081
415	8.63112709205
420	6.76234685831
425	7.66703216045
430	12.6160977884
435	7.49165639459
440	6.97209513629
445	6.67477441762
450	8.47894906427
455	12.4998796105
460	10.0036239208
465	14.5750588414
470	7.59762143817
475	10.9661561468
480	10.9500429144
485	6.84190154388
490	7.84152673431
495	5.63034866324
500	7.66863535351
505	11.1491158003
510	6.63591005939
515	9.61011901581
520	9.32836590515
525	9.14632514025
530	12.2383065345
535	6.03035786493
540	6.98197087551
545	7.06371036376
550	7.83218123624
555	5.82993358289
560	8.05048048159
565	11.956032305
570	9.47628160106
575	7.64347422815
580	8.72441607829
585	4.66090474718
590	7.30272243105
595	7.82598886611
600	5.27973436115
605	9.89913351427
610	6.80472066908
615	9.77965642645
620	7.05501316453
625	6.65968070956
630	6.82809125244
635	10.7479405175
640	5.58788630691
645	8.71386030737
650	11.1533646956
655	11.4993008813
660	6.22688475258
665	7.41849730381
670	8.09724923725
675	4.63408614212
680	6.75468721901
685	5.20557333478
690	7.70225342658
695	9.29283692132
700	10.0995570432
705	10.3039544033
710	9.71818061242
715	8.67398452785
720	9.88699388621
725	7.27349739143
730	7.31121130162
735	6.00491316899
740	4.51793180182
745	10.4778417624
750	11.2044544392
755	12.4721857105
760	10.210341117
765	6.5158365588
770	5.44610589076
775	4.87544101008
780	8.1249047761
785	6.43129806093
790	10.4857160254
795	5.67024628459
800	7.02443804021
805	8.59866312363
810	9.21335649008
815	4.40052014121
820	8.00127331153
825	9.46945537106
830	9.01267425118
835	5.41504993149
840	8.71841522333
845	10.1761355108
850	9.45197214908
855	6.00611198789
860	6.1834420521
865	6.73472214214
870	10.1715989529
875	7.78838940319
880	8.5131272266
885	10.0093430182
890	11.7225775893
895	5.63118971881
900	13.0559637875
905	8.46217343304
910	11.995539258
915	8.24452732928
920	4.47264096952
925	6.0304915107
930	4.747318378
935	6.38377416943
940	6.72748274052
945	8.47220172404
950	11.308253165
955	6.44131446651
960	8.7418160659
965	7.11558792368
970	12.5067621891
975	9.80224164266
980	9.40978855236
985	13.2334721168
990	5.1705692428
995	9.99307041589
1000	6.06095995293
1005	5.8858273359
1010	8.57955469159
1015	14.3960325519
1020	5.73570566644
1025	8.80402355792
1030	5.7714418765
1035	10.2458077679
1040	10.0186426761
1045	4.59296013827
1050	10.6121296939
1055	7.40760705113
1060	5.35108473746
1065	9.4283774446
1070	8.66648008606
1075	6.51845444807
1080	8.08283516424
1085	17.1713201473
1090	9.45398981447
1095	10.1369493697
1100	8.96814060204
1105	9.11609066978
1110	8.00454555771
1115	7.79528392971
1120	6.27647522981
1125	9.74542000356
1130	15.1281916546
1135	8.2619696699
1140	8.66914596486
1145	9.82795621682
1150	6.34204304361
1155	6.03155213848
1160	9.15990474111
1165	9.68440304564
1170	9.20560478942
1175	8.38004688587
1180	7.31602903408
1185	5.52644688974
1190	8.46799465034
1195	7.97273634301
1200	6.7321255551
1205	7.77709297425
1210	7.1161997459
1215	6.92475174384
1220	7.41334630403
1225	7.95094895684
1230	9.14332939611
1235	7.00388327751
1240	8.03658911812
1245	7.58244057693
1250	8.01105322665
1255	14.0352384731
1260	5.73656897459
1265	5.71225357416
1270	8.41180056833
1275	5.47961287074
1280	8.93900407227
1285	8.97572269473
1290	12.1160777864
1295	9.63969749948
1300	12.7592290547
1305	6.3573503059
1310	9.11450184767
1315	6.50005865123
1320	11.86175045
1325	5.75835546331
1330	8.54360690429
1335	12.555483164
1340	4.64286588978
1345	5.50333772125
1350	10.164725924
1355	7.50125230566
1360	4.20857171874
1365	7.63373103031
1370	6.17420668115
1375	8.22337977689
1380	11.9049324404
1385	8.46462602349
1390	7.99828102423
1395	13.5305118251
1400	9.09867770509
1405	6.16870924377
1410	7.47064740056
1415	10.4716337453
1420	6.14581719068
1425	6.98976888275
1430	11.297550511
1435	7.90048669281
1440	10.0941604014
1445	12.2187123224
1450	9.64923535568
1455	11.2763629429
1460	7.38716840634
1465	8.06774797888
1470	9.32813507769
1475	6.94784459255
1480	12.5073551912
1485	7.48457735313
1490	9.22805169576
1495	8.54895995898
1500	9.32229618706
1505	11.8970034607
1510	7.95872659917
1515	11.7569902417
1520	10.6107435158
1525	16.966490109
1530	9.66925052143
1535	10.4976022476
1540	10.7532964121
1545	5.93905734479
1550	10.163140358
1555	8.01644221523
1560	5.72293728301
1565	8.60982501028
1570	7.4333436155
1575	10.2221650052
1580	9.39416457427
1585	5.85180929883
1590	6.67597976853
1595	7.03646563424
1600	5.23290635227
1605	7.28105001524
1610	5.67183228253
1615	10.0380910883
1620	7.31869493124
1625	11.42126661
1630	7.96906645849
1635	7.4989741791
1640	7.75278149294
1645	8.67444346376
1650	5.78539389951
1655	6.28854555791
1660	7.34057224082
1665	8.17713092097
1670	8.47629842626
1675	5.42612648714
