0	8.11615599144
5	5.76044885379
10	8.69449498369
15	7.98836068395
20	10.6824554359
25	10.4681260272
30	8.21218261837
35	16.1236907127
40	7.61179498289
45	10.9649757218
50	5.71923519828
55	12.4074623868
60	7.62364423198
65	5.18554629198
70	8.02975206031
75	9.14051090411
80	9.15902146645
85	6.62978168248
90	10.0207707921
95	10.2520826817
100	5.70685547972
105	7.21962131305
110	5.77979671775
115	4.22797592958
120	8.24566484259
125	5.19657935871
130	7.35080759555
135	9.15958780583
140	9.17746799081
145	10.3054377813
150	4.65782924928
155	13.5885089637
160	9.12999427728
165	8.70006372313
170	5.46433745072
175	8.89226288904
180	11.0991145671
185	4.81977637577
190	5.27745549897
195	8.15405811138
200	8.18011599757
205	7.47863088697
210	10.6726463234
215	8.5161377672
220	9.95043663251
225	5.32371774022
230	7.94604665699
235	7.70093925331
240	7.47926268153
245	10.3082340586
250	12.7710086515
255	7.20864568763
260	6.83747729234
265	7.20948955148
270	8.35877478335
275	8.32258219467
280	6.49953185024
285	6.81544582742
290	9.6407053747
295	8.96402061868
300	7.54139090408
305	7.03521078668
310	6.5265261592
315	6.45217808265
320	7.84077797352
325	6.37895976238
330	5.26973493523
335	9.046813489
340	7.46892440072
345	7.51945103954
350	7.98402487045
355	6.41831670173
360	6.53345406518
365	7.84506616145
370	11.535057622
375	10.985215646
380	7.85879395711
385	10.0992787155
390	5.89149659333
395	7.80517877953
400	8.75385503953
405	9.05638304113
410	9.06722110152
415	9.82653995463
420	7.31658038552
425	6.81388147639
430	6.11782649833
435	7.64480216486
440	5.67502265165
445	3.42225649412
450	8.33168071605
455	5.35628663105
460	11.4748734309
465	6.80463695713
470	6.09448893928
475	7.60894712604
480	6.92149668073
485	13.5209281924
490	9.49557031802
495	8.54493010242
500	9.79002373655
505	8.23024608325
510	6.69383637574
515	8.03240955632
520	7.20410396376
525	7.1325453262
530	11.9351021056
535	9.40887986534
540	8.37086601765
545	6.75262003906
550	6.22049121474
555	4.00151498234
560	7.8428936559
565	7.64841694874
570	6.82423217329
575	8.88744821374
580	6.43361195009
585	4.5777581957
590	4.76037690318
595	8.73352914644
600	11.3178128315
605	9.64510326016
610	4.71880800777
615	10.9644389998
620	7.22181346652
625	4.85522062596
630	9.2473991
635	9.10323597031
640	7.61590584419
645	5.97538780626
650	5.15951899362
655	7.53195170178
660	9.49025119563
665	6.91371394432
670	6.01690559338
675	7.57101085923
680	8.11035980418
685	9.84299761285
690	10.4963208314
695	6.19955216005
700	13.8572011581
705	7.48505068126
710	7.08802164059
715	10.4934252804
720	7.95768851635
725	7.47641559985
730	8.05817027996
735	8.54818642201
740	7.54812600817
745	8.95470313328
750	9.55235980701
755	6.48903851337
760	7.3353503777
765	5.55979233187
770	7.13409052496
775	5.77119022233
780	6.19577938321
785	7.24874987295
790	9.85125760848
795	6.26022471313
800	9.18929614066
805	5.69332886114
810	4.37425426674
815	5.23219353293
820	5.76810183837
825	7.93917234806
830	9.29752958893
835	9.20245848556
840	6.11104229334
845	8.58107353152
850	11.9313276614
855	10.5918118599
860	9.2836656378
865	11.4945702131
870	11.4366766849
875	6.46815584161
880	8.57874658412
885	7.19931962606
890	6.56991845819
895	6.31840778682
900	4.06967301897
905	5.74808014134
910	10.3297308068
915	6.5052945454
920	6.52926974405
925	9.17627191273
930	9.08608783824
935	6.92786271668
940	7.04321072054
945	6.80274099154
950	10.9464879158
955	9.36893738542
960	5.63754556001
965	8.56203285361
970	8.95988321195
975	5.39275330432
980	6.3118431598
985	13.1556271235
990	12.2826830651
995	9.62676103452
1000	7.70462481355
1005	3.87389513578
1010	8.3802209099
1015	7.97588478194
1020	6.52363933741
1025	6.20685014383
1030	6.38281924423
1035	6.54902693226
1040	6.37316102821
1045	6.39563659406
1050	8.95351320649
1055	14.1852843325
1060	9.68495554977
1065	5.74085119297
1070	9.23616925114
1075	9.44253977098
1080	8.10584625142
1085	7.43903693503
1090	5.77015985997
1095	9.88994400048
1100	5.95568063516
1105	7.17041797114
1110	7.49960323261
1115	6.74927065464
1120	8.00499727663
1125	10.5449385404
1130	6.01258870981
1135	6.67734400318
1140	9.37345725282
1145	6.20322036726
1150	6.32289581117
1155	8.30258732623
1160	4.78150175532
1165	8.7071901018
1170	4.14225917231
1175	8.50990307268
1180	8.38727377587
1185	10.5727410794
1190	6.39661148745
1195	11.6980135157
1200	5.59903842176
1205	9.07709735907
1210	4.372410742
1215	8.78321831744
1220	9.20537708003
1225	8.48051022423
1230	6.12326622368
1235	15.6239846783
1240	6.69513552027
1245	4.27071288522
1250	12.9406633013
1255	7.47178617458
1260	7.35061732881
1265	8.91817329151
1270	5.22953701763
1275	12.4275928961
1280	8.09989394373
1285	7.51547492569
1290	13.4008118539
1295	10.2338831844
1300	7.63658213705
1305	10.8305391371
1310	9.06953465809
1315	5.15850916301
1320	9.43318905683
1325	10.2965768336
1330	8.75460028617
1335	11.4588372434
1340	6.91865013298
1345	11.7286379208
1350	7.42830074688
1355	11.5583327776
1360	7.19070007396
1365	7.96550845571
1370	9.20567244256
1375	8.39936171753
1380	7.62508986943
1385	6.84360190309
1390	7.33157694941
1395	8.42707594082
1400	7.88486824794
1405	6.0816501638
1410	10.6332019073
1415	8.70700352573
1420	7.84384733332
1425	11.1141639793
1430	10.8859406251
1435	5.66940262256
1440	5.73433672149
1445	6.31862474473
1450	7.3170759441
1455	5.13457902524
1460	9.90094158884
1465	10.0346162508
1470	9.92698136844
1475	11.4286706088
1480	6.48322932825
1485	10.2671476097
1490	7.81125537053
1495	7.79860406922
1500	9.11697644728
1505	11.6187425338
1510	6.53358273025
1515	5.25052287025
1520	5.45666673272
1525	5.51337123547
1530	6.76951820247
1535	7.29185615329
1540	8.12958370856
1545	5.75508887778
1550	4.85591201665
1555	8.21535461966
1560	8.06646570804
1565	11.0495852982
1570	10.5246736177
1575	7.93370946611
1580	7.82133412601
1585	5.73004468408
1590	11.1258767375
1595	8.71781545133
1600	9.76520612543
1605	6.48407460054
1610	7.82350489923
1615	7.06011708551
1620	9.13622890592
1625	7.94879668222
1630	7.44262662615
1635	5.66704184815
1640	6.87294410634
1645	6.9674662334
1650	6.20028873621
1655	7.49910306586
1660	6.89417696088
1665	10.7359857002
1670	8.81752185517
1675	8.61517286189
1680	6.86412732875
1685	12.6882597333
1690	9.81840098185
1695	7.42569526155
1700	8.93220188092
1705	6.20314321294
1710	9.92694669689
1715	9.60747216639
1720	6.04827261135
1725	6.67474200166
1730	10.2165303674
1735	7.86328088632
1740	7.90284288721
1745	12.15143929
1750	8.43550220824
1755	11.3699213065
1760	8.3638237961
1765	10.5238854543
1770	5.71307512678
1775	8.00337267893
1780	6.55821566557
1785	6.19754447708
1790	8.61208771149
1795	7.40367447043
1800	8.8824434458
1805	9.70188411686
1810	9.24693592572
1815	8.21437757442
1820	5.26560273438
1825	6.5786607813
1830	10.5365735789
1835	8.53127925524
1840	6.27912521321
1845	8.2363835882
1850	9.23576222574
1855	8.93731971597
1860	7.68758401632
1865	8.88064089044
1870	5.69453654942
1875	5.49193675553
1880	10.9927119464
1885	8.62224225773
1890	10.2099729779
1895	7.92658785741
1900	7.83516944168
1905	5.23430182788
1910	6.82866851418
1915	7.01773502298
1920	10.6268889283
1925	7.676622967
1930	6.23778343924
1935	7.47095766458
1940	6.7983848626
