0	7.23808023921
5	12.4538138324
10	5.52862771255
15	39.3609386402
20	5.13695262351
25	4.66552057571
30	45.4045116112
35	9.17637028305
40	11.436911555
45	8.68403799327
50	5.94152456727
55	6.50356510392
60	5.53671020098
65	4.80627670544
70	10.3140766836
75	10.9981640419
80	16.9129866712
85	4.17639219746
90	9.74151923939
95	68.8289746427
100	4.34518849538
105	3.1749112939
110	2.29535129404
115	48.2695837653
120	6.0538954723
125	7.61884641689
130	12.1163522112
135	21.113197777
140	9.51066842343
145	4.86501496852
150	37.8790251048
155	47.2587455889
160	12.3582003865
165	13.5777790884
170	5.07662726436
175	3.67973330449
180	17.0593828144
185	16.1454882986
190	11.3599068999
195	4.37493696261
200	19.4233929091
205	24.0350675059
210	11.2793642561
215	3.53343416287
220	20.4220676934
225	27.6990061685
230	7.42666516965
235	14.0735060177
240	4.48252494496
245	22.4378979174
250	14.1523258338
255	8.62818681139
260	13.107111528
265	10.3383046978
270	18.75590885
275	57.8038720507
280	30.3713501672
285	15.0681845233
290	22.2580255651
295	5.38184982149
300	83.1257325149
305	41.4434331009
310	4.27275335831
315	18.6895770864
320	53.3292604595
325	36.7924459153
330	9.18756864753
335	10.8396160641
340	5.95070506411
345	1.9157073973
350	7.30140905635
355	79.2894709326
360	68.1704424042
365	4.99326448866
370	20.5337673673
375	11.8240669949
380	9.3227820002
385	27.2681692052
390	4.81704281114
395	15.0905264699
400	13.2650044251
405	3.70997346038
410	11.6270903226
415	3.32932069739
420	14.3262445535
425	5.97112522106
430	25.0081454044
435	11.222451
440	18.2668859917
445	48.4083310578
450	23.7383113231
455	14.7182427523
460	11.643605595
465	18.1940111017
470	16.4456271046
475	10.5999531666
480	12.8896002051
485	4.0341924659
490	10.9327258099
495	4.35135446623
500	4.70613163393
505	6.66615108688
510	6.25280525169
515	12.4816263894
520	20.878270413
525	32.2561069907
530	2.95970671545
535	7.01258462738
540	2.41094720669
545	1.68788426264
550	11.8990270064
555	2.21643019684
560	23.5547672183
565	20.5749447284
570	26.072991047
575	5.9180730532
580	12.6222407447
585	2.61862267046
590	121.114495377
595	5.08185296668
600	3.61490565397
605	1.33332390869
610	48.9900558118
615	7.82854649933
620	5.75247001105
625	6.02689255906
630	4.66119508434
635	13.3691607383
640	7.77010638222
645	16.2351856719
650	4.38566355373
655	4.06864659497
660	14.3456178259
665	5.10492628058
670	10.2987231815
675	9.38241775336
680	12.3130205817
685	51.5835950083
690	17.132771909
695	9.66205677812
700	5.05772246351
705	15.8107331607
710	14.9855414598
715	9.59634902096
720	7.94977886398
725	8.31904505455
730	40.4818548853
735	2.25947268635
740	3.10531305719
745	8.98382176934
750	9.52245762391
755	22.6359427431
760	12.0867022329
765	6.12702897545
770	2.29448272064
775	6.35962889097
780	2.57897227292
785	52.1686665339
790	13.834962244
795	6.23559246693
800	23.5628565455
805	9.23452896823
810	5.97143602708
815	1.58773713535
820	3.58026442004
825	15.4551867307
830	17.346799652
835	112.956581739
840	7.20359797848
845	5.79274242401
850	15.1964962043
855	11.3107836121
860	10.9090506225
865	3.0839013624
870	4.94299311242
875	5.33527382065
880	12.5533947597
885	10.6057063451
890	11.4636220931
895	3.8992955919
900	3.69073237826
905	4.88144986687
910	1.15892605297
915	4.22536936182
920	11.9815304341
925	17.2382317857
930	42.22439376
935	10.0973769568
940	33.1380725578
945	10.8343041021
950	3.57360118117
955	20.730958313
960	6.02463850697
965	13.2343646732
970	1.53644579721
975	9.74488455771
980	7.24267287065
985	28.3549921394
990	15.1165499207
995	4.63600888282
1000	16.6687025196
1005	11.6833270217
1010	3.30558798391
1015	20.596952048
1020	10.0712026257
1025	33.4302886143
1030	18.9258618374
1035	13.4960104834
1040	17.5018465179
1045	9.45346922328
1050	7.51453473203
1055	8.28702793912
1060	6.25265401745
1065	5.09189913493
1070	5.49062523638
1075	3.21411648768
1080	12.5616952479
1085	12.0172361734
1090	3.74172851595
1095	49.9334617784
1100	9.56385760194
1105	3.15698299952
1110	14.2591538418
1115	14.7885692505
1120	24.5266705972
1125	28.0991821113
1130	15.8959264614
1135	4.55834040412
1140	30.5074570037
1145	14.4340290004
1150	4.07922972518
1155	6.92793942054
1160	17.8289526862
1165	2.67623996369
1170	26.3886585474
1175	10.5027032087
1180	16.7371038482
1185	5.2682944936
1190	9.09199774871
1195	15.5963519461
1200	2.58947648624
1205	31.4059850704
1210	5.61946456758
1215	6.39974535392
1220	16.9335469967
1225	4.58506788416
1230	1.72129553179
1235	99.4192547552
1240	13.8778556797
1245	2.67050156016
1250	6.54430238631
1255	6.84856395788
1260	4.90822348117
1265	9.03503622477
1270	10.0995287494
1275	12.1744474185
1280	27.765184724
1285	7.70117819555
1290	36.1733232116
1295	7.31730215461
1300	3.37412185152
1305	15.7837967919
1310	4.76897223437
1315	7.12997909364
1320	29.9091996762
1325	14.4710577152
1330	11.907414029
1335	11.1180045942
1340	24.4888325652
1345	8.9625258429
1350	3.97962271731
1355	36.8039021942
1360	7.34930582756
1365	6.71322105894
1370	19.5609993337
1375	2.92210074349
1380	14.5734277383
1385	1.58896526164
1390	7.55626707641
1395	5.82392065328
1400	7.70965851525
1405	8.25386807845
1410	11.7144607028
1415	5.59833437244
1420	15.8580849449
1425	8.83599933636
1430	4.59572995358
1435	9.19674382264
1440	5.48006598298
1445	5.73725476368
1450	7.21913352157
1455	25.9861661045
1460	6.63450944046
1465	7.72311834678
1470	15.3835958324
1475	44.6654929951
1480	44.0458736586
1485	7.08186528662
1490	6.85903494631
1495	15.6825119061
1500	6.52239164487
1505	9.81461751155
1510	7.76739007829
1515	26.7299798204
1520	15.2903666904
1525	16.6748942217
1530	16.2920316483
1535	6.33969115794
1540	14.3087457149
1545	5.29132715387
1550	3.47677705967
1555	16.2023243719
1560	4.39374037988
1565	58.1701296163
1570	2.71647280198
1575	9.11871166333
1580	26.2707319586
1585	22.9381878955
1590	17.6409188733
1595	23.6623637064
1600	89.6774350246
1605	22.0343978839
1610	1.07890566792
1615	16.1439240087
1620	22.9019640724
1625	3.01725738792
1630	57.9469169029
1635	3.45207923026
1640	24.0291466978
1645	6.868987118
1650	18.3492042813
1655	33.3559873711
1660	8.93910868131
1665	19.8585117696
1670	2.04967329035
1675	6.87553353774
1680	4.45307894226
1685	10.1338132051
1690	4.21646022375
1695	2.34714871163
1700	12.3474027627
1705	37.8371590348
1710	6.39730797363
1715	24.3677233772
1720	13.2079677125
1725	44.711678537
1730	12.0276656469
1735	5.5585268076
1740	10.7840460882
1745	7.03576517135
1750	13.9776368685
1755	6.92795980715
1760	23.8069769286
1765	60.4226743549
1770	1.99748591032
1775	20.2947094199
1780	3.58687955386
1785	6.88437749868
1790	27.6856511632
1795	3.94914582806
1800	4.92086371494
1805	5.06599323439
1810	6.22099236157
1815	21.6945304441
1820	2.37736227825
1825	6.4232559418
1830	10.8354147351
1835	6.24813569706
1840	4.19080421333
1845	3.0753317587
1850	226.983249171
1855	15.5856279737
1860	11.1205293675
1865	3.60823659146
1870	3.36135892248
1875	11.2684287243
1880	14.325536939
1885	37.7972206291
1890	2.35232963333
1895	12.1958254946
1900	2.90064256957
1905	14.5263951472
1910	6.86871501147
