0	7.76235363607
5	7.61713998893
10	6.89562591388
15	8.12366293768
20	9.42058319489
25	9.87224809148
30	8.09823214526
35	6.95332741431
40	6.24056600633
45	6.16345914292
50	5.05043465204
55	18.5568638005
60	6.60131938397
65	8.73558006657
70	8.4470599191
75	11.962016434
80	5.17501505864
85	7.69608076938
90	8.79075038952
95	7.66121805861
100	10.2099663338
105	16.6039067787
110	5.18442416791
115	9.30381337803
120	6.72147800376
125	5.35245692313
130	7.20948021459
135	6.32047126287
140	4.66331244517
145	7.68716093851
150	8.05771222058
155	7.59096174002
160	8.37517161678
165	9.93763354882
170	8.26725370583
175	6.44107981843
180	7.08780297282
185	7.90642512067
190	8.72454653959
195	9.59284833804
200	10.6026290361
205	18.0163802501
210	10.1862640993
215	4.74815897885
220	7.70160317067
225	6.23516877372
230	11.7672994603
235	7.73342356914
240	8.94667340326
245	10.522248633
250	11.2143736762
255	8.47780881193
260	8.646270839
265	7.97338002654
270	8.87268073252
275	11.880775164
280	20.096100668
285	5.59658685174
290	5.94051130117
295	5.93726220653
300	7.68699107091
305	10.9629749463
310	12.3463439302
315	9.25100605118
320	7.25262559559
325	9.0671670556
330	7.49980937725
335	4.4927439147
340	6.22556946779
345	5.80076470551
350	12.3576631577
355	6.88606904378
360	10.0057850865
365	6.93161843932
370	5.76240948407
375	9.9081637195
380	13.3488590663
385	9.65890595766
390	9.70974077407
395	8.93878114277
400	7.75954928224
405	8.71201885086
410	8.09781437026
415	8.80513461296
420	6.69633097093
425	10.5388517323
430	9.25091578227
435	5.0521030803
440	8.38617341129
445	6.68410182847
450	6.95512324706
455	8.4388736322
460	6.72865133267
465	7.83944103269
470	8.27320301491
475	10.6118010772
480	7.53386385846
485	7.45055839275
490	10.7659867352
495	9.49816214035
500	10.3255987445
505	8.46094593696
510	9.43082636742
515	8.80775736799
520	8.1216956
525	9.61379437721
530	10.4747650796
535	11.1021213115
540	7.98001690111
545	8.0774866916
550	5.58749105105
555	8.97279389365
560	9.4198738711
565	13.255458446
570	7.23779137578
575	6.71551921757
580	5.89540286958
585	7.91835973642
590	6.95025515854
595	8.18192217247
600	9.37621026213
605	10.2436713114
610	9.36160196935
615	7.57842309053
620	6.50427122839
625	9.62647782019
630	7.81834565719
635	7.8199392245
640	7.36625815534
645	7.36121848184
650	10.8417361152
655	8.66599117607
660	10.7846578307
665	9.01396132966
670	4.94261716671
675	9.26390352858
680	6.62268026943
685	6.78159063676
690	7.42723992106
695	9.34096700862
700	10.730989027
705	7.70928549931
710	6.54953061354
715	13.0729327576
720	6.85063628146
725	8.52636965235
730	9.85599249086
735	7.35305774411
740	6.12250924107
745	7.57849335504
750	10.0899108895
755	6.16905326848
760	10.6147230804
765	9.6692309791
770	7.44850644744
775	7.04745032694
780	5.13189379858
785	6.4313275166
790	6.20649211296
795	12.1488441904
800	9.45080070415
805	5.88496562547
810	7.35673509633
815	9.0077403884
820	9.65820611539
825	4.90879470289
830	10.2572180733
835	4.21437860746
840	7.60263786997
845	5.00786954682
850	8.50301571205
855	5.7003679886
860	7.19341366856
865	6.41787298205
870	7.46056191714
875	7.6244051214
880	5.42727719123
885	5.1757826351
890	8.75752600414
895	5.16484264291
900	9.35639258748
905	6.76377775206
910	7.04726959842
915	8.76124881459
920	7.19295817502
925	13.2979140882
930	8.12755402217
935	9.86407124049
940	7.21367818007
945	4.63276683543
950	7.94695762834
955	4.69000456398
960	5.89812214021
965	5.31387829951
970	11.3050652118
975	5.77028874718
980	7.48893642928
985	6.99747502966
990	10.1530715552
995	8.20220207579
1000	7.77120469344
1005	8.27323968911
1010	5.24126605737
1015	5.47636532569
1020	6.49256820057
1025	8.51154309588
1030	8.56369989608
1035	7.96168488355
1040	9.53582462695
1045	12.6848598671
1050	8.94583508048
1055	14.7472161576
1060	9.1853665059
1065	10.0791541143
1070	7.09363371582
1075	8.35427214514
1080	5.92439314527
1085	7.34622917792
1090	8.40409479775
1095	11.2789898563
1100	16.0250555853
1105	6.17939488001
1110	4.68737110375
1115	8.62212575905
1120	6.84537980633
1125	5.52571315981
1130	7.42679983849
1135	10.9413016028
1140	9.00040569726
1145	4.7388420529
1150	6.35541160511
1155	7.27454360557
1160	10.5096419412
1165	11.6448931831
1170	8.59195975518
1175	6.64117207186
1180	5.34689092595
1185	6.72060899103
1190	10.1024941379
1195	8.55688368201
1200	7.16195231536
1205	9.34355085973
1210	8.69090345663
1215	7.18699025435
1220	6.18567610578
1225	8.93416463794
1230	11.1547926511
1235	7.81730128724
1240	6.38760442321
1245	5.77572470629
1250	9.94959165188
1255	9.19204619458
1260	6.47769278814
1265	5.11132005031
1270	6.25940155771
1275	10.2744197033
1280	7.95428634421
1285	16.7847324267
1290	6.61641452799
1295	7.95395624229
1300	7.61244822372
1305	8.84187907099
1310	11.2324343706
1315	9.48437044284
1320	6.34533156443
1325	7.99339482851
1330	6.11138655348
1335	9.43040281393
1340	5.18117087277
1345	8.22517770571
1350	6.97287359054
1355	7.58894967731
1360	7.42837170969
1365	5.24095300738
1370	11.4394688867
1375	5.07998836928
1380	9.77377720699
1385	10.2219958884
1390	12.8728337056
1395	7.37915406827
1400	8.41261256389
1405	10.1123333595
1410	8.24844397007
1415	8.3946135449
1420	14.8279416694
1425	10.6707671863
1430	6.36694187555
1435	6.09712325322
1440	7.66369313809
1445	6.25029177649
1450	9.37478177424
1455	10.3585937665
1460	6.68354093482
1465	3.425956587
1470	8.05898453878
1475	11.4229641476
1480	5.92301864423
1485	8.94415252492
1490	5.25827036189
1495	12.8717321766
1500	8.2871191186
1505	7.0925234229
1510	11.3699027753
1515	15.1528837246
1520	6.87646095393
1525	7.67025649276
1530	8.78801642617
1535	7.87714910322
1540	5.3910672376
1545	9.58288347323
1550	8.49614927229
1555	7.53902116356
1560	5.17701725513
1565	9.88716515219
1570	6.79152259178
1575	4.95532657526
1580	10.5936013725
1585	8.37369526713
1590	8.82161116176
1595	7.29852106151
1600	9.04783759074
1605	7.39599958627
1610	14.5463007361
1615	11.2967616837
1620	7.04376876053
1625	5.98369921937
1630	13.6770216929
1635	5.49458431095
1640	11.6376900497
1645	6.31841028849
1650	8.39674231329
1655	8.17789337932
1660	8.69385527749
1665	6.20698472313
1670	6.35276671784
1675	5.23108201229
1680	9.81528002501
1685	6.94895957705
1690	6.5159426878
1695	8.67968947062
1700	10.1554199469
1705	5.07688093171
1710	8.03072882558
1715	7.50473604399
1720	8.68960872538
1725	13.1133391989
1730	5.47976567323
1735	9.37551624677
1740	5.78361405714
1745	6.78809146291
1750	6.96664538027
1755	9.60348194579
1760	7.30351160484
1765	7.59281610798
1770	9.1571873228
1775	4.24447253426
1780	10.0612883207
1785	7.16792774275
1790	6.05992622502
1795	5.36903562124
1800	8.90655592023
1805	7.9203605051
1810	7.74103000587
1815	6.21377546435
1820	8.48329296648
1825	6.11347733916
1830	7.84094150883
1835	9.4042322936
1840	8.31979144441
1845	5.62946826434
1850	6.0620443872
1855	8.42056201781
1860	9.31129518878
1865	7.5420798855
1870	6.98798981264
1875	6.91094691916
1880	6.39267353598
1885	9.00108240667
1890	12.9268293537
1895	9.33207173328
1900	5.7372384721
1905	8.42073287212
