0	8.99074224079
5	10.5622935282
10	8.92542655354
15	8.37928293883
20	8.63025435734
25	8.97364662527
30	7.18623651467
35	7.26637800255
40	7.14122202031
45	8.53664447601
50	8.85579075617
55	8.76759660806
60	8.10416307216
65	6.7168030472
70	8.06379787003
75	6.96986836725
80	8.89070028592
85	12.5930967072
90	7.33199349769
95	7.91059495282
100	8.03594709018
105	8.49403620564
110	7.55804229352
115	7.85219281957
120	10.7468255293
125	5.86969420269
130	8.9080347371
135	6.78972053608
140	9.85649292537
145	9.67611358762
150	11.3731203579
155	11.144080792
160	5.53156616946
165	10.3252827615
170	7.56183188009
175	4.26014130513
180	5.34812082193
185	12.9661122605
190	6.61908756272
195	7.92214644411
200	4.87391504288
205	11.847445665
210	10.2945927426
215	9.46534418214
220	5.87561210293
225	9.69734096763
230	7.76446528281
235	8.0570427532
240	9.94498121193
245	12.9182310944
250	7.57684312338
255	7.75864095977
260	11.5380126646
265	6.00604565697
270	14.0812844889
275	14.4714637915
280	6.79846181437
285	9.9154119346
290	6.23883769139
295	5.51832598976
300	6.2889273034
305	9.24439674572
310	9.50484527736
315	6.71011498379
320	11.9510234285
325	9.6313709047
330	9.28158815365
335	13.1809035041
340	14.461771854
345	5.98879215778
350	7.90196127309
355	9.51834165313
360	9.97001075868
365	8.90451722093
370	10.7420651428
375	8.57816249301
380	6.64544104963
385	8.35684326775
390	6.64767571272
395	6.15922362238
400	9.11120687163
405	11.0413978474
410	6.5662811408
415	5.92098745506
420	8.69896253666
425	9.25671537251
430	4.81551660249
435	9.91336332768
440	6.62348434297
445	4.36366943839
450	6.12908250422
455	6.26733619905
460	11.6114039108
465	7.27090366801
470	5.30675861458
475	5.54157794945
480	7.24050398108
485	8.52760834363
490	7.85716731933
495	7.06664465873
500	9.60131307022
505	5.30370963089
510	10.2816754498
515	13.7656662925
520	5.80131813213
525	7.06689675022
530	6.37061962154
535	3.49396257418
540	10.7770337476
545	6.04882260389
550	7.83586794809
555	5.94083248677
560	11.0051104929
565	6.20597333752
570	6.75411272769
575	9.40727807208
580	7.11284916722
585	4.65460831923
590	9.41489213372
595	5.71237968874
600	7.43755249705
605	7.29109930565
610	9.14176107893
615	7.88239878795
620	7.97982813974
625	7.15408567624
630	5.14525832377
635	7.81795439912
640	6.67979122527
645	10.4934228933
650	6.29430901495
655	7.04925529795
660	7.50145678206
665	7.25572169666
670	10.1730685206
675	7.23018889947
680	5.80986333737
685	7.91609971518
690	6.69705106867
695	10.7026353544
700	7.59191670948
705	7.57721705835
710	9.6401504867
715	7.88763195973
720	9.48637353295
725	6.66898977834
730	12.4891143986
735	6.35675597521
740	8.05780546977
745	12.0363792815
750	7.70231117519
755	6.44294342877
760	4.56969222313
765	5.64499753573
770	5.57421944888
775	10.4244146899
780	7.40130900344
785	10.1656091025
790	10.3370966698
795	9.03507893017
800	8.35085205319
805	9.7906277579
810	7.18672246477
815	5.57703766259
820	6.25131561099
825	3.71853829895
830	8.29205007868
835	7.05065999316
840	6.20894926316
845	11.4563751967
850	11.9033145591
855	5.04134839896
860	7.82261143133
865	5.8547936091
870	9.71968767751
875	7.35893583744
880	8.06055908005
885	6.72067701952
890	9.96120846397
895	6.84201220695
900	6.47477297591
905	9.26568299108
910	8.29486842622
915	8.57527003001
920	9.82693108763
925	4.27310172185
930	5.86477340976
935	8.96217478805
940	9.02458200955
945	6.41513263267
950	9.15516598974
955	7.2156226887
960	8.12983474059
965	10.0293322578
970	6.49926377255
975	7.75010124811
980	8.27400564369
985	4.83597494799
990	4.699756053
995	10.6864178351
1000	8.69252383551
1005	6.20716256574
1010	7.15701360085
1015	5.89847831261
1020	4.47674185601
1025	10.0761827421
1030	10.5059088355
1035	7.03216237069
1040	6.42996342562
1045	7.01828223587
1050	8.52597772347
1055	11.2879334879
1060	8.38183064914
1065	6.71848310384
1070	10.8749264023
1075	7.09992302441
1080	7.44180548858
1085	6.13278539644
1090	8.09518240909
1095	10.7150865598
1100	9.66155350343
1105	8.48160029228
1110	7.09686230468
1115	8.00629897052
1120	7.28289499907
1125	5.89478958046
1130	4.81964312238
1135	5.88773681648
1140	6.72811048547
1145	6.39369188321
1150	8.69991937363
1155	7.83974809301
1160	10.8230149819
1165	8.39916472918
1170	7.90366946642
1175	6.37781484049
1180	6.266959957
1185	9.17634834584
1190	8.06572623167
1195	7.99766940627
1200	12.0169325231
1205	6.91236373741
1210	6.96876636144
1215	9.94705601249
1220	8.44541415886
1225	5.29843889491
1230	7.16584730716
1235	8.81285144824
1240	7.80276146867
1245	12.9470425738
1250	6.31951234813
1255	7.93192778016
1260	9.04659970586
1265	5.91703779038
1270	7.22329016744
1275	8.18148470988
1280	12.9457257767
1285	8.77591599686
1290	8.03309888108
1295	3.78231873579
1300	5.79354386552
1305	6.83241700672
1310	5.88421554793
1315	7.9517785257
1320	7.8463485417
1325	9.81633610607
1330	6.9699883743
1335	7.92702891249
1340	11.3728911204
1345	12.6572639336
1350	5.09572852146
1355	4.3975277153
1360	10.4031498952
1365	7.92795165321
1370	8.48643878192
1375	7.38588842932
1380	5.72635468966
1385	5.09891162967
1390	9.61057354376
1395	6.24132153048
1400	8.20422096603
1405	8.79823967425
1410	5.77624991683
1415	6.59850761344
1420	7.29321861888
1425	8.90828403492
1430	10.25400004
1435	6.41057231367
1440	8.81152233787
1445	7.44782684111
1450	5.03488401585
1455	11.5533494352
1460	5.25661263391
1465	11.939672288
1470	4.72208447969
1475	4.77755928337
1480	5.55001982003
1485	6.45685149751
1490	12.5259331859
1495	5.17202953775
1500	8.61561382586
1505	5.68928758906
1510	3.59127749245
1515	9.98335606577
1520	6.5407943935
1525	8.24114786972
1530	6.19621694527
1535	11.6056090709
1540	5.73950796121
1545	4.29219985527
1550	9.6217790917
1555	6.17255476023
1560	7.64373036083
1565	4.99637985947
1570	7.63323139966
1575	9.0495631322
1580	7.90967124287
1585	9.59326547206
1590	8.64341184953
1595	9.38353355916
1600	6.90092650806
1605	7.80312735762
1610	9.77225008749
1615	6.16860671243
1620	7.15165823608
1625	5.69728985813
1630	8.7580048166
1635	8.9207025745
1640	10.2023653424
1645	8.43423972307
1650	7.85708543283
1655	10.4202035388
1660	7.96128197449
1665	9.19403834497
1670	8.31396768463
1675	8.84144115209
1680	6.19662782214
1685	7.46912813818
1690	6.66022310592
1695	10.5345747749
1700	7.70806543759
1705	7.76698382754
1710	12.671775633
1715	5.77299558889
1720	4.82455563514
1725	7.94980815992
1730	6.46982543857
1735	10.3704970389
1740	6.82006537951
1745	7.65815007931
1750	6.99181745083
1755	8.40130740738
1760	6.12988760715
1765	8.54616176081
1770	6.22639466503
1775	6.16668532732
1780	9.36703650064
1785	10.105164721
1790	10.9052184363
1795	7.36360886193
1800	8.67204399184
1805	5.69856684333
1810	6.13740401031
1815	7.32436771809
1820	8.22082461707
1825	9.53879698133
1830	10.3285895793
1835	7.10002840193
1840	8.0705586209
1845	6.14895321515
1850	8.72033848135
1855	9.53101241932
1860	10.4524300668
1865	7.19162547399
1870	8.92967762066
1875	11.3804114927
1880	6.83446538387
1885	7.39927582234
1890	7.7328917389
1895	7.6678084475
1900	8.06374696097
1905	9.59117101593
1910	18.6276326297
1915	7.52412920402
1920	9.90652273753
1925	7.61206541376
1930	7.82211812709
1935	7.42011357059
1940	11.8533646712
1945	9.73320474173
1950	7.07892784856
1955	8.99465803075
1960	8.23576636999
1965	10.0930746043
1970	6.29045155173
1975	4.54420160972
