0	9.67215988385
5	4.93336601462
10	3.80230395071
15	9.64636176704
20	9.83651325773
25	5.43065478743
30	11.2786405873
35	5.44051455838
40	4.91923755524
45	5.43442262288
50	13.4068671484
55	14.7113788939
60	10.9345466686
65	6.5179654677
70	5.15346350978
75	5.6124408226
80	7.32597833963
85	4.32719154663
90	6.73933084664
95	6.15190994441
100	5.72862300835
105	7.7677000219
110	3.94262164578
115	9.40354241118
120	7.87588236367
125	13.2951066098
130	6.80531749528
135	10.808719899
140	7.44637728196
145	11.8780829393
150	5.34628852983
155	4.09533284401
160	7.92200377125
165	4.95896854161
170	9.63744209193
175	4.32643683184
180	8.29589709332
185	6.61871245687
190	4.92340206423
195	16.3059089172
200	18.8520610165
205	18.6767869991
210	10.172726802
215	10.2923584136
220	8.62619295342
225	12.1145326268
230	8.64846869248
235	9.07166111835
240	6.73769532359
245	6.61928000654
250	7.23103049379
255	6.45748012282
260	5.16877145777
265	6.22416499049
270	5.99768714172
275	11.4638012336
280	14.8934334565
285	8.58207012429
290	5.90618798455
295	6.78723280928
300	6.09234177593
305	4.78261482734
310	8.26458806311
315	6.52489484704
320	4.59869003079
325	8.76783210255
330	9.09946706499
335	10.561754715
340	13.1702733496
345	9.39971093906
350	6.15043016412
355	10.2398675359
360	21.131689593
365	7.91469834995
370	8.2265756185
375	15.2362544409
380	5.65263584036
385	8.68655772562
390	8.60645290805
395	8.36301334308
400	7.99081517368
405	4.68479803992
410	9.07873477576
415	7.06534405856
420	8.60110015944
425	12.6051938845
430	6.18279800746
435	6.85126024644
440	8.33148489224
445	16.4538727795
450	5.41209676396
455	9.38755172855
460	10.5197838089
465	7.0928669748
470	4.39993201937
475	8.09157695584
480	12.7462935895
485	7.02197302355
490	4.22015312681
495	8.46662734658
500	9.5915698557
505	10.6629268196
510	14.3670369842
515	10.2330225351
520	10.0348343823
525	13.2340063642
530	6.5294073766
535	8.91800813337
540	7.32474070391
545	11.3498112265
550	8.94862725415
555	5.84664974388
560	9.70438262747
565	8.84723347429
570	7.35716446864
575	10.7898984262
580	13.5098161422
585	19.4594757186
590	7.88399822516
595	13.8379612436
600	7.18834703325
605	10.7778857364
610	9.34431088807
615	12.412739843
620	14.7814488478
625	9.05169177277
630	3.65942317321
635	15.5405457559
640	7.70101846622
645	12.4822036492
650	4.35218785368
655	11.2782111714
660	16.7083332949
665	6.8321515435
670	4.81375620129
675	6.77974710497
680	12.7038287534
685	14.01540752
690	7.20687927083
695	5.47692808448
700	6.59362777006
705	14.9220078022
710	10.7642088674
715	9.50756565596
720	5.99361811994
725	8.58699417164
730	9.59674205838
735	10.897500981
740	6.22279564186
745	8.84895793046
750	10.1904031768
755	6.91666511204
760	10.6063071301
765	7.09555842376
770	8.68722645974
775	7.29936935948
780	7.11510970508
785	7.94966860028
790	5.173716342
795	6.38097986404
800	5.86620045151
805	8.76924604153
810	5.96506365449
815	9.85042827901
820	18.4542362492
825	11.4055544025
830	4.51072014651
835	13.0557979146
840	9.64350808161
845	3.96189045434
850	5.84132757385
855	8.58143970772
860	8.29456876358
865	9.58736586185
870	7.99358911704
875	12.3656072516
880	11.2662543348
885	5.04357233177
890	12.0051215121
895	8.36833692757
900	4.63976039751
905	9.22184133414
910	7.22030362364
915	15.2854444093
920	7.87795545949
925	6.40516031954
930	9.00616891125
935	9.73270880433
940	6.4806973407
945	10.6193829419
950	9.45785258486
955	5.91533612468
960	5.6939330413
965	5.49582524464
970	18.8872787167
975	6.11735134614
980	16.3503716962
985	11.7270234243
990	9.84772330093
995	8.95234465192
1000	6.24941719819
1005	4.26139302749
1010	12.8713452961
1015	13.5451464493
1020	6.45752023677
1025	9.19305370097
1030	9.61702449524
1035	8.60492561605
1040	8.83296498266
1045	12.7402708817
1050	7.45660981933
1055	10.2092178054
1060	7.20850609343
1065	7.93096790613
1070	9.29686374801
1075	7.51801161066
1080	12.1459634522
1085	10.6207595158
1090	4.14683276096
1095	7.67848403928
1100	9.7456394117
1105	9.67202966331
1110	6.27904781211
1115	4.70421467796
1120	5.53172412091
1125	6.01346268808
1130	12.6675389834
1135	6.58139916353
1140	7.6606968539
1145	8.14101095998
1150	9.2377052652
1155	8.61559952356
1160	7.08654171538
1165	5.32579445432
1170	6.2044566101
1175	6.25468468477
1180	4.78688477816
1185	10.9186673324
1190	3.94340052621
1195	8.95994670016
1200	4.81358111518
1205	8.77446344582
1210	9.29512661957
1215	6.78857805697
1220	7.97138577232
1225	11.9381853098
1230	5.12654842654
1235	13.3308254585
1240	8.56701061434
1245	6.70962433072
1250	4.03735980862
1255	7.01672201343
1260	11.7414150583
1265	10.0667852674
1270	7.52301413953
1275	8.43548288248
1280	5.1894764335
1285	6.89923316538
1290	11.1781486712
1295	10.4349126733
1300	5.45878374854
1305	7.28603337089
1310	5.19790591504
1315	7.75068488788
1320	9.07166096447
1325	6.67567746483
1330	7.85635674946
1335	10.5763759535
1340	15.8909902717
1345	6.89837898861
1350	7.56801522872
1355	6.50379813636
1360	7.29655667648
1365	6.03398944574
1370	4.26337528729
1375	6.45535439865
1380	7.38711619788
1385	5.23367827114
1390	11.5942688969
1395	7.130783997
1400	11.4260975817
1405	11.0036133463
1410	15.2533076194
1415	14.0234209499
1420	9.17883141453
1425	5.84876044645
1430	5.07048201093
1435	5.13616017778
1440	14.9467516538
1445	11.6306422953
1450	11.0124276634
1455	23.4292181578
1460	19.6433661658
1465	8.68583993789
1470	6.93665181845
1475	7.29937198077
1480	13.6325304549
1485	10.4268669256
1490	5.63376419709
1495	6.75425306025
1500	4.89516595144
1505	13.1412019574
1510	14.2802921756
1515	3.92793128346
1520	7.67655198134
1525	9.3543140469
1530	10.0007301083
1535	9.9634192044
1540	10.6829761698
1545	7.1698466025
1550	15.4659769376
1555	4.89279729058
1560	3.11840340215
1565	3.27419417013
1570	4.01990894985
1575	6.09697476716
1580	12.8308379895
1585	10.3736827797
1590	5.96923031725
1595	7.66679839967
1600	10.9811049212
1605	8.6920690107
1610	9.08468027467
1615	6.91144068014
1620	4.15225866721
1625	9.9687705545
1630	5.34332897823
1635	6.0342502932
1640	5.98438899531
1645	10.4924441301
1650	8.69778268231
1655	8.02858865683
1660	5.77881254137
1665	12.9902075474
1670	11.4396998049
1675	9.09867292652
1680	7.95137318759
1685	6.39342801942
1690	16.0539227414
1695	10.1548079258
1700	9.11903813435
1705	7.4920726653
1710	9.76950308423
1715	15.5840245155
1720	12.1769715064
1725	8.20674030146
1730	11.4427777042
1735	10.5694067461
1740	8.38883178297
1745	10.4452151516
1750	9.99750126846
1755	4.23728568013
1760	7.76174108559
1765	3.4808015118
1770	11.9488956243
1775	7.16286655392
1780	10.1527985727
1785	8.88569139522
1790	7.42258369644
1795	19.2847693432
1800	7.37403534181
1805	4.20832481526
1810	4.21447930787
1815	8.21940849921
1820	5.76131845458
1825	9.0767015513
1830	5.19915638515
1835	4.06603301182
1840	9.4133816943
1845	8.39626398019
1850	8.66334939354
1855	5.79370656381
1860	7.63222703781
1865	13.7830864907
1870	23.8438937908
1875	9.90124235202
1880	7.51588261514
1885	6.54907640044
1890	3.54290122096
1895	3.33633849846
1900	10.1142254211
1905	8.49927024097
