0	9.46693027683
5	4.78983504212
10	8.10914589508
15	21.9241735249
20	5.92945093477
25	8.70850273215
30	6.6525691551
35	9.54688465689
40	8.48920487895
45	7.07621558512
50	10.3313354996
55	11.1722664868
60	12.2654850588
65	7.66416038596
70	7.00278602741
75	9.14063382619
80	6.66588030168
85	5.9295830143
90	8.07993675429
95	14.7329154111
100	6.53990226981
105	9.14659201228
110	8.71820686987
115	6.55475960923
120	6.80005912885
125	5.81812948203
130	7.83809102727
135	6.53649386423
140	10.4439806026
145	7.21246062474
150	7.5362136518
155	6.47099869945
160	4.72719759378
165	9.27813991573
170	6.87500482805
175	14.4727019662
180	6.44289582373
185	6.21642693659
190	10.0028861083
195	11.2854695761
200	6.3964009108
205	11.802000164
210	6.48707607862
215	9.60779701611
220	6.14600474814
225	14.3835871378
230	7.4484597908
235	8.03612142619
240	7.82144965842
245	8.10371153459
250	3.71179394813
255	8.18109411319
260	6.58460626952
265	5.49326800117
270	7.29387744595
275	14.9306833218
280	7.23125179454
285	10.2028714423
290	9.79513902391
295	3.77754668524
300	4.54128225873
305	6.45369551578
310	9.06052932897
315	4.16098981277
320	8.79115875072
325	10.6148206216
330	8.07679786802
335	7.44985362609
340	9.04080016837
345	15.3595719787
350	4.83778346234
355	12.9115981216
360	8.1126647116
365	7.06143814902
370	17.7212613232
375	11.8740843624
380	11.5207261141
385	6.96611439827
390	7.29298084654
395	8.359013703
400	7.22481472177
405	11.6531348752
410	6.37627161207
415	4.57662589947
420	7.23255383649
425	6.56801137832
430	9.77974869663
435	6.45824373288
440	10.3130320444
445	13.8561419463
450	10.9378897929
455	7.89363464464
460	10.4301298778
465	7.07175614811
470	7.52400585039
475	13.2549996477
480	10.6803854649
485	8.07944637373
490	11.0809687269
495	9.26351047829
500	6.01845485181
505	17.2038494337
510	10.6078450884
515	4.91679280933
520	14.0623212976
525	11.6422799542
530	7.29998851114
535	6.31220823547
540	7.73999928417
545	5.54507868262
550	10.1572220159
555	10.9696577865
560	9.01800648222
565	7.93205642897
570	9.02336114476
575	14.3494494485
580	9.71602922719
585	7.95205733164
590	11.0362926202
595	8.87948168573
600	4.98518870158
605	6.78980061154
610	7.29091351911
615	13.8655729285
620	19.4078594018
625	15.3886635119
630	6.44874155771
635	5.72419965189
640	3.77389793761
645	5.68673507445
650	11.2601921197
655	7.5249523751
660	15.5547169074
665	6.79690681662
670	8.47104668391
675	13.7265361922
680	7.93499610138
685	6.4141717797
690	19.1282857198
695	5.58827656071
700	10.0926107806
705	7.20391845664
710	6.49367157682
715	14.3306984455
720	13.5736508827
725	6.70364684057
730	6.53446362247
735	11.4020925454
740	8.88719581004
745	19.4422877812
750	7.3837762881
755	7.07562724165
760	10.8105109835
765	17.1170853931
770	3.31770221429
775	8.40520845619
780	10.6146524422
785	13.9966249705
790	10.5065683412
795	10.8502550986
800	8.21675460846
805	11.758265965
810	12.0051748212
815	7.22133921763
820	8.01919114726
825	8.3703277406
830	6.81157031932
835	7.60154461568
840	7.50123296059
845	6.94120004129
850	7.92459019182
855	8.36768443904
860	11.0806321393
865	12.075712639
870	14.2798193133
875	8.1512845774
880	10.5330465521
885	4.97923889141
890	8.97780226237
895	7.3399936311
900	12.6026269064
905	11.3718167731
910	7.01618332025
915	8.52466009894
920	9.21296360987
925	9.47563210096
930	11.4959193591
935	5.54956611124
940	3.88293159497
945	14.6390334243
950	9.45425757267
955	10.0596664847
960	10.3797584537
965	7.88553049922
970	12.2106441695
975	9.05887570021
980	10.9875838476
985	3.98855046019
990	6.27468721867
995	16.9044144663
1000	9.60972075737
1005	9.25998219666
1010	11.1182617413
1015	9.38914648797
1020	4.37551478479
1025	10.4300360834
1030	6.26171654817
1035	13.7361302295
1040	4.96825238467
1045	8.59007926382
1050	5.12176630779
1055	10.0603229836
1060	5.84299849912
1065	9.56767128263
1070	7.42222864291
1075	9.49459235587
1080	4.67256561848
1085	7.62032942919
1090	11.6651752393
1095	5.54722604513
1100	9.812148988
1105	8.49764491725
1110	8.75252563676
1115	11.6808076502
1120	6.00457131601
1125	11.561824493
1130	8.15707439462
1135	12.4905395813
1140	5.33483831459
1145	8.53288189279
1150	10.0704077303
1155	7.24368511551
1160	12.7302589562
1165	7.67300615499
1170	5.47633360811
1175	9.6201104855
1180	7.95972620576
1185	12.9863538341
1190	12.3418837871
1195	7.6888890946
1200	4.43742213577
1205	4.69161485188
1210	7.72887544829
1215	12.046131974
1220	6.16754062838
1225	8.42202233128
1230	10.0292373197
1235	6.9617721995
1240	10.7333818443
1245	9.33777137914
1250	7.80377214736
1255	5.59720745473
1260	4.59179279267
1265	9.6331579092
1270	9.81844547108
1275	9.44175809416
1280	8.67374015996
1285	9.6790023242
1290	13.0476076015
1295	5.50302283334
1300	8.90681182741
1305	9.60378693709
1310	9.33870400085
1315	9.30598862672
1320	6.21891483319
1325	6.74804248661
1330	9.57260118644
1335	5.07478165364
1340	6.51296638257
1345	8.60246344165
1350	5.17316729057
1355	10.5934775416
1360	12.5582869424
1365	5.84105055777
1370	14.2196149022
1375	11.0205199322
1380	7.18748996384
1385	8.90039123068
1390	3.92064436064
1395	6.97529975576
1400	6.23498900124
1405	7.66786935028
1410	8.1648711767
1415	7.10237974267
1420	5.91339200155
1425	6.59316187792
1430	16.3848665865
1435	8.44862803107
1440	10.5046881198
1445	5.50491480881
1450	9.44536989926
1455	9.92591545994
1460	7.82050410949
1465	11.7955564718
1470	6.74077929832
1475	11.1965803132
1480	7.3888796255
1485	10.7735263567
1490	10.345717772
1495	9.77277259652
1500	5.21211833947
1505	7.97678806246
1510	4.55101244827
1515	7.28428892504
1520	9.83847009036
1525	9.38942057619
1530	6.09754587552
1535	5.90540728013
1540	15.5592760061
1545	3.78985824074
1550	14.7456783158
1555	8.56728279471
1560	10.6609950578
1565	6.86604881055
1570	7.87407225347
1575	5.6739503615
1580	8.49076993582
1585	7.12115409577
1590	11.6513091002
1595	8.649289482
1600	11.6802025578
1605	9.91089570622
1610	7.47914854034
1615	9.27025447038
1620	7.26234080945
1625	5.77886176439
1630	7.56304776123
1635	9.66124906715
1640	4.01109089143
1645	6.41817361961
1650	4.18834980668
1655	6.54043203349
1660	8.28216800969
1665	7.08962991102
1670	15.5072532787
1675	7.23346537969
1680	8.04283561012
1685	8.42245473378
1690	6.20665573593
1695	9.30901743824
1700	4.27753109406
1705	7.31030231123
1710	6.33531008888
1715	8.02851264127
1720	5.52897264686
1725	4.82607953785
1730	7.81283686645
1735	5.89901085082
1740	7.48528971915
1745	5.10740096983
1750	6.60852170799
1755	7.03744520866
