0	5.51912728356
5	9.18332877891
10	9.89734745207
15	9.24779693671
20	7.59334851707
25	15.5040609723
30	3.81185915825
35	10.3959687874
40	9.26569256572
45	11.2240633866
50	6.89213757038
55	9.25165049712
60	12.2574394714
65	8.7596532278
70	10.8666220001
75	8.64036360276
80	9.20761072403
85	6.82292721255
90	5.52482455192
95	9.73522416226
100	8.50776709855
105	8.96752543152
110	8.82590981843
115	6.86872287664
120	7.00239740254
125	5.95381566561
130	11.1111409884
135	10.646583351
140	6.1030946635
145	6.61403301985
150	8.18362566559
155	7.17578747361
160	7.9746349763
165	7.56012781534
170	8.93698303896
175	9.82657404279
180	6.96745108346
185	12.3967008259
190	12.1583410287
195	9.53911291862
200	6.08531149498
205	9.35936701625
210	8.05207211388
215	7.4459917609
220	6.49814267173
225	8.69474842955
230	6.34100096045
235	8.72282343785
240	7.09006640712
245	7.66946409742
250	8.23653110395
255	7.56789396229
260	8.07720252836
265	8.82351359107
270	12.0985862694
275	6.23539539492
280	5.37040055197
285	6.56808834589
290	14.4755962686
295	5.49708095767
300	10.0341252508
305	9.58269095654
310	6.82165395917
315	13.0130804793
320	6.71223035699
325	7.25163997371
330	5.34877597312
335	6.88974515376
340	6.52500865349
345	10.3746586338
350	8.07060218403
355	6.71077320229
360	12.5503967875
365	8.7687839349
370	11.0887808601
375	7.81315696181
380	8.46389267305
385	8.89508014645
390	11.0597222649
395	6.72761793213
400	9.02367326419
405	7.48190536078
410	13.7119444829
415	5.77368703857
420	8.37678752889
425	8.05124306271
430	6.23707371034
435	11.5461469286
440	9.42288870657
445	6.18992412927
450	10.9085949085
455	8.3986790548
460	8.73997637223
465	6.92844122882
470	6.6891240666
475	9.05711566811
480	11.9636172401
485	8.08128100455
490	6.78975001665
495	7.98452853188
500	15.5579772013
505	4.76821352565
510	7.55817251262
515	9.99724174964
520	7.68434434019
525	7.79030283441
530	9.93710312691
535	5.49624571796
540	10.8975241157
545	6.69368420262
550	7.26311111479
555	10.4959010445
560	9.07392009014
565	7.86232304483
570	6.57586893905
575	9.06697692524
580	6.950268031
585	9.38011931022
590	8.1047080645
595	7.96712462897
600	4.44462055118
605	7.20503348489
610	8.04853877059
615	7.59037779308
620	6.43141891748
625	4.85798461278
630	7.05839964905
635	7.00610644828
640	8.43295259738
645	10.0363403679
650	10.1701834499
655	10.0239383647
660	6.12992226803
665	7.35630615694
670	10.6443675857
675	10.6881613603
680	8.85663849836
685	5.30067170232
690	6.38646945313
695	6.81195166453
700	10.4070107769
705	7.17527779324
710	5.53905848011
715	8.17183259008
720	10.0343547769
725	7.16864695822
730	6.07453712493
735	7.27604193495
740	7.33661734766
745	9.88576147892
750	8.8250478928
755	6.98727254757
760	6.01977285718
765	8.13153035096
770	10.4731490944
775	5.93161259706
780	6.82615715537
785	18.905245105
790	5.57815999475
795	8.22075789022
800	9.40477345516
805	13.1068090302
810	7.17320177473
815	9.67035700201
820	7.87569831106
825	9.34048714173
830	8.19192285247
835	10.6939422294
840	6.29712519326
845	10.0035041261
850	10.6731500717
855	5.08582453565
860	6.52285754683
865	6.87155483987
870	6.31749375283
875	7.46161098484
880	9.49808931358
885	9.36444611167
890	6.9468154447
895	5.68441884104
900	5.17243740143
905	7.25526878793
910	5.13833040815
915	8.84432914927
920	10.9519512595
925	11.1291035424
930	7.29654214369
935	6.65522882718
940	5.81338372249
945	6.51924826378
950	7.2032174424
955	11.4297677812
960	6.02682106111
965	7.88638963164
970	13.9289576843
975	7.61081028272
980	6.98840988574
985	8.50793745193
990	7.40147619465
995	7.72391870493
1000	7.51530889227
1005	7.77977491629
1010	7.60501602994
1015	11.8937358638
1020	12.2331808323
1025	12.5840929729
1030	9.93607749949
1035	6.51169387845
1040	7.36348632644
1045	7.2555667195
1050	9.61013430668
1055	5.42506605005
1060	7.33832182524
1065	11.0188283455
1070	8.17107192805
1075	7.41058465118
1080	12.2843640834
1085	9.20199155826
1090	7.37182622277
1095	12.2780800579
1100	8.536119263
1105	7.5677748541
1110	8.62551745406
1115	9.72864536829
1120	6.45711106911
1125	9.59860402493
1130	6.56016066464
1135	6.53687883051
1140	4.90266423335
1145	4.72908703673
1150	6.12840557448
1155	7.95738107792
1160	6.69008404273
1165	8.82328528831
1170	10.5204309485
1175	12.8979895018
1180	6.92161168727
1185	6.94206479395
1190	9.95103184799
1195	9.13197237392
1200	8.45954932388
1205	9.63884847497
1210	8.92052186638
1215	6.32541024061
1220	8.37892681072
1225	8.6691896097
1230	7.21246246133
1235	11.0200192076
1240	8.24333604279
1245	12.7970582131
1250	5.53596800454
1255	7.67659821354
1260	6.2727958592
1265	11.2398190472
1270	11.6983400629
1275	7.16329414019
1280	8.72976889248
1285	5.59801173429
1290	7.57787006438
1295	8.43422959762
1300	7.5859774839
1305	7.52416188215
1310	5.94678900676
1315	7.1133137759
1320	6.8315821869
1325	6.76035491284
1330	8.02969894453
1335	6.61837495335
1340	7.84053594767
1345	5.92687459305
1350	8.54191041885
1355	11.6575875119
1360	8.32650207027
1365	9.05394488464
1370	5.74321362094
1375	13.169860119
1380	7.04579616947
1385	7.33556398843
1390	6.64894533818
1395	7.66285355704
1400	5.47145007651
1405	7.14744390508
1410	7.87206587134
1415	6.17817326786
1420	8.31499056595
1425	6.41666418947
1430	8.50459367914
1435	6.61796350665
1440	8.70069637103
1445	7.69164482637
1450	7.22333578828
1455	9.29886834319
1460	9.36122406552
1465	11.0734159132
1470	7.75340293815
1475	8.39314454295
1480	8.46953646561
1485	6.25278750204
1490	7.68842534255
1495	9.59201329431
1500	9.74336390257
1505	6.92392201431
1510	7.28239182211
1515	8.97911678984
1520	6.41756226678
1525	7.35154014401
1530	6.82402692825
1535	8.04622878795
1540	7.13839554153
1545	6.49757530232
1550	6.78858215167
1555	10.1409314315
1560	6.6428485916
1565	8.72305496963
1570	5.04507656904
1575	8.14363118374
1580	8.15447284822
1585	9.96491421556
1590	6.28949206383
1595	10.1891676688
1600	12.1002618421
1605	8.72129214059
1610	9.67947839663
1615	8.86056029274
1620	8.62125612232
1625	5.82030406643
1630	6.84918956159
1635	8.08349777394
1640	7.51481650987
1645	8.1559010794
1650	10.8489975061
1655	7.0881763847
1660	6.1227949071
1665	11.4854994466
1670	7.87123550338
1675	11.7946744351
1680	8.00006912685
1685	6.19258294236
1690	10.7810597918
1695	7.54946485823
1700	5.06755134318
1705	8.93729667476
1710	9.28278901478
1715	4.67900274148
1720	8.20556423113
1725	9.88443102665
1730	10.3148932753
1735	9.6422026994
1740	4.86975550176
1745	6.84978185908
1750	5.62428021995
1755	6.70650745955
1760	7.75616999188
1765	7.7981532693
1770	12.5939782991
1775	12.3503509561
1780	8.76488296856
1785	7.6127327926
1790	8.77325818166
1795	7.46064140913
1800	13.4784763129
1805	6.2219304192
1810	8.90242932563
1815	9.51742139923
1820	8.39520585817
1825	9.79566260993
1830	9.13040152516
1835	7.83524154493
1840	6.04761954958
1845	7.80052207332
1850	7.70958653518
1855	10.4450564299
1860	8.57180165583
1865	6.21515189844
1870	7.50965405236
1875	5.53158579992
1880	5.25375672185
1885	8.41956313036
