0	9.97245691597
5	8.3457167563
10	9.14202912674
15	7.14262868551
20	10.0114246383
25	7.4854162581
30	11.4174417103
35	9.75648627111
40	6.83995271968
45	9.21250127835
50	5.64080798849
55	5.90091177044
60	7.6714324434
65	9.20110954875
70	6.94694964927
75	5.68394495461
80	9.23206596779
85	9.02187667006
90	9.27984789444
95	10.6737753745
100	8.32397553431
105	12.8911126027
110	13.191545794
115	10.7644904645
120	10.9952013566
125	9.06914239653
130	8.94311246149
135	9.37984315804
140	7.00114211273
145	8.57151095479
150	11.312637722
155	8.28094470953
160	5.03907282732
165	8.94864400442
170	9.3712424734
175	8.26341545926
180	13.7542480495
185	9.14505246223
190	8.85058884158
195	6.54084784731
200	12.8453687808
205	9.47229902331
210	8.01185801627
215	6.62553323961
220	10.468481927
225	6.23298530167
230	12.1361726836
235	11.7960359095
240	6.10297403713
245	13.7361919637
250	8.32914268879
255	10.3117038574
260	7.3761522972
265	10.9116675399
270	5.62269250471
275	7.40640495693
280	8.8110851982
285	5.69051240954
290	5.25189383152
295	8.63661888071
300	7.89173499906
305	8.06491877199
310	9.86804087882
315	6.63625277193
320	8.73256617362
325	7.77464020587
330	8.71995960811
335	5.6823476919
340	11.2113759044
345	9.88071547288
350	6.96706101707
355	9.35841203987
360	7.30081715087
365	7.32416907911
370	9.951984738
375	6.67002223623
380	8.01525020304
385	9.69635445022
390	7.69511123577
395	5.47597563459
400	12.5679749592
405	7.03736213749
410	8.49256642112
415	3.70132046588
420	10.6376958476
425	7.12805168854
430	8.66055808372
435	11.1780607317
440	8.29187997963
445	6.5635203801
450	6.5575034406
455	7.48834964788
460	9.51029024554
465	8.3046137745
470	8.02695330272
475	7.16637337995
480	7.39324317188
485	7.30391898746
490	5.61286340448
495	6.7411775291
500	13.30457293
505	9.38930359809
510	8.00672422455
515	10.1320977162
520	9.42555233846
525	8.89999345645
530	9.62421824782
535	9.67371437499
540	5.9848608817
545	12.5562801284
550	9.995152343
555	8.08159374634
560	7.41038472606
565	12.4904042798
570	7.7634558177
575	6.78581575976
580	7.38793915512
585	4.65045302338
590	6.89168078584
595	7.00708669061
600	7.33114365522
605	5.8308223464
610	7.8938085149
615	10.7363276759
620	6.15355510093
625	14.9746794115
630	11.6694012644
635	9.28654676678
640	8.3230366145
645	7.92336200115
650	7.86673204923
655	12.3771892094
660	6.56926423344
665	8.4652317528
670	8.81505576369
675	6.24061333653
680	9.17269525272
685	12.1288578518
690	8.7402865885
695	7.19969408627
700	10.0081374662
705	7.90138364786
710	12.2693151467
715	7.64185177308
720	8.36733101986
725	7.60463194275
730	4.74269169362
735	6.61678131661
740	6.47351477349
745	8.80106088445
750	9.38356272464
755	6.73049962565
760	6.39550167176
765	5.79364991553
770	11.3952822644
775	9.16355724469
780	5.5555482835
785	8.7132026482
790	8.24495009942
795	7.10017947925
800	6.74665096453
805	14.0391060638
810	7.36694324745
815	12.8005891883
820	5.70256268408
825	10.6391669745
830	6.8785582132
835	8.92985945714
840	7.74086438539
845	5.40279798008
850	4.98395765055
855	8.8397657425
860	5.76772618313
865	4.34920907555
870	8.58802545947
875	4.67602170345
880	8.40532994667
885	9.15552311142
890	8.58209191587
895	10.1491171208
900	11.3175006805
905	7.88272093348
910	9.94399371834
915	7.55797844107
920	8.82680997976
925	7.95065256958
930	7.16451157343
935	5.01210548381
940	5.58340794352
945	3.76016933113
950	7.50909211646
955	8.03252476289
960	6.32455361894
965	9.58740498346
970	6.41275275588
975	7.73383546403
980	8.89885374243
985	8.12351251653
990	11.5143057458
995	9.93449902603
1000	8.06035689192
1005	13.5856814465
1010	14.8918154762
1015	5.94883833764
1020	10.7253494455
1025	8.76948904186
1030	11.3267992838
1035	9.54508480009
1040	6.46473685995
1045	7.64071167446
1050	6.6045033736
1055	9.00799004613
1060	9.16901970478
1065	11.7426385202
1070	9.52799444089
1075	6.44887788568
1080	8.69675292137
1085	7.99749949382
1090	10.2063212163
1095	10.5790075183
1100	9.7643629434
1105	6.48891679146
1110	8.21084079608
1115	8.10812451369
1120	11.1644556606
1125	4.89449959078
1130	9.05464295332
1135	8.39402505696
1140	8.15173995373
1145	10.3854032987
1150	9.60090147434
1155	8.40070192717
1160	7.80302619527
1165	7.92080921626
1170	10.6377430318
1175	9.66495973384
1180	7.47580428593
1185	6.49761524993
1190	7.30203603468
1195	8.71393849625
1200	9.20609229963
1205	8.63767006209
1210	5.33592478174
1215	5.27620417366
1220	6.60114798981
1225	9.59073104027
1230	10.6395315217
1235	4.87833751891
1240	10.0671430803
1245	6.04709430317
1250	11.1428816025
1255	7.23304749891
1260	7.09864618301
1265	9.56171842878
1270	9.27079570221
1275	5.84582594815
1280	8.86229956637
1285	8.45989340217
1290	7.93577696218
1295	6.70360536464
1300	7.08842717143
1305	6.71990027124
1310	12.4930057233
1315	8.6406098458
1320	5.33711780176
1325	6.07741405449
1330	7.59972871475
1335	8.92986350568
1340	7.00758181358
1345	7.03941067245
1350	5.12543360365
1355	11.4820608559
1360	8.25216783934
1365	6.94895491514
1370	12.7580362414
1375	5.49943127281
1380	4.73512476978
1385	6.2499994045
1390	8.14272726857
1395	10.9325509332
1400	13.2260055513
1405	4.98688417393
1410	9.64176186463
1415	7.1326139762
1420	8.12104117812
1425	6.40386763981
1430	8.90549248604
1435	8.77255230182
1440	10.4752138224
1445	7.8923035503
1450	8.13716171871
1455	5.36140992924
1460	9.93931321412
1465	10.5721668717
1470	5.57154160893
1475	7.46763610375
1480	8.03960369481
1485	8.5552106215
1490	11.2339594029
1495	7.32088267238
1500	8.80257674736
1505	6.73335648815
1510	7.67276925444
1515	8.72990269754
1520	6.98011665858
1525	6.00694635743
1530	9.65341997335
1535	10.8422074206
1540	5.56783722196
1545	6.22796033892
1550	11.379097069
1555	5.59927667665
1560	7.51663298338
1565	10.1195072638
1570	7.88192661129
1575	8.1022663146
1580	8.20865401278
1585	9.52302096777
1590	9.46562692848
1595	8.57642823817
1600	7.4584839977
1605	12.7074549915
1610	8.38307715274
1615	5.70935978188
1620	4.17003639303
1625	9.2102646454
1630	11.7554545454
1635	8.43627573763
1640	8.04189154352
1645	10.158545696
1650	7.86770521584
1655	6.4776179754
1660	6.03019588637
1665	8.08853749945
1670	8.4207030848
1675	6.97496871343
1680	6.90649060347
1685	7.53223738911
1690	5.81128106927
1695	13.7140565666
1700	6.78963808572
1705	7.69097969402
1710	6.08181175821
1715	5.38701460508
1720	10.8301428399
1725	10.7420460396
1730	7.21853091376
1735	7.42315691938
1740	3.77367599268
1745	12.6977207176
1750	10.3706167043
1755	8.04663881321
1760	14.4670073015
1765	11.284587667
1770	4.09897001964
1775	12.9251543998
1780	5.60233969557
1785	7.49907188022
1790	8.32631347474
1795	8.22883484139
1800	11.4620661928
1805	8.03672102721
1810	7.64759050421
1815	6.74055138561
1820	5.05444456113
1825	7.73210976681
1830	11.257547354
1835	4.918485381
1840	6.43458600217
1845	9.58158568101
1850	11.115003345
1855	7.73168791252
1860	4.27214488931
1865	7.38050261554
1870	7.19538404295
1875	7.76244986647
1880	11.2792902062
1885	11.7536421315
1890	8.03008623385
1895	5.54333811245
1900	5.17669868638
1905	7.49842438141
1910	9.40922306588
1915	6.70220363534
1920	3.18296569357
1925	10.2008274077
