0	8.63626406097
5	7.15775925532
10	13.7665651247
15	9.84773288652
20	6.00296382307
25	7.20564410331
30	7.33593061579
35	10.4309007375
40	4.75400141046
45	6.09702316087
50	10.2832626248
55	6.28112079434
60	12.4460438676
65	5.7973956545
70	9.63021126808
75	6.17074411798
80	9.03099244392
85	7.73285812548
90	8.92036111648
95	5.99253552415
100	6.13332110173
105	6.48593633445
110	10.5060905982
115	6.89259926617
120	9.57449706942
125	11.4675836579
130	7.63634291845
135	6.06763223005
140	10.3629372677
145	10.0599206454
150	6.92175879411
155	13.5035443168
160	8.8678237795
165	10.6626214499
170	10.0263620276
175	10.4234551428
180	7.76698664121
185	8.97043902933
190	8.35753095164
195	14.8105164705
200	5.76061216859
205	5.79924168793
210	4.48651570398
215	7.47388696054
220	10.3173235713
225	5.21376022658
230	8.58003929817
235	7.0535257399
240	6.57541354064
245	6.19225448706
250	9.97229936501
255	7.94626814724
260	11.0841705236
265	8.0405762167
270	8.86143438559
275	6.61872693754
280	8.90382992518
285	7.18523856227
290	11.8782473098
295	9.84949240532
300	10.1263344095
305	15.7778113818
310	6.02987366569
315	10.4714469022
320	7.49290122111
325	7.30161130947
330	8.91576094308
335	16.5873074355
340	8.94833859347
345	8.12977308546
350	12.5150754315
355	7.51160777761
360	10.7366976684
365	10.7053448205
370	11.6851374616
375	4.40188459722
380	13.1729730458
385	13.2102639174
390	7.58978340156
395	18.558099991
400	9.56741639492
405	16.6079121783
410	7.78031284789
415	7.78553203683
420	6.88353406894
425	12.3354388913
430	11.1896334155
435	6.66247067219
440	8.2954970285
445	6.59054905833
450	12.4816552742
455	7.40158959649
460	4.87733548333
465	5.27730083231
470	9.96047375284
475	5.95772031738
480	10.7572122435
485	6.40110290945
490	12.502726603
495	14.2399853865
500	9.33301111775
505	9.79204604169
510	10.1226982891
515	6.33893394532
520	8.95175692347
525	8.34619346641
530	5.68546456908
535	12.0795236873
540	8.10679690761
545	7.87130120555
550	7.40176117412
555	9.86853770341
560	8.53110611355
565	7.82782520278
570	7.12843465534
575	8.72127527327
580	5.42124046813
585	9.53979940584
590	14.7784137834
595	13.203948694
600	5.29502518541
605	10.7613420044
610	7.40589524094
615	8.99055531499
620	6.17521081283
625	7.40645601433
630	5.1383825156
635	6.30256383424
640	5.44809551919
645	6.24002840181
650	11.4581314654
655	6.99121426619
660	7.38524758193
665	7.41174213859
670	10.7313585556
675	7.73463254226
680	5.50521692986
685	8.65563929811
690	9.09628126877
695	9.86646901327
700	5.03827878872
705	10.8209631641
710	10.7350482511
715	6.12215881666
720	7.60287322035
725	7.73436287204
730	7.99385423849
735	9.69993308164
740	5.05276313818
745	4.2890249444
750	6.27226165929
755	11.5329584554
760	9.63613212371
765	7.83428156687
770	8.53794706593
775	7.06005660504
780	8.29244417733
785	6.66578497825
790	8.88518176526
795	6.78352039929
800	13.6267119569
805	9.20597520769
810	8.98278797448
815	6.43810889252
820	11.586336772
825	12.5077207832
830	3.92532438322
835	3.98081482085
840	14.0285878576
845	8.67648713232
850	14.2758042643
855	6.6634943466
860	7.07886619716
865	5.78994992007
870	6.29211263393
875	19.6362065129
880	12.9210003386
885	5.31808295047
890	5.04459091727
895	9.49887762394
900	5.31532907861
905	13.0414892022
910	4.13885365033
915	5.07273601245
920	10.1003683838
925	8.79485164398
930	6.10920193116
935	7.90042924619
940	6.32068032294
945	6.7106439591
950	9.30924604689
955	6.03373124917
960	6.83210575593
965	7.40318996815
970	12.5181119936
975	10.5929318728
980	4.21445561802
985	7.34834030409
990	6.6097515857
995	10.3268443097
1000	7.06370231761
1005	9.42961793859
1010	7.5442894678
1015	7.3660206789
1020	11.0304602218
1025	5.00493184838
1030	13.3560792245
1035	8.52465634856
1040	11.2823531604
1045	10.0157832904
1050	8.90522347124
1055	7.28290877714
1060	7.24691778932
1065	6.98252432469
1070	15.4358159853
1075	10.3750371049
1080	12.408227885
1085	7.74669044146
1090	7.71385309916
1095	8.60076219143
1100	7.40490610116
1105	8.39218781543
1110	7.02042908379
1115	7.02526975798
1120	8.54538723416
1125	6.9579035893
1130	7.96052161922
1135	9.21295333213
1140	11.2037606006
1145	6.08252280057
1150	18.9269659399
1155	6.72734445583
1160	7.83577111556
1165	11.1123419282
1170	11.4035448533
1175	7.91182349799
1180	6.66010068342
1185	8.90147190803
1190	6.27753323576
1195	8.10674147326
1200	9.19952358719
1205	6.96960400046
1210	5.84273860105
1215	6.8036926227
1220	6.48093008484
1225	5.4720536128
1230	13.8601466627
1235	9.90564883243
1240	9.08172272607
1245	6.37644897135
1250	7.09160452929
1255	7.75954586885
1260	6.78955342092
1265	5.22502745565
1270	11.2050061496
1275	9.81442781824
1280	10.0188390433
1285	6.60110018404
1290	8.31080789831
1295	7.07990599833
1300	12.0451917323
1305	10.9939832667
1310	6.26030886571
1315	17.5623870368
1320	7.53779254308
1325	11.1557506931
1330	5.72396839257
1335	10.0100251519
1340	5.64487807966
1345	10.0068422683
1350	8.40320253378
1355	12.0365286098
1360	8.2391964032
1365	5.67577707335
1370	6.10296150749
1375	10.1652464509
1380	8.44422292739
1385	7.07819533498
1390	8.71925915307
1395	5.77831378458
1400	11.9892748515
1405	6.43004310545
1410	7.13270010324
1415	5.03378033025
1420	10.4229438128
1425	12.5154663309
1430	9.90683038209
1435	7.46725710219
1440	14.4601304672
1445	3.41363194835
1450	11.1137571851
1455	7.15033098419
1460	7.65499386882
1465	5.64834085288
1470	6.73114773614
1475	9.95308451885
1480	6.45441100647
1485	7.09928731726
1490	6.24862692804
1495	7.37708319671
1500	10.1483911681
1505	5.81627678537
1510	4.61796632552
1515	7.77002820711
1520	7.80562632445
1525	7.20162666885
1530	8.05114602803
1535	8.48966537667
1540	9.05551391378
1545	10.3233977858
1550	7.0844809927
1555	6.08181096541
1560	8.73817892279
1565	8.55792298807
1570	8.9039662295
1575	7.54645264408
1580	9.37748542051
1585	7.57334061522
1590	14.1432673829
1595	7.5730181688
1600	8.40033904305
1605	12.2702674916
1610	10.4818790163
1615	5.01236025394
1620	6.27568647104
1625	12.7936170459
1630	5.48081066057
1635	8.02704049585
1640	5.5888345381
1645	10.094603148
1650	7.94089540598
1655	9.39266583477
1660	8.29678934608
1665	10.0809333211
1670	8.75262585707
1675	7.35817129978
1680	15.4557318112
1685	8.60000427516
1690	8.8582509851
1695	7.33876188793
1700	9.12033153561
1705	9.88929100992
1710	5.39110217552
1715	11.5116739934
1720	5.42389543043
1725	6.95051717905
1730	9.07114679985
1735	7.53119760944
1740	7.14970760588
1745	7.87666553529
1750	5.66885498435
1755	4.75444940102
1760	6.47632208144
1765	9.32290144655
1770	7.39588154347
1775	4.95740272605
1780	8.88590760267
1785	5.32043790134
1790	8.42089291932
1795	10.5371094755
1800	8.30589875412
1805	9.45993357551
1810	8.52114721559
1815	8.502539824
1820	17.6426500987
1825	11.0921318114
1830	5.43897522828
1835	5.75868293983
1840	5.83315697388
1845	7.2879815941
1850	7.50553566279
1855	8.67595038218
1860	5.82903391458
1865	8.66172221888
1870	7.14387712106
1875	8.2277935248
1880	5.47387190661
1885	7.42978255415
1890	6.48366434462
1895	6.86065600974
1900	8.80780819236
1905	9.50089307
1910	16.6552012354
1915	8.3250099973
1920	8.75854893302
1925	4.82699145323
1930	6.958841184
1935	4.75222494087
1940	6.56941062829
1945	8.64277868243
1950	7.38218165575
1955	8.2051036635
1960	6.42489394076
1965	5.26882898006
1970	7.36860813749
1975	6.80808332461
1980	10.7213236075
