0	5.43070156982
5	5.78883603841
10	11.0341945017
15	9.21624670655
20	5.10329518369
25	6.87095077888
30	6.70155828495
35	9.35006307634
40	12.7091700415
45	7.21643046578
50	9.75753951371
55	8.13171333751
60	7.06744636317
65	12.7197253276
70	6.22490234666
75	8.27836148259
80	6.85722152602
85	6.30875009852
90	7.02286815359
95	6.94488767254
100	9.52340932922
105	10.9226229007
110	5.26941884064
115	10.922454373
120	4.75516210925
125	10.2191772562
130	8.025644108
135	5.81656936656
140	4.6250408114
145	7.87712754998
150	7.85618400992
155	9.31924742605
160	9.49338938796
165	6.40453757054
170	7.92977118812
175	8.46142504822
180	10.2922940367
185	7.91239034594
190	6.6249700293
195	8.74034595861
200	10.0630715987
205	6.20020644581
210	7.88017551343
215	7.98567716995
220	6.62686349633
225	5.68559325586
230	8.51666044965
235	8.96145062555
240	6.49527749975
245	5.4488172657
250	9.28028161003
255	11.7211979531
260	6.13334500256
265	5.42942749742
270	10.7020496373
275	9.86903557512
280	4.75595724422
285	6.69459043323
290	7.92507186444
295	7.20031446741
300	7.3724058636
305	8.8543162406
310	8.12489149313
315	9.60197881103
320	8.66345550334
325	6.38552840135
330	11.6207124223
335	6.87486470163
340	7.38642251963
345	9.4171865196
350	6.8934927157
355	6.66085898867
360	7.92957137019
365	4.752356922
370	6.82830092125
375	6.80955628474
380	7.69185510295
385	7.43734877358
390	7.64700984073
395	8.63981928119
400	7.19455168167
405	8.15544527821
410	7.58035184361
415	12.5034045247
420	6.21956305264
425	9.60407241975
430	8.98182248527
435	5.82406317749
440	8.72705939657
445	6.37813333827
450	9.98527098883
455	8.52006870931
460	9.11159150772
465	9.70782914629
470	9.10481927793
475	7.13621072445
480	11.6411393712
485	9.53627087096
490	6.26645133597
495	7.60377240243
500	5.28301909674
505	9.46419882876
510	6.82535805715
515	8.24005415229
520	9.16853034892
525	5.68380324
530	5.98232913105
535	10.2379516023
540	5.79368598887
545	6.93222737883
550	10.9805936252
555	8.02871867183
560	11.0113226641
565	8.71944499616
570	8.37847740287
575	6.63491017873
580	9.22260436685
585	7.52664406438
590	5.88529834497
595	4.97289200498
600	8.81826092867
605	8.76366652971
610	9.07033724412
615	8.94463985364
620	9.01767633919
625	8.99565541546
630	5.24249122464
635	8.77802390705
640	8.31581593957
645	5.93528788174
650	6.37104628245
655	8.59753088786
660	7.22014865568
665	12.9727131779
670	7.90853066203
675	5.0365619173
680	10.1302277414
685	7.6333978655
690	5.93338465878
695	5.83910754815
700	13.0844493389
705	10.6782164798
710	9.20975666068
715	6.28210630688
720	8.49733648553
725	6.70700900288
730	6.00200675905
735	4.99905123853
740	12.018637017
745	9.63677586324
750	10.0381491169
755	9.00818567943
760	5.53383383694
765	8.16181048539
770	5.88874424561
775	10.3997026341
780	7.52033676872
785	6.73242697097
790	8.39560814776
795	7.69515809145
800	11.5000066169
805	7.41424983062
810	7.93339555615
815	10.9175441441
820	13.1708201026
825	8.61600030867
830	7.81702546768
835	9.39526833448
840	8.51820734868
845	7.68966348901
850	7.0689002614
855	8.1094794661
860	8.58506255291
865	7.3006446988
870	8.0241499708
875	8.24701083201
880	9.79591629718
885	6.25149734643
890	6.16167654325
895	10.0446072499
900	8.32339039633
905	6.72322561857
910	7.66470346813
915	8.74053222139
920	8.45452849995
925	9.91742423157
930	13.3315238191
935	8.33514131759
940	10.1478206576
945	9.82520441458
950	7.56354737382
955	7.57766362418
960	7.44121855464
965	6.12751121114
970	9.34492130839
975	5.11996203102
980	5.38423500277
985	9.36072108063
990	9.64022353902
995	9.32456151881
1000	7.31505524792
1005	8.18337026298
1010	8.79240743703
1015	7.69864724469
1020	8.25351115442
1025	7.41112600703
1030	11.0715562354
1035	6.7611657437
1040	8.38885553712
1045	7.8803977889
1050	9.14813986112
1055	7.83755889148
1060	7.70675402265
1065	7.17371271399
1070	7.40519922863
1075	6.03756832245
1080	8.37379484999
1085	7.06331308931
1090	10.5869717778
1095	7.06835196669
1100	5.73552994469
1105	9.60853858041
1110	8.22444400721
1115	9.78548562063
1120	9.21029544672
1125	7.14926076997
1130	6.8829642008
1135	12.538084366
1140	8.85750430067
1145	9.4058940987
1150	7.25674086296
1155	7.94868306024
1160	7.59600760027
1165	12.3251477686
1170	6.98413937358
1175	8.23868523049
1180	10.7082027269
1185	10.3052256455
1190	7.85661366062
1195	8.071894883
1200	6.50310235928
1205	8.00955779482
1210	7.47471730568
1215	12.1038444837
1220	7.47427696748
1225	10.7243091339
1230	7.96211673803
1235	10.5192230727
1240	10.0300544877
1245	9.47092318768
1250	8.111117958
1255	7.48118158962
1260	9.54357039191
1265	12.0526270395
1270	10.1964467327
1275	7.78347092879
1280	8.78233557636
1285	7.17007499324
1290	6.00341570316
1295	6.30836994797
1300	8.31168891813
1305	6.42399802963
1310	9.66157589712
1315	4.79176589614
1320	10.7938242028
1325	6.47895305599
1330	6.65961960964
1335	8.22176770017
1340	7.25173288106
1345	8.49750483945
1350	12.1603663726
1355	8.08341744473
1360	10.5240526083
1365	11.3426064043
1370	9.66182162012
1375	6.91352658722
1380	8.49951466223
1385	8.83806919703
1390	5.43883794248
1395	5.47555137595
1400	9.52288962291
1405	10.9647618542
1410	5.73356851908
1415	10.8928174289
1420	7.95532813637
1425	6.55010075157
1430	7.95249343073
1435	8.32749662101
1440	7.96191949792
1445	11.1378352421
1450	6.54385023709
1455	6.50973767314
1460	7.86592975439
1465	7.69573989156
1470	8.1508009752
1475	6.91082268433
1480	6.16468678385
1485	7.9805004315
1490	8.1127464757
1495	8.66551747897
1500	7.97534948161
1505	8.84191585071
1510	6.41782377384
1515	9.85778661245
1520	6.54380266361
1525	7.81680467396
1530	8.15256353577
1535	9.6817061835
1540	6.92078580601
1545	6.90748899604
1550	8.62828969389
1555	5.73354646098
1560	6.24125542156
1565	7.03958222464
1570	5.8107819767
1575	6.8036544894
1580	5.95614130442
1585	8.20374979673
1590	5.5459244569
1595	7.75052184744
1600	6.81406795146
1605	8.20334029943
1610	9.01108364206
1615	9.61519291527
1620	8.21230655791
1625	10.0163810486
1630	8.3271039997
1635	12.4720452176
1640	8.03909526082
1645	5.24124620054
1650	7.68547876531
1655	6.85445560063
1660	8.31317655814
1665	6.93577918295
1670	7.70051309715
1675	10.619495319
1680	5.52775393816
1685	6.90869677345
1690	11.9927930583
1695	9.16703170036
1700	9.7386004537
1705	9.43832329434
1710	6.60949318859
1715	5.542509031
1720	5.80375512454
1725	11.8743596377
1730	5.92945711471
1735	7.77887915337
1740	7.30411844602
