0	9.84474012175
5	3.61083211199
10	10.1759934892
15	6.32619990659
20	11.5612095466
25	7.40086759928
30	8.7350593704
35	5.9775146693
40	5.89638138086
45	8.21663060541
50	11.6960873986
55	9.44086841432
60	6.87265956551
65	8.42869166713
70	7.53051200007
75	12.0295711389
80	13.1576954602
85	3.64126226361
90	3.26699615372
95	4.75071985463
100	6.48438977253
105	15.7871820767
110	11.709583326
115	4.31650116034
120	21.7465354561
125	6.12189998941
130	10.9878895249
135	9.6959354965
140	4.96079071953
145	8.53673100334
150	8.07242752852
155	14.2882983701
160	5.85224398666
165	7.5961500722
170	8.35262379622
175	6.15311986537
180	12.5773464733
185	5.87684921988
190	7.39557715836
195	5.25983451284
200	7.57114727158
205	4.31674152013
210	6.36374256304
215	10.8038958619
220	7.56439898961
225	9.17721265081
230	6.19934920565
235	4.56631500883
240	11.127214525
245	11.649577493
250	10.6744224828
255	12.3804862747
260	10.1814369888
265	26.2510471088
270	10.273705838
275	14.0770508908
280	21.9246041215
285	12.6504945793
290	11.816227601
295	9.73467412157
300	7.41984706485
305	18.6391477541
310	13.1882952736
315	9.4587866494
320	19.2478934438
325	5.43869871997
330	11.2690231847
335	7.8586403338
340	8.37772525379
345	7.35906852401
350	7.15652454155
355	12.8632724462
360	6.07005638319
365	6.95864634979
370	5.13472476348
375	7.38723543373
380	11.8287390602
385	12.03278885
390	13.8675805399
395	8.07086785202
400	7.20654275623
405	8.16283230999
410	7.8634931239
415	16.1753301963
420	10.2705862238
425	12.1845093845
430	16.7214708516
435	5.81035152141
440	9.24082465666
445	9.38069590844
450	6.18852272408
455	7.09977995523
460	8.23917822844
465	6.34750154984
470	6.59310077723
475	8.04470008305
480	9.01903184114
485	5.82714902404
490	2.94155678632
495	5.74111149217
500	8.12261183838
505	11.3324664018
510	11.8671224073
515	18.7605980027
520	6.72835562414
525	5.72638964552
530	4.06541406857
535	8.47416716837
540	8.59904695335
545	9.07835508581
550	9.77855945786
555	7.64843737952
560	13.5024572087
565	3.56020419079
570	7.25978454781
575	9.36063297261
580	11.3047305431
585	10.6999484165
590	10.2116178371
595	9.09031479818
600	11.3093795878
605	9.05520899486
610	5.50090454896
615	7.2706918764
620	6.24884562538
625	7.12150682098
630	3.78765021587
635	8.95757679479
640	10.8423099333
645	9.8575683952
650	7.75832005558
655	8.89062985174
660	4.99692395383
665	6.74705495553
670	6.44968181319
675	5.59551612137
680	5.76562882574
685	8.24718943978
690	10.5341434878
695	4.56014750923
700	6.78939447882
705	7.29362579586
710	6.31391961429
715	4.09294208043
720	10.9910259664
725	8.86823200656
730	3.94265758383
735	9.78393652587
740	8.07427283387
745	11.05079412
750	6.0128331013
755	9.30377335991
760	14.4048444166
765	8.00980535773
770	3.82916587929
775	12.5843158546
780	13.0774056738
785	11.0344590626
790	3.53417754599
795	7.49306879894
800	8.41292710509
805	3.8728925116
810	6.94313350028
815	8.02209623984
820	7.23242702
825	4.9329327591
830	8.49913011755
835	8.04627531158
840	4.76245182512
845	6.2034450893
850	15.3109424291
855	5.59442625316
860	7.96407049635
865	8.46768077461
870	12.8837063881
875	6.73750786015
880	14.0362537523
885	14.5700937011
890	11.8439315569
895	9.00051730549
900	5.19041278693
905	12.7872203388
910	4.09927321482
915	5.75265284969
920	7.8214116771
925	8.51906809366
930	6.91806681958
935	8.49669342419
940	5.80917952408
945	9.76209396856
950	11.3781854106
955	7.64799820363
960	15.7885654848
965	10.6108864109
970	11.465780413
975	10.9700279438
980	7.26253883894
985	9.19706634804
990	4.78496770417
995	9.52067428249
1000	10.9060856319
1005	5.80617386796
1010	8.72509459244
1015	3.44690234767
1020	5.43650894622
1025	11.8673285094
1030	9.60405522129
1035	6.19028746681
1040	8.9797379118
1045	13.8055077271
1050	9.50158317775
1055	5.47311680991
1060	6.26936871419
1065	4.60054337916
1070	8.57786238877
1075	8.62375826668
1080	8.86359276735
1085	9.21352878144
1090	15.0790514216
1095	12.2381938853
1100	4.30359855361
1105	11.1242969577
1110	9.8652834552
1115	10.0495021007
1120	7.33007162337
1125	7.00986147365
1130	10.1553569524
1135	8.42402541415
1140	17.3503271352
1145	6.60006569011
1150	6.4153558254
1155	7.93945259245
1160	9.20840439851
1165	6.12918149607
1170	6.15539686703
1175	4.39675571831
1180	4.3821349038
1185	6.30027955612
1190	11.2597777051
1195	4.2156630333
1200	7.8598830276
1205	7.35786814411
1210	11.5442371436
1215	7.81269367436
1220	11.2930622787
1225	4.84675112909
1230	11.668137485
1235	14.4044347671
1240	7.01030982818
1245	7.25317310941
1250	8.26258505567
1255	4.37189501989
1260	7.06686344561
1265	4.66036063375
1270	12.8054705053
1275	5.4461482757
1280	4.51144869888
1285	7.3276745204
1290	12.8040463611
1295	7.13537118435
1300	10.0164806122
1305	4.49124127128
1310	12.6919289742
1315	8.66223434298
1320	7.27758707757
1325	7.10274636858
1330	5.7194293486
1335	12.4515542685
1340	10.1399403172
1345	6.73022491859
1350	6.14465163535
1355	5.96712813622
1360	13.7508007278
1365	6.5317217385
1370	13.7180546181
1375	4.46227416212
1380	6.85303576948
1385	4.61791906266
1390	10.4792204815
1395	14.3039073318
1400	6.35446559429
1405	9.06817073869
1410	11.911918996
1415	7.78238184989
1420	3.36524570865
1425	11.6592937222
1430	7.17706273437
1435	7.46817002205
1440	9.65610939392
1445	11.5643943778
1450	18.4536176373
1455	11.2094391355
1460	4.8263728739
1465	7.88689858279
1470	9.94803316291
1475	5.69956351822
1480	5.75037433378
1485	9.03921580967
1490	29.1963412389
1495	4.74213411282
1500	5.60899919332
1505	15.3023525777
1510	10.2204475797
1515	7.53560939631
1520	5.03091779316
1525	6.68202809732
1530	7.32780275539
1535	7.54202226861
1540	7.68849802023
1545	8.95512895189
1550	5.94342877551
1555	10.3366245964
1560	7.83285565418
1565	9.87899307336
1570	6.97378141827
