0	6.73378463532
5	9.34003363057
10	8.49207568043
15	9.56098502739
20	10.4325550178
25	5.03446607837
30	6.00644852187
35	10.7188200356
40	7.7641854651
45	7.6993716554
50	11.0392425026
55	6.65544152275
60	7.41993819182
65	5.96277919184
70	6.99790640779
75	7.07893338134
80	9.70815552909
85	4.84530383209
90	8.78515720004
95	9.14067573575
100	10.5027373955
105	6.89092140107
110	5.0352817265
115	6.61265894755
120	9.01909399414
125	7.88942569646
130	8.32415458332
135	5.64747548497
140	7.74458713571
145	7.7833734187
150	8.86821757382
155	9.9845096138
160	8.28063929644
165	4.85961180589
170	8.10115220694
175	6.02775994172
180	5.62116400986
185	7.77185984535
190	9.1635778602
195	6.62419949049
200	10.428048985
205	9.27938054584
210	7.12555002757
215	6.90912873185
220	5.90025807279
225	7.93960480313
230	6.7956697472
235	8.1942021734
240	13.3193733949
245	4.19006190716
250	8.96380626183
255	6.79678260527
260	10.815519552
265	7.61593278846
270	10.8816400981
275	14.768420742
280	7.95034038497
285	8.90308485299
290	4.63414931103
295	6.25090796354
300	7.87422687802
305	7.15704099268
310	10.0465447545
315	9.40350302377
320	9.49599480318
325	11.1292579638
330	4.59521472099
335	7.21997050533
340	6.81085271741
345	7.34187319424
350	6.87745316179
355	6.95083781249
360	9.18285147729
365	6.7561486536
370	8.19066795372
375	10.2338653221
380	5.71101662189
385	8.79002156201
390	6.45753688825
395	6.51318166222
400	9.33807814562
405	9.17739577196
410	8.42370029881
415	7.81242920585
420	10.6942374161
425	4.67355597831
430	5.72264878341
435	10.4877492563
440	6.66747009403
445	10.1078437358
450	7.77509251741
455	7.11225614772
460	7.81672392021
465	9.55391330717
470	7.17295064518
475	14.7704363789
480	9.54543540362
485	6.38486840078
490	6.16205266658
495	9.78622519152
500	9.81232250684
505	11.0485594504
510	6.91994579777
515	9.15529467911
520	7.746349028
525	7.98311031482
530	8.24397901436
535	5.20680850056
540	8.04597508559
545	7.57097981188
550	9.288733491
555	8.73366429695
560	8.00246646502
565	5.45516263539
570	8.33853501399
575	9.62120256442
580	7.17484718428
585	9.79814657957
590	6.8768216963
595	8.15926947084
600	9.18454103561
605	11.1196896681
610	8.02250928838
615	7.7728224546
620	8.61891287747
625	9.15976656965
630	8.48274722982
635	6.51079007219
640	13.9808738574
645	8.91268764244
650	16.4586799623
655	9.79245372063
660	6.27261194604
665	11.8255189811
670	5.21350541893
675	9.17149844541
680	10.0479694919
685	7.8358155787
690	13.1020214189
695	5.74657435351
700	7.61351454091
705	10.6457723913
710	8.26979903715
715	7.53679966068
720	7.30964015595
725	8.79383373904
730	7.33276949484
735	7.88482877407
740	3.9876587626
745	11.7706428054
750	8.20139916604
755	6.82423845353
760	5.20570265025
765	7.44253793355
770	4.97227988939
775	9.55991207985
780	7.7684355435
785	10.4100879029
790	7.8677925314
795	6.8120474508
800	6.20768266866
805	6.92631180272
810	8.56129188383
815	6.31700216667
820	6.265083301
825	10.762117081
830	6.04996748292
835	9.80785399907
840	7.58308994532
845	5.9949492987
850	7.53967031358
855	9.87546552558
860	10.2090902911
865	11.0477903573
870	10.3711830672
875	10.8188136684
880	8.44263718009
885	7.84739760882
890	9.47228897695
895	8.80512230364
900	6.68051036401
905	6.47690463705
910	9.3844765011
915	7.93775357234
920	7.67098515847
925	11.1435813552
930	10.9818318012
935	11.0573801158
940	10.1170865438
945	9.72737746847
950	7.16374097567
955	13.3192144896
960	6.48934141595
965	14.6222628616
970	8.22271559665
975	7.56079094449
980	5.81526928259
985	14.9891762789
990	12.2388928826
995	9.2547098231
1000	8.13087000972
1005	8.7030699955
1010	9.74262325314
1015	8.80736327333
1020	11.7753812293
1025	5.78375845165
1030	14.3711534361
1035	6.3266954536
1040	8.15032838113
1045	7.26043616943
1050	8.42239890784
1055	7.40027840635
1060	7.29783317231
1065	7.96630128315
1070	14.4554675537
1075	7.82319638285
1080	9.40736866476
1085	9.32072331863
1090	7.18311116201
1095	11.6119955289
1100	4.25925570767
1105	5.3654897116
1110	6.4463700168
1115	7.87469561688
1120	6.7100050792
1125	11.540794748
1130	7.98358896758
1135	11.6179073012
1140	7.015872113
1145	10.2840016657
1150	7.69866165494
1155	5.62128033136
1160	7.47053812509
1165	9.52123773924
1170	7.37093231329
1175	9.36973129227
1180	7.37013040246
1185	7.58103361952
1190	6.55867866222
1195	8.22901052904
1200	5.89851211061
1205	5.44198108319
1210	6.95963021741
1215	15.7419416777
1220	5.38109031187
1225	10.2436733853
1230	7.85991066098
1235	10.3756167128
1240	10.8868603191
1245	8.80905313484
1250	10.2422497591
1255	9.85749298646
1260	6.33477344885
1265	9.09091343494
1270	8.94551057729
1275	10.775923592
1280	4.7982205526
1285	7.83186450405
1290	6.57854146462
1295	18.0989777279
1300	7.97797157225
1305	10.0842675831
1310	7.67795638355
1315	9.16559040042
1320	9.2382810048
1325	8.79551417269
1330	7.32966028701
1335	6.04324301411
1340	7.54095630358
1345	8.13818178737
1350	6.16750022169
1355	6.85403250695
1360	6.78091658728
1365	6.94494148561
1370	11.6552523041
1375	6.35934229869
1380	7.68209454154
1385	9.27579580507
1390	4.58157622144
1395	5.94622174919
1400	7.32100005816
1405	8.63457525388
1410	6.94055501833
1415	6.5277038888
1420	8.18419589086
1425	6.07397244915
1430	4.74711549159
1435	7.50630749628
1440	7.38362523434
1445	8.77047916459
1450	6.56689875628
1455	5.45196709228
1460	6.10407562823
1465	7.17010142293
1470	10.0576158559
1475	11.2052066873
1480	9.83843231022
1485	6.85030278893
1490	8.16906534159
1495	6.66816645686
1500	9.39774988082
1505	8.92309417267
1510	6.34875432001
1515	4.71190352632
1520	10.4526045193
1525	7.01535935497
1530	8.46686038067
1535	5.82346670836
1540	10.4364723521
1545	5.95427089324
1550	8.31411025028
1555	9.58652628937
1560	6.03106072042
1565	7.72565221145
1570	6.16479538665
1575	7.36101537496
1580	6.32095854266
1585	6.1420798291
1590	7.990970573
1595	11.6541796463
1600	8.78539818152
1605	6.78296348173
1610	10.2039180285
1615	9.0901342825
1620	8.95144322246
1625	7.24004953663
1630	5.56170456287
1635	6.82473397757
1640	6.96899902589
1645	8.27849582187
1650	6.37482680569
1655	6.97990351855
1660	4.80308784967
1665	8.40508160681
1670	12.0694251518
1675	7.64732460213
1680	9.22628732906
1685	5.48155451777
1690	6.37576882893
1695	5.55011042217
1700	9.69939226104
1705	5.17165154423
1710	12.6231944378
1715	7.22769442342
1720	4.23509520514
1725	12.7195289646
1730	7.64721775144
1735	10.0766590149
1740	6.89295524754
1745	8.23122066825
1750	10.2272798488
1755	6.3477968844
1760	8.38437271559
1765	10.5516136886
1770	9.96359246111
1775	5.35329559413
1780	7.1897561752
1785	6.7110160344
1790	7.00695743435
1795	8.82008868957
1800	6.41306123342
1805	9.54868217559
1810	8.32057709046
1815	11.9379255786
1820	5.46603434563
1825	8.1366597517
1830	10.3588787276
1835	6.89426919981
1840	7.93328149794
1845	8.40635655068
1850	7.95638795615
1855	5.62229416273
1860	8.68120839431
1865	5.71460177211
1870	8.31984903125
1875	8.32889914047
1880	8.33412833789
1885	6.77275606839
1890	5.99493135865
1895	8.03091999919
