0	4.62444558618
5	11.1468460616
10	8.16363514985
15	10.2074024312
20	7.11322154177
25	11.3332084787
30	7.30760291012
35	11.7232600147
40	5.41567613263
45	7.43255449548
50	7.34002806212
55	6.94476894129
60	9.06406084029
65	8.04304922601
70	15.3224976941
75	11.1047246022
80	6.87192773312
85	6.51307641358
90	6.437831853
95	8.557953672
100	6.84608750608
105	8.90526027281
110	15.6590418463
115	13.0102781624
120	6.36000126626
125	10.1066192725
130	13.0410843154
135	11.7609613136
140	10.7135646719
145	7.53527215035
150	10.3802114461
155	11.30982867
160	8.76345821691
165	9.02927028315
170	7.92251051221
175	6.00037212903
180	9.35988011806
185	9.38612323961
190	4.32863532432
195	7.48233100392
200	8.399709809
205	10.3154213377
210	9.46109387988
215	6.27698593911
220	6.88418552598
225	10.5517056438
230	6.59393485818
235	5.45794104393
240	7.06650107241
245	7.21701827944
250	6.82893832176
255	7.23178254487
260	4.0534737128
265	9.39705905923
270	6.1574116457
275	4.96372857551
280	5.83296518803
285	7.49159895171
290	8.42551516333
295	5.17451550176
300	4.85806314355
305	9.36154822539
310	11.8543025793
315	12.6004557082
320	10.2280811652
325	12.6673575955
330	8.90007458545
335	5.92126835915
340	8.80736649006
345	10.6310812594
350	6.08956525354
355	15.9817854242
360	6.37745441114
365	11.1585260181
370	10.4845484311
375	9.05834409349
380	6.03440995013
385	10.5712682128
390	6.17189416477
395	9.11309858156
400	7.00306088416
405	7.03019570079
410	5.28291511598
415	7.31775990271
420	5.94127454831
425	9.78155387794
430	8.09718355169
435	7.30849385306
440	11.4882136629
445	6.42700139325
450	6.17397663954
455	5.05780936822
460	5.76133257197
465	12.5399291877
470	5.59067472513
475	5.15611093475
480	8.97859011557
485	5.94037400099
490	10.7644434296
495	8.98541782989
500	5.77925529282
505	5.34286085956
510	8.81322519829
515	13.1716076909
520	8.38102724288
525	5.82278267778
530	6.36343648061
535	8.6350081948
540	6.15080137873
545	7.56480959854
550	8.1908277916
555	8.52816225417
560	9.08425305398
565	11.9444715833
570	8.01151310569
575	5.43814514438
580	11.6129598793
585	10.0734638065
590	12.3701184558
595	7.43376332841
600	9.35179299655
605	9.0528132073
610	8.01354891491
615	8.01351891205
620	6.2308936182
625	6.52051004573
630	8.40833567631
635	7.99967240434
640	6.2987661558
645	9.41071775696
650	7.16913134403
655	5.66000549308
660	4.52022828821
665	7.11196075488
670	19.5809855187
675	5.50653868057
680	10.097139152
685	12.1184171731
690	13.3155677311
695	5.38507134631
700	6.69833614187
705	9.00963604744
710	5.86745801137
715	5.15746537488
720	10.5523201169
725	6.8368427857
730	8.31040546361
735	5.61123276006
740	9.11336616669
745	7.12262818398
750	9.59228804104
755	5.39702932376
760	6.27797093288
765	11.9693366335
770	10.1793413484
775	10.8514789831
780	7.31904241327
785	8.54271035075
790	5.90659418929
795	6.19242612649
800	7.83153608998
805	9.71757448175
810	9.934732293
815	6.56962358616
820	10.4082451675
825	21.5734645746
830	5.65797847585
835	11.0940489479
840	5.79032393144
845	8.63271787749
850	8.68044204066
855	11.8195841276
860	11.0386441011
865	6.29733744422
870	11.7511793373
875	6.86310115049
880	9.89520818365
885	6.21963501409
890	10.3564584497
895	6.99965959476
900	8.87326789281
905	4.97548450913
910	12.1604389785
915	6.44388339373
920	3.91868826791
925	7.87878543367
930	6.39747193847
935	17.7034328849
940	10.8776529929
945	11.1636960521
950	8.56523112278
955	9.4147327347
960	13.2581464921
965	7.46296594547
970	9.44738829086
975	10.062091223
980	9.47472305566
985	11.2671453006
990	6.36041711418
995	11.9881486636
1000	5.34421902712
1005	14.5404602176
1010	8.41075061255
1015	7.15964613063
1020	9.03815785665
1025	11.6967245783
1030	8.76210688716
1035	5.0641369603
1040	4.5969110131
1045	7.92680940056
1050	12.3966429146
1055	9.15139583194
1060	9.52804847848
1065	5.54997192684
1070	7.30584516242
1075	7.38717144084
1080	7.9029786205
1085	15.6685499832
1090	11.0182022768
1095	6.56981615188
1100	12.7811700318
1105	6.05163488468
1110	7.24967954655
1115	10.0398379284
1120	7.83416724606
1125	10.3947007453
1130	7.74411778995
1135	6.08174516639
1140	9.601721155
1145	8.96518115361
1150	5.68061634928
1155	6.84536380127
1160	5.61108765416
1165	15.7845421956
1170	12.2154797867
1175	8.40359228609
1180	6.51206660833
1185	10.8300512872
1190	11.0116119586
1195	9.15793011146
1200	5.22918801713
1205	8.46811858592
1210	11.1732831292
1215	12.8858886659
1220	5.9769162928
1225	16.1341684643
1230	5.2025110989
1235	9.48788012693
1240	7.45944380275
1245	8.39136887601
1250	5.51232220105
1255	7.6821777128
1260	7.41625490935
1265	8.19453024342
1270	5.52918186763
1275	6.22036776823
1280	22.1199754099
1285	9.06789746475
1290	6.06163322679
1295	6.88440588554
1300	9.505290616
1305	6.84980439241
1310	10.895559548
1315	10.0998278773
1320	5.66442714324
1325	8.30748201894
1330	9.95072204784
1335	7.91300349192
1340	9.29299562482
1345	7.41152906325
1350	8.25871088532
1355	7.72831903377
1360	9.06311270867
1365	8.62764808257
1370	7.42572592026
1375	11.8494068969
1380	12.3330440334
1385	9.85965904184
1390	8.25049157144
1395	7.19340930522
1400	5.00236728199
1405	13.6374924208
1410	10.7230693603
1415	12.7190629052
1420	4.22241031292
1425	5.65710989039
1430	7.64634392389
1435	10.2452641849
1440	24.0077489932
1445	7.79098659787
1450	10.3326584042
1455	4.14193538541
1460	6.96314099963
1465	6.27540672607
1470	9.59465301326
1475	12.7853491093
1480	8.98092924766
1485	6.70286105107
1490	7.12136848444
1495	7.14967007274
1500	7.16448954086
1505	5.63807884587
1510	10.2547520762
1515	9.3277658086
1520	6.68897893303
1525	12.0582378673
1530	6.57495724977
1535	11.7031543374
1540	13.9301452427
1545	5.59149682076
1550	15.2582453833
1555	5.76083216419
1560	9.84282399829
1565	6.67529266381
1570	7.31528327654
1575	7.82462063876
1580	8.09212449537
1585	7.85598452431
1590	8.89986353428
1595	8.95344415633
1600	9.56886898178
1605	7.12696241572
1610	6.68554822101
1615	6.36707546662
1620	11.2487917507
1625	9.37344250445
1630	5.98216420341
1635	9.62746024616
1640	6.96918904848
1645	9.24733385946
1650	5.2874314075
1655	16.9533410474
1660	7.14958399177
1665	6.41327113799
1670	6.82057737018
1675	7.7472772718
1680	7.15175489592
1685	8.28263397244
1690	7.92305711944
1695	13.950028698
1700	10.7613134004
1705	7.99672730989
1710	6.26189451981
1715	6.24300618168
1720	6.55681293206
1725	7.77501556361
1730	8.04708202174
1735	11.2072860112
1740	7.01302912207
1745	6.64821112395
1750	4.6037715426
1755	9.02190423163
1760	9.00911042328
1765	7.18072774942
1770	7.28999227285
1775	5.82790333033
1780	6.61945544509
1785	8.4489131662
1790	9.58667686425
1795	9.51832224422
1800	7.43743893711
1805	13.1547314423
1810	12.3717198513
1815	9.9957798242
1820	9.08589304884
1825	7.21204150043
1830	16.5337460886
