0	8.05773635518
5	9.15016449068
10	6.97936083327
15	11.7943508525
20	10.1347835231
25	7.30025715764
30	6.0408032695
35	11.2681210839
40	7.68087805699
45	10.3955719662
50	11.4634625744
55	6.01422594988
60	11.4585036894
65	7.20218975929
70	7.12832076307
75	8.76685277118
80	6.01526404854
85	6.98896830606
90	7.5304295325
95	9.76793578973
100	8.36348353328
105	7.08079554598
110	9.27560731338
115	8.45843660419
120	6.63405800049
125	7.56322100689
130	9.3799412772
135	8.24016513612
140	7.42155958006
145	11.0445881473
150	7.98629139202
155	7.16508550169
160	12.4902373502
165	8.92694927106
170	8.5310199465
175	9.64802447874
180	9.33274470519
185	7.38484422789
190	4.20944279642
195	7.86673215451
200	11.0203319772
205	7.83600901393
210	6.9628139377
215	6.27003877718
220	6.65806446503
225	8.44413787795
230	8.97653749017
235	9.1244621886
240	9.52664610678
245	8.77733705972
250	15.4682487435
255	10.0934509334
260	8.78420760652
265	6.93354696584
270	8.82066821412
275	12.2787063941
280	12.9165484187
285	8.11452351465
290	7.22178806736
295	11.8282900065
300	9.91298593506
305	7.52559167216
310	10.0675064532
315	6.86170028679
320	3.76481125082
325	6.69878718559
330	9.28055890174
335	6.58828258611
340	11.1242744185
345	11.4213759265
350	8.5776534217
355	4.85490922539
360	6.74431017424
365	9.51202577811
370	8.18652132041
375	14.9535224436
380	9.7654869519
385	8.18026562997
390	6.49016940473
395	6.16887781226
400	8.31232401008
405	5.18891526717
410	7.73629582211
415	6.3791234059
420	10.0578088227
425	6.86757323691
430	7.53907352571
435	8.17460674232
440	9.5264962543
445	8.93753686133
450	11.3280195198
455	8.14253903753
460	8.87594348857
465	6.36165511038
470	9.65668863012
475	5.38881964155
480	9.9248473982
485	8.90001839084
490	12.5621474058
495	5.50737628369
500	7.56667005416
505	8.71067739796
510	7.70685348318
515	7.44300094229
520	7.5810309124
525	6.18388996216
530	7.91745281072
535	8.64738200227
540	10.3844007757
545	8.29492173411
550	8.80470783628
555	6.92061154898
560	8.33961198055
565	5.35870374681
570	6.47431259087
575	11.6075804944
580	7.22800617477
585	9.16621931771
590	7.89205881041
595	9.63020148442
600	4.81574814573
605	6.96031763081
610	11.6116537042
615	11.413848169
620	17.6346262119
625	8.92596008726
630	5.38100958217
635	9.20737183175
640	8.28274550178
645	8.41005987494
650	7.76527776559
655	8.74043107095
660	11.3643268261
665	9.94490825179
670	6.3510635005
675	8.19033060084
680	11.2945034361
685	10.4809946433
690	10.1702575906
695	6.92039165213
700	12.2203286649
705	13.6180955724
710	15.5589756304
715	6.18987472894
720	8.59567955741
725	7.3037125769
730	5.28376646001
735	12.0936146793
740	10.8522415654
745	5.9541671128
750	10.6835887147
755	8.18108095207
760	5.53258462995
765	10.5363927965
770	8.52127219235
775	9.75531476632
780	9.41460513516
785	9.18714581171
790	7.43137287903
795	7.97863540816
800	9.27072046051
805	4.86126848764
810	12.2665363936
815	6.54007810963
820	4.55760131337
825	7.84105754046
830	9.47803985885
835	4.83314345263
840	5.19642952365
845	10.1180753238
850	4.94404916818
855	11.4874529511
860	6.90156786712
865	9.17368985081
870	7.62000175605
875	6.02569437379
880	8.20263673482
885	10.453037084
890	13.991092377
895	8.64841098578
900	9.38275657269
905	7.42428735231
910	7.63268278789
915	8.01331790311
920	4.40414266214
925	8.27505816081
930	6.02237540387
935	12.277460056
940	6.95136391972
945	10.3755571459
950	8.01668162642
955	6.68807923907
960	11.5184380402
965	8.58720217635
970	11.0263110392
975	12.7841036273
980	8.92913321745
985	6.71858682543
990	9.90776246847
995	10.9995686119
1000	9.86000404411
1005	6.59331008757
1010	10.4138981807
1015	9.58450750662
1020	7.74333968405
1025	10.4376619533
1030	10.7903394017
1035	8.18078884699
1040	11.5327450139
1045	10.5396658194
1050	10.6369022225
1055	6.24694958536
1060	8.78847237906
1065	7.85700725366
1070	4.19775377203
1075	11.0396989061
1080	10.8994587153
1085	9.65056088845
1090	5.34999304294
1095	8.93594891277
1100	7.98272147688
1105	7.03956287727
1110	6.88951100905
1115	7.792870762
1120	7.65038521241
1125	6.3527629368
1130	6.97875530097
1135	9.02093399404
1140	10.0546675933
1145	8.58778045677
1150	5.25012486317
1155	8.63119906547
1160	9.87497293928
1165	10.0129519309
1170	8.24001627213
1175	7.73696564299
1180	5.89044009599
1185	9.16993450837
1190	10.1570393296
1195	8.26861349457
1200	7.52578350144
1205	9.27450031543
1210	6.00396032742
1215	7.9317583896
1220	10.582986535
1225	10.9504565666
1230	7.9848261477
1235	7.5551872258
1240	7.41800455884
1245	9.34756004159
1250	8.87682148136
1255	13.8980132
1260	9.79385347256
1265	6.77924639774
1270	10.4509149572
1275	10.601458281
1280	11.7497788176
1285	7.00142133082
1290	6.43674402651
1295	6.69160945298
1300	11.5964721313
1305	8.99944764679
1310	7.17268878363
1315	10.1341533655
1320	11.3957398494
1325	7.23606428724
1330	5.79957894304
1335	8.79586866937
1340	6.52941649504
1345	7.44270708424
1350	6.49052539105
1355	7.41700865998
1360	4.63017089515
1365	7.38723974267
1370	8.65635395585
1375	6.13434540661
1380	7.50676709473
1385	7.41365240449
1390	6.5435828635
1395	6.61637680548
1400	7.65732478462
1405	6.95505767939
1410	6.73972692774
1415	6.19257214306
1420	8.38418181232
1425	9.88733211027
1430	6.65371639535
1435	6.13771578647
1440	6.53111806676
1445	9.08927861678
1450	6.03200442286
1455	8.59084766065
1460	8.79399420011
1465	8.61064290324
1470	7.07108959581
1475	10.834650729
1480	8.32329601134
1485	9.17585668861
1490	12.5949896912
1495	6.73244956372
1500	7.88267028746
1505	9.17486785128
1510	12.4464730253
1515	5.48963409319
1520	5.95589277966
1525	5.48263725624
1530	6.14185323767
1535	8.23753719537
1540	8.64630446501
1545	7.62257489826
1550	5.95921989632
1555	7.10347659919
1560	5.6701585199
1565	10.2480163361
1570	8.24331321463
1575	10.5078037087
1580	6.96137155611
1585	9.08423734958
1590	13.2746944738
1595	7.84623278053
1600	6.13325860298
1605	10.3026241147
1610	5.55134227253
1615	13.0037223534
1620	8.4049873253
1625	5.24516554667
1630	9.51916377025
1635	6.9044259374
1640	7.40678696844
1645	12.6064162037
1650	7.92221575138
1655	7.49329005219
1660	4.62902520695
