0	10.2643566824
5	5.67081628695
10	7.14015975918
15	6.41758872839
20	9.18258207982
25	8.87632905578
30	9.98309294852
35	12.1588806055
40	9.26398565226
45	4.92774596847
50	5.61604249514
55	8.62867552208
60	6.0700624786
65	7.24063345784
70	10.3313217228
75	10.1575221597
80	12.0188693489
85	9.56082829201
90	13.5505236263
95	9.44165377988
100	8.53276071403
105	10.7891568689
110	9.62553827379
115	7.45410709176
120	4.60666041527
125	5.23017569438
130	9.74967993753
135	9.689330665
140	10.298901651
145	9.35420874851
150	7.92964081097
155	6.21619206417
160	14.5589483875
165	10.1838082541
170	4.75947404126
175	10.3289434608
180	4.94200070272
185	7.00770180835
190	5.85363341545
195	8.73215830267
200	9.59086701976
205	5.3914190623
210	7.64562207685
215	11.972631746
220	8.21939642673
225	3.85181751152
230	6.5330547488
235	5.03956444081
240	6.25279720421
245	4.99485210966
250	5.53312612014
255	9.30902057653
260	8.62870165971
265	11.2600930286
270	5.48296774881
275	7.08467283929
280	7.7884418734
285	16.02516664
290	6.15058030883
295	8.69927112657
300	8.81536855699
305	10.7888924677
310	6.45622841898
315	5.57498968041
320	10.274142449
325	14.3759131015
330	6.38134674812
335	7.11271846256
340	4.68752386104
345	6.56129390561
350	6.22758773996
355	6.60483946285
360	17.2170047224
365	5.43641510693
370	6.91771057424
375	7.4655127736
380	9.15355299297
385	7.29914642477
390	7.8587767626
395	10.2308304417
400	3.43084963042
405	6.42957690412
410	4.8166953128
415	5.81206772775
420	5.98366564728
425	14.8758196552
430	7.80532282708
435	3.42971833698
440	4.4685467479
445	15.2193964367
450	7.68593313024
455	9.84874967491
460	9.79375846591
465	5.49763661564
470	8.03299378696
475	10.3860968122
480	14.8889707445
485	8.05584872667
490	10.8532438532
495	7.17068552383
500	7.02615252833
505	5.21942615363
510	5.12179090902
515	7.64505793102
520	5.48982032779
525	10.4579505919
530	5.50175332861
535	6.86009962681
540	22.9524636448
545	10.0201316832
550	5.77373003132
555	11.8237688366
560	10.4532800208
565	10.4525136039
570	9.60895617522
575	6.10994146749
580	10.8773115201
585	7.38668321191
590	7.40969470387
595	10.046361285
600	6.15040824537
605	8.66218494751
610	6.34404235766
615	7.65326920547
620	11.9964870971
625	9.16410197482
630	5.47650166233
635	10.9662158115
640	10.4907998313
645	8.70883411033
650	7.02058874206
655	7.99466429841
660	6.47854196522
665	7.67327960068
670	12.1246817279
675	12.3010686618
680	7.63044471943
685	6.79958448004
690	5.49809764327
695	7.52794314928
700	10.0303463327
705	6.54846492816
710	5.14644111587
715	6.72647486297
720	6.05521506159
725	8.61811116387
730	5.81687810712
735	8.88439365341
740	10.4732007182
745	8.25213355219
750	6.74747180915
755	7.98246972964
760	12.5758723153
765	11.3009601314
770	5.9231011859
775	8.97095319334
780	7.96769426822
785	12.5999403538
790	5.47249413318
795	8.86955212838
800	8.4536860785
805	6.12145203134
810	5.73441401634
815	7.32731996475
820	5.65059437057
825	7.78410348243
830	9.14842139807
835	8.39658467417
840	10.4811471892
845	9.5730585724
850	3.60446562662
855	6.2089035215
860	11.9626181591
865	8.4621832257
870	8.47438768567
875	10.1103539646
880	9.34236598212
885	14.3512766172
890	6.48413548161
895	7.39741117191
900	5.4904060254
905	4.98012133665
910	12.2230573738
915	10.1045358182
920	6.99944604204
925	6.54619998602
930	5.48715624465
935	6.72671944978
940	5.33645194808
945	12.224575714
950	9.91975134662
955	9.8774416978
960	6.35983080379
965	4.7926353826
970	12.8904464202
975	6.30752578288
980	8.1691591614
985	4.76028177759
990	6.02642944816
995	7.29180838049
1000	6.83381134674
1005	6.88898409741
1010	5.36407070446
1015	5.76392382557
1020	8.69755467336
1025	6.93070957735
1030	5.29750189114
1035	4.89823749564
1040	9.58823067069
1045	5.55497622743
1050	6.90898036964
1055	8.33443035714
1060	5.95462347298
1065	4.89683427375
1070	6.47528214213
1075	7.86350973827
1080	9.32718472784
1085	5.82867049317
1090	7.05234952485
1095	6.28977707396
1100	7.75459442703
1105	9.45013517602
1110	9.09367119875
1115	4.62603413608
1120	6.62838076091
1125	9.30977595017
1130	6.27858491281
1135	5.35979530447
1140	10.1955239922
1145	9.96083195114
1150	4.85672513184
1155	10.9385684714
1160	4.95412286298
1165	19.0932776684
1170	7.8826859392
1175	8.96521409096
1180	14.9329989299
1185	7.26824234528
1190	8.76058066296
1195	16.896712848
1200	12.0304116537
1205	8.42289151053
1210	11.307158464
1215	6.40838183535
1220	5.98410457353
1225	8.79741090566
1230	6.49054245955
1235	6.8606924796
1240	10.9833640185
1245	6.9382608239
1250	6.20315613465
1255	7.33269228813
1260	11.6768907955
1265	4.71120899869
1270	8.2870221875
1275	11.1772642783
1280	6.8879199106
1285	6.65215282272
1290	7.72194741837
1295	10.8390969437
1300	6.49303294608
1305	7.24998137465
1310	14.4465591397
1315	8.37900402913
1320	6.28468444891
1325	13.0542557338
1330	8.81412753355
1335	8.21788914967
1340	7.77644918232
1345	8.15163218963
1350	6.87299678314
1355	8.15872585166
1360	18.3047541443
1365	7.54015070942
1370	7.3433341994
1375	8.82719502025
1380	8.23655243243
1385	11.4997798234
1390	9.20669439452
1395	7.09606477153
1400	8.78869009371
1405	7.59802316444
1410	8.4267470952
1415	8.6754703329
1420	8.45633878782
1425	11.3922537404
1430	10.4723156157
1435	10.1733303346
1440	6.1468270001
1445	6.31910459184
1450	11.9212569825
1455	13.5995844966
1460	12.6821944647
1465	10.0026293244
1470	10.8622093985
1475	7.87793545641
1480	9.38054079989
1485	12.3186281066
1490	8.93331143689
1495	8.23589859398
1500	7.24805987832
1505	5.87222271885
1510	5.89689189949
1515	5.81546093067
1520	6.75157121951
1525	4.38181207022
1530	7.04791369891
1535	11.2057878119
1540	6.95280182903
1545	13.4787559063
1550	8.41734996406
1555	11.380240145
1560	8.64541663026
1565	7.320148495
1570	19.4802040826
1575	5.16291629859
1580	5.79867500596
1585	15.4938034051
1590	9.94466720267
1595	8.92882760114
1600	6.43513416083
1605	11.2089070712
1610	6.38699420589
