0	17.4674520121
5	11.5390235292
10	6.5867321807
15	1.18710435301
20	9.1869477255
25	1.9576795589
30	1.35123052507
35	6.72614027731
40	26.6448639559
45	2.03109898131
50	6.09310138864
55	11.8070212721
60	9.73401634072
65	10.8659057866
70	5.4677381488
75	3.61833737891
80	7.31726181467
85	12.4354294312
90	3.63654817625
95	2.56505011136
100	10.4761258883
105	3.94869507092
110	1.81765601746
115	13.664777343
120	9.22619021847
125	10.6305858403
130	10.0391224634
135	3.65627791358
140	4.69621720904
145	6.43919203873
150	13.6470363843
155	5.0095374577
160	1.9704056781
165	12.3794640382
170	1.93157438552
175	12.0376043375
180	2.04423789618
185	7.00073289466
190	1.08299144144
195	1.0238904294
200	14.4696786539
205	3.08857049621
210	24.6018082054
215	6.29582391661
220	11.7576229153
225	0.48400106238
230	2.23460831561
235	14.6533182206
240	4.83551225356
245	10.8413848824
250	6.9958912909
255	5.11944304774
260	15.7687873871
265	23.6032469338
270	18.3788295817
275	50.8255379566
280	11.6275364389
285	15.2226950273
290	2.50050695252
295	2.855432403
300	10.6449817123
305	7.4480759027
310	11.1956281829
315	12.7105228512
320	19.9676904353
325	4.91864052606
330	15.8374428675
335	1.811378351
340	8.50860489596
345	0.896225750971
350	10.1633437204
355	6.63019830072
360	6.05298547125
365	11.053938745
370	13.2636933841
375	2.96872259411
380	4.56428795449
385	7.56670581806
390	5.43424020504
395	6.94893643236
400	5.3313242438
405	8.52559786555
410	14.4281200544
415	2.66495862933
420	6.44568507434
425	1.508133382
430	18.6903729866
435	2.27039893083
440	6.13199676
445	0.598260595918
450	7.13424676828
455	0.474760771774
460	5.25613481309
465	3.99755928465
470	2.04902182248
475	19.5383435434
480	5.8508246869
485	6.67018786125
490	8.31809775515
495	14.9408107168
500	3.07763694716
505	5.73837892457
510	9.44783234878
515	2.58092238322
520	7.66951519477
525	8.05156757487
530	2.99233527715
535	2.87585988073
540	10.0533505974
545	4.68524033039
550	1.28417290258
555	4.80612178766
560	10.9418349143
565	14.5154762903
570	3.52077210652
575	7.00383076879
580	13.5797726338
585	11.5952747612
590	10.1946398865
595	6.18346128997
600	4.44780895572
605	8.28142797128
610	8.99631743447
615	0.4
620	3.33799567531
625	12.1030488624
630	1.83941113181
635	3.71659579447
640	3.19755748918
645	2.79163591047
650	6.34245261279
655	19.6805036942
660	7.4119524348
665	6.42875414608
670	4.61756574888
675	1.83050848042
680	5.36201835384
685	3.80378904706
690	8.97805661214
695	12.164562604
700	7.02733956327
705	7.10989470976
710	6.52629939856
715	0.724676196724
720	1.49136966564
725	7.1296946082
730	8.37729663376
735	1.63695093397
740	2.28083497425
745	10.8224479749
750	1.12668129779
755	2.18833438299
760	9.60404501443
765	5.54707915557
770	36.3357033073
775	5.67017944087
780	7.93092521993
785	0.526124010995
790	18.3141076688
795	12.1064930605
800	4.24020990346
805	3.37023516962
810	17.915275041
815	9.45524314501
820	3.98795986564
825	6.25120860244
830	9.82421057728
835	3.46137721199
840	7.97660874217
845	11.4541951599
850	2.74582895926
855	16.5846466396
860	7.57097250294
865	8.22202767237
870	30.6954989055
875	5.53169970965
880	29.8287645695
885	4.43751806744
890	2.03306378671
895	10.4686690707
900	13.6411765633
905	6.02792827287
910	5.96865454886
915	5.23788816425
920	12.4401661268
925	9.24826137532
930	14.0907894389
935	0.4
940	3.7553469273
945	1.04529505874
950	7.8061765485
955	3.53866632888
960	1.20020168201
965	15.6214186754
970	2.76502881324
975	10.4722239368
980	9.04903345407
985	5.17904410665
990	5.46086551383
995	5.46346185025
1000	7.54900256737
1005	4.20278965806
1010	46.0496782888
1015	0.4
1020	1.6343543406
1025	4.35048871821
1030	13.0602442313
1035	13.653374687
1040	3.22209209804
1045	6.15442951226
1050	7.20024802298
1055	20.5501025609
1060	1.60568656263
1065	0.4
1070	13.3735155224
1075	13.7854610457
1080	3.49883056102
1085	13.5007644995
1090	11.2133615335
1095	19.116205136
1100	3.90705952034
1105	19.9113564197
1110	5.11737118088
1115	15.7010176659
1120	2.06247144202
1125	2.77772749815
1130	6.73605689668
1135	8.86081869484
1140	14.9096368538
1145	1.25202276979
1150	0.64834639932
1155	4.77404666814
1160	8.08037766564
1165	8.18292019907
1170	8.0044766379
1175	0.4
1180	13.4486075773
1185	5.51723550998
1190	20.6729333025
1195	1.96443391432
1200	9.40879650882
1205	4.75165180511
1210	7.06723238385
1215	2.1397106717
1220	8.17549560763
1225	8.82162792451
1230	5.89248010616
1235	1.26330097489
1240	2.6559262672
1245	7.72174830625
1250	10.4904364977
1255	14.4526300198
1260	6.34354322391
1265	11.4429820196
1270	11.2417231615
1275	3.86184682037
1280	17.7481267502
1285	3.03944863743
1290	10.8953383991
1295	10.3333180105
1300	7.43798733042
1305	0.812923094343
1310	4.38085849527
1315	6.92591921646
1320	2.80126174542
1325	8.53709444266
1330	2.67525203875
1335	3.09583653121
1340	15.0275716436
1345	1.62809371896
1350	2.5469337499
1355	7.7126765394
1360	3.70782518592
1365	3.39396827288
1370	8.63726111438
1375	14.0534848123
1380	2.37146268104
1385	3.0110483175
1390	10.2251530691
1395	10.831445314
1400	14.2764757353
1405	3.98312503329
1410	3.35865876432
1415	2.87290530067
1420	2.81869660725
1425	4.56723891668
1430	7.5200541641
1435	21.2112732443
1440	8.65838646322
1445	6.92421187073
1450	15.9147352918
1455	8.74715459386
1460	3.1691696179
1465	11.8220238354
1470	2.1364429639
1475	7.80105394741
1480	5.66260534324
1485	0.948264673431
1490	2.7526345077
1495	8.94862974055
1500	11.3796531207
1505	2.53666567242
1510	12.2575783504
1515	6.07164078657
1520	8.129124666
1525	3.45982198748
1530	0.778633127701
1535	26.9289832156
1540	2.16170203178
1545	6.67786380983
1550	2.9194704238
1555	12.6441357508
1560	11.9990958742
1565	7.42329044119
