0	8.74115179841
5	10.5145131025
10	7.87933512789
15	7.73964104938
20	7.57536075202
25	10.3620981972
30	7.54677152108
35	3.91291695828
40	7.75552943368
45	6.36980482174
50	6.37868976728
55	8.04286046245
60	9.60916103662
65	9.89114754235
70	4.47319910604
75	5.12741237175
80	3.98850754609
85	12.3665233583
90	11.1608240113
95	9.37365321958
100	10.0207091446
105	6.86493545242
110	7.11910635412
115	7.53443969314
120	8.52950124053
125	9.56774532674
130	7.34881143142
135	5.69621113588
140	9.30628794359
145	8.09518114029
150	6.1818560481
155	7.87396409989
160	3.9993378902
165	13.5932431317
170	9.48026167715
175	3.80063721391
180	5.41274053813
185	5.53475542006
190	6.54735769941
195	4.35906589158
200	5.49769566207
205	9.22223269815
210	7.55325900951
215	7.8345575782
220	7.68625281349
225	7.4115512599
230	10.9005851983
235	9.90570505106
240	9.75211556297
245	6.77385731563
250	6.05101302026
255	8.43026257772
260	7.84778680332
265	8.21992729791
270	8.01157553641
275	8.08091791358
280	7.05291785208
285	6.22382555651
290	4.91365846988
295	5.70547502462
300	8.03696245442
305	7.33701904278
310	7.6947115828
315	11.4753423177
320	10.8906765138
325	10.6047582868
330	7.36449545872
335	4.47750778551
340	6.113391469
345	8.52441760358
350	12.1377890308
355	4.52519642729
360	9.80110797658
365	8.07916978998
370	13.5677272892
375	13.6663685552
380	9.49894950404
385	10.1720415595
390	5.69783435943
395	7.43970896006
400	9.62899965184
405	8.46841739937
410	8.74331609145
415	7.98928792974
420	10.2364062732
425	9.83928638657
430	7.37118803466
435	8.78472294774
440	7.04481178648
445	6.79053757546
450	9.92911437859
455	8.91892558788
460	13.5439021875
465	3.94749266172
470	7.49131643438
475	9.01599044574
480	11.8060394621
485	10.6036572341
490	7.27536525477
495	5.03975865627
500	11.9931744356
505	5.00880163746
510	6.03932875965
515	12.8077220541
520	12.5146956591
525	8.75958011093
530	4.72693966274
535	5.52048151139
540	5.80855839745
545	9.40792821419
550	4.07580901961
555	8.03475170259
560	10.8475002304
565	7.04526384274
570	5.43154657984
575	6.37084673519
580	14.1299751109
585	7.16693923328
590	9.39418658976
595	4.85898710918
600	12.6295249557
605	11.0932856943
610	9.54112977851
615	6.39442704779
620	7.43548026593
625	9.62247374613
630	13.9828739017
635	6.352452468
640	8.01428340476
645	6.76944772585
650	7.53080318115
655	9.96698915233
660	12.1587239389
665	11.0054113154
670	6.61672508997
675	7.48676255901
680	8.13419617699
685	9.60597889381
690	10.0979292889
695	8.30091716601
700	7.959760289
705	10.344321997
710	6.64327507883
715	7.30644805807
720	7.97215711131
725	4.71514024286
730	5.76171102604
735	5.3067832196
740	5.0651944269
745	6.08413355403
750	6.72176707955
755	6.26330390005
760	8.34127886141
765	8.94555683245
770	15.9658241122
775	7.46453278652
780	8.16366987003
785	9.83331068461
790	5.41076799608
795	5.18862020718
800	9.16295372839
805	7.91185733809
810	8.84448681114
815	5.12788795972
820	8.90512749627
825	12.4276319968
830	11.283762172
835	4.38702776066
840	12.6078162369
845	7.19628318075
850	12.193516912
855	9.25590451132
860	6.73824415198
865	10.3175985466
870	9.58949512719
875	9.67136101461
880	9.91106443191
885	7.4103252285
890	15.9833208209
895	9.13282113377
900	5.01309623913
905	8.04600872881
910	4.97410508493
915	9.87243164664
920	11.743400507
925	4.79339374559
930	4.40707618558
935	12.2413797971
940	7.48783538224
945	9.04903302722
950	10.4400353856
955	9.09586947647
960	9.86815766407
965	10.741239635
970	7.593325333
975	4.45822985609
980	8.04808910798
985	6.54809171653
990	8.00732701438
995	6.98619457295
1000	6.42606439215
1005	8.87790728718
1010	6.73071167358
1015	12.5905198578
1020	12.8696778084
1025	7.46079320494
1030	9.16764430338
1035	8.27489119749
1040	5.13403116318
1045	4.78724689172
1050	11.2717403075
1055	10.2466070518
1060	10.7505387739
1065	4.24144289224
1070	8.27732569931
1075	5.2309697777
1080	5.15637790827
1085	8.96534458871
1090	9.45226277291
1095	6.34759154815
1100	15.1138069192
1105	8.47150213792
1110	5.70640436101
1115	6.08759859964
1120	7.52338484461
1125	14.575151425
1130	9.62505742049
1135	13.2624495503
1140	3.74565157523
1145	8.97579965802
1150	6.38875632057
1155	6.18985164828
1160	10.6404625977
1165	8.31046246537
1170	6.446510465
1175	4.98052422721
1180	10.6828741286
1185	8.76181801935
1190	6.12450159985
1195	3.98826773089
1200	12.2299479524
1205	9.705706433
1210	4.34726974783
1215	8.12722428707
1220	9.64522242082
1225	9.84460605954
1230	8.27364262021
1235	7.09883390899
1240	5.06260115548
1245	7.18144074897
1250	4.16215674775
1255	9.0723683791
1260	15.7533590734
1265	13.7440513112
1270	3.65484600575
1275	9.25024386497
1280	11.2352214227
1285	3.01511363333
1290	8.66541424909
1295	16.2875701805
1300	5.21942636985
1305	3.50195565181
1310	6.51382463521
1315	9.39919219876
1320	6.00644104154
1325	5.21128591864
1330	10.0798360782
1335	14.9542473234
1340	6.57947481138
1345	7.21439722452
1350	6.45619818008
1355	5.53789368893
1360	9.13150813197
1365	10.6185336703
1370	7.19994619532
1375	9.6491643862
1380	5.32835482474
1385	11.1383465515
1390	9.71463740076
1395	9.07080598413
1400	8.63832093561
1405	12.997523641
1410	9.79970292167
1415	11.5287258775
1420	3.90595070811
1425	7.51536972898
1430	5.8629330035
1435	9.14618485027
1440	8.62695052215
1445	13.0481671854
1450	8.59309773084
1455	6.92414479104
1460	9.10245455838
1465	9.73709084989
1470	10.5910386716
1475	6.36210556353
1480	7.15001728769
1485	7.05878078584
1490	5.90515091919
1495	3.89155864057
1500	6.05466404735
1505	10.0844069349
1510	7.15949874092
1515	8.11488983257
1520	9.72649893583
1525	11.3751584346
1530	11.7797352869
1535	9.46795039172
1540	7.18661071676
1545	10.0897950705
1550	8.40466047762
1555	5.11969748978
1560	5.18017648298
1565	10.249974372
1570	6.348818864
1575	10.9048210563
1580	9.99520541891
1585	9.01938292107
1590	17.5739793116
1595	4.22545466932
1600	13.7096867582
1605	2.6980931522
1610	5.94530807363
1615	7.74200589667
1620	6.19753512854
1625	8.57847750823
1630	7.28514996082
1635	5.74480363461
1640	5.90954853022
1645	6.58773731266
1650	6.60644662842
1655	9.29476117113
1660	8.91998400143
1665	5.51000235676
1670	10.9995171222
1675	9.1991876115
1680	12.1136448383
1685	10.7399488152
1690	10.1903932994
1695	8.90553873515
1700	10.3968165219
1705	6.75120089101
1710	14.5879185015
1715	7.70178759495
1720	15.4538679994
1725	9.83022149019
1730	4.97783821276
1735	4.22444581728
1740	5.90042449713
1745	10.1922109735
1750	7.82937985739
1755	6.40531653451
1760	3.82837181132
1765	12.3824036455
1770	12.2920694539
1775	9.68735298416
1780	9.23548496953
1785	9.77475783127
1790	7.05877677727
1795	6.10395720395
1800	4.63408237966
1805	14.694181991
1810	10.082933833
1815	4.99698096496
1820	7.44433011797
1825	11.9752340912
1830	6.90439625055
1835	4.5687441834
1840	5.19477233992
1845	8.12851837384
1850	8.47458692035
1855	9.30896850162
1860	11.3507400166
