0	4.88004641334
5	4.76589383032
10	6.41130863763
15	6.31075283645
20	9.39787579495
25	9.00829214926
30	5.07655136739
35	8.74868096186
40	6.95359246883
45	9.73611591268
50	7.25961538482
55	5.97338335467
60	8.4335680011
65	9.44398733543
70	9.79460535017
75	5.43006812618
80	16.973665554
85	8.32764690609
90	5.35602749048
95	6.11609417053
100	16.7831997854
105	8.23421489389
110	5.84802866188
115	7.31795937565
120	6.35086459973
125	12.5562469086
130	5.93419446567
135	5.67263959871
140	8.58541659715
145	9.64368902607
150	6.11076023507
155	5.42476516256
160	9.81408732205
165	6.33287557117
170	5.78371241883
175	7.44844647056
180	5.82474792974
185	6.93599229475
190	7.13245551151
195	5.97557217291
200	15.9466829613
205	11.0755181354
210	9.08737408612
215	5.95900659316
220	6.27761033361
225	8.07834115765
230	8.84089484102
235	7.36641924004
240	6.41990405765
245	5.39828048202
250	9.67558384289
255	7.68019505998
260	6.96295282323
265	7.28050408002
270	5.39371493352
275	7.69940903364
280	9.43142037859
285	8.44883278027
290	8.18538382517
295	8.23956857077
300	11.4854776746
305	13.8712147017
310	10.2018867828
315	6.38378627327
320	6.58143446448
325	9.33112560178
330	3.75884637704
335	8.31942860531
340	8.31530724187
345	8.33397335576
350	6.45465556025
355	5.64214138177
360	11.5857271664
365	7.41595925013
370	3.29034606859
375	8.88778144272
380	3.88833029535
385	10.4235914955
390	7.43406565709
395	6.21870229651
400	9.5522040066
405	7.784109376
410	9.25631172629
415	8.09329634776
420	6.69012622275
425	5.90752041036
430	6.96154463491
435	10.9424449174
440	9.13624011516
445	7.22635595694
450	9.90186040603
455	9.07296588626
460	5.15263728732
465	12.2364132889
470	9.35315646139
475	6.21539604381
480	13.9451404969
485	6.14808870321
490	7.04012304747
495	7.4405194997
500	8.82584729738
505	7.60661837298
510	8.04883254023
515	12.195912252
520	7.19696916774
525	7.83011738898
530	5.04765899999
535	6.6381035612
540	8.0920022003
545	6.85981629503
550	6.34611335497
555	5.61654314385
560	7.65586730131
565	12.705568466
570	5.72550870382
575	8.92332673243
580	14.112541067
585	10.2558651998
590	7.79841662098
595	7.5417604147
600	8.35993171668
605	10.0907796001
610	5.62179134815
615	11.0139581617
620	6.68440982926
625	8.9143228232
630	6.84414144041
635	6.76476572123
640	10.2326871859
645	6.41600053351
650	10.2037763853
655	6.18236118442
660	9.50677408453
665	6.93197133867
670	8.51571821509
675	7.84093686466
680	11.0223520542
685	7.86450886562
690	5.63977349364
695	5.25094468461
700	8.9431344495
705	13.2903683768
710	12.6294997484
715	8.3787164362
720	7.48184588674
725	9.17409495419
730	6.66382647444
735	6.69046061448
740	7.45605275154
745	9.39801788636
750	7.86483182155
755	7.26297487861
760	4.11106146744
765	6.3321962501
770	7.4576078306
775	8.93693813278
780	8.83212942573
785	9.74787863924
790	8.45602531755
795	7.2667345956
800	7.43679982108
805	7.79767507977
810	7.25584406368
815	8.94316336685
820	11.2951262196
825	8.55578230556
830	4.62301883953
835	4.93608059969
840	7.17498868802
845	10.2372573145
850	5.96418077404
855	4.59924505509
860	11.1831086122
865	5.2884715263
870	8.00791518296
875	5.17539605644
880	8.07124429172
885	7.55774772032
890	7.26240195273
895	9.13283825583
900	8.56525967026
905	6.83581156882
910	9.05081647062
915	9.16695294027
920	9.1623749099
925	5.44899088962
930	10.5404198528
935	9.45253081456
940	9.10856629026
945	7.9541745408
950	11.0776131303
955	5.70039227925
960	8.27214267689
965	9.23597072365
970	5.89291373937
975	11.0320050795
980	7.1161635747
985	6.34096639443
990	7.61318380671
995	6.77764622557
1000	9.98597952247
1005	6.03563738581
1010	9.09782047862
1015	7.36380795704
1020	9.15597051785
1025	12.7196402186
1030	5.66117256358
1035	7.20167797597
1040	9.94064756107
1045	9.31028801572
1050	5.78907909637
1055	15.292654221
1060	7.32594475878
1065	9.51392719637
1070	12.6447581001
1075	4.59248958103
1080	7.11343905829
1085	15.6431939296
1090	5.76107506201
1095	7.45206614957
1100	11.4408901966
1105	9.58795713777
1110	7.78269583017
1115	10.6166652535
1120	8.31420848536
1125	9.79682327176
1130	7.0547997421
1135	4.36190706265
1140	5.67705359439
1145	8.28959979093
1150	6.96408538429
1155	6.26216516337
1160	8.98372624761
1165	7.05079518453
1170	10.7677323809
1175	8.35666425496
1180	8.09848801187
1185	5.11710206809
1190	8.77812375035
1195	6.28932323612
1200	8.23462518285
1205	7.84858487382
1210	12.2075094448
1215	9.3118631855
1220	4.58749146403
1225	4.72307938601
1230	5.51695917543
1235	8.36026631448
1240	9.21639373739
1245	9.08502684089
1250	10.1090346853
1255	7.00949431151
1260	7.77065460795
1265	9.71836528048
1270	5.79498871973
1275	10.4009058852
1280	8.35215152885
1285	5.65866603428
1290	8.58661918654
1295	5.47005230501
1300	10.4760899284
1305	10.0974812665
1310	8.80202433988
1315	11.2341844357
1320	9.5171061882
1325	8.02382004993
1330	8.0407195258
1335	7.26935308358
1340	8.39458321043
1345	8.41641558287
1350	9.12922011509
1355	11.8365341131
1360	6.65608734855
1365	5.31622851777
1370	8.61350612026
1375	7.52625353436
1380	4.91518708788
1385	7.94515139581
1390	9.2496485984
1395	6.83077829818
1400	8.01410261693
1405	13.5230306057
1410	6.240008994
1415	5.20357871504
1420	7.39535955112
1425	10.9248111658
1430	6.87101171509
1435	7.58137685006
1440	9.01241200977
1445	8.53844639445
1450	8.43558312143
1455	6.99246560647
1460	8.03783341604
1465	12.9719038057
1470	20.0188645637
1475	8.30739168588
1480	6.79593874525
1485	5.84499805129
1490	9.93938577314
1495	6.19219929649
1500	10.3692744
1505	7.72456700032
1510	12.379966255
1515	7.87987936869
1520	9.96175135493
1525	7.54278101782
1530	10.1161129185
1535	6.88246726202
1540	9.13804480736
