0	4.5006155628
5	7.75638700341
10	5.32473812036
15	8.91887338487
20	9.46517727373
25	6.85288053064
30	8.4864174933
35	10.7696808969
40	8.87707724151
45	9.54265695745
50	7.10918440466
55	6.02868011479
60	8.15676649184
65	4.34682207473
70	6.43771778454
75	10.0131983514
80	9.63550608569
85	5.18600020984
90	7.15892760804
95	5.82293808479
100	3.79381813925
105	5.16871355759
110	10.6128770141
115	8.80586477569
120	3.92114196351
125	11.1636692308
130	6.75654218593
135	6.8425751361
140	9.11597871098
145	8.6496868542
150	6.96827868562
155	20.3803393819
160	14.0872778418
165	6.8945222168
170	8.61798594457
175	5.62220503458
180	7.96460585991
185	6.55361907383
190	4.23969390089
195	5.78826999874
200	9.08659353272
205	9.12093620859
210	5.12337742208
215	12.5483959776
220	3.55770519257
225	10.5014328922
230	9.1050031923
235	11.7214237606
240	10.5621318984
245	8.18213723
250	6.05928289758
255	6.44225996058
260	3.44002696323
265	5.01760833336
270	9.59523987064
275	11.4300083998
280	10.0789020676
285	6.68387924865
290	6.63072424731
295	10.4483816159
300	7.63206770286
305	9.45483108277
310	9.69470338302
315	8.0214321478
320	10.251271725
325	8.84686425179
330	8.15586141828
335	12.2112922077
340	12.6029614237
345	8.50273630243
350	8.63913699472
355	11.7026226193
360	5.90178391572
365	7.3621349892
370	6.17250162169
375	3.95141470654
380	7.44976259282
385	7.6227525135
390	6.38278664687
395	12.2072412508
400	12.1620474594
405	5.89558711876
410	6.91003783784
415	6.23826948063
420	9.96138448602
425	9.26096947658
430	7.16976020684
435	8.13627586133
440	5.20507647689
445	9.6692907546
450	9.58842630756
455	10.7137453514
460	10.4369456161
465	15.1488824047
470	6.41414481492
475	10.6408902329
480	8.54869883705
485	10.7117301921
490	5.24407659737
495	8.44657516336
500	6.50459695665
505	10.0175028124
510	6.88800814068
515	6.73714780164
520	9.21080378676
525	8.06292842309
530	17.542520756
535	8.47681857756
540	18.3141769288
545	9.53409232966
550	8.09052512462
555	8.16082973241
560	6.31784504434
565	6.39937336411
570	5.05875358019
575	6.53320892915
580	8.09284290021
585	6.46032295883
590	5.35801727501
595	4.29227137703
600	7.60956677662
605	15.6729044336
610	5.92618129641
615	4.75399829792
620	4.22618882125
625	10.6767516486
630	11.090100792
635	14.6131241109
640	5.57212413178
645	5.4976666651
650	5.71018641379
655	10.8550897863
660	8.40160101143
665	7.84974234101
670	9.13559013437
675	9.35747479109
680	6.41878476621
685	11.6252393703
690	5.19998986389
695	7.56216697444
700	5.78129025841
705	6.79514726298
710	13.8623338505
715	6.53259587177
720	10.9707124086
725	5.26237771075
730	12.723354593
735	9.56183906642
740	8.22678140499
745	6.08039479856
750	7.8438111994
755	5.66993856566
760	8.74918320544
765	6.12645625744
770	4.2502298178
775	5.25764254144
780	11.5078008486
785	11.5653251299
790	15.2496373659
795	8.5048146923
800	6.13732782423
805	5.97242841212
810	7.40256477667
815	15.0395670405
820	7.78918975255
825	13.6428269311
830	16.0300052387
835	8.2182934214
840	12.6269783001
845	12.0206462072
850	6.55184463598
855	6.63024228819
860	6.45705986645
865	6.82836464215
870	10.566989604
875	12.1194730769
880	9.2038380001
885	7.64333239498
890	6.95194154083
895	8.85748113629
900	11.2734706593
905	4.96465047317
910	12.3749622292
915	8.40324354056
920	2.97168803973
925	10.3551571364
930	11.8164004251
935	6.37165630625
940	14.1092530132
945	7.50778260646
950	7.96036869187
955	9.32275788305
960	9.6983711552
965	15.9185757792
970	6.07670078257
975	12.3819192298
980	9.82191140583
985	10.7276242368
990	6.7289840506
995	7.79263982716
1000	7.28010987659
1005	13.3093863702
1010	8.25273254656
1015	7.40430178591
1020	6.00443171751
1025	9.5587406067
1030	10.4590956954
1035	5.9201330739
1040	10.9655846827
1045	7.97879346151
1050	11.562106559
1055	17.0431894986
1060	5.72687222994
1065	5.52157448435
1070	7.32347199485
1075	8.0158698254
1080	5.51189684421
1085	10.7454733733
1090	5.87780055391
1095	12.6969631427
1100	12.2504896299
1105	8.78232338362
1110	7.16126860531
1115	9.46562988339
1120	6.51360620494
1125	3.74186752
1130	12.6640946762
1135	10.5931955643
1140	8.18358654237
1145	14.7257593019
1150	7.00265290396
1155	4.29130634769
1160	10.5348653243
1165	6.98236185281
1170	12.5010057265
1175	6.7067279346
1180	10.8176047179
1185	5.06406792815
1190	4.31482721902
1195	2.87610407489
1200	10.9823743152
1205	9.30153369353
1210	9.7819995
1215	9.3681012134
1220	6.52455741372
1225	6.32347666343
1230	9.5729316149
1235	8.15153434967
1240	14.2055455375
1245	4.5948543691
1250	5.74614722503
1255	10.0401906332
1260	7.39878352611
1265	7.17616080585
1270	10.4293082543
1275	8.99083944857
1280	10.4664527459
1285	5.35551162037
1290	6.24715661726
1295	7.88453444384
1300	10.7971309656
1305	5.97382620358
1310	5.88713119927
1315	12.3457723095
1320	4.0485235296
1325	11.25205195
1330	18.6136295147
1335	11.8338100126
1340	9.87326711724
1345	9.12993753043
1350	10.2777206386
1355	8.21454698338
1360	11.2422691943
1365	7.46071373881
1370	8.07906380203
1375	6.40063500592
1380	7.5569967574
1385	6.81928136615
1390	4.90929100105
1395	11.1287567693
1400	8.70823605765
1405	6.43618143089
1410	6.4068608871
1415	6.36049143326
1420	16.707912913
1425	8.139023112
1430	2.90612437071
1435	5.82615267031
1440	3.72227933599
1445	11.6925460645
1450	8.71377046795
1455	8.78722296079
1460	10.4238882078
1465	8.47720685959
1470	6.49737182438
1475	7.32068164208
1480	5.10913702288
1485	11.014476442
1490	8.96692301189
1495	11.3928419179
1500	9.26536578469
1505	6.50185521795
1510	6.62375359036
1515	6.88496816625
1520	5.15280177828
1525	8.85761186133
1530	11.3087330787
1535	8.84319865923
1540	6.59144200539
1545	6.08195740264
1550	7.80582573623
1555	5.78667393027
1560	7.4631642406
1565	6.13470207415
1570	13.3160037195
1575	10.6190012842
1580	11.9712411733
1585	20.5177366623
1590	11.9130855592
1595	5.5875073372
1600	8.96974626676
1605	8.44079693948
1610	10.2582892369
1615	5.87620932767
1620	5.15172661434
1625	7.97288466397
1630	13.8269734869
1635	6.53929872946
