0	12.4194240003
5	9.31379369567
10	9.05213193696
15	5.93035687826
20	11.5868645301
25	9.73716320731
30	3.23141861063
35	11.8507786683
40	12.1823774717
45	10.6268563914
50	4.53997354402
55	8.70720071685
60	5.02366697291
65	8.78588328182
70	9.8895129922
75	8.94231057612
80	6.74394391204
85	7.23449604323
90	4.01918704009
95	8.50841758452
100	6.51955664882
105	7.88621827914
110	8.35511513085
115	17.0113959835
120	6.69353807114
125	12.8938401308
130	5.7589941815
135	4.31735533747
140	6.6038323916
145	11.1784186484
150	5.09593724112
155	6.45349860412
160	3.5525638859
165	6.50131610227
170	15.9546965934
175	7.65249165886
180	10.0515801565
185	6.27292118342
190	5.26813511117
195	8.2735373301
200	5.48168542438
205	11.8373965136
210	9.78236092703
215	6.15859166875
220	12.6320185661
225	8.2791091983
230	9.32324755
235	11.0541767236
240	8.81281250145
245	12.4252622857
250	13.3998716394
255	7.87485271631
260	7.47288221723
265	12.5672561326
270	7.50628675011
275	5.78186199423
280	8.11632165769
285	6.10346508992
290	4.30309607594
295	10.9335826295
300	8.46116866707
305	8.09163858136
310	4.37999176087
315	8.68833655427
320	7.23885665601
325	8.26069557216
330	10.7038444493
335	17.1992546258
340	7.24764748323
345	9.62596224223
350	7.25210740338
355	5.04346255733
360	5.9365583291
365	4.60595404319
370	8.46209049508
375	8.62386686892
380	7.35281398841
385	7.15201356602
390	6.14442261719
395	6.27305330972
400	16.5562142579
405	5.51848066482
410	9.00640827638
415	13.3346492036
420	5.05393308082
425	8.08216381618
430	8.40407541178
435	10.6927771477
440	12.0102893871
445	5.25259110397
450	8.55933015155
455	7.37068109423
460	5.22161773742
465	6.79297054433
470	7.09033380802
475	4.45282212186
480	13.1849370239
485	12.1105527725
490	13.7546879363
495	13.261732702
500	8.57859889499
505	11.3161882366
510	3.24029436212
515	4.1894077523
520	6.98571395645
525	4.39337057824
530	8.71272309271
535	11.5442628154
540	3.12198549285
545	8.14881042686
550	10.7890078905
555	4.77952905797
560	6.73836523557
565	10.5440619425
570	5.22259014951
575	11.5890847442
580	10.0341739973
585	7.42366454469
590	9.67971519197
595	10.8430479741
600	12.7663814412
605	6.83749092593
610	8.9661493609
615	3.93218582602
620	6.53512715563
625	7.27458427474
630	5.76770433237
635	6.86922834487
640	3.33304339661
645	15.1515353485
650	10.3074129718
655	9.31154793875
660	6.59569377476
665	9.29658875688
670	9.89461545889
675	5.90497058543
680	7.7711031038
685	7.76173527967
690	10.8371232019
695	9.05372952214
700	9.30706522142
705	7.58556416263
710	10.7698926605
715	8.91372087105
720	4.38590751599
725	4.71890778131
730	11.6423808771
735	6.11139239104
740	8.27426238526
745	8.19815070178
750	6.28247396895
755	5.09747552748
760	8.02370767609
765	10.1098762346
770	9.12470109431
775	9.41427262693
780	7.24007081121
785	9.95363011414
790	15.7232890725
795	11.7609343311
800	8.21407572443
805	5.87567920236
810	12.475769662
815	9.25794604861
820	9.75715110745
825	6.24024935983
830	9.55928159386
835	8.59024851601
840	4.71464837488
845	15.2269416715
850	7.14240420118
855	6.00763471966
860	11.8206820359
865	3.18290840591
870	7.81769983648
875	7.59889807386
880	9.35212659898
885	10.3494297209
890	8.39360148506
895	12.8036265103
900	6.90002085362
905	13.3782079017
910	7.97866315969
915	9.87721280479
920	4.24703428814
925	7.02028014909
930	10.1072823331
935	8.98475196581
940	10.2606277608
945	9.16210049465
950	6.44970472619
955	8.71091426257
960	8.4089000592
965	6.33546933513
970	10.3778478704
975	7.75203215216
980	12.6860902315
985	13.7184147939
990	5.80421668081
995	4.1560435301
1000	9.05037518882
1005	4.2837827941
1010	5.25391348713
1015	6.18416748812
1020	6.95922492083
1025	6.55048129595
1030	8.96482212659
1035	11.1579171158
1040	7.21343533206
1045	10.894229988
1050	21.4067615715
1055	7.54818592674
1060	6.2261219026
1065	13.4987348246
1070	7.23870710798
1075	9.42048721224
1080	9.32422148656
1085	10.262984798
1090	5.65054295322
1095	14.9112522509
1100	10.3479178244
1105	13.170462522
1110	9.73850407555
1115	7.13070723304
1120	5.99559155215
1125	7.29765600901
1130	8.36535671201
1135	10.4941482851
1140	5.9321130352
1145	4.23817490177
1150	10.871328461
1155	6.14480214078
1160	10.3120723382
1165	8.48084544387
1170	9.08351772225
1175	7.76809261305
1180	13.3074830217
1185	5.26944304853
1190	11.9282330476
1195	4.44519482464
1200	8.90289100274
1205	8.33384392965
1210	7.70477732818
1215	3.84047843887
1220	10.644229788
1225	8.16168978243
1230	7.12752705898
1235	8.30931389922
1240	15.9016383131
1245	6.82179252319
1250	9.94219950896
1255	11.8140651049
1260	15.0462573542
1265	8.74443946492
1270	6.86398605107
1275	7.39405928408
1280	7.64053984768
1285	6.4075426423
1290	8.3385466166
1295	11.6624045685
1300	5.59630431092
1305	4.46565765045
1310	13.9625860483
1315	7.19260277529
1320	5.92372576212
1325	9.46225104175
1330	7.89919522185
1335	7.55286623205
1340	10.4324899505
1345	6.16727246646
1350	11.049922381
1355	7.11467851748
1360	2.46302470139
1365	8.44940909217
1370	3.70601267018
1375	6.7862751913
1380	8.14412223076
1385	5.13753742894
1390	7.86869287053
1395	8.27715507088
1400	7.49359285212
1405	11.7760674851
1410	6.70448217163
1415	4.42245802061
1420	4.78248281867
1425	11.769946907
1430	7.59990489563
1435	5.91812015487
1440	10.1111503452
1445	7.6397037351
1450	8.15323761659
1455	5.5767899475
1460	9.80879507675
1465	8.05070716101
1470	8.77706862111
1475	16.2849405309
1480	6.06196184344
1485	6.7794058125
1490	11.8644016786
1495	3.96410653123
1500	8.85605951661
1505	11.7905737748
1510	13.150975185
1515	9.42227620358
1520	12.2549474954
1525	6.82016658637
1530	15.1655054878
1535	12.2975026533
1540	7.74571673734
1545	8.61753949215
1550	6.85303358625
1555	5.82113214756
1560	3.4659552134
1565	10.5187346487
1570	6.19384345347
1575	5.86714403014
1580	5.3429821426
1585	6.59147035001
1590	13.0133179318
1595	6.34564241439
1600	7.66079959137
1605	4.28699827618
1610	7.28118354865
1615	11.1328274557
1620	12.0291471486
1625	8.9110300998
1630	3.92629740897
1635	12.3914275806
1640	7.36341986606
1645	2.17298520319
1650	9.51110169679
1655	8.98490731232
1660	12.0975902214
1665	4.64644938555
1670	5.16245464831
1675	4.28506776565
1680	7.60068441672
1685	10.6700740362
1690	6.74953242107
1695	5.59116447527
1700	15.6856240378
1705	5.0298762457
1710	10.312368726
1715	7.27284643279
1720	5.82402431327
1725	5.12190348227
1730	8.06517833234
1735	2.90540634152
1740	11.3232781492
1745	15.0473141152
1750	9.30383238215
1755	12.9982688642
1760	6.26511052108
1765	5.98101133991
1770	7.8628156836
1775	9.98824519671
1780	5.89319483053
1785	6.6363426819
1790	6.87644537127
1795	6.55433352469
1800	6.73538818329
