0	14.0088697008
5	8.36796272316
10	4028.72698646
15	45.7465969504
20	47.6772119272
25	30.9813267318
30	123.244984359
35	22.2921190994
40	6733.83370472
45	166.435102438
50	367.099711149
55	41.3078459767
60	29.8252855053
65	4.08725066989
70	7.73838168834
75	37.1845589335
80	5.44055874159
85	7.22654686692
90	20.1860213276
95	79.9442464415
100	2616.78980153
105	36.6063089552
110	68.1615595475
115	23.8361780495
120	148.82517298
125	30.8966924033
130	9.10474117966
135	15.4695918494
140	2.53632901785
145	137.210851586
150	37.1094153959
155	860.477181829
160	2.74407321013
165	5.70456799829
170	0.844554307251
175	1229.67313094
180	209.045333138
185	1.94632474921
190	4.58940672398
195	23.3743854931
200	42.1421202881
205	4.61692055655
210	18.2383537868
215	2.9389217868
220	19.8358008565
225	67.0679721846
230	3.05542926239
235	4.30381312026
240	16.694200598
245	596.749757213
250	26.0411973641
255	5.60599939203
260	27.9954697905
265	1.13683307103
270	8.38893222188
275	18172.8404598
280	3.53771767281
285	47455672.7371
290	43.6682870221
295	2.48978225415
300	63.4412089182
305	4.23473190449
310	9.20285555281
315	134.475843596
320	119.667962202
325	5.5202080649
330	6.77667748262
335	4.53065477149
340	9.06752485795
345	6.42795907646
350	2.12264407104
355	15.1851002963
360	863.844496339
365	86.6702515945
370	33.666324861
375	182.735128069
380	5.78494759341
385	13.2568600934
390	1001.68822785
395	12.9901236623
400	207.618763229
405	24.610950638
410	8.23619072168
415	2.45133752785
420	9.80837818325
425	7.02685961297
430	31.171531232
435	462.010085344
440	17.9176821491
445	79.9599895464
450	172.75328413
455	442.195259005
460	874232.103971
465	93.482574756
470	24.2023117934
475	3.02805149329
480	29.0541839642
485	5.61720714697
490	13.87533725
495	2.0162576475
500	6.55074076439
505	1.35722823147
510	414.338524225
515	34.0939931041
520	22.5072115402
525	38.388877462
530	6.17718389739
535	133341.514266
540	152.853730756
545	463.148004117
550	335.192615685
555	5.41049381308
560	15.3429831693
565	591.290148836
570	80.4996450079
575	391.861480842
580	462.156801814
585	22.3084355072
590	3.06296118025
595	108.895004346
600	129.730193152
605	12.1751875699
610	5.96707961267
615	3.98897872435
620	132.649144887
625	15.5265209797
630	70.7607293535
635	4.77674297187
640	78.424143777
645	1.65255767157
650	298.537836797
655	6.33712560085
660	1.55868050967
665	145.75962593
670	21.3139689305
675	27.620191374
680	8.3460564431
685	6.08283059965
690	1.75874327304
695	15.190308378
700	9.80111354351
705	12.753732817
710	49.2852893471
715	761.903061658
720	23.3087887091
725	3648.96510545
730	77.1201574576
735	6.95351480224
740	9.60876087788
745	42782.1971134
750	5.65887137755
755	4.6702993003
760	9.2470418311
765	48.5721189644
770	16.1235242529
775	13.4039513174
780	1.74051927188
785	31.396210046
790	16.3588475501
795	27.1707215678
800	379.585974684
805	241.24981832
810	20.7967412546
815	2232.51246503
820	2.66599994146
825	7.24815968362
830	213.22528642
835	108.859484027
840	3983.99933408
845	12.5696026101
850	83.487822718
855	40.021630104
860	29.4495031651
865	4.94524664857
870	15.3771778548
875	2.3491050806
880	24728.5446001
885	48.049211516
890	94.1138554692
895	1.70521251671
900	5.26455973951
905	14.1603708086
910	1712.2852948
915	16.1168036299
920	2.91908840499
925	539.618635418
930	4.66338543014
935	4.77902545823
940	7.13834789374
945	26.4629821473
950	5.23444753694
955	8.71505700103
960	30.0226698971
965	81.8003596303
970	4.9664957744
975	39.177918176
980	83.5178793655
985	239.558227864
990	821.936320288
995	24.0454951842
1000	5068859.63206
1005	4.41651039143
1010	53.5203688407
1015	2.59361230698
1020	33.6674896026
1025	26.0912469216
1030	19771.1547213
1035	2.33862782747
1040	15.7903732512
1045	236.357967844
1050	1.21413660162
1055	2.38318110354
1060	101.907864841
1065	277.300606168
1070	123.675498428
1075	8.12044459704
1080	16.4176105083
1085	12932.5139277
1090	1.45186439757
1095	30.5344802883
1100	3.88987428683
1105	10.5450757213
1110	150.631375598
1115	175.881272694
1120	10201.0498802
1125	37.4881908995
1130	286.765152837
1135	2488.40289486
1140	184.495697409
1145	3.23369129125
1150	9.98204604866
1155	2.30967812358
1160	188.837697672
1165	18.904830643
1170	1611.74339657
1175	45.1327454985
1180	64.1760366626
1185	7.01523387611
1190	28.1798496501
1195	24.5160087141
1200	1.20984837131
1205	1867.34140918
1210	14.4319256253
1215	62.6075189185
1220	10.4550899299
1225	11.8381812138
1230	40.0161614937
1235	5.47873460918
1240	24.8906151676
1245	63454.372054
1250	24.7242008704
1255	313.193259755
1260	107.609459613
1265	123.796140024
1270	43570.3964293
1275	19.8034656019
1280	5.29783048908
1285	122.642818635
1290	77.9214745583
1295	29.2815244031
1300	18.3600012126
1305	7.51712100367
1310	3.96227339203
1315	56.2629170855
1320	34.4822452975
1325	4.84628665328
1330	4.37354019535
1335	1.6664126269
1340	41.2056539521
1345	31.5587891976
1350	38.6649526846
1355	5.51797963614
1360	77.203153812
1365	11.9762544586
1370	57.9760944026
1375	26.1522998582
1380	14.1143688803
1385	2.28317536751
1390	264.868268701
1395	29.4138989299
1400	7.09293143468
1405	733.230296998
1410	14.2551016529
1415	5.20365368053
1420	967.244310555
1425	5.50964347676
1430	10.7396211456
1435	65.807036557
1440	15.1361664871
1445	2.00402145167
1450	24.3496408202
1455	5.66253426172
1460	4.06946686182
1465	7.14755298135
1470	184371.947244
1475	4688.85610902
1480	1.7040850685
1485	6.23026944696
1490	1660.57461179
1495	19.6710716456
1500	25.9762488413
1505	14.3684098892
1510	1.17719198122
1515	3.01732414945
1520	44.9974732894
1525	78.1051020473
1530	81.3621230291
1535	20.7010666594
1540	29.3003491425
1545	15.7929821357
1550	4.49634296521
1555	51.1202386864
1560	5.62541114958
1565	935.537868957
1570	5.84673767986
1575	8132.52032338
1580	3.79556901863
1585	50.6524629486
1590	33.8636025193
1595	1.6620275355
1600	55.174974087
1605	36.2657610425
1610	15.0495756882
1615	93.5500707255
1620	10.0192104919
1625	4.63961477354
1630	14.4276081418
1635	13.6294521677
1640	287.846459871
1645	16.1035812526
1650	4.78016183147
1655	2.05455460558
