0	12.1853006667
5	9.89846135784
10	9.90336631337
15	10.741286265
20	8.13175725431
25	13.9247674108
30	7.38313894361
35	12.7770235433
40	8.27371744226
45	11.8505986509
50	23.6196056233
55	7.70104051158
60	6.33798038231
65	27.8345740751
70	11.1362482738
75	10.535760506
80	8.82646938145
85	8.85827957677
90	10.1463800651
95	12.4982642678
100	11.094191163
105	6.80601499376
110	13.5336848811
115	15.1819025606
120	5.98519993285
125	7.13827421725
130	9.38262923604
135	7.79954244259
140	24.9390143107
145	4.35143288983
150	6.86923528167
155	14.272858154
160	9.77507865491
165	9.74509317493
170	24.0328019332
175	14.4926508972
180	9.70860713372
185	16.6470028547
190	9.16134649037
195	7.4736960821
200	8.71177376467
205	6.39770307792
210	6.41009301737
215	5.32601800841
220	30.7113152434
225	5.90535697895
230	7.83275980084
235	5.05971868025
240	12.9573417858
245	11.3244606907
250	6.14459265455
255	12.2412272392
260	9.74334115261
265	6.54050747718
270	6.72316274675
275	10.2619725632
280	5.10795195059
285	32.7552018611
290	4.37454269555
295	7.78128884452
300	4.78747108175
305	10.461331579
310	5.62905911968
315	5.14445854411
320	6.7580606166
325	14.7014350701
330	5.92866726143
335	8.88630149637
340	9.53600954473
345	7.52532091748
350	9.83436340006
355	4.28778295716
360	9.78439228192
365	17.5360818046
370	7.68515468937
375	7.68666654031
380	10.4126360141
385	13.2523978874
390	11.7222102382
395	4.49998356966
400	9.05304749397
405	10.3213854804
410	11.1871241705
415	19.27717759
420	9.85427124533
425	7.65431252069
430	10.7813774102
435	11.855181704
440	30.4463635343
445	11.8054573842
450	12.1450443621
455	13.6597567398
460	17.5921451146
465	5.36798468105
470	9.64980273471
475	7.99169908347
480	3.53498667
485	6.33148266931
490	9.59850087992
495	6.61823569318
500	17.009230778
505	9.93117453169
510	4.32976451491
515	13.3101154324
520	7.62535537028
525	4.20458628689
530	3.54980117482
535	5.71162194502
540	7.02527894525
545	7.49220901083
550	2.68323839516
555	6.58242773928
560	8.41600976987
565	7.96372863322
570	14.8297424719
575	7.82068397868
580	7.19802005484
585	9.53415117779
590	30.7491488338
595	11.7203145335
600	10.9538044074
605	3.98521291411
610	13.7275731041
615	7.15643080521
620	4.53072693435
625	8.93930539189
630	10.8798502244
635	5.68588756922
640	22.0830905887
645	6.68960241406
650	4.16900083105
655	8.27801032728
660	9.72005734731
665	4.27902939707
670	8.54523290791
675	11.8049241515
680	4.87167775027
685	9.91194319864
690	10.9883902277
695	5.2371792118
700	9.1330000829
705	13.4669317306
710	5.74187434122
715	11.136872935
720	2.9795053075
725	6.4185266998
730	34.7787395002
735	10.8671133337
740	4.38699373072
745	4.72219490502
750	3.69584263411
755	3.18822454875
760	8.42901713445
765	5.92457593262
770	7.67154586801
775	4.36921829159
780	8.1231318612
785	9.14487249353
790	9.48849219711
795	8.42351749609
800	6.0804849343
805	11.2661604121
810	5.24274274528
815	12.9869672006
820	8.14030108081
825	6.71039164179
830	14.1801525871
835	7.08903224294
840	5.81798316842
845	14.4397549072
850	12.4629261804
855	19.0467534273
860	12.8277137022
865	5.08718292555
870	10.5159923223
875	12.7073105913
880	10.320880084
885	5.65600104397
890	6.51542567477
895	14.488597754
900	10.4712836389
905	10.8997268025
910	9.67539767694
915	20.9520095015
920	6.88145782858
925	6.29918956466
930	8.89173098016
935	10.1961834928
940	8.03725032027
945	8.26989157024
950	16.2906620579
955	6.37923006374
960	7.77138218765
965	4.08499315129
970	3.58466132132
975	4.15069895916
980	4.94658733906
985	18.2771867144
990	6.46962558929
995	13.0187965007
1000	16.1170463504
1005	9.41295501792
1010	10.5163194071
1015	8.00116081679
1020	10.3554183067
1025	14.7680667724
1030	8.43828799836
1035	6.37972109774
1040	11.3972127697
1045	5.00207534369
1050	17.2380995136
1055	10.6006076272
1060	7.39679101143
1065	13.0987400923
1070	9.00145124238
1075	13.7967787181
1080	6.98510843802
1085	12.7609362691
1090	3.83657170479
1095	3.50355345944
1100	6.39993796219
1105	5.63698532739
1110	25.1400888937
1115	7.78503295126
1120	13.0680887763
1125	8.49802673451
1130	28.1097701884
1135	6.49562907241
1140	23.5666671811
1145	4.70506925452
1150	7.67293556094
1155	5.99405676971
1160	9.15302423261
1165	7.8141682915
1170	4.14484171441
1175	8.33647998987
1180	7.53760559235
1185	10.8158459842
1190	9.62677496002
1195	4.23499536936
1200	8.43083004809
1205	10.8249917317
1210	5.03937000695
1215	6.69354259215
1220	10.745767264
1225	9.88283492767
1230	20.2986135886
1235	8.63316460646
1240	14.720368826
1245	12.0228768279
1250	13.3367584697
1255	6.44237658327
1260	7.00870191775
1265	4.94506313426
1270	3.43028122022
1275	7.49492895357
1280	5.40789222175
1285	8.18924880457
1290	10.0322257636
1295	6.47495216853
1300	8.08445050122
1305	4.58804518224
1310	10.859638837
1315	22.2619246328
1320	4.55086330621
1325	3.28147387374
1330	8.22699893092
1335	8.26444209374
1340	8.99218749198
1345	9.19289152084
1350	8.66422712633
1355	10.9930927437
1360	9.97048408936
1365	3.33000252849
1370	7.90697351152
1375	9.96671615208
1380	8.39573327283
1385	5.1673259095
1390	14.0250751461
1395	4.27923549612
1400	5.80536797497
1405	10.3400614519
1410	7.21635986095
1415	11.6151532294
1420	10.2144098572
1425	5.22319581166
1430	13.376650362
1435	8.25263146461
1440	9.16065087614
1445	9.62088077026
1450	4.08388137935
1455	15.1107109655
1460	6.37737471089
1465	8.07990352979
1470	13.9073707639
1475	7.77158086491
1480	8.10879291249
1485	5.31728997531
1490	10.2879771568
1495	6.9918166706
1500	9.19133472697
1505	4.8093312442
1510	8.27840049866
1515	4.83703005487
1520	22.0646462171
1525	9.1037883148
