0	13.3357001308
5	10.0246103705
10	7.43965972923
15	7.80407991839
20	4.81875533813
25	12.716017965
30	9.5376984046
35	6.35229308461
40	8.69955776347
45	6.26327795664
50	8.17945572745
55	12.8614985376
60	8.62054515637
65	11.4408980343
70	10.3610226484
75	9.07630984353
80	6.90859394043
85	6.3415678728
90	12.5433742034
95	8.05657806954
100	5.87899226587
105	6.91668619496
110	6.11757885902
115	8.41367737492
120	8.06595584493
125	9.17044826931
130	6.61891870457
135	7.00175886606
140	9.83352093473
145	10.5288622998
150	7.80594988115
155	11.2812613822
160	10.9911307255
165	7.02149007363
170	8.31422691935
175	6.01189900931
180	8.22490817353
185	6.19871623397
190	6.42032938114
195	7.3918807404
200	6.28290523731
205	7.48689258729
210	7.25153418838
215	6.26865376412
220	11.7910336377
225	10.6612615278
230	6.05127512792
235	8.59320956816
240	5.198950987
245	7.07335450768
250	5.53967807633
255	8.27957346317
260	7.59690498372
265	8.43849066341
270	7.7087612042
275	16.2607868387
280	8.27009348489
285	6.42388737136
290	8.82539991619
295	6.10012856228
300	16.7687216966
305	7.90734375788
310	9.70529570516
315	7.26349171669
320	5.61136144828
325	7.69469389952
330	7.16548314372
335	7.10677983958
340	8.72363441528
345	6.72647789268
350	7.84262493686
355	10.3201677996
360	7.56414771909
365	11.594065811
370	9.85403592515
375	11.0968248214
380	7.70373634751
385	10.3176193596
390	7.69368765994
395	8.86820036328
400	7.27805476246
405	6.25961916575
410	9.69182548609
415	6.6374877003
420	8.50108760551
425	7.0305307755
430	6.54712535579
435	7.24256182888
440	8.91552046325
445	8.91198220321
450	8.38155660782
455	5.5184833325
460	9.20724306763
465	7.4139097085
470	3.95750296166
475	4.89103382278
480	6.37723642723
485	6.81918505372
490	5.77488999557
495	9.10855011583
500	6.5379023534
505	9.0992761786
510	11.1919263576
515	6.0616985893
520	11.5838988174
525	8.45790758147
530	6.88574856375
535	7.62156147246
540	6.69640844317
545	8.02919774883
550	6.14920757218
555	7.34488971144
560	4.97382901127
565	6.60873836744
570	12.4519263351
575	7.37237893684
580	9.05328530225
585	6.72179125057
590	7.23656663064
595	9.89751894618
600	7.42246374636
605	5.02826890621
610	9.70787661811
615	12.9195165297
620	7.41978716525
625	8.07826770268
630	7.45564149681
635	6.77786489756
640	8.36824679848
645	6.80103681144
650	8.92945694181
655	7.27986404349
660	13.6311646047
665	7.66950970855
670	9.11743689748
675	6.25055006529
680	7.40754530845
685	7.73813778282
690	6.05570538287
695	11.540491093
700	8.38671864889
705	10.4479184128
710	8.25844208313
715	6.16341890261
720	7.33619149544
725	8.27758115374
730	11.6015765801
735	10.1196745258
740	6.81432635306
745	9.59994455864
750	10.0977232556
755	10.557349289
760	8.10665004193
765	9.55663737693
770	7.17026954425
775	10.1330279095
780	7.98365353276
785	11.1669339937
790	7.86562345216
795	4.31711193676
800	8.32001095274
805	8.84045995217
810	6.71822840602
815	12.7659312953
820	8.12893987175
825	7.50684912655
830	6.91099045307
835	9.91575797093
840	6.74465572286
845	8.23470467738
850	6.15604484075
855	9.62265984323
860	9.08658308048
865	8.98180098803
870	7.21770110597
875	11.5351244231
880	10.2432041937
885	10.012343932
890	8.00338046078
895	9.42271581134
900	5.701781029
905	9.83542021244
910	6.57545810286
915	8.86955916304
920	9.62984326212
925	8.62420126249
930	8.7462760904
935	9.2317170632
940	7.96712199328
945	13.4670976769
950	7.03259789452
955	8.62827966479
960	5.28860603982
965	6.90465884751
970	8.45225142542
975	7.12622734847
980	6.18270544561
985	7.74607954688
990	6.84664965541
995	9.1079371539
1000	10.8235731256
1005	7.59759980952
1010	7.66417812767
1015	7.88013295923
1020	6.96780658057
1025	12.1477119216
1030	9.15664874445
1035	9.79954239099
1040	6.00440551484
1045	8.65910840081
1050	7.05206523452
1055	7.61065343676
1060	5.97651567648
1065	6.95024530208
1070	12.1052560024
1075	7.78406909752
1080	5.46447440876
1085	6.49366539061
1090	6.84270758673
1095	9.99697275605
1100	8.71400665253
1105	7.72408425294
1110	6.15561547875
1115	9.71567379282
1120	8.35689735413
1125	8.2542037523
1130	7.05283969775
1135	6.12492747859
1140	5.27058146305
1145	5.12363058768
1150	10.5515497233
1155	5.70425578058
1160	5.78473283759
1165	8.0364507718
1170	10.068347062
1175	6.25355995081
1180	6.60862183547
1185	10.1894142406
1190	7.21401326395
1195	7.51261423494
1200	11.3347546581
1205	11.940943482
1210	6.90894441268
1215	7.16326706196
1220	8.6870571464
1225	8.05069391055
1230	8.21514730991
1235	6.63819293728
1240	9.45375330155
1245	8.27598355114
1250	8.07474551123
1255	8.71695453761
1260	8.82720443567
1265	7.57991872021
1270	4.91064362559
1275	7.38032403224
1280	5.15700885944
1285	6.89671056428
1290	4.22860289898
1295	10.1150030166
1300	10.2489579766
1305	6.70376405465
1310	6.85890145072
1315	7.82475444628
1320	7.472570318
1325	9.08801494652
1330	6.38432452357
1335	6.73472325321
1340	6.7053254514
1345	8.99031488063
1350	9.09395401718
1355	7.43279149312
1360	8.39246885786
1365	11.7400411934
1370	5.31936540542
1375	6.80748441647
1380	6.64517163156
1385	9.50231449122
1390	8.38181791332
1395	9.51324946678
1400	7.96712688091
1405	4.53599939208
1410	8.85382830755
1415	6.49761020914
1420	4.73111876385
1425	10.2918564221
1430	6.61444723438
1435	5.82861416758
1440	9.033794806
1445	7.76505682849
1450	7.09643420038
1455	6.00483500389
1460	11.7030540131
1465	5.84034708074
1470	5.44488610851
1475	9.39708787103
1480	7.67700282901
1485	7.35469215571
1490	8.26054432021
1495	9.85233496487
1500	9.52427641003
1505	7.48000175294
1510	8.41465165318
1515	6.70183378181
1520	7.98879714312
1525	8.33327684969
1530	6.41685976754
1535	5.18552285138
1540	10.7497770025
1545	5.52518886412
1550	6.59103096747
1555	7.09142213548
1560	9.99133663289
1565	10.2144598871
1570	8.46295151515
1575	8.48058126729
1580	7.97804441062
1585	8.9149632346
1590	12.2302487836
1595	6.32283151252
1600	7.89466105242
1605	9.32557262658
1610	11.2775770095
1615	10.6247267426
1620	8.63777617499
1625	12.9197470794
1630	5.8358108057
