0	10.8783489806
5	7.78236828324
10	11.90100505
15	15.1239225182
20	5.77887657294
25	13.2611961866
30	10.0746211808
35	7.17590749283
40	15.9590248297
45	13.5048917615
50	9.23193113682
55	6.65137916038
60	5.2223366929
65	6.67149651284
70	10.3273353004
75	3.26674138898
80	3.70406843589
85	6.90329126585
90	6.24914023354
95	9.97759421612
100	8.29753992811
105	12.4371945536
110	13.6997337504
115	13.4765236793
120	12.3072576854
125	3.88638646467
130	9.76114630772
135	5.83208107305
140	11.5061843278
145	6.64612800555
150	10.0416875094
155	8.34971190738
160	6.24851236879
165	8.95377650415
170	17.5587075956
175	4.87636199926
180	15.2750265239
185	9.67023647884
190	13.543638762
195	12.4778354118
200	7.77000548733
205	7.31489671722
210	3.75346411843
215	6.83107690386
220	10.9890574273
225	7.54706398186
230	11.1599828455
235	7.0724462021
240	6.18243836731
245	6.96485729622
250	2.94814292321
255	5.15669154856
260	6.5549787107
265	11.3843810719
270	7.33805523578
275	12.0542407949
280	14.5569448802
285	5.16718889455
290	6.02578079177
295	4.88620120272
300	9.09406780626
305	11.5333646574
310	4.21677764324
315	4.28602235419
320	6.22148586592
325	8.24983382102
330	8.2690226424
335	5.59393361376
340	5.2669356525
345	3.61790239848
350	11.0494668348
355	9.40746245785
360	10.3103321541
365	8.58179985466
370	11.5896074134
375	11.8308631872
380	8.96872752346
385	5.01581778702
390	8.70076458169
395	5.39033361482
400	5.8084089502
405	7.04280268623
410	7.36300071427
415	16.2193258798
420	6.26507535623
425	8.87484652283
430	9.75580093557
435	10.7148206718
440	9.97958352539
445	5.51792496901
450	8.52113358782
455	11.0140426415
460	5.33148108262
465	10.4783701612
470	9.50731557878
475	8.94613923655
480	5.63537105119
485	8.2981993516
490	8.52154568871
495	10.1661548826
500	6.67546656334
505	7.48444560931
510	6.20585374057
515	4.81507607883
520	6.08558919429
525	4.9406727051
530	7.35051085035
535	7.8842134191
540	13.3929610433
545	4.59515914807
550	2.58604895731
555	6.26502611757
560	8.16491012954
565	13.5816795473
570	6.51523657172
575	14.8067666952
580	9.22556584156
585	14.7423865834
590	5.95954529268
595	3.43238138356
600	7.52529292438
605	5.89569923232
610	5.63708710625
615	6.6352201663
620	7.87446777777
625	5.40212258621
630	6.85156843679
635	7.90526474398
640	6.63848741944
645	9.83548009137
650	5.21854857682
655	9.63607037978
660	5.62044496411
665	7.85452225519
670	8.55359164865
675	4.43862580333
680	9.91099414978
685	12.3721192929
690	13.7357642364
695	6.27081607809
700	3.69528733794
705	6.52414584334
710	6.25600698609
715	16.2863794901
720	5.48261410367
725	17.5719062171
730	5.0883441369
735	4.28857865724
740	11.5944277825
745	6.08150346064
750	4.13433544255
755	5.47922442506
760	5.28314870678
765	14.3194586162
770	14.9820963736
775	13.1222144968
780	4.63739879542
785	5.00349748528
790	8.99767096296
795	10.4161748501
800	8.02265557201
805	5.98490686987
810	3.67992050541
815	7.68372437964
820	9.85920579507
825	6.30972256323
830	12.675014794
835	5.80066844974
840	10.7352456871
845	8.64337532734
850	8.49311045649
855	8.16883813989
860	7.28965127782
865	16.4220176998
870	10.0853107262
875	4.52388394033
880	9.5704626413
885	6.35441927926
890	4.3867826335
895	9.62384825315
900	7.48722363875
905	26.6349714871
910	13.3424672799
915	5.50390479998
920	5.63017717066
925	12.0963981787
930	4.42739460599
935	6.97577595911
940	6.18660613213
945	3.14882798651
950	5.51125584201
955	11.6846891168
960	7.29450403123
965	17.3650573963
970	7.14255502738
975	6.03128023167
980	8.73733574451
985	4.5385237251
990	15.4517610286
995	6.85504866991
1000	11.3769081071
1005	7.09770080033
1010	11.5776993029
1015	6.80908462943
1020	9.81722824844
1025	5.96201618885
1030	12.3770619047
1035	5.50387260587
1040	8.39918994453
1045	18.8334605336
1050	10.5447626505
1055	6.31557575945
1060	10.6236713013
1065	6.56550062178
1070	5.80405695046
1075	10.1959854122
1080	3.74410569467
1085	5.92857816374
1090	5.47072434536
1095	5.50473830306
1100	8.41982167941
1105	8.45601942329
1110	9.27415114126
1115	15.2814262635
1120	10.1708813231
1125	8.66368533903
1130	8.29807375306
1135	7.52753236317
1140	11.095243187
1145	10.0305177472
1150	5.39917903738
1155	4.50619654512
1160	4.21347090334
1165	10.5912374615
1170	7.74193125359
1175	8.31337044195
1180	4.89327617329
1185	3.54978958709
1190	4.51609517082
1195	11.7188727713
1200	3.65855736141
1205	7.17076996701
1210	19.5592274987
1215	9.40758533258
1220	4.93460769301
1225	6.57178686967
1230	9.88245728017
1235	3.24532529134
1240	7.82836266963
1245	7.89281800417
1250	10.1585374498
1255	12.6032973056
1260	8.12049269824
1265	6.87968550875
1270	11.8535687496
1275	5.18056396485
1280	6.96787081774
1285	13.9282850115
1290	8.11046260379
1295	9.83650562715
1300	10.8360872599
1305	6.47878887395
1310	5.81020991107
1315	5.33636126589
1320	11.8850709326
1325	9.9914658416
1330	4.64017566402
1335	3.70251981401
1340	4.28287423282
1345	3.91563368415
1350	10.8913127408
1355	9.72322324973
1360	6.89689929575
1365	11.5667033077
1370	8.38718225725
1375	10.7624804462
1380	8.52122713122
1385	10.2288213142
1390	3.90154549222
1395	8.3577228334
1400	11.4288875671
1405	15.3020356231
1410	9.04593300137
1415	5.6020901302
1420	8.29686808634
1425	7.62963278395
1430	8.53186255393
1435	18.4696856601
1440	6.37041415172
1445	5.62180284701
1450	6.93097413394
1455	22.7164668267
1460	5.31934384312
1465	8.94334863848
1470	7.4739481188
1475	15.964040922
1480	4.88930397211
1485	13.5278656454
1490	5.9832287411
1495	5.6607819803
1500	6.08201065368
1505	6.60543808746
1510	7.19957513302
1515	13.6372066661
1520	8.76513498624
1525	10.6149758967
1530	5.83593054167
1535	12.5827074062
1540	21.4649194797
1545	8.59060672626
1550	10.694451116
1555	5.67084293682
1560	8.06196820449
1565	7.23382594399
1570	9.02857331588
1575	10.4439915956
1580	6.84381519789
1585	5.16575387643
1590	7.53114323367
1595	13.1913344224
1600	7.53331888539
1605	13.0297781309
1610	9.63507173724
1615	11.0693986547
1620	8.63698160714
1625	11.2669992645
1630	4.66458631843
1635	7.25240499426
1640	6.30738159014
1645	6.23770364985
1650	8.06764044254
1655	4.6561162562
1660	9.85161659659
1665	6.9166484405
1670	9.63194532847
1675	9.11938668906
1680	5.84448489602
1685	7.12655459641
1690	9.87343822754
1695	6.24108309661
1700	4.62760486716
1705	7.79641452541
1710	11.6066228271
1715	4.86538040346
1720	8.8570527489
1725	7.40970213203
1730	8.25325680147
1735	12.2853028254
1740	6.14142725268
1745	16.0238900338
1750	5.67473058081
1755	10.6004986104
1760	5.40883105111
1765	7.95515250642
1770	7.83262568159
1775	17.13155693
1780	6.55663918936
1785	7.01784006568
1790	9.53549650808
