0	6.69084643172
5	10.9901130833
10	9.87960963262
15	8.10289387541
20	9.08678963613
25	5.40863081495
30	7.76725384863
35	6.6448513052
40	5.3748900421
45	4.941458477
50	7.55404253265
55	8.78241626469
60	7.98050355997
65	5.63039717473
70	3.82178275976
75	6.85176497267
80	8.17862174701
85	7.39011928795
90	7.49619399814
95	7.70107717676
100	6.50364406528
105	5.47122893454
110	12.7603774335
115	5.54611758635
120	4.34250415351
125	6.29057836236
130	12.0343205558
135	9.11026205849
140	6.25655397217
145	7.18058293137
150	8.94819764004
155	9.26646582263
160	11.6629315233
165	5.7227805806
170	6.01028316291
175	4.57768209918
180	7.50733256084
185	8.79064505894
190	10.0895804045
195	9.16757233777
200	10.2768582562
205	5.32546202482
210	8.17413816965
215	7.5168935099
220	5.57283303398
225	11.994549725
230	9.48444293178
235	11.9343897743
240	5.88964269266
245	7.68924735045
250	6.53304102014
255	6.53221577015
260	5.99255813624
265	7.43027013041
270	7.53689576903
275	11.810014777
280	4.96322598309
285	12.7310726372
290	11.6653203825
295	6.74218454837
300	6.42131121831
305	4.41137196652
310	6.19295615595
315	7.87279449563
320	10.2030375404
325	6.4417297557
330	10.3885925208
335	6.6711617371
340	7.69974895959
345	9.62586768075
350	12.5023564781
355	4.7840304123
360	3.78948007226
365	6.17883430557
370	13.4713493193
375	6.48250214442
380	9.74739033147
385	6.88066570306
390	8.6844480736
395	11.2367961935
400	7.45578734077
405	8.57887658916
410	10.7872414862
415	4.74607441793
420	7.54107343225
425	3.24345440396
430	8.29663062909
435	6.0124858889
440	6.80930588984
445	12.0820363427
450	7.09188720386
455	5.15127781062
460	9.35126666804
465	6.18527849153
470	14.2459715537
475	7.84754478881
480	9.84733245125
485	8.09810281897
490	5.43930213766
495	16.9487427721
500	7.41089269246
505	4.02842966597
510	13.6810619242
515	7.24551595888
520	11.6386635019
525	8.24805682545
530	10.3968447329
535	13.1515092544
540	6.01202703671
545	13.0971478122
550	9.80863936706
555	7.93069359076
560	8.04719014886
565	12.169298372
570	7.0683723582
575	9.51823635679
580	9.49505808116
585	6.23166210222
590	15.9214502936
595	9.70803887256
600	11.3704248494
605	6.76459889279
610	9.1242685404
615	11.2440540006
620	6.05898094304
625	6.77382438618
630	12.2621340605
635	7.46760388367
640	9.19659960213
645	12.4172904097
650	7.55426814591
655	11.4319254759
660	6.0326210121
665	15.5030632061
670	8.56083317298
675	7.79854888757
680	8.75090545512
685	6.84458520241
690	8.61889139176
695	7.81545312321
700	8.55477114494
705	6.78892809417
710	5.21242334671
715	6.52289197363
720	7.86757016581
725	13.0092472334
730	16.5529090092
735	9.76109151497
740	11.653596521
745	10.2431597479
750	7.76367434561
755	7.54278376701
760	5.92828641346
765	11.7346648023
770	8.73942835573
775	5.95335483242
780	9.96744602056
785	5.80644685472
790	7.64545925523
795	13.6895523179
800	7.54024295902
805	12.4677865735
810	4.98490678323
815	8.12827389125
820	10.9663279642
825	6.27534110259
830	7.33735460761
835	9.53451742413
840	9.67865249238
845	7.36123018966
850	8.07449150435
855	4.2285177454
860	8.30825845901
865	5.67465175807
870	6.61998386321
875	13.7842595465
880	8.47124674331
885	7.31822436394
890	8.23346738875
895	6.47966054498
900	11.3101273443
905	5.88723282607
910	5.73393837265
915	15.8094717255
920	9.51206719994
925	13.7626599258
930	11.0627779355
935	12.05160165
940	7.64526106478
945	8.51264411646
950	7.02296104661
955	10.958798919
960	7.80458567851
965	6.47464044175
970	5.31268127829
975	8.29861458968
980	8.11613052288
985	8.46926265225
990	13.2404695748
995	9.65962053646
1000	6.31548062277
1005	8.59300987127
1010	9.04214074876
1015	8.07784900137
1020	7.68780251841
1025	7.74943364245
1030	7.16792041772
1035	10.9385620906
1040	9.61187763747
1045	6.84603466977
1050	9.42208670382
1055	5.75628212229
1060	7.91717762022
1065	6.66616379807
1070	4.95863204041
1075	8.83108298493
1080	9.56210204512
1085	8.18655316664
1090	10.031950301
1095	8.70162203572
1100	5.83359075861
1105	4.50305038294
1110	6.78935363739
1115	7.75929766426
1120	9.89261961131
1125	9.62011454921
1130	7.80186991135
1135	8.70221335773
1140	9.52667924899
1145	3.48078510965
1150	8.17421327108
1155	10.8828675467
1160	10.3775896092
1165	12.6970858898
1170	10.6778492696
1175	10.4447640172
1180	7.24667288964
1185	9.42869194996
1190	6.2198307196
1195	5.84716741857
1200	15.6967062216
1205	10.0040131901
1210	22.111916994
1215	9.14693411065
1220	16.6356809278
1225	8.65257715981
1230	6.41396466369
1235	6.89341500191
1240	12.458263891
1245	5.61516248026
1250	11.5045266063
1255	7.89810461951
1260	10.0974730763
1265	8.72994529272
1270	11.0977428177
1275	6.07017037822
1280	7.63277128118
1285	7.86755688688
1290	3.86560730371
1295	10.0711072207
1300	7.24300336111
1305	11.4647543331
1310	7.07523939484
1315	9.30805574944
1320	8.86730749508
1325	6.70615280262
1330	8.74625338209
1335	5.7929483937
1340	13.9625182074
1345	5.96309794457
1350	7.28668808368
1355	7.20829351402
1360	8.84642135247
1365	8.10248391932
1370	5.73924211607
1375	10.0515099757
1380	8.73871300245
1385	6.08683475685
1390	11.9688588962
1395	7.79904878453
1400	11.2084249406
1405	6.05027285947
1410	9.82047619895
1415	6.54608407597
1420	11.9305468649
1425	7.65677331412
1430	5.60297637802
1435	6.51014082987
1440	7.63081115359
1445	8.83900862625
1450	13.5809957339
1455	4.4483656061
1460	9.69229716928
1465	6.71232181101
1470	6.49885218172
1475	7.72992320598
1480	8.29777068752
1485	10.1522037384
1490	12.2590128042
1495	4.35416605637
1500	10.4445705611
1505	9.10163019294
1510	12.9557553869
1515	7.44251462083
1520	3.63786587437
1525	7.50701590444
1530	8.41845960405
1535	4.73069753164
1540	9.04719060591
1545	16.4876533553
1550	6.97710232696
1555	9.23227802081
1560	9.33670174974
1565	5.52524658477
1570	6.13366928567
1575	6.22220420976
1580	7.38202995418
1585	9.41056932339
1590	7.86778824108
1595	5.07770550573
1600	8.63838580093
1605	6.13610494376
1610	9.061856222
1615	8.18928050402
1620	6.34020391975
1625	8.11726636979
1630	10.3049864378
1635	12.7555250416
1640	4.76843277779
1645	8.13489839205
1650	13.5046714431
1655	5.15934716851
1660	12.3643639306
1665	6.63094558555
1670	9.28845122546
1675	6.77780290946
1680	7.31569045356
1685	4.60224646117
1690	10.8843384451
1695	3.99163690013
1700	10.148237338
1705	5.69919039052
1710	4.79539846043
1715	12.7070611503
1720	13.216191039
1725	8.21551152765
1730	9.08927881743
1735	11.6594117123
1740	8.03277067863
1745	7.79007927685
1750	5.8546100356
1755	9.75798733243
1760	13.0032238841
1765	9.27244633226
1770	4.55269407494
1775	10.41766562
1780	8.14704875126
1785	16.2720262913
1790	7.96706838089
1795	6.26888951631
1800	11.0488674956
1805	4.64836612932
1810	6.81685037436
1815	6.59377926053
1820	9.64531185767
