0	5.60393451608
5	5.37011182182
10	8.89192348948
15	7.19626814888
20	7.57955033908
25	14.4770758365
30	8.57770127541
35	12.3730692867
40	4.60363205397
45	10.6102827273
50	6.97164696569
55	4.86713578041
60	5.88383564144
65	7.20494230139
70	13.4884753981
75	9.1312092259
80	5.12777586509
85	6.03451522941
90	25.7310618852
95	6.65916029398
100	16.670767311
105	21.5530238104
110	4.39865068087
115	37.544334277
120	5.69338220549
125	7.38844470535
130	13.5876441134
135	5.3280249551
140	4.01733462426
145	36.0078084808
150	10.4130029563
155	6.50833714353
160	6.95422835111
165	7.0968970164
170	6.0450552758
175	20.2338057503
180	5.14196442578
185	16.7617859739
190	7.0013878869
195	7.94536717071
200	4.35690829156
205	15.4813349853
210	7.04972452333
215	2.26434407032
220	2.88261146784
225	3.66152541367
230	4.00705271905
235	3.53464798066
240	3.54650490563
245	22.5803134356
250	3.92702433837
255	3.34518559531
260	20.3158112745
265	9.0722640219
270	3.22158415537
275	14.6261802714
280	7.99197808141
285	10.1487116479
290	16.6679489781
295	5.8828984906
300	12.1248420246
305	9.81503442854
310	16.8952934409
315	84.878084653
320	6.42750448768
325	4.30321380252
330	14.8894263038
335	25.1744537297
340	12.1263767665
345	30.2710770555
350	7.05010132384
355	6.48240122138
360	33.5341026014
365	11.3000290797
370	61.0262361585
375	3.81531061347
380	8.55827747952
385	24.619170876
390	7.41785611461
395	6.69605229917
400	4.13300093574
405	21.7805372849
410	19.1641049937
415	2.82319792434
420	4.9407223793
425	8.54628171653
430	10.1148878087
435	3.10416342502
440	10.9125674265
445	46.7902512026
450	8.8979895918
455	9.29231957359
460	27.7458297889
465	7.68047449805
470	8.69559475222
475	11.046210403
480	17.2319003997
485	5.79802055195
490	7.30238512424
495	1.82303220715
500	11.6828064879
505	7.17846272706
510	4.47039345788
515	9.18307339117
520	5.91792718002
525	13.1896061889
530	9.79427293679
535	7.87608188724
540	3.71513627203
545	2.29766564108
550	13.215920499
555	8.02885436046
560	7.44657087108
565	6.58750430237
570	6.02851227715
575	8.45850306513
580	65.1253348208
585	7.22155192126
590	23.7766366404
595	14.2404549501
600	10.510482868
605	10.7458557843
610	9.1310832023
615	9.31568349269
620	30.806876044
625	7.66244400532
630	27.6455767128
635	11.6358264283
640	3.64354406349
645	15.6779620641
650	5.32952926626
655	4.59181670164
660	14.9153006029
665	89.0995833896
670	12.0289266948
675	2.06525319718
680	37.0905981232
685	4.95371299801
690	5.95171730121
695	19.8594592946
700	5.11531068561
705	14.8910975472
710	10.471414899
715	16.7445312892
720	5.26824895049
725	11.7108998664
730	7.44339887562
735	11.8663716431
740	8.34646471224
745	5.46022186347
750	67.7480193607
755	13.5420019509
760	22.4046078395
765	17.5440135615
770	41.3665957329
775	7.28005692945
780	49.9100746903
785	7.95135961863
790	4.9732760061
795	2.16130389249
800	15.0359638226
805	5.28188228439
810	12.5142391876
815	7.81812290492
820	22.9570826338
825	9.71633555714
830	20.8005280852
835	13.0663863514
840	6.58844292122
845	2.58581382386
850	19.4935432459
855	4.38127369919
860	3.62673940472
865	9.30136668587
870	11.3344535502
875	36.3391696385
880	9.25933221385
885	18.0073286739
890	10.2186878512
895	3.16721268612
900	3.12318693098
905	4.72432613443
910	5.81144248289
915	79.9442757373
920	25.6275727017
925	5.86958018769
930	4.24938983173
935	6.25070625481
940	10.2896289963
945	4.03199938496
950	12.0053417073
955	12.9743829106
960	5.1438817623
965	13.9577511321
970	3.44697638955
975	10.7699516033
980	13.8896149668
985	6.7308555413
990	6.21225736254
995	7.41787708046
1000	9.86518313773
1005	9.25260628318
1010	7.00812422209
1015	6.65851434641
1020	8.74809664635
1025	60.3166430002
1030	7.67635563038
1035	6.28305237256
1040	22.3189369134
1045	17.5789029324
1050	3.79819177887
1055	9.67955943769
1060	7.74998425516
1065	13.5915059765
1070	3.58634306149
1075	17.9266286429
1080	7.02044833456
1085	229.072471269
1090	2.62794787273
1095	2.30463498916
1100	8.53341358412
1105	6.6465199396
1110	4.3971377441
1115	4.56880700728
1120	7.37331407828
1125	14.7137821841
1130	1.65756859212
1135	3.60138109795
1140	9.62026246896
1145	5.57154995955
1150	5.00260799748
1155	5.82576885804
1160	14.2482679005
1165	10.6788460903
1170	5.21195027842
1175	47.4126567353
1180	52.4926580522
1185	16.7112096152
1190	11.9896593019
1195	17.8335579733
1200	29.5801678521
1205	3.71444406631
1210	4.91155862073
1215	10.4159487744
1220	4.28743609717
1225	5.09369092837
1230	28.0172441157
1235	1.66765341936
1240	4.53316081159
1245	8.2194914178
1250	14.6260086317
1255	10.3451327667
1260	9.63152841731
1265	11.4420826212
1270	17.3150925137
1275	19.4235540071
1280	16.6228773395
1285	34.1902682878
1290	10.4954504215
1295	5.97121481669
1300	4.41706566313
1305	10.4075482815
1310	6.9913422716
1315	21.9422101068
1320	6.51129139658
1325	10.732609782
1330	3.67688229272
1335	21.8642578817
1340	1.8974791395
1345	8.038365058
1350	10.3010293753
1355	9.42538180915
1360	8.72146517951
1365	4.00088669129
1370	28.9036069743
1375	14.9688467728
1380	4.09976401313
1385	12.3274702733
1390	6.52535086535
1395	2.90591740636
1400	8.81929439356
1405	17.7579159545
1410	4.27864052577
1415	5.34891348355
1420	2.72137613624
1425	24.1533591285
1430	4.87772420973
1435	34.7695907887
1440	8.33249348102
1445	10.7097749058
1450	2.9622433482
1455	7.14146291152
1460	9.25433183345
1465	3.85700154286
1470	9.5693084181
1475	21.6433254175
1480	3.26600088375
1485	7.33235928634
1490	4.23560050415
1495	3.93792885675
1500	6.6953187437
1505	6.15302250049
1510	13.000340003
1515	2.2150888271
1520	1.91730691017
1525	3.13087337284
1530	6.777375544
1535	15.4929913939
1540	4.14434094441
1545	9.50932874633
1550	23.9590733128
1555	4.61949357646
1560	4.86026265859
1565	5.51940262954
1570	7.85721032085
1575	15.7425669089
1580	5.07285545372
1585	11.1846909657
1590	8.95430082978
1595	7.86270044773
1600	8.5379996267
1605	48.6647776775
1610	5.29514155171
1615	3.44419445134
1620	13.3787449458
1625	22.4699408328
1630	12.129146855
1635	21.793158379
1640	38.6349630648
1645	10.2441438071
1650	10.4149213431
1655	3.82778941152
1660	4.90482299517
1665	25.6171615875
1670	5.5944668556
1675	14.790886949
1680	10.394166262
1685	7.74836908107
1690	3.91260851
1695	10.412354882
1700	4.07787644906
1705	1.38290949255
1710	6.80564167622
1715	6.63457230157
1720	11.3694204896
1725	7.83416000212
1730	5.89408684584
1735	11.3208449834
1740	28.4545474524
1745	59.2475844741
1750	9.48842775509
1755	2.96614179549
1760	11.7014058983
1765	13.814085374
1770	5.61613102113
1775	8.55228671169
1780	6.38400197958
1785	5.5990493476
1790	51.4917165447
1795	68.7376216158
1800	11.64255024
1805	22.8184609084
1810	6.19768273609
1815	33.839831604
1820	8.87152472494
1825	3.29894477015
1830	3.61667747894
1835	8.53521773302
1840	7.33381823143
1845	5.59518434908
1850	17.3147296139
1855	11.8140098191
1860	9.35303147605
1865	5.58478753259
1870	7.55520014824
1875	14.6778512254
1880	6.1807575173
1885	5.11585480306
1890	28.7754137027
