0	9.04286857547
5	5.87869676545
10	5.83624848572
15	5.56239140608
20	8.88419699808
25	8.40984485493
30	18.3647588185
35	8.15607654562
40	6.93242803421
45	15.1948243156
50	7.85789902001
55	9.24273440813
60	9.11387143987
65	9.47628095553
70	7.37824341056
75	9.51174227803
80	9.29741331426
85	5.76563864688
90	10.0498182431
95	7.01357385131
100	11.118374218
105	4.19080564554
110	8.23266206699
115	11.4263192557
120	7.3386517283
125	9.47412669449
130	4.46266984975
135	3.70607756452
140	9.69972045958
145	11.2133945767
150	7.7937628259
155	9.30352940847
160	8.42932982541
165	9.81207190905
170	9.55044841378
175	10.2249613601
180	5.657353987
185	7.91281237967
190	4.17700400143
195	9.79951995686
200	10.9485433408
205	5.50375486185
210	6.18634587131
215	6.07951156828
220	5.95542877962
225	11.0918350741
230	8.42934242611
235	10.4507178546
240	8.48188563937
245	5.44311104981
250	12.8947704855
255	10.4420011501
260	9.38667484158
265	8.20120423614
270	8.36982297485
275	6.52061091489
280	9.97455830547
285	5.12631781542
290	7.53045367915
295	7.63562199954
300	7.2822111551
305	6.96262576811
310	14.0077376262
315	8.75347790981
320	6.05996399071
325	7.02944403543
330	7.79890803052
335	6.81175753671
340	7.71213324094
345	7.47235142189
350	7.98687360633
355	4.90950018721
360	10.2575098468
365	7.92841007753
370	7.54885646954
375	6.16481181367
380	8.81859122634
385	8.58257159722
390	8.3709177011
395	12.3972016739
400	13.2663552637
405	8.81404657907
410	6.58394971356
415	10.1597483875
420	6.34724646855
425	11.9292360858
430	12.53646415
435	9.50009839906
440	9.25995434936
445	4.89895860094
450	6.15510623771
455	10.8001726249
460	9.28453600841
465	9.3020986325
470	10.2948499704
475	6.01630936769
480	5.68872719704
485	7.68517715543
490	3.92255006983
495	9.40272614918
500	7.35682103485
505	6.05742454348
510	10.0838128291
515	12.8882439459
520	9.4105745782
525	7.41363528094
530	8.22454260736
535	11.1620052724
540	9.61669994617
545	6.00015485187
550	4.55630707803
555	8.45089404547
560	4.92864926595
565	8.98504298631
570	7.81143910974
575	5.63520511428
580	7.59090691052
585	10.0342821929
590	9.15273325384
595	9.27395588051
600	10.8809148999
605	8.5236157835
610	6.35061295202
615	8.88293018054
620	8.70326985696
625	14.1293720217
630	6.37766702247
635	8.06672579834
640	4.91515787915
645	6.14395381751
650	8.87343925506
655	6.82230001771
660	5.52165236945
665	5.33744606381
670	5.52040843365
675	10.7275986125
680	10.6169570806
685	7.90088607922
690	11.7643265984
695	5.07140900313
700	6.05597148972
705	8.01175286698
710	7.69769914125
715	5.89576785118
720	9.61767991174
725	8.76756162696
730	5.17761200457
735	8.03188373721
740	7.12186161343
745	7.8657415289
750	11.1828673915
755	7.83090928303
760	5.16663216947
765	8.61228447491
770	5.9371406214
775	6.72757118968
780	5.5590157976
785	6.57996741031
790	9.2801625427
795	8.80201162638
800	6.46522637113
805	11.6958881147
810	8.87763185285
815	6.2856296168
820	10.0610923124
825	6.70247048961
830	8.72092174547
835	8.73633047005
840	12.4812011775
845	7.6292649131
850	7.96147222716
855	8.23011395531
860	7.05953720775
865	5.83918055058
870	6.19612485671
875	5.92659852913
880	6.26715224068
885	9.63534690654
890	10.3434066805
895	9.29047520679
900	5.74912225152
905	7.88194935985
910	7.56392301022
915	8.42654864698
920	5.27889411346
925	7.58034500497
930	6.99226126091
935	9.40746552137
940	11.1174085061
945	8.84844556912
950	7.04541392477
955	8.14214914736
960	6.81668201116
965	7.54020057283
970	11.0261096547
975	12.6082691731
980	7.70798389831
985	10.1993157055
990	9.61697967173
995	10.3882020568
1000	5.67356927201
1005	5.06291800853
1010	5.69726023361
1015	15.7507371426
1020	6.33489531236
1025	9.96252728123
1030	7.02382722229
1035	6.36561683836
1040	11.0092987156
1045	8.65276583459
1050	8.54325992631
1055	7.72654575309
1060	7.58839197401
1065	10.1232712864
1070	11.716812893
1075	7.95889285239
1080	7.47032592466
1085	6.85834082573
1090	6.64014366896
1095	11.2703803508
1100	7.68448455148
1105	8.57483768289
1110	9.87213641904
1115	4.61787210179
1120	7.39584649792
1125	7.50211320614
1130	9.91732614489
1135	6.55417805368
1140	9.64767319863
1145	7.13575956806
1150	6.1298725732
1155	7.3765843334
1160	5.34594437835
1165	5.77512544081
1170	6.79691551241
1175	7.42309787843
1180	9.55776249465
1185	8.09706020594
1190	7.73366850728
1195	9.37379516558
1200	9.60254907546
1205	7.69076029691
1210	6.24885332237
1215	7.31942219467
1220	6.4726200836
1225	5.75593101658
1230	8.23892100967
1235	11.5236754217
1240	6.59166850532
1245	8.60781838437
1250	15.5350755234
1255	11.3172460486
1260	6.24892166092
1265	8.5256856582
1270	6.74374126437
1275	9.98688627512
1280	7.87509709344
1285	5.35607665622
1290	13.414842988
1295	8.26008291919
1300	4.78296902752
1305	9.58443358127
1310	8.24643010168
1315	5.28937574268
1320	5.90585445314
1325	5.92681899102
1330	17.986728175
1335	7.87131687846
1340	5.95464921782
1345	8.89453758011
1350	11.0016759233
1355	7.43651024862
1360	6.40146948656
1365	8.81059190546
1370	9.20827682502
1375	6.67012866578
1380	12.0800188402
1385	10.6873279431
1390	7.50268381359
1395	8.23414780338
1400	11.0220663611
1405	6.7622831214
1410	6.43792788471
1415	10.6354431472
1420	9.2862122623
1425	8.5420534836
1430	10.8227577049
1435	7.67057211379
1440	5.0357058652
1445	7.178346527
1450	14.8892718118
1455	8.04763058177
1460	7.4176901206
1465	8.44785886839
1470	8.52095149873
1475	13.3418253635
1480	13.2033721708
1485	10.4695163103
1490	8.25565605911
1495	7.49443254088
1500	5.7560240871
1505	10.765589867
1510	7.01690904397
1515	11.9346372142
1520	8.12399630845
1525	6.07751814784
1530	6.70667316841
1535	7.80807356147
1540	7.48807936248
1545	8.448620195
1550	8.75285815431
1555	6.43892089986
1560	5.8475328072
1565	9.41798649028
1570	10.4099890964
1575	5.65075836507
1580	12.3446041286
1585	9.91024902626
1590	6.42201157849
1595	4.0945731375
1600	8.26073959758
1605	8.19894787952
1610	11.8763048673
1615	10.9029561549
1620	11.2021592062
1625	5.127990729
1630	8.7482135071
1635	4.72637333812
1640	8.91362458424
1645	4.39562327013
1650	6.64301268643
1655	6.81277347049
1660	9.60486928884
1665	6.47031955234
1670	9.64364400953
1675	5.05941291331
1680	5.94682845995
1685	3.83884032705
1690	6.28372234532
1695	4.85322816993
1700	9.01719923109
1705	8.14388842055
1710	6.34689769291
1715	6.85961956207
1720	10.507800375
1725	5.77381714394
1730	9.14802415119
1735	4.01228024793
1740	8.59898601448
1745	6.7844070952
1750	8.14438436722
1755	13.7607717025
1760	6.96030647771
1765	7.22235314542
1770	5.37880547287
1775	7.75428929205
1780	8.42568633004
1785	6.43057031557
