0	6.57482294737
5	16.0388698264
10	3.37607061376
15	15.0504978182
20	6.92450501241
25	2.70546323435
30	4.03748128494
35	5.4419062107
40	8.57776680437
45	3.05527036278
50	12.831590515
55	18.5250695139
60	12.4044328473
65	8.63920429184
70	4.62729503496
75	10.5449197085
80	14.306245198
85	14.6162155082
90	6.81993594943
95	5.55720250869
100	2.76961408667
105	5.91339443831
110	4.57339416619
115	36.9673368138
120	4.22581210554
125	11.2635129619
130	7.64588986988
135	7.75179135541
140	12.7446331682
145	15.9233662912
150	11.5769222368
155	12.3936750604
160	6.99343666904
165	14.6628239822
170	9.62683911777
175	7.28377823383
180	10.2295984957
185	8.00241307407
190	7.83814744565
195	6.1638040513
200	6.80293225472
205	14.8580449452
210	24.4529395615
215	8.317134106
220	9.42981259393
225	4.58721224948
230	9.16393698447
235	7.23336228757
240	11.5768003006
245	4.24820500407
250	4.50979561129
255	8.94407803922
260	15.3750608305
265	6.6087052365
270	24.3272746676
275	3.87482140752
280	9.53128732036
285	29.4560880636
290	8.84937152454
295	9.10906914382
300	6.6226389394
305	9.71414892958
310	10.1329381602
315	10.09642194
320	5.16898529011
325	10.9309699389
330	6.74511533975
335	9.17025390353
340	15.1717851549
345	10.1574474263
350	5.18174234357
355	5.34682250431
360	6.89239106201
365	9.90987538095
370	6.95344105324
375	7.84215791875
380	3.5535795361
385	8.14978987941
390	14.1102984635
395	11.197742467
400	8.91445938332
405	11.2527507214
410	3.94783618845
415	17.5657969879
420	6.46225291631
425	5.91821400137
430	8.77484293997
435	6.4911702822
440	11.5413967136
445	5.51091680351
450	8.50093147971
455	10.5399968112
460	16.0858046843
465	19.0215887687
470	7.02132459294
475	7.42614754907
480	10.9044936257
485	7.28261598821
490	8.2707635035
495	16.9409571966
500	27.214030826
505	10.8820129366
510	12.0046535555
515	5.71729909568
520	9.26631081517
525	5.08273287342
530	4.27002986674
535	17.3265048188
540	18.3987132821
545	8.62571708872
550	8.62415984545
555	6.58958400088
560	14.3158488041
565	18.1551820726
570	9.06208618479
575	14.2363592616
580	12.7167932415
585	8.1078170542
590	9.64192866162
595	10.3388336272
600	7.19227154656
605	9.16041682793
610	15.95591889
615	5.41827160321
620	14.9209693066
625	10.0056696442
630	10.3754820272
635	3.94373016609
640	8.64391617947
645	21.0013666785
650	13.0537494742
655	6.30939658812
660	14.298425429
665	3.44875051617
670	3.07904543617
675	10.1075573747
680	5.48259432854
685	7.24828576995
690	5.73635245816
695	10.4361990869
700	9.50105222011
705	7.76514330664
710	8.28883714214
715	9.73474357473
720	9.24168592348
725	19.0849630934
730	13.63645102
735	17.4013086141
740	6.21411264446
745	11.4156172703
750	19.8757896578
755	4.27570515371
760	4.72322077136
765	6.15548976784
770	13.5256401111
775	5.99577693873
780	23.3008179848
785	4.56150095403
790	6.73153647886
795	4.51605247335
800	5.24543143607
805	5.46931616378
810	5.01270140844
815	14.5700844806
820	10.1719703816
825	8.1563378464
830	10.2737926813
835	11.4008875921
840	8.6380836135
845	6.16267826171
850	7.53165593066
855	6.34177709827
860	5.30306772349
865	14.5739094256
870	8.89987602966
875	4.9646159981
880	11.822034208
885	7.74278569495
890	7.6303482883
895	18.1571437347
900	5.91759750576
905	15.6550371856
910	6.13740201691
915	11.2253866058
920	17.4372942297
925	23.1117225066
930	7.13583383337
935	22.0652042195
940	10.8988931818
945	4.92490875974
950	5.06882927865
955	8.1903400859
960	6.38319409095
965	14.3445693349
970	8.10094237022
975	7.21191657682
980	12.7106255462
985	5.00540367633
990	12.7269421918
995	4.81492757981
1000	16.6546242317
1005	7.6525359465
1010	6.49701745112
1015	4.04066830232
1020	5.40677453785
1025	4.54794227783
1030	14.1050258704
1035	9.08240810536
1040	7.30485392601
1045	11.461503741
1050	6.1163115525
1055	8.22548848834
1060	3.42644587223
1065	5.13729085433
1070	4.52550637321
1075	8.07286328978
1080	6.78920422725
1085	14.9170027467
1090	12.8869872904
1095	4.1367325711
1100	25.9549552229
1105	10.2142036376
1110	5.48323263286
1115	8.69757610205
1120	7.37026428358
1125	12.0674064519
1130	19.5507158008
1135	6.02480565893
1140	7.42303824205
1145	3.80512250648
1150	12.4397123444
1155	6.61564699764
1160	13.1674928011
1165	6.02455639155
1170	5.15532955804
1175	7.0232740084
1180	10.428166645
1185	19.7119526838
1190	18.7374824793
1195	12.7389672958
1200	21.4021402358
1205	18.19337753
1210	10.2625129896
1215	11.6690320432
1220	13.1388368934
1225	6.61892333963
1230	8.19533265007
1235	14.6360107594
1240	9.07765695469
1245	11.0381316372
1250	18.4328752898
1255	15.056245581
1260	20.077635527
1265	3.73578782466
1270	4.70813068168
1275	12.8165078116
1280	11.8935510393
1285	7.97671546153
1290	15.4444339416
1295	5.88449614002
1300	10.5783708718
1305	7.81023511315
1310	8.97877926266
1315	4.38667156121
1320	7.15354587759
1325	20.2500691011
1330	5.80126217585
1335	12.7026289566
1340	5.80430558208
1345	5.35478917739
1350	7.30323948018
1355	10.3142812099
1360	9.754820377
1365	8.41612064539
1370	14.0354797914
1375	6.66850970948
1380	9.2926112986
1385	10.5197430014
1390	8.19554599189
1395	5.70363217483
1400	8.9115858695
1405	12.1221529375
1410	10.2661296883
1415	7.66529819308
1420	9.20912437399
1425	11.3752188032
1430	5.99862346242
1435	6.80917493848
1440	7.40392796
1445	6.76799438093
1450	19.897425477
1455	6.40470386006
1460	5.06290434832
1465	2.38473104297
1470	4.63930120737
1475	30.4815667414
1480	11.3582830187
1485	34.1868699188
1490	4.59445513528
1495	4.01582100323
1500	7.05633735494
1505	22.6410266774
1510	8.33155661807
1515	20.6368512076
1520	19.1365338733
1525	8.95086994444
1530	10.0998493768
