0	9.17585953071
5	6.94119731066
10	7.48400855853
15	4.2791799591
20	6.74112207038
25	8.91939506864
30	10.0457793409
35	7.3183141628
40	2.30428954552
45	4.62835395611
50	10.2814989221
55	14.6521284869
60	19.1260802113
65	13.2857616732
70	9.97079588693
75	5.11815068812
80	8.45797577047
85	6.36699065753
90	11.4793899905
95	5.95111038075
100	8.75503047452
105	6.65912903398
110	5.2568778386
115	10.9369065316
120	9.08570052855
125	6.20351000504
130	9.66228566071
135	8.1579980686
140	9.93613425713
145	3.66723206304
150	9.63135955275
155	5.66412989017
160	7.5964696608
165	13.3996016699
170	6.61542180573
175	5.5317436416
180	14.9312348344
185	4.38772592111
190	10.9470120576
195	5.6769485887
200	3.31323548329
205	4.02031628257
210	8.35500686967
215	5.04045795046
220	9.77426745983
225	4.90502514563
230	5.38374102682
235	7.52639353301
240	7.11553250824
245	6.47123231541
250	5.90628857105
255	6.91691599833
260	5.63491918674
265	7.18726921124
270	8.47674169155
275	3.06033420648
280	13.7140277022
285	16.7328270999
290	8.95945247561
295	12.5021022543
300	4.32733627974
305	14.3926822924
310	17.6011292829
315	8.58304236594
320	8.09566538578
325	9.1651324412
330	5.86672769237
335	14.7699642057
340	4.79350275034
345	3.95477591414
350	12.0416619251
355	9.16513730082
360	2.96469263538
365	15.8109601215
370	8.57469188951
375	6.90892437644
380	8.7144739104
385	5.60121151045
390	9.25351373411
395	5.35795882613
400	11.7895690353
405	7.16099006275
410	5.27550045035
415	10.1938037844
420	9.16539471555
425	6.11660330081
430	7.86036173367
435	12.63617265
440	7.33765218127
445	9.59678772111
450	9.25697134462
455	16.0658331054
460	7.74284661091
465	16.5739966107
470	3.80776379973
475	10.3153933514
480	3.47488250551
485	8.39607042287
490	3.0554650736
495	3.7234318022
500	10.7579281193
505	7.95618962701
510	8.85076704827
515	11.5762945985
520	3.85220163574
525	5.89913299253
530	5.99093421675
535	8.30242782139
540	9.13195815005
545	7.17694944238
550	11.053701661
555	5.09551816966
560	2.85474487779
565	11.9941454784
570	10.4190855206
575	9.32875574672
580	10.2494812451
585	10.4108255854
590	3.79352760697
595	8.13218187827
600	9.77814242338
605	3.0266638993
610	10.0500755007
615	9.93015618385
620	6.74736082489
625	4.46620410049
630	5.20739596008
635	5.69331937298
640	5.69645870955
645	5.39033895569
650	14.3805618595
655	11.4567915096
660	10.404512811
665	9.82254460703
670	6.15635045274
675	8.21840239959
680	17.6019497272
685	5.72299940068
690	4.95000247716
695	14.0377032345
700	6.37606915974
705	5.60048250349
710	8.85050976087
715	9.33408820864
720	4.54348302758
725	9.02586794037
730	12.8145133925
735	6.15744690533
740	6.50715319204
745	3.15285306284
750	4.59845968346
755	6.6192690175
760	3.67775394156
765	5.833794901
770	12.5208468782
775	4.47026064542
780	8.24601856148
785	3.46584088577
790	3.72281886501
795	12.7866220961
800	8.98437348099
805	5.36328605304
810	9.81844178248
815	12.0271828497
820	11.4861386563
825	8.63407207859
830	7.14314741897
835	6.11301759705
840	10.0511338146
845	3.14755352662
850	6.07083708096
855	5.30169006541
860	5.69538975319
865	6.81964869873
870	10.1325344238
875	3.75671099618
880	9.42678095785
885	8.30965286693
890	2.24664274688
895	4.52112815721
900	11.4094508667
905	2.73425469321
910	11.2754012735
915	14.4823589082
920	7.72892878034
925	13.0759885594
930	5.45003535774
935	7.75025102133
940	5.56263172655
945	8.37432091233
950	5.69861006422
955	7.86444426873
960	12.4457488965
965	16.2740393311
970	4.15677283357
975	10.0084803816
980	13.8650517996
985	9.12578658785
990	5.02995569659
995	9.06313051883
1000	3.84309978223
1005	5.99829207738
1010	8.09235346895
1015	11.9101766714
1020	10.0307097123
1025	10.156957292
1030	11.0885043699
1035	5.49110597342
1040	11.9835445595
1045	8.04960955745
1050	6.78695481424
1055	6.048639239
1060	9.15580535535
1065	4.7461720126
1070	5.21567135141
1075	14.5641904252
1080	9.09392108376
1085	12.5265416567
1090	8.48719674524
1095	8.40556027602
1100	4.90982317976
1105	7.33651837813
1110	8.55372291309
1115	6.71589314184
1120	7.16564208976
1125	9.35447576208
1130	3.80408087087
1135	4.12091821531
1140	10.7259654822
1145	10.4351848184
1150	8.60907628887
1155	10.2426802463
1160	10.8793740298
1165	8.69654282484
1170	5.21250101737
1175	11.6690668738
1180	6.28785853095
1185	17.7027359727
1190	6.01448389426
1195	3.3937974275
1200	6.14274775681
1205	11.7825576939
1210	8.40688158338
1215	13.0184032788
1220	3.22707413707
1225	7.39849631548
1230	6.32106321505
1235	11.9477820744
1240	5.09874189599
1245	14.449785832
1250	7.78035072951
1255	10.5726283889
1260	7.83811093836
1265	8.75074607845
1270	7.96465798755
1275	11.5764549489
1280	3.92403547291
1285	9.58852159098
1290	9.98675967895
1295	4.04305502773
1300	8.56408970594
1305	5.27897627907
1310	3.27486055565
1315	6.27395360316
1320	4.74564492713
1325	5.94916396573
1330	5.28039160909
1335	9.13115751586
1340	12.5597812302
1345	2.66839302038
1350	8.89732861285
1355	5.32034690509
1360	13.3960243998
1365	4.30636064695
1370	7.6979741836
1375	11.0276325653
1380	2.04147450959
1385	4.10855718813
1390	8.47968138904
1395	8.27062775421
1400	9.10251707675
1405	11.3454048542
1410	7.23434624729
1415	9.40029329077
1420	5.014991926
1425	6.74309982914
1430	21.1035017356
1435	10.9631007845
1440	5.41017823763
1445	6.21527964976
1450	7.26313470821
1455	13.4802494969
1460	10.0759421467
1465	9.68918488231
1470	7.013173755
1475	7.54154793619
1480	7.50789987674
1485	5.11648568759
1490	11.7287128312
1495	9.7234014407
1500	5.26602363492
1505	2.86633222428
1510	20.9961786882
1515	6.2384884085
1520	10.6719077566
1525	6.72128535981
1530	6.20597317099
1535	3.30693596716
1540	4.95341982308
1545	4.9936687029
1550	4.82794860023
1555	1.54259031863
1560	10.2946290257
1565	10.8429907727
1570	7.1216113441
1575	3.61966546277
1580	7.67804363514
1585	7.20179942184
1590	5.38236579376
1595	14.6548382174
1600	6.00485299113
1605	8.2405614258
1610	12.632260058
1615	14.837907222
1620	10.3134556237
1625	3.96329419458
1630	7.50452159635
1635	6.70781306295
1640	9.22791067288
1645	13.6178671832
1650	4.37620894681
1655	5.73741204934
1660	5.41580333561
1665	6.84327744023
1670	11.8734252577
1675	9.35591453368
1680	3.73604874498
1685	15.2985765104
1690	8.08423753268
1695	7.95157205346
1700	6.98266191371
1705	7.31313196573
1710	9.32628073128
