0	4.98541085982
5	10.0051372542
10	11.223568248
15	11.3345005473
20	10.3172267606
25	6.97750108837
30	5.18224436529
35	10.0084714705
40	11.2172270059
45	9.50992089247
50	5.94287593377
55	8.02069019094
60	21.0555222516
65	6.10455621186
70	9.04566587391
75	4.21665192563
80	10.5340693972
85	7.32292826161
90	13.7081682581
95	10.0362612324
100	8.59679022232
105	3.89967103717
110	12.8325512876
115	14.0409940053
120	8.09642132594
125	14.6305173023
130	4.92743960659
135	6.15435031598
140	5.49835111184
145	7.93574835245
150	6.87163359045
155	9.02445665928
160	6.45802808769
165	5.87760497853
170	10.8397963986
175	7.31906330173
180	9.18279306019
185	6.42680880128
190	7.53533952436
195	8.85821493932
200	16.750920197
205	14.0667098955
210	8.22699008818
215	5.62006454062
220	17.9361928837
225	9.66218051803
230	11.3808135776
235	14.2621149865
240	16.3728150993
245	7.66945482637
250	12.1137681681
255	12.5354857158
260	10.1477644331
265	9.25676722841
270	7.94206585209
275	13.5812018793
280	13.2031588273
285	6.48273537426
290	8.31893852752
295	9.1655242695
300	13.2835255497
305	7.13835887792
310	10.2244515994
315	9.7258480269
320	9.49847241508
325	9.6176922663
330	9.00442928821
335	5.34317992097
340	9.32313260753
345	12.954152393
350	4.6479456471
355	6.95674408602
360	3.67734475927
365	6.6739180215
370	8.79620956318
375	8.19274974428
380	10.2940191314
385	6.63578376753
390	6.10842483002
395	4.98859706353
400	7.60456682413
405	5.15999209411
410	6.55154608189
415	5.75756950985
420	8.34906355459
425	4.94340934263
430	9.7839830376
435	7.71676377974
440	11.5276439477
445	5.11775693873
450	7.57269398027
455	10.074252275
460	10.2858056928
465	7.84174765472
470	7.16259583534
475	5.3542945157
480	8.94082223934
485	10.8644929848
490	8.06910125509
495	9.46896948837
500	6.9455313628
505	13.6205882604
510	5.09891609929
515	9.85508709549
520	11.1304701931
525	8.09333584195
530	9.88046002145
535	7.52868157521
540	9.78252441297
545	11.7514984383
550	6.54709843667
555	9.66670492597
560	6.56662550336
565	5.30983584155
570	8.2925967165
575	7.05495642945
580	3.51412198233
585	7.05167834492
590	7.38054524448
595	9.67532949187
600	3.91196716099
605	4.85995567235
610	13.8875175555
615	5.65823823208
620	5.75122385323
625	5.33703551862
630	7.42583906863
635	7.47802695695
640	13.4333550388
645	9.0264892256
650	13.3036025243
655	6.68454286962
660	8.33519108354
665	6.19309618024
670	6.84028417447
675	8.35456219795
680	8.30138417481
685	3.81129668677
690	5.32618502133
695	6.82992846118
700	4.06316404515
705	13.2475185157
710	8.12505283634
715	7.24084469412
720	8.03396480274
725	12.2368024022
730	7.14360156035
735	7.21521930167
740	7.80566416793
745	9.51692692481
750	7.39445750224
755	7.73440495606
760	6.78299491713
765	8.54715265996
770	8.20456660699
775	6.43533955214
780	10.1949879474
785	8.2729670493
790	6.66071275535
795	5.64033767639
800	9.3322244287
805	8.06835265639
810	7.03403964251
815	14.2284215582
820	9.77474889034
825	4.08363130313
830	4.38623011836
835	4.1832785485
840	4.4436262786
845	2.54693833056
850	8.74161907047
855	10.7654248708
860	14.0225498905
865	9.81181245192
870	5.20138355755
875	9.6740749572
880	2.86617163055
885	13.8183468272
890	10.9379121144
895	6.71962913786
900	6.2478309227
905	9.37045277501
910	8.11449460421
915	7.62580567261
920	6.08401057223
925	8.06025053972
930	7.75400911023
935	7.26086382701
940	15.1788260765
945	5.57735705744
950	9.12145905494
955	5.57031867147
960	9.62827888195
965	5.7604424105
970	7.93552646467
975	5.81225279494
980	6.15684640893
985	7.12379813772
990	5.87274847636
995	7.23572269422
1000	14.8187019888
1005	9.21647673213
1010	9.84640727478
1015	15.2043531199
1020	18.0230633904
1025	6.21491250761
1030	10.7246237927
1035	10.4542708077
1040	11.2656355391
1045	10.8678078923
1050	7.78312600095
1055	4.58081137642
1060	7.15414813452
1065	4.93537289349
1070	8.64196283293
1075	9.65563484262
1080	4.36705059833
1085	4.68179307911
1090	9.77182800253
1095	16.0424782851
1100	5.45087524451
1105	9.12891185231
1110	8.44491350911
1115	14.2417035915
1120	5.18811731614
1125	5.94998579169
1130	10.3691438989
1135	8.56701857564
1140	5.33876566423
1145	11.2488958577
1150	5.46604241001
1155	17.8122184784
1160	10.0653393792
1165	7.91452986657
1170	10.4204551934
1175	13.0222531854
1180	7.38372659123
1185	7.13913301981
1190	10.7975850537
1195	6.48131524019
1200	11.4120553975
1205	15.0778135266
1210	8.82197513526
1215	7.91641593956
1220	16.5028752941
1225	3.95240702199
1230	7.76203259035
1235	4.33241622043
1240	11.3814947648
1245	9.06172865734
1250	6.69700726294
1255	7.53502088345
1260	6.55022361253
1265	8.40885103608
1270	5.0453972086
1275	5.73360837855
1280	8.15183902719
1285	7.10143378238
1290	7.77080805861
1295	7.14611182923
1300	3.90011197668
1305	7.49341170235
1310	9.16412161625
1315	6.26087211305
1320	7.56157903481
1325	11.4372979148
1330	8.42563883461
1335	6.00335491342
1340	4.55587652161
1345	4.90301743727
1350	5.43016139826
1355	22.3388973001
1360	6.82786390481
1365	12.2718788633
1370	9.73749070747
1375	8.11977865455
1380	6.95740035426
1385	9.47514278213
1390	11.2306742207
1395	8.99979219015
1400	12.2090392906
1405	8.3691499762
1410	3.95922929809
1415	8.33885615263
1420	11.5766946798
1425	11.6986772597
1430	9.28264992863
1435	7.45485812906
1440	11.9232801312
1445	7.3269602211
1450	6.4517144509
1455	11.8645751452
1460	13.0828591282
1465	4.94769933787
1470	9.24242964698
1475	3.71725913189
1480	11.5264738983
1485	8.88003972121
1490	9.06413195877
1495	7.17077836996
1500	3.42351199856
1505	5.37098109444
1510	6.19537051315
1515	5.3887965807
1520	7.2362765695
1525	7.09868675349
1530	4.71287749345
1535	15.0420514943
1540	12.3846031819
1545	9.4598616111
1550	6.68669900632
1555	8.35307780465
1560	8.56380633311
1565	8.09349726188
1570	9.28039473955
1575	8.92831381121
1580	7.48810125013
1585	7.26809081309
1590	6.30436021822
1595	5.63239625988
1600	9.28021796166
1605	5.44762146858
1610	9.41561644131
1615	8.92275287313
1620	5.28858420371
1625	7.15435650804
1630	6.14691865188
1635	8.94667116834
1640	5.5014858212
1645	10.4583695707
1650	5.69398188022
1655	8.34428842995
1660	7.19947272614
1665	9.90368716785
1670	7.11578448464
1675	14.2660954941
1680	6.30279422258
1685	9.04300347099
1690	12.9604367229
1695	10.8159653411
1700	9.01371819346
1705	6.01822922785
1710	14.0532868366
1715	3.87645046496
1720	9.34088905866
1725	17.7352880119
1730	7.84923369103
1735	5.07477814073
1740	10.8938742966
1745	3.08068789493
1750	8.53114315213
1755	4.33886029211
1760	9.54832664483
1765	6.50243396337
1770	6.07052201048
1775	14.2240514223
1780	5.94623949736
1785	7.32123069981
1790	9.26291157667
1795	8.83858813381
1800	9.29190288495
1805	11.5446564255
1810	13.1787330653
1815	5.83546262743
1820	3.67245947023
1825	4.69618248322
1830	6.68575045368
1835	4.0805280864
1840	7.46970541564
1845	5.7710859447
1850	5.39108611595
1855	11.7319489428
1860	8.45037253039
1865	14.6387434719
1870	5.89087593557
1875	7.67513376912
1880	5.67526210457
1885	6.74968129505
1890	5.57195880901
1895	5.27432441171
1900	7.85303657533
1905	9.38485154671
1910	8.10281546192
1915	3.42759638414
1920	4.68248821769
1925	5.30094633014
