0	8.38512319712
5	4.71083386388
10	11.0942310277
15	7.78245734131
20	15.8329477773
25	7.1154002224
30	7.91681312028
35	12.6881820412
40	9.7940877097
45	10.7862602566
50	4.87589914896
55	8.8038607401
60	11.0098348911
65	6.55485395662
70	8.02026268243
75	9.86030974215
80	10.1078471657
85	4.22808366028
90	5.90608706451
95	6.68411584129
100	6.8495392645
105	7.16632844666
110	5.79847280649
115	3.89456510149
120	8.84810208975
125	8.80251608903
130	4.14035253182
135	7.87367143877
140	6.39543159842
145	4.8472164774
150	6.31651695227
155	9.66432845412
160	5.93714031049
165	14.9016950641
170	6.47320316702
175	7.11306362875
180	5.1637771241
185	4.3791238664
190	7.85406521879
195	5.98665316801
200	9.86412375344
205	5.44174432834
210	13.817453653
215	8.64916276747
220	6.40395938024
225	3.64755079714
230	2.74815689908
235	6.03547214955
240	9.83840131307
245	4.1058460607
250	7.4726496296
255	6.2210866497
260	3.94766786643
265	9.25855471172
270	7.46421252416
275	12.618756689
280	9.89684088105
285	6.01547791143
290	10.9796033399
295	4.3957837521
300	9.86693089795
305	7.28195920842
310	10.8640082053
315	4.43861681374
320	5.90318869059
325	15.2408860007
330	9.12393997213
335	7.92338114156
340	5.19146836428
345	5.75686139251
350	8.89821254185
355	5.32879208131
360	8.11763831236
365	8.17641946802
370	7.0512548539
375	8.15048782907
380	6.66932782599
385	6.23465508195
390	6.43317289814
395	9.5738090696
400	7.66600769509
405	10.8326056769
410	9.5795756845
415	4.76010259668
420	7.32473212428
425	3.25244365628
430	4.01934037964
435	8.50867712728
440	8.78267007049
445	4.86785977549
450	12.3693469267
455	5.26708441445
460	8.74175416996
465	6.5076390117
470	11.8279083652
475	8.18547845217
480	5.23695912623
485	8.8212826817
490	7.54015679559
495	10.823750673
500	9.29621661798
505	6.48118952015
510	8.33299259151
515	7.35344279131
520	9.46176953351
525	3.65374613632
530	7.25883947462
535	15.4446052697
540	4.55570644347
545	9.90191218298
550	7.24020681083
555	15.7768206092
560	4.15845526117
565	13.2609867204
570	10.9818674616
575	9.73661910689
580	8.65714461802
585	6.70266319239
590	7.52499384119
595	5.38866026496
600	7.70647040713
605	6.59569032903
610	10.42241522
615	5.79409228093
620	7.61204951795
625	8.11842822617
630	8.30454043614
635	5.36215982112
640	6.16977592443
645	5.81520727346
650	8.92217663284
655	8.00617157008
660	14.2241885378
665	8.722894372
670	15.6139505186
675	6.331762202
680	5.92596732364
685	6.15016106799
690	7.53044785303
695	6.02786260911
700	4.76826673777
705	5.22531448349
710	7.76514061462
715	6.14826941675
720	7.78365927942
725	8.86768613903
730	5.35922906359
735	14.6374036337
740	4.28418735297
745	3.90192521766
750	8.94680421913
755	5.74623328234
760	8.20977520447
765	9.0199444123
770	6.97000661709
775	6.52920140244
780	10.4677980123
785	10.7623666982
790	9.62594738606
795	10.3987017733
800	4.91637041413
805	6.80036384612
810	5.12251153214
815	13.3890805109
820	4.37028440551
825	8.608134343
830	10.214953848
835	6.48836144849
840	2.93677685707
845	6.96794135537
850	6.24678716608
855	12.0798903536
860	11.3349659701
865	5.21031609112
870	8.23911693427
875	7.81159300892
880	9.50145333823
885	5.97804029806
890	11.8492525165
895	4.90932693576
900	6.75855048491
905	7.13675167766
910	6.25727516523
915	7.82618226997
920	12.57265124
925	6.94320815369
930	4.80537096536
935	10.0279811989
940	10.2830417203
945	5.43167350019
950	8.66456122209
955	14.456024436
960	6.78718761059
965	10.4514391127
970	4.4807186206
975	10.3624851593
980	9.69679318308
985	3.21268542399
990	8.33116227423
995	4.09669153946
1000	10.2897386877
1005	8.38905972384
1010	11.6792116484
1015	9.50457377554
1020	3.69540854178
1025	8.41838022144
1030	7.00088774763
1035	10.4819716448
1040	6.34664000333
1045	7.93542615376
1050	8.97318945515
1055	4.97549644957
1060	4.9411326776
1065	7.06857972439
1070	3.85004623178
1075	7.40585716592
1080	6.14970399274
1085	8.10011513932
1090	6.66660692968
1095	8.05728990982
1100	4.60842682584
1105	13.1931093498
1110	10.8940701831
1115	6.82607680152
1120	4.70104687275
1125	8.014054624
1130	9.63802750564
1135	9.08517104935
1140	8.60503527025
1145	10.2214600405
1150	7.91497438331
1155	6.87282200333
1160	5.49857459587
1165	6.31063854714
1170	5.82781760448
1175	6.60164430658
1180	11.6194481271
1185	7.09748264781
1190	4.01585363749
1195	7.29044443196
1200	6.75338030535
1205	5.61611641843
1210	13.6476443211
1215	10.1971933567
1220	6.87784262656
1225	9.01753182634
1230	7.2010858249
1235	10.8550374232
1240	11.5167915511
1245	5.6589363631
1250	6.70343625197
1255	5.06007059274
1260	11.2188924367
1265	8.4757526441
1270	8.8590323966
1275	5.53774686578
1280	6.23314925092
1285	8.49188243487
1290	6.50773209843
1295	7.07959563091
1300	5.08488988579
1305	4.0949575658
1310	5.37743211547
1315	6.50543812361
1320	8.43326091262
1325	6.37959997018
1330	14.4699702642
1335	6.83277723289
1340	9.30477597049
1345	17.8523222733
1350	4.46512771949
1355	11.7333770106
1360	5.99530312907
1365	6.88138459089
1370	8.04526466535
1375	7.77577577955
1380	13.1280323248
1385	8.44799112978
1390	5.86465439059
1395	8.50968343266
1400	6.25682730574
1405	4.28733282752
1410	12.3932719335
1415	6.63579278859
1420	7.23358186972
1425	9.1987645204
1430	9.10101750818
1435	9.93435594663
1440	9.52124977812
1445	13.0203527256
1450	8.41774218275
1455	7.4479125792
1460	8.16718959954
1465	9.10858721681
1470	19.5748317986
1475	7.55195878479
1480	11.9774624203
1485	9.92546201605
1490	7.79699573373
1495	8.80732789065
1500	7.75208997244
1505	11.245242648
1510	12.3554695974
1515	4.47910984177
1520	6.71464360383
1525	6.43967019818
1530	8.32341957421
1535	10.0594139096
1540	18.0553479674
1545	11.2961173308
1550	4.20954492122
1555	10.7797175594
1560	7.51911697429
1565	12.2335509741
1570	8.04925076683
1575	7.07089361558
1580	12.7703464148
