0	4.296112
5	4.162848
10	3.997192
15	4.380424
20	4.061696
25	4.008272
30	4.786504
35	3.40976
40	3.95428
45	3.310344
50	3.985296
55	3.892592
60	3.917568
65	3.933696
70	3.931624
75	4.512536
80	3.736728
85	4.10788
90	4.527968
95	2.460472
100	3.741816
105	4.159904
110	4.098024
115	4.267488
120	0.067752
125	4.23196
130	5.56636
135	4.38392
140	5.58036
145	4.700312
150	3.996264
155	4.125088
160	3.831344
165	4.526584
170	3.939872
175	4.206168
180	4.522624
185	4.287
190	3.914112
195	3.827592
200	3.380264
205	4.156048
210	3.674424
215	4.349232
220	3.69708
225	3.776656
230	3.422512
235	3.698208
240	3.803992
245	4.489688
250	4.048464
255	4.322792
260	4.345392
265	3.81692
270	4.479528
275	3.279064
280	3.284944
285	4.082016
290	3.939952
295	4.586728
300	4.062256
305	3.835032
310	3.680912
