0	2.328872
5	1.825256
10	2.32864
15	2.37516
20	2.340648
25	2.31808
30	2.345936
35	2.304992
40	2.294224
45	2.347352
50	2.357368
55	2.346512
60	2.290664
65	2.311896
70	2.324568
75	1.458272
80	2.356616
85	2.3352
90	2.350432
95	2.34204
100	2.297392
105	2.365632
110	2.272952
115	2.35292
120	1.430296
125	2.31592
130	2.328472
135	2.344272
140	2.335944
145	2.342
150	2.348952
155	2.336
160	2.319896
165	2.345888
170	2.337376
175	2.254368
180	2.328496
185	2.320456
190	2.315536
195	2.360056
200	2.34628
205	2.241728
210	2.304256
215	2.231368
220	2.347024
225	2.19164
230	2.291872
235	2.331592
240	2.340448
245	2.32984
250	2.34408
255	2.301792
260	2.347304
265	2.345712
270	2.370264
275	2.33492
280	2.338048
285	2.350296
290	2.369184
295	2.331736
300	2.348608
305	2.316128
310	2.32112
