0	0.636016
5	1.954584
10	2.237976
15	2.243088
20	1.745496
25	2.291016
30	1.45592
35	2.224
40	2.292352
45	1.055136
50	1.964032
55	0.702104
60	1.029632
65	2.107976
70	2.335216
75	2.065984
80	0.414616
85	1.85052
90	2.254816
95	1.682528
100	0.905912
105	2.139136
110	0.703104
115	2.27
120	2.181632
125	2.142032
130	1.409968
135	2.216952
140	1.549456
145	2.063904
150	1.891472
155	2.192872
160	1.51168
165	1.798328
170	0.65652
175	2.277248
180	1.826464
185	2.123248
190	2.259784
195	2.020688
200	2.298616
205	1.703552
210	1.306344
215	1.92664
220	1.541992
225	1.167824
230	2.0786
235	2.300272
240	2.237352
245	1.935352
250	1.728688
255	1.449736
260	2.106112
265	1.715952
270	2.10764
275	2.069088
280	1.855432
285	1.373592
290	1.995296
295	2.063016
300	2.141568
305	1.916784
310	2.273848
