0	1.444632
5	1.450864
10	1.344248
15	1.381472
20	1.445472
25	1.165704
30	1.47716
35	1.47396
40	1.29952
45	1.468992
50	1.37804
55	1.452448
60	1.381064
65	1.427752
70	1.395616
75	1.387552
80	1.367672
85	1.418192
90	1.323576
95	1.395944
100	1.377664
105	3.073592
110	4.81868
115	4.54016
120	3.72192
125	3.02544
130	3.069248
135	3.839672
140	4.754528
145	3.04708
150	2.830184
155	3.037168
160	4.739656
165	4.717312
170	4.778864
175	4.907536
180	4.783288
185	4.766672
190	3.072616
195	3.043016
200	4.299472
205	1.418488
210	4.319584
215	3.084288
220	2.589952
225	4.579936
230	1.168592
235	1.06044
240	3.980128
245	3.914744
250	0.887856
255	0.892312
260	0.899016
265	0.818736
270	0.693728
275	0.449968
280	0.89356
285	0.898504
290	0.81536
295	0.864936
300	0.647056
305	0.541728
310	0.908872
