0	29.996128
5	22.508584
10	32.756056
15	34.52052
20	32.54748
25	37.406328
30	38.798064
35	10.086376
40	11.857296
45	2.07024
50	10.537568
55	8.217864
60	10.563104
65	33.233352
70	33.192272
75	18.598128
80	36.24552
85	37.763032
90	9.996616
95	10.9806
100	10.616584
105	11.79696
110	31.178272
115	35.277488
120	11.782248
125	42.56824
130	37.128216
135	41.020728
140	37.247792
145	10.192448
150	9.326248
155	9.509616
160	11.327904
165	34.975304
170	37.660968
175	9.875256
180	35.70336
185	30.887224
190	38.162096
195	40.4138
200	41.816896
205	34.107888
210	10.085832
215	10.164288
220	9.957648
225	10.046568
230	28.611792
235	7.470856
240	36.6392
245	39.554152
250	40.23544
255	39.214928
260	30.090592
265	17.943768
270	9.7942
275	10.137624
280	10.840096
285	19.319672
290	27.241032
295	35.024056
300	34.31712
305	34.235264
310	40.111912
