0	1.99624
5	2.123744
10	2.24056
15	2.128768
20	2.12684
25	1.97564
30	1.91796
35	2.17996
40	2.03296
45	2.010664
50	2.120352
55	2.021736
60	1.971208
65	2.07076
70	2.051944
75	2.108672
80	2.028896
85	1.989352
90	2.030784
95	2.08056
100	2.242136
105	2.18
110	2.08428
115	7.150288
120	8.18252
125	7.791568
130	8.344736
135	7.4646
140	8.362472
145	7.855528
150	7.637088
155	7.420752
160	6.995208
165	7.52124
170	6.916264
175	7.476824
180	6.688184
185	7.0388
190	5.068848
195	5.225448
200	6.895048
205	7.571016
210	10.142928
215	2.206424
220	7.800392
225	7.733744
230	6.951864
235	6.709824
240	2.109624
245	7.972976
250	6.96188
255	10.923896
260	8.438496
265	7.896752
270	7.646256
275	7.037424
280	7.561032
285	6.775432
290	7.099952
295	8.10084
300	7.758064
305	7.145192
310	6.966048
