0	11.39724
5	11.30332
10	11.315152
15	10.945184
20	11.909192
25	10.704272
30	11.648312
35	10.74112
40	11.518256
45	11.500952
50	11.569088
55	11.189488
60	11.234552
65	10.982064
70	11.887848
75	11.996632
80	11.425624
85	11.94892
90	11.077352
95	11.443536
100	11.421384
105	11.3398
110	11.25124
115	11.919424
120	11.694816
125	7.276192
130	11.567856
135	11.790392
140	11.369816
145	12.01588
150	11.389048
155	11.774152
160	11.584024
165	11.123456
170	11.572128
175	11.57812
180	8.695288
185	7.722648
190	11.956304
195	11.44848
200	11.550888
205	11.395424
210	11.469928
215	11.615632
220	11.683248
225	11.530416
230	11.173776
235	11.497824
240	11.054472
245	11.573312
250	11.240032
255	11.572776
260	11.834808
265	10.944248
270	11.518536
275	10.451376
280	11.499984
285	11.149072
290	10.926592
295	11.602408
300	11.03896
305	11.058928
310	10.92524
