0	19.459608
5	18.265448
10	19.43488
15	19.487448
20	19.627336
25	20.693904
30	17.67108
35	15.84248
40	19.838016
45	20.17972
50	20.349376
55	18.769928
60	18.104016
65	19.7912
70	19.20736
75	19.983456
80	10.263088
85	19.549328
90	20.79964
95	19.8486
100	18.319952
105	19.552016
110	19.023144
115	19.395472
120	19.825144
125	19.279776
130	20.331576
135	20.544424
140	20.30036
145	20.124112
150	18.9584
155	19.91284
160	18.881664
165	20.322944
170	20.349216
175	18.457936
180	19.714584
185	19.533416
190	20.482144
195	19.878752
200	20.090296
205	19.94896
210	20.294152
215	20.342264
220	18.191488
225	19.36272
230	20.894856
235	19.424248
240	19.49092
245	20.101096
250	19.50464
255	19.240864
260	20.982248
265	20.419592
270	17.634128
275	18.406264
280	19.625992
285	20.126976
290	21.03376
295	21.118432
300	20.217448
305	18.170168
310	18.413048
