0	7.184536
5	6.932048
10	8.411304
15	8.218984
20	9.75844
25	9.265064
30	9.236304
35	7.623248
40	6.652272
45	7.69072
50	7.26432
55	7.53856
60	7.869416
65	7.688104
70	9.0072
75	8.043536
80	7.732944
85	7.582368
90	7.532784
95	7.631592
100	7.75316
105	7.59592
110	7.260552
115	6.958728
120	5.708016
125	6.014584
130	7.504104
135	8.214936
140	7.878344
145	7.68324
150	7.574416
155	7.754016
160	7.323472
165	7.56228
170	7.229368
175	4.666576
180	2.612192
185	5.548536
190	7.868224
195	7.73624
200	7.990408
205	8.067632
210	7.500128
215	5.635256
220	8.254856
225	8.763384
230	8.333024
235	8.101168
240	7.823488
245	7.549672
250	7.482832
255	7.81556
260	7.541144
265	7.259472
270	7.504024
275	7.273992
280	7.609392
285	7.198864
290	7.317096
295	7.131576
300	7.618544
305	8.126112
310	6.889592
