0	18.907392
5	18.056176
10	18.37172
15	12.296952
20	16.900912
25	23.646304
30	11.010832
35	16.846552
40	9.041736
45	9.736792
50	9.52244
55	17.07132
60	18.249776
65	23.160632
70	16.792984
75	18.707024
80	26.83252
85	22.763288
90	23.057232
95	26.778248
100	21.011672
105	17.652696
110	20.081968
115	22.693592
120	12.85868
125	25.263592
130	10.106816
135	24.252536
140	25.923344
145	25.246648
150	26.4578
155	26.917448
160	11.622664
165	26.120192
170	8.383648
175	9.07144
180	21.902512
185	12.078416
190	11.510352
195	15.093416
200	12.87808
205	17.376688
210	15.641648
215	21.006136
220	15.244744
225	16.519552
230	22.643824
235	11.0458
240	16.17756
245	25.996688
250	15.498336
255	23.191536
260	26.161216
265	17.569288
270	23.435312
275	24.458968
280	26.555712
285	22.738432
290	24.567664
295	15.432528
300	23.3794
305	25.821056
310	25.781256
