0	1.359944
5	1.349376
10	1.423264
15	1.377168
20	1.405696
25	1.330216
30	1.28572
35	1.312176
40	1.295936
45	1.408672
50	1.346752
55	1.413536
60	1.368712
65	1.355648
70	1.292488
75	1.37952
80	1.380144
85	1.422376
90	1.359528
95	1.404896
100	7.586864
105	7.211136
110	8.089024
115	7.98268
120	6.323984
125	6.00876
130	7.934168
135	7.407104
140	7.764808
145	5.474368
150	7.282096
155	7.921168
160	5.680808
165	7.260136
170	7.975064
175	6.658408
180	7.873672
185	7.497696
190	6.866008
195	6.40844
200	6.99516
205	5.940936
210	7.164664
215	6.509688
220	8.058528
225	6.31976
230	8.057696
235	7.226136
240	8.433144
245	7.759992
250	6.344416
255	7.248224
260	7.130376
265	8.304624
270	7.543992
275	6.4168
280	7.756952
285	7.846488
290	0.836456
295	0.845656
300	0.85252
305	0.8646
310	0.851952
