0	11.173864
5	11.685312
10	10.569992
15	13.44992
20	10.18532
25	10.409792
30	6.173616
35	10.903224
40	11.866808
45	6.976904
50	6.81864
55	10.74316
60	10.63336
65	11.00184
70	11.384216
75	11.189272
80	10.736096
85	6.983776
90	10.900008
95	11.019056
100	10.36656
105	8.498344
110	12.103024
115	11.50672
120	13.346616
125	11.237856
130	12.878448
135	11.046864
140	10.984208
145	10.669728
150	11.178504
155	12.648368
160	13.901824
165	11.666152
170	12.901632
175	13.30784
180	9.7758
185	10.287272
190	13.264608
195	10.249424
200	12.318768
205	12.207928
210	13.159608
215	10.275944
220	10.221528
225	7.627632
230	10.445016
235	13.061976
240	9.980816
245	11.438264
250	12.037048
255	11.740456
260	12.492376
265	11.551104
270	11.722768
275	10.869264
280	12.581952
285	7.29808
290	9.89708
295	11.794424
300	11.275392
305	14.509328
310	10.83232
