0	13.110872
5	16.317736
10	19.78808
15	15.92208
20	19.721984
25	17.93324
30	20.190224
35	20.036304
40	20.402848
45	18.707912
50	18.162456
55	19.415384
60	19.541336
65	14.295136
70	14.635968
75	10.875656
80	18.923024
85	18.735664
90	17.601736
95	20.432432
100	20.354728
105	19.1998
110	19.129808
115	16.579544
120	15.736376
125	11.550712
130	15.925496
135	17.103872
140	20.560568
145	18.060288
150	18.508752
155	19.85816
160	17.49128
165	19.425008
170	16.686
175	17.082464
180	10.422992
185	13.369208
190	14.277024
195	17.746272
200	14.542768
205	18.60768
210	20.58676
215	19.783088
220	18.8184
225	17.087128
230	16.526776
235	15.900808
240	16.6832
245	13.52832
250	13.212504
255	18.761304
260	20.162424
265	20.80116
270	20.448608
275	19.86604
280	18.047664
285	16.90512
290	18.99
295	17.127952
300	13.337088
305	15.369064
310	19.284768
