0	2.3038
5	3.12048
10	2.162984
15	3.825576
20	3.781568
25	3.919312
30	3.876984
35	4.737072
40	3.888272
45	3.30548
50	3.431792
55	3.358896
60	4.608352
65	2.832272
70	3.182264
75	2.31344
80	4.798768
85	3.533848
90	2.646416
95	3.409584
100	2.823544
105	3.450368
110	2.113576
115	3.4334
120	4.135168
125	4.473904
130	4.816528
135	3.499776
140	1.048768
145	3.044864
150	2.85376
155	3.855024
160	2.629368
165	4.087304
170	1.89304
175	2.61576
180	2.720264
185	2.85336
190	1.233888
195	3.438968
200	4.75872
205	2.786664
210	3.520528
215	2.929536
220	3.370224
225	2.993384
230	3.549768
235	3.778664
240	2.869832
245	4.061456
250	4.566352
255	2.861832
260	4.717136
265	2.972168
270	3.918072
275	4.746632
280	4.157896
285	4.80032
290	3.197608
295	4.118136
300	3.724504
305	3.853608
310	4.938376
