0	14.499424
5	14.14748
10	14.369088
15	14.435912
20	15.626504
25	15.411936
30	14.275208
35	14.068536
40	14.72356
45	14.099248
50	12.042456
55	14.061216
60	11.929448
65	11.955728
70	14.509
75	15.372272
80	15.344128
85	14.352576
90	14.635688
95	14.962864
100	11.918856
105	12.614368
110	14.696824
115	14.828448
120	14.975664
125	15.673944
130	15.104408
135	10.642448
140	12.871016
145	12.150872
150	14.872344
155	12.282968
160	12.489
165	14.825184
170	9.288056
175	14.653144
180	15.918176
185	15.456848
190	15.464192
195	12.534016
200	15.194648
205	14.625272
210	12.46444
215	11.724832
220	14.813168
225	14.95308
230	14.799104
235	12.889912
240	14.991968
245	14.524456
250	15.196088
255	14.861984
260	14.185304
265	15.305448
270	14.841544
275	14.49612
280	14.54964
285	12.162432
290	12.01392
295	14.664352
300	12.456136
305	14.763672
310	14.644952
