0	4.485832
5	4.299992
10	4.485232
15	4.4946
20	4.495688
25	4.47496
30	4.226488
35	4.496704
40	4.456704
45	4.43652
50	4.244296
55	4.480672
60	4.334016
65	2.71132
70	4.475016
75	4.469616
80	4.511064
85	4.511544
90	4.343728
95	4.50068
100	4.478072
105	4.332888
110	4.197144
115	4.492112
120	4.374528
125	4.504424
130	3.815648
135	4.324104
140	3.80404
145	4.493416
150	4.500136
155	4.503664
160	3.246768
165	4.500768
170	4.488664
175	4.483968
180	4.481304
185	4.275904
190	4.469032
195	4.466088
200	4.324032
205	4.001664
210	4.47548
215	4.492184
220	4.4984
225	4.181008
230	4.27812
235	4.487384
240	4.485224
245	4.50192
250	4.469848
255	4.490088
260	4.24784
265	4.415352
270	4.440704
275	4.453992
280	4.494272
285	4.48056
290	4.485528
295	4.471416
300	4.491008
305	4.479224
310	4.427264
