0	1.47964
5	1.482464
10	1.394072
15	1.525064
20	1.428912
25	1.456552
30	1.512752
35	1.492304
40	1.521688
45	1.546816
50	1.092656
55	1.197768
60	1.857912
65	1.771016
70	1.745632
75	1.753856
80	1.173776
85	1.17748
90	1.216792
95	1.83072
100	1.869432
105	1.8024
110	1.95248
115	1.137656
120	1.083496
125	1.156792
130	1.853088
135	0.759224
140	1.925656
145	1.670936
150	1.814408
155	1.884896
160	1.868344
165	1.714168
170	1.876936
175	1.321616
180	2.136656
185	1.922784
190	1.871832
195	1.2424
200	2.181048
205	2.187256
210	2.028
215	1.307752
220	1.299464
225	2.010608
230	2.051168
235	2.128432
240	2.016008
245	1.626912
250	1.983064
255	1.334008
260	1.339544
265	1.324624
270	2.14264
275	2.175088
280	2.022456
285	2.069208
290	1.417128
295	2.037192
300	1.997232
305	2.10056
310	1.939064
