0	11.568664
5	7.963792
10	10.196552
15	12.676672
20	11.197264
25	13.128064
30	9.273696
35	9.445776
40	8.553528
45	8.720048
50	8.999472
55	9.7488
60	13.439712
65	9.745528
70	8.415736
75	10.381664
80	8.366008
85	10.208104
90	8.009616
95	9.383888
100	9.5142
105	8.029608
110	8.578008
115	9.174608
120	11.018264
125	9.962352
130	8.894024
135	9.83716
140	9.541176
145	11.163712
150	7.631616
155	9.609552
160	9.165392
165	9.799504
170	8.709112
175	10.249288
180	9.814152
185	11.070232
190	10.865848
195	10.561624
200	9.95888
205	9.915088
210	8.568728
215	12.113976
220	9.183752
225	9.820112
230	10.370032
235	9.968848
240	9.875456
245	10.16564
250	9.97236
255	8.72996
260	10.30916
265	11.064736
270	9.104808
275	8.616816
280	8.788608
285	9.36816
290	9.16344
295	9.079664
300	9.653584
305	10.828272
310	9.955808
