0	26.44916
5	24.187408
10	26.513024
15	24.74524
20	24.945328
25	17.410216
30	23.157408
35	28.672352
40	33.218136
45	14.002016
50	29.243472
55	26.645552
60	34.672304
65	22.333832
70	29.896384
75	27.695184
80	28.966
85	19.038344
90	25.886432
95	30.126952
100	24.458472
105	18.295768
110	28.620472
115	14.973352
120	23.039728
125	29.041336
130	8.247808
135	22.213264
140	25.279
145	23.320232
150	13.875504
155	25.172904
160	23.46356
165	16.591192
170	21.260168
175	23.454792
180	26.919272
185	23.880808
190	14.909112
195	16.469968
200	27.620688
205	30.4998
210	22.481144
215	12.07136
220	19.868656
225	28.73096
230	14.71
235	20.86968
240	29.660792
245	20.428872
250	28.362184
255	27.640768
260	25.167968
265	30.8618
270	35.507488
275	30.180168
280	27.294392
285	9.738168
290	21.765576
295	23.529552
300	30.031784
305	9.16084
310	32.140856
