0	11.33396
5	12.585456
10	11.478672
15	13.258656
20	9.825888
25	10.153816
30	10.708568
35	10.232792
40	10.642256
45	12.018144
50	6.509024
55	9.281832
60	11.234056
65	10.808632
70	12.04712
75	10.716056
80	10.245544
85	12.226488
90	8.601632
95	11.41592
100	10.924152
105	11.264824
110	12.568072
115	11.161032
120	7.983256
125	9.751736
130	13.476104
135	12.314752
140	11.589872
145	10.643464
150	10.106416
155	10.395216
160	9.39468
165	12.74904
170	7.873776
175	10.980168
180	12.036056
185	11.044488
190	10.810296
195	10.575216
200	11.064216
205	10.01784
210	11.47952
215	11.241208
220	10.70924
225	11.094648
230	10.823688
235	11.48144
240	10.997104
245	11.32084
250	10.6346
255	10.481816
260	11.834336
265	12.381664
270	12.749
275	12.593432
280	11.644968
285	14.486288
290	9.386152
295	7.872984
300	8.796824
305	11.48424
310	12.331456
