0	14.143864
5	14.233848
10	14.053592
15	14.027328
20	14.097
25	14.114944
30	14.056848
35	12.468504
40	14.12668
45	13.952824
50	14.013064
55	14.191544
60	14.067352
65	12.834288
70	13.620928
75	11.96132
80	14.26676
85	14.031592
90	14.091552
95	14.197584
100	14.286528
105	14.002032
110	13.940552
115	14.041776
120	13.87956
125	13.966224
130	11.201984
135	14.211672
140	14.128048
145	14.112496
150	13.893008
155	14.115264
160	14.000352
165	14.012688
170	14.077616
175	8.821064
180	14.187512
185	14.06952
190	13.583352
195	13.84144
200	13.89568
205	14.009216
210	13.858368
215	13.85552
220	14.02812
225	14.156232
230	13.88616
235	14.132736
240	12.298616
245	2.705888
250	13.786856
255	14.18976
260	14.177296
265	13.904224
270	14.177352
275	14.062376
280	7.915176
285	2.845064
290	13.992712
295	11.669384
300	14.007576
305	14.226896
310	13.990408
