0	2.196896
5	2.197024
10	2.200024
15	2.215736
20	2.230896
25	2.218472
30	2.217008
35	2.177328
40	2.20008
45	2.222616
50	2.20608
55	2.194584
60	2.233264
65	2.193016
70	2.206624
75	2.180848
80	1.528632
85	1.773208
90	1.859768
95	1.733616
100	1.85064
105	2.175904
110	2.21088
115	2.193784
120	0.605456
125	2.266208
130	2.214288
135	2.122456
140	2.183288
145	2.189952
150	2.220912
155	2.208
160	2.192536
165	2.1724
170	2.20324
175	2.141784
180	1.267288
185	2.2236
190	2.161016
195	2.189456
200	2.213
205	2.208088
210	2.287552
215	2.200096
220	2.177912
225	2.186272
230	2.21844
235	2.241056
240	2.23628
245	2.2218
250	2.18492
255	2.240544
260	2.211072
265	2.20848
270	2.2282
275	2.225544
280	2.18336
285	2.185472
290	2.20532
295	2.193184
300	2.188832
305	2.21672
310	2.222384
