0	2.72712
5	2.7978
10	2.752104
15	2.56728
20	2.37368
25	2.116752
30	2.602328
35	3.046088
40	2.371232
45	2.741376
50	2.295488
55	2.649752
60	2.536608
65	2.673768
70	2.606168
75	2.649824
80	2.459536
85	2.44028
90	2.450112
95	2.416112
100	2.663056
105	2.862256
110	2.46904
115	2.457776
120	2.556632
125	1.853392
130	2.110088
135	2.354568
140	2.3118
145	2.537592
150	2.3728
155	2.50108
160	2.30372
165	3.188672
170	2.482168
175	2.951176
180	2.200736
185	3.10068
190	3.033608
195	3.24228
200	2.545912
205	2.295464
210	2.248448
215	1.83784
220	2.428312
225	2.414712
230	0.218392
235	1.258344
240	2.201032
245	2.83976
250	2.5314
255	2.709528
260	2.510784
265	2.278624
270	2.724288
275	2.543792
280	2.769568
285	2.75592
290	2.29924
295	2.496624
300	2.33576
305	2.094248
310	2.364256
