0	10.895512
5	5.486624
10	10.936048
15	8.541368
20	13.199
25	12.072104
30	18.159112
35	9.570768
40	9.762176
45	8.845856
50	6.87456
55	10.133104
60	7.907
65	5.639072
70	12.438832
75	11.715392
80	12.438104
85	12.015872
90	7.89984
95	7.85728
100	11.376264
105	10.186656
110	6.551928
115	8.856232
120	7.24764
125	4.17576
130	13.806896
135	11.371912
140	16.18516
145	10.308936
150	13.101824
155	12.038496
160	6.764784
165	16.434104
170	15.010712
175	11.016584
180	9.99012
185	10.028776
190	12.992784
195	11.307176
200	12.91624
205	12.98072
210	12.580504
215	9.812336
220	12.149456
225	10.387128
230	11.39504
235	9.918104
240	10.41756
245	6.379952
250	12.322576
255	9.502872
260	10.460672
265	12.30216
270	12.685768
275	12.130568
280	6.060928
285	6.669168
290	9.528104
295	12.291024
300	8.50456
305	10.411152
310	10.631552
