0	6.190552
5	4.821288
10	6.004184
15	5.027176
20	5.331104
25	4.832016
30	6.132688
35	5.857464
40	5.986376
45	4.999304
50	5.2722
55	5.199064
60	5.17984
65	5.985
70	4.55592
75	3.869296
80	5.913528
85	4.627416
90	5.103232
95	4.64332
100	5.741056
105	5.350192
110	4.711296
115	4.842112
120	4.56824
125	4.967912
130	4.722936
135	5.409296
140	5.255224
145	5.96008
150	4.868944
155	4.813384
160	5.746576
165	5.11096
170	6.058728
175	6.23828
180	4.641312
185	4.79524
190	4.884024
195	6.120312
200	4.986888
205	5.841488
210	5.153488
215	4.859568
220	4.237496
225	4.732264
230	4.82236
235	6.624456
240	4.89684
245	5.04892
250	5.378928
255	5.945136
260	4.904736
265	4.99212
270	6.225256
275	2.816384
280	5.718872
285	5.738688
290	5.92344
295	4.891472
300	5.248512
305	6.600136
310	6.003672
