0	5.1154
5	4.888448
10	5.064264
15	4.932656
20	4.987328
25	5.083168
30	5.471208
35	5.093984
40	5.07396
45	5.049576
50	5.107848
55	4.916664
60	5.073888
65	5.105192
70	5.463216
75	5.077336
80	5.47984
85	5.126304
90	4.950104
95	5.098296
100	4.87304
105	5.068056
110	4.904392
115	2.806992
120	5.093528
125	5.480552
130	5.094664
135	5.054864
140	5.443096
145	5.037496
150	5.132728
155	5.065632
160	5.065368
165	5.042792
170	5.06528
175	5.061408
180	5.056504
185	5.05396
190	5.046552
195	5.048
200	5.41152
205	5.008584
210	5.085688
215	5.290592
220	5.052416
225	5.476768
230	5.020968
235	5.006768
240	5.074472
245	5.078816
250	5.047584
255	5.038336
260	5.077352
265	5.053896
270	5.036152
275	5.13676
280	5.086192
285	5.03672
290	5.042096
295	5.028776
300	5.085856
305	5.031864
310	5.061792
