0	16.314768
5	16.282096
10	15.853768
15	16.334688
20	14.84196
25	11.343304
30	14.551032
35	14.990048
40	16.344376
45	16.53516
50	15.818296
55	15.789336
60	14.041872
65	13.771496
70	14.294136
75	15.106296
80	17.535704
85	16.66632
90	15.680144
95	16.040032
100	16.114056
105	15.630728
110	15.507432
115	15.600632
120	14.38636
125	14.27052
130	13.99292
135	15.475392
140	15.143888
145	14.954816
150	15.990616
155	16.51992
160	13.525144
165	13.675296
170	14.103848
175	15.683816
180	15.971912
185	16.306224
190	16.455808
195	16.439728
200	16.119264
205	14.454624
210	15.173464
215	16.1468
220	14.022248
225	10.7596
230	15.680808
235	15.558016
240	15.64464
245	15.378456
250	15.79116
255	16.288544
260	16.301976
265	14.95052
270	15.608352
275	14.1012
280	13.56876
285	15.654736
290	16.101848
295	15.995112
300	16.174584
305	15.408552
310	15.278064
