0	0.818736
5	3.243504
10	4.05936
15	2.367024
20	3.726192
25	3.38008
30	4.072128
35	3.960984
40	4.904816
45	3.732328
50	3.61636
55	2.515904
60	3.685608
65	3.788552
70	3.309152
75	3.670472
80	4.081208
85	3.876328
90	3.851464
95	4.212856
100	3.773176
105	3.644072
110	3.924936
115	4.508608
120	4.036872
125	4.178688
130	3.604256
135	3.845832
140	3.976112
145	3.364432
150	5.248464
155	5.300192
160	5.913936
165	3.94608
170	4.144984
175	3.254952
180	3.655592
185	1.687792
190	3.652816
195	2.905888
200	4.112256
205	3.154592
210	3.942304
215	3.856096
220	4.2854
225	3.713016
230	3.924392
235	3.545376
240	3.920208
245	3.704544
250	3.700584
255	3.46384
260	4.025528
265	3.742328
270	3.684024
275	3.612904
280	3.72656
285	3.433136
290	3.757552
295	3.460064
300	3.495816
305	3.537232
310	3.300088
