0	5.470824
5	5.37924
10	4.95496
15	5.164792
20	6.197912
25	5.454424
30	4.506416
35	5.365856
40	5.072944
45	5.602896
50	4.991024
55	5.45552
60	3.772512
65	4.917632
70	5.357448
75	4.884528
80	5.052552
85	5.569048
90	5.513104
95	5.512992
100	6.340416
105	5.535488
110	4.315624
115	5.326096
120	5.192712
125	5.733568
130	4.51216
135	5.618408
140	5.245424
145	6.088088
150	5.753424
155	5.443544
160	4.660232
165	4.846456
170	5.420688
175	5.686544
180	5.579136
185	5.298656
190	5.0622
195	5.132696
200	5.533648
205	5.268768
210	5.329024
215	5.931144
220	5.527696
225	4.85356
230	5.722368
235	5.241896
240	5.85548
245	5.065856
250	5.1196
255	5.679552
260	5.447168
265	5.729296
270	5.276888
275	5.404368
280	5.24184
285	5.545048
290	4.79384
295	5.1008
300	5.23896
305	4.618296
310	5.586432
