0	1.655672
5	1.870768
10	1.86884
15	1.865048
20	1.818032
25	1.84196
30	1.777528
35	1.868072
40	1.82204
45	1.80884
50	1.870136
55	1.796664
60	1.880576
65	1.843608
70	1.782784
75	1.859984
80	1.784904
85	1.856008
90	1.815624
95	1.954352
100	1.87368
105	1.489768
110	1.876512
115	1.839944
120	1.886376
125	1.884936
130	1.90104
135	1.883392
140	1.897936
145	1.909288
150	1.865088
155	1.84248
160	1.758416
165	1.811016
170	1.873888
175	1.852024
180	1.837736
185	0.280648
190	1.871552
195	1.895288
200	1.899968
205	1.92024
210	1.779952
215	1.86416
220	1.858688
225	1.87588
230	1.826216
235	1.913744
240	1.84752
245	1.866392
250	1.882752
255	1.885888
260	1.8016
265	1.924584
270	1.897792
275	1.845216
280	1.872408
285	1.77376
290	1.894016
295	1.879328
300	1.777424
305	1.854592
310	1.89028
