0	10.181064
5	9.976976
10	8.391336
15	10.1896
20	12.948424
25	9.02724
30	9.318136
35	8.299464
40	9.783336
45	9.309464
50	9.672864
55	5.432008
60	10.238128
65	7.6832
70	11.628464
75	8.55164
80	9.329432
85	8.42396
90	10.568128
95	9.578464
100	8.701568
105	8.84036
110	5.703664
115	9.744952
120	9.127944
125	7.190728
130	9.504576
135	9.88244
140	10.282744
145	8.840528
150	9.315584
155	9.920432
160	9.0206
165	7.78156
170	9.728512
175	9.17484
180	8.987432
185	9.71856
190	10.386368
195	8.958904
200	7.665896
205	9.942048
210	8.580032
215	8.592464
220	8.058512
225	9.561008
230	8.221168
235	8.778376
240	7.925192
245	9.621728
250	11.432752
255	9.844856
260	9.675184
265	6.05024
270	8.011192
275	9.95404
280	6.797696
285	9.9454
290	9.242896
295	8.847512
300	9.899808
305	9.206424
310	12.103656
