0	1.434208
5	1.494056
10	1.738792
15	0.833384
20	1.948744
25	1.77524
30	1.791648
35	0.89084
40	0.825176
45	0.569936
50	1.073984
55	1.929616
60	1.80744
65	1.709384
70	1.877824
75	1.796088
80	1.911224
85	0.63012
90	0.155816
95	1.957984
100	1.965912
105	1.26568
110	1.959264
115	1.853608
120	1.827728
125	1.736256
130	1.368664
135	1.618808
140	1.513512
145	1.38712
150	2.027784
155	1.829024
160	1.773216
165	1.31468
170	1.693112
175	1.730344
180	1.752472
185	1.807904
190	1.853312
195	1.754504
200	1.8104
205	1.308008
210	1.230952
215	1.737528
220	1.683784
225	1.613984
230	1.146568
235	1.3336
240	1.839872
245	1.084728
250	1.521896
255	1.83452
260	1.795616
265	1.740824
270	1.700904
275	1.320032
280	1.010152
285	1.473688
290	1.493632
295	1.42848
300	0.752784
305	0.26308
310	1.150624
