0	11.999528
5	12.431872
10	11.783024
15	12.708672
20	13.421152
25	11.281936
30	11.872616
35	12.030112
40	14.016872
45	12.926552
50	13.596608
55	14.563232
60	13.115496
65	13.453216
70	13.392872
75	14.015712
80	12.07104
85	12.2928
90	13.294792
95	13.881008
100	13.517144
105	8.960184
110	13.803376
115	13.498504
120	15.530632
125	13.324288
130	16.7506
135	16.622912
140	15.838384
145	13.801664
150	13.581456
155	16.194536
160	12.553512
165	13.251688
170	14.483112
175	13.229512
180	13.924168
185	15.045824
190	11.578168
195	10.586504
200	13.465184
205	14.161384
210	16.801472
215	12.803984
220	16.77344
225	13.76296
230	13.800384
235	13.689312
240	14.198832
245	16.759168
250	14.455312
255	13.642888
260	16.356024
265	13.430072
270	13.453288
275	13.171512
280	16.386208
285	13.171952
290	17.460584
295	14.197744
300	13.620392
305	14.016752
310	17.475104
