0	27.424328
5	25.075216
10	11.637728
15	26.878488
20	24.467168
25	25.330928
30	25.578168
35	22.869704
40	25.160216
45	29.942552
50	26.802928
55	20.300936
60	24.490496
65	26.501352
70	25.469352
75	21.638944
80	25.062384
85	27.784216
90	26.4962
95	19.737432
100	17.506872
105	14.052144
110	28.70164
115	26.941536
120	17.739008
125	25.508072
130	27.582856
135	27.661336
140	23.870192
145	26.158296
150	26.498264
155	27.434648
160	25.3294
165	28.136344
170	27.710352
175	28.196144
180	27.738176
185	28.696008
190	28.920728
195	27.664656
200	24.066392
205	25.79004
210	28.26528
215	28.934008
220	26.704192
225	26.53436
230	28.81596
235	25.837296
240	29.677944
245	26.297288
250	28.892072
255	28.069376
260	24.302344
265	29.208784
270	26.656488
275	22.678104
280	28.816096
285	27.025272
290	24.47664
295	29.009848
300	28.362344
305	28.505184
310	25.883648
