0	12.449368
5	21.018144
10	23.612912
15	24.754512
20	24.851304
25	24.302152
30	22.853736
35	22.611616
40	23.663008
45	24.125192
50	22.679072
55	21.74852
60	8.483152
65	24.16084
70	24.156648
75	24.27116
80	23.543456
85	24.143464
90	24.772568
95	24.043152
100	23.786032
105	23.201784
110	21.634256
115	23.437928
120	23.408416
125	23.41768
130	23.988088
135	24.98224
140	23.935552
145	24.304344
150	23.563984
155	23.16052
160	23.481832
165	23.581904
170	24.369488
175	24.097384
180	23.51572
185	23.521968
190	22.909016
195	23.98116
200	23.907904
205	24.386008
210	23.424776
215	22.764952
220	23.614
225	22.889504
230	24.191624
235	23.921312
240	24.325112
245	23.976432
250	24.852688
255	23.194952
260	23.510536
265	21.047152
270	24.405832
275	22.298328
280	23.61896
285	23.638024
290	24.531376
295	23.81452
300	24.153696
305	24.05348
310	24.998272
