0	9.991368
5	9.364128
10	9.10432
15	9.532608
20	10.093048
25	10.145528
30	9.386888
35	8.607344
40	7.859456
45	9.886368
50	7.289456
55	9.057488
60	8.174424
65	9.452744
70	9.2424
75	9.13424
80	8.527032
85	9.929904
90	9.86088
95	8.643808
100	8.635064
105	9.437264
110	8.743992
115	9.231808
120	9.260424
125	8.118768
130	9.703192
135	10.162624
140	9.486672
145	6.846736
150	6.792944
155	10.055456
160	6.266032
165	9.375832
170	9.719424
175	8.84256
180	2.300136
185	2.08524
190	2.169648
195	1.97392
200	2.086032
205	2.135256
210	2.180048
215	2.15188
220	2.2098
225	2.004448
230	2.32788
235	2.336688
240	2.135912
245	2.146032
250	2.148464
255	2.170728
260	2.131584
265	2.140904
270	2.081112
275	2.295248
280	2.16756
285	2.309832
290	2.142208
295	2.200544
300	2.053336
305	2.070592
310	1.986968
