0	6.385272
5	7.898152
10	5.79024
15	6.33552
20	9.537088
25	8.867608
30	7.529928
35	6.479776
40	6.398528
45	7.452672
50	2.66076
55	6.00956
60	6.049688
65	1.914096
70	5.133944
75	7.045904
80	5.63708
85	6.089552
90	5.512752
95	6.877584
100	7.055944
105	6.052928
110	6.082944
115	9.402432
120	6.420344
125	6.796552
130	4.765256
135	6.15284
140	8.367768
145	8.065008
150	5.44772
155	6.487336
160	5.517032
165	7.912496
170	3.476104
175	6.277592
180	7.24356
185	8.73824
190	5.719296
195	8.899864
200	8.994928
205	9.779672
210	2.688984
215	7.40036
220	6.074288
225	5.950928
230	7.033312
235	9.772832
240	2.020064
245	8.366864
250	5.80868
255	5.666176
260	9.661072
265	5.282432
270	8.292136
275	9.862944
280	4.770672
285	6.012768
290	6.320088
295	6.682848
300	5.150064
305	6.144608
310	8.250064
