0	1.8014
5	1.757952
10	1.734264
15	1.898168
20	1.545432
25	1.839704
30	1.675744
35	1.831848
40	1.82604
45	9.202656
50	9.234568
55	8.87848
60	9.212048
65	8.646792
70	9.208232
75	3.861464
80	8.943192
85	1.03772
90	1.002976
95	1.011824
100	1.00116
105	1.004208
110	0.980328
115	1.080416
120	0.834504
125	1.036912
130	1.037904
135	8.0258
140	8.997168
145	8.475504
150	8.940984
155	9.063216
160	8.561024
165	9.133408
170	8.651152
175	8.88284
180	8.716248
185	1.06032
190	3.643504
195	6.978184
200	7.080968
205	7.18576
210	8.976208
215	7.997632
220	7.739
225	8.588664
230	7.72984
235	4.29312
240	9.179576
245	9.172304
250	7.885128
255	8.22924
260	8.454184
265	5.790448
270	8.76124
275	8.292968
280	7.890824
285	9.888056
290	7.357264
295	1.043136
300	8.815224
305	9.24344
310	9.574776
