0	20.845552
5	10.939856
10	8.28768
15	14.069752
20	13.841792
25	21.244152
30	13.801736
35	7.883848
40	9.204896
45	11.453696
50	12.512768
55	10.567944
60	12.205152
65	5.40932
70	11.005776
75	14.72756
80	10.7516
85	11.295672
90	10.572336
95	12.78872
100	8.671832
105	10.169368
110	12.297328
115	11.635912
120	15.744984
125	8.399032
130	9.924856
135	12.067912
140	12.262472
145	12.38636
150	9.103784
155	12.326392
160	11.234824
165	11.0208
170	11.95536
175	7.821752
180	10.383288
185	11.399032
190	9.215544
195	11.926768
200	13.564992
205	12.903936
210	12.473352
215	12.338096
220	10.340344
225	11.7648
230	9.974744
235	11.441128
240	15.896128
245	11.769656
250	12.245784
255	11.00236
260	12.232864
265	10.757928
270	16.035192
275	11.680592
280	11.465424
285	12.40808
290	10.773656
295	12.741952
300	11.579528
305	12.31544
310	13.226728
