0	7.64376
5	8.395896
10	7.867008
15	8.0486
20	7.21608
25	7.924728
30	7.166976
35	7.955152
40	7.815688
45	7.63648
50	7.116168
55	7.916048
60	8.51756
65	7.995736
70	7.57796
75	7.374728
80	7.241432
85	7.14776
90	7.918304
95	7.427936
100	8.144528
105	7.695392
110	7.335704
115	8.060176
120	8.072008
125	7.274448
130	5.416928
135	3.664512
140	7.710936
145	8.689448
150	7.959528
155	8.423944
160	8.074528
165	8.57584
170	6.842024
175	5.484608
180	6.815576
185	7.280408
190	6.96472
195	7.098168
200	8.310704
205	8.103552
210	8.2532
215	7.347592
220	7.183392
225	7.841528
230	7.829808
235	7.308792
240	7.250512
245	8.081848
250	8.710024
255	7.5054
260	8.71916
265	7.578544
270	8.040992
275	19.943704
280	18.99332
285	20.25832
290	20.62228
295	21.191096
300	20.547488
305	9.844824
310	18.986984
