0	14.333768
5	12.337696
10	8.945304
15	14.558528
20	14.159848
25	15.807848
30	14.060928
35	15.45092
40	16.149776
45	12.181032
50	16.020456
55	14.322248
60	10.695488
65	14.721448
70	8.43532
75	13.292224
80	12.865064
85	11.826304
90	8.550504
95	12.349096
100	13.009272
105	14.683792
110	15.539392
115	14.618568
120	11.486112
125	11.866088
130	9.211784
135	13.215392
140	14.304768
145	15.999848
150	15.625304
155	14.00208
160	13.701936
165	11.48392
170	12.704448
175	6.173576
180	14.290704
185	13.117096
190	11.638136
195	14.088528
200	12.14552
205	14.213232
210	14.6912
215	14.200368
220	14.618088
225	14.13884
230	13.080928
235	15.331392
240	13.68704
245	11.214784
250	15.529736
255	14.772056
260	12.187144
265	14.568768
270	15.981584
275	2.301872
280	2.40864
285	2.247536
290	2.238928
295	13.878816
300	12.610328
305	14.341176
310	14.279944
