0	11.017568
5	21.244056
10	21.885536
15	21.502992
20	18.552552
25	20.555584
30	19.780272
35	11.816392
40	10.243712
45	12.10824
50	10.58468
55	18.015544
60	9.79568
65	16.765192
70	27.5684
75	18.335432
80	27.40976
85	29.138184
90	7.96188
95	8.264672
100	31.406144
105	33.06212
110	8.166736
115	17.293568
120	27.8678
125	30.75124
130	18.492984
135	35.422616
140	34.90664
145	32.652872
150	32.237312
155	9.811512
160	8.374904
165	9.570656
170	15.205544
175	17.24344
180	7.254984
185	20.482032
190	17.3638
195	17.206664
200	26.268304
205	28.793192
210	17.081936
215	18.361504
220	8.197224
225	8.36968
230	7.602496
235	15.750712
240	9.057056
245	34.485464
250	15.995744
255	25.972472
260	34.345464
265	35.923928
270	34.349368
275	8.042024
280	7.237624
285	7.245856
290	19.8074
295	16.33832
300	16.530888
305	19.044224
310	23.256704
