0	14.146952
5	12.066624
10	13.21128
15	11.687656
20	11.317112
25	13.296536
30	13.63408
35	4.279472
40	13.53232
45	13.998072
50	13.387056
55	14.454256
60	14.35304
65	13.082752
70	14.194712
75	10.532608
80	11.107704
85	11.095456
90	11.690408
95	13.884528
100	13.035632
105	13.26432
110	11.075248
115	13.423648
120	11.642512
125	13.987688
130	13.175272
135	13.348344
140	13.339888
145	14.334568
150	11.88392
155	13.493488
160	14.443504
165	11.953496
170	12.940736
175	14.188536
180	11.155152
185	11.303488
190	11.555896
195	13.615216
200	12.907432
205	13.397016
210	14.06128
215	11.690464
220	13.959144
225	14.753816
230	11.54852
235	13.658704
240	13.799328
245	13.49132
250	13.369488
255	11.572688
260	10.71832
265	13.633424
270	13.603816
275	13.905152
280	11.480488
285	14.289672
290	13.851808
295	13.097184
300	11.660824
305	11.67796
310	10.64476
