0	7.853936
5	7.636504
10	10.015632
15	11.728392
20	11.107888
25	12.170536
30	8.480808
35	10.92948
40	8.714496
45	7.420864
50	11.727088
55	12.596776
60	11.163392
65	10.285664
70	11.869648
75	8.585344
80	8.336832
85	12.795496
90	12.018936
95	11.808152
100	10.2644
105	8.79664
110	10.069264
115	11.060288
120	11.440888
125	8.267736
130	11.045024
135	8.920688
140	8.829944
145	11.538192
150	9.361928
155	7.169848
160	8.781176
165	7.198032
170	10.444688
175	11.38636
180	5.958264
185	11.70244
190	8.473512
195	12.13504
200	12.183512
205	11.656168
210	7.667216
215	11.681152
220	8.737328
225	7.9912
230	11.105072
235	11.402048
240	11.060104
245	8.716744
250	12.046928
255	6.1236
260	8.880096
265	6.578416
270	6.417504
275	11.345656
280	11.678872
285	8.25816
290	2.944712
295	7.292376
300	11.6246
305	11.884712
310	6.475968
