0	3.211656
5	3.144616
10	3.073152
15	1.62516
20	2.773952
25	3.120024
30	3.09464
35	1.650384
40	3.054672
45	3.0598
50	3.106176
55	2.849752
60	3.163168
65	3.155248
70	3.007584
75	2.99504
80	2.993672
85	2.881928
90	1.646336
95	3.0568
100	1.258344
105	2.942352
110	2.702872
115	3.109704
120	3.436088
125	3.17776
130	3.41228
135	3.33664
140	3.498
145	2.909256
150	3.31196
155	3.32924
160	3.194384
165	3.304656
170	3.294312
175	3.261
180	3.186216
185	3.042976
190	3.25852
195	3.26508
200	3.212744
205	3.474096
210	3.207736
215	3.284352
220	3.188704
225	1.553016
230	3.229608
235	2.402944
240	3.219832
245	3.42208
250	3.453896
255	3.226296
260	3.067968
265	3.299328
270	1.639744
275	3.110632
280	3.173816
285	3.339424
290	3.303992
295	3.007336
300	2.840624
305	3.296904
310	2.3238
