0	1.489864
5	1.447464
10	1.518928
15	1.41532
20	1.401424
25	1.394272
30	1.37616
35	1.324912
40	1.404768
45	1.3622
50	1.352688
55	1.39408
60	1.437016
65	1.396184
70	0.730464
75	1.451976
80	1.408456
85	1.253256
90	1.267848
95	1.359624
100	1.43148
105	1.4834
110	2.852352
115	3.338408
120	2.775968
125	6.21992
130	2.354704
135	3.043296
140	6.289248
145	3.260872
150	2.556376
155	2.926704
160	3.489544
165	2.776032
170	2.970896
175	3.261408
180	3.218032
185	6.956816
190	6.179984
195	6.426304
200	3.059952
205	3.550456
210	2.658624
215	6.28468
220	2.978056
225	3.52368
230	1.316392
235	3.498144
240	3.495808
245	7.01144
250	6.466688
255	3.586752
260	2.718584
265	3.143824
270	3.104888
275	3.134632
280	3.193792
285	3.7558
290	3.850624
295	3.6122
300	6.516184
305	6.947168
310	6.36336
