0	7.306192
5	6.313816
10	7.343952
15	8.487984
20	8.670072
25	8.194328
30	6.389832
35	5.842448
40	8.130104
45	8.254184
50	7.695416
55	6.492456
60	8.913608
65	9.455464
70	8.488456
75	9.364152
80	4.655024
85	6.236616
90	7.127608
95	6.868856
100	7.85092
105	6.680208
110	7.115608
115	8.37216
120	4.662936
125	6.770592
130	8.183008
135	9.193008
140	8.318472
145	8.141376
150	9.929968
155	8.526552
160	8.88952
165	7.555064
170	6.477872
175	6.859576
180	7.000528
185	7.703048
190	6.694928
195	7.65072
200	7.229584
205	6.604576
210	9.317056
215	7.472312
220	8.847984
225	5.577872
230	7.885792
235	7.238096
240	7.596224
245	7.971568
250	8.851
255	8.24064
260	9.561088
265	8.983896
270	9.674
275	9.202112
280	9.77788
285	9.250968
290	9.829256
295	7.776856
300	8.763544
305	5.63988
310	8.943264
