0	2.783792
5	2.512432
10	2.692216
15	2.802624
20	2.70836
25	2.775864
30	2.990016
35	2.605232
40	2.637096
45	2.544072
50	1.986816
55	2.600336
60	2.301952
65	2.221672
70	2.624784
75	2.439496
80	2.685184
85	2.694144
90	2.98052
95	2.29524
100	2.344152
105	2.375504
110	2.535672
115	1.98912
120	1.016544
125	2.43808
130	2.431968
135	1.92448
140	1.87344
145	0.972224
150	2.264752
155	2.097656
160	1.069744
165	2.998184
170	2.896048
175	2.495416
180	2.085792
185	2.0364
190	1.87732
195	1.181352
200	1.19964
205	2.122808
210	2.661368
215	2.159328
220	2.488232
225	2.14748
230	2.472656
235	2.29924
240	2.515456
245	2.255984
250	2.320544
255	2.29632
260	1.991352
265	2.173952
270	2.302048
275	2.337536
280	2.271696
285	1.783512
290	2.172416
295	2.663016
300	2.322032
305	2.183936
310	2.26456
