0	1.521144
5	1.045312
10	1.617512
15	1.5782
20	1.497656
25	1.100816
30	1.648888
35	1.470496
40	1.723696
45	1.616472
50	1.6176
55	1.66952
60	1.538984
65	1.081224
70	1.638552
75	1.564624
80	1.690536
85	1.548184
90	1.680584
95	1.622232
100	1.67332
105	1.67296
110	1.231792
115	0.7754
120	1.431296
125	1.487384
130	1.613368
135	1.455408
140	1.725632
145	1.698456
150	1.569848
155	1.57784
160	1.688056
165	1.593128
170	1.708664
175	1.654672
180	1.393512
185	1.0682
190	1.619576
195	1.728296
200	1.687336
205	1.173016
210	1.645104
215	1.57972
220	1.683528
225	1.528832
230	1.681432
235	1.77228
240	1.73904
245	1.028168
250	1.891552
255	1.886288
260	0.773064
265	1.859952
270	1.688208
275	1.931576
280	1.943464
285	1.807744
290	1.56932
295	1.85752
300	1.813552
305	1.227368
310	1.612464
