0	3.600592
5	3.474016
10	6.002456
15	6.401312
20	6.01388
25	4.154088
30	4.423736
35	6.862424
40	3.67932
45	4.624984
50	4.833608
55	1.501648
60	6.019504
65	6.087936
70	5.831024
75	5.295048
80	4.918904
85	4.62792
90	2.864944
95	5.031768
100	2.867552
105	2.807368
110	4.940736
115	4.491584
120	1.469008
125	4.946584
130	4.008328
135	3.935696
140	5.10156
145	6.204216
150	2.066808
155	5.506
160	6.12372
165	5.57624
170	4.852264
175	4.700312
180	2.81728
185	3.274872
190	6.189088
195	4.67388
200	6.858
205	5.569672
210	5.208632
215	5.3844
220	5.580304
225	6.399704
230	5.144712
235	6.304648
240	4.242016
245	5.826064
250	6.661272
255	6.17364
260	5.813544
265	5.447512
270	2.996288
275	5.43232
280	7.033696
285	6.396832
290	2.406928
295	5.590056
300	4.990016
305	5.96928
310	5.816344
