0	6.049912
5	5.973328
10	5.132848
15	6.891008
20	7.149176
25	6.601192
30	5.87804
35	6.54888
40	6.1486
45	6.607648
50	5.953608
55	6.88452
60	6.382608
65	6.048816
70	6.711392
75	6.6806
80	5.117808
85	5.841688
90	4.361528
95	4.448104
100	4.811952
105	6.010864
110	6.466032
115	6.572832
120	5.54576
125	6.259256
130	6.106192
135	6.417672
140	6.098584
145	5.830936
150	6.00972
155	6.617424
160	5.891832
165	6.357848
170	7.397696
175	6.260272
180	5.512368
185	6.742112
190	6.035104
195	6.036776
200	5.64392
205	6.179576
210	6.507992
215	6.206864
220	5.257176
225	6.550464
230	5.53176
235	5.933832
240	5.311112
245	6.379312
250	6.619216
255	6.211608
260	6.064464
265	6.125672
270	6.638208
275	5.315544
280	5.97852
285	5.538744
290	5.62684
295	6.18812
300	5.6964
305	6.63732
310	6.21228
