0	0.134568
5	1.97324
10	1.897376
15	2.36044
20	2.539656
25	2.165232
30	2.012224
35	2.085016
40	2.400624
45	2.166064
50	2.03748
55	2.565288
60	2.517144
65	2.007624
70	2.530712
75	2.027976
80	2.196544
85	2.158024
90	2.154568
95	2.139576
100	2.49112
105	2.377688
110	2.414928
115	2.155472
120	3.249128
125	3.499008
130	3.501024
135	7.605936
140	3.558768
145	3.564272
150	4.012232
155	6.01416
160	3.564144
165	3.565984
170	3.521744
175	3.421904
180	7.167752
185	6.633296
190	2.803536
195	7.445432
200	3.556536
205	7.4618
210	6.428992
215	3.385216
220	3.410856
225	3.10232
230	3.471856
235	7.600888
240	7.581584
245	2.278376
250	2.903432
255	4.505944
260	7.50016
265	5.946224
270	7.121208
275	3.150912
280	7.234656
285	1.255352
290	3.403168
295	6.503264
300	0.961736
305	1.364976
310	7.072064
