0	0.821792
5	0.778408
10	0.78608
15	0.795144
20	0.804104
25	0.805032
30	3.554896
35	3.474416
40	3.528272
45	3.602432
50	3.635336
55	3.62584
60	3.698896
65	0.976696
70	3.619096
75	3.4952
80	3.392664
85	3.480968
90	0.54204
95	0.528888
100	0.52076
105	0.524608
110	0.52132
115	0.526456
120	0.522328
125	0.513416
130	0.55
135	0.526
140	0.5554
145	0.541896
150	0.523952
155	0.5104
160	0.49704
165	0.526944
170	0.50264
175	0.5398
180	0.539512
185	0.542616
190	0.540968
195	0.540064
200	0.513488
205	0.558656
210	0.51184
215	0.502696
220	0.527608
225	0.519448
230	0.540664
235	0.511176
240	0.513488
245	0.550392
250	0.557288
255	0.565848
260	0.494992
265	0.538416
270	0.54316
275	3.584816
280	3.606984
285	3.593256
290	3.606336
295	3.592792
300	3.593408
305	3.570472
310	3.697792
