0	3.906256
5	5.27888
10	5.210616
15	4.05664
20	4.988936
25	5.453512
30	5.3398
35	3.89164
40	5.208968
45	5.183872
50	5.190064
55	3.928896
60	3.792504
65	3.74244
70	5.203664
75	5.294928
80	5.32088
85	5.241136
90	3.404784
95	5.073096
100	4.027072
105	3.75024
110	5.07956
115	4.727728
120	11.95464
125	11.827568
130	11.728656
135	11.639456
140	12.126504
145	12.381232
150	10.788592
155	11.456944
160	11.438472
165	11.43768
170	11.97048
175	10.342112
180	10.26788
185	12.017824
190	11.300568
195	7.656232
200	11.595216
205	11.511408
210	11.660456
215	11.79468
220	10.721848
225	11.548056
230	11.272848
235	11.546824
240	11.604128
245	4.82776
250	11.307928
255	11.2978
260	6.196824
265	11.109808
270	10.554016
275	11.773824
280	11.372592
285	9.812656
290	11.868544
295	11.249992
300	12.149928
305	11.867304
310	10.906984
