0	4.062832
5	4.780448
10	4.41692
15	4.532472
20	4.673616
25	4.555616
30	4.634304
35	4.246624
40	4.525184
45	5.13068
50	4.595432
55	4.63436
60	4.373584
65	2.290928
70	5.300984
75	4.61196
80	4.603024
85	4.550064
90	4.729768
95	4.562008
100	4.585104
105	4.571224
110	4.5752
115	4.480384
120	4.627528
125	4.472592
130	4.64588
135	5.161976
140	4.139424
145	4.556256
150	4.76636
155	4.026096
160	0.799352
165	0.700888
170	5.213552
175	4.674936
180	4.722688
185	4.278576
190	4.720296
195	4.804424
200	4.781832
205	4.96032
210	4.870104
215	4.978488
220	4.006344
225	4.756984
230	4.205992
235	4.05748
240	4.968128
245	3.881808
250	4.856552
255	1.887248
260	4.744184
265	4.642288
270	4.741392
275	4.855624
280	4.769248
285	4.86468
290	5.250776
295	4.539256
300	4.83576
305	4.747224
310	4.76292
