0	26.3832
5	25.095696
10	27.073488
15	26.531816
20	27.658792
25	24.648704
30	26.50292
35	26.15376
40	28.076528
45	28.262968
50	28.306128
55	26.916
60	27.455536
65	27.01284
70	26.512984
75	27.783336
80	27.172704
85	26.594944
90	26.386896
95	28.058232
100	26.580384
105	26.402832
110	26.191776
115	25.821368
120	27.962592
125	26.514696
130	27.120424
135	26.886976
140	27.191696
145	26.000512
150	24.931584
155	27.439064
160	28.21764
165	26.17996
170	28.44728
175	27.0532
180	25.051072
185	26.367984
190	27.278808
195	27.08184
200	27.008288
205	28.157888
210	28.406984
215	28.699888
220	28.197736
225	27.22892
230	28.385024
235	29.602512
240	29.128368
245	28.68184
250	27.184344
255	29.055528
260	27.90236
265	29.412296
270	28.52976
275	29.84688
280	29.597704
285	28.296104
290	28.701544
295	28.512576
300	28.15268
305	28.708888
310	28.244128
