0	7.593976
5	4.277384
10	6.624808
15	7.164384
20	7.00964
25	7.324904
30	7.430832
35	2.757472
40	7.36564
45	7.26392
50	7.487728
55	7.421552
60	5.414008
65	6.835896
70	6.787008
75	7.398304
80	4.394576
85	6.70436
90	7.28336
95	7.457152
100	7.314728
105	7.226896
110	7.321056
115	6.97048
120	7.263536
125	7.277968
130	7.11664
135	7.466248
140	3.757968
145	7.462648
150	7.307752
155	7.515472
160	7.426016
165	7.349192
170	7.339824
175	6.364568
180	7.393576
185	7.201168
190	7.324352
195	7.559152
200	7.428632
205	7.513424
210	7.473264
215	7.552888
220	8.39308
225	7.212888
230	7.0182
235	7.08588
240	7.00428
245	4.53552
250	8.062416
255	7.306272
260	5.923976
265	6.00508
270	8.33988
275	7.1226
280	7.19824
285	7.429896
290	7.333016
295	7.20516
300	7.142096
305	7.188504
310	5.396248
