0	1.467248
5	1.477648
10	1.533648
15	1.6004
20	1.550544
25	1.564488
30	1.641624
35	1.517352
40	1.509256
45	1.5162
50	1.559064
55	1.609168
60	1.443528
65	1.448496
70	1.432952
75	1.488248
80	1.531976
85	1.602968
90	1.586472
95	1.497008
100	1.50116
105	1.514368
110	1.45112
115	1.43832
120	3.858624
125	3.74932
130	5.687568
135	3.649384
140	4.06004
145	4.714304
150	3.344648
155	3.383184
160	3.334216
165	4.231736
170	3.434224
175	4.239848
180	1.22668
185	3.313576
190	3.265216
195	5.74744
200	3.969832
205	3.941968
210	4.062264
215	3.47232
220	3.74384
225	3.66868
230	3.3864
235	3.887808
240	0.3268
245	3.854952
250	3.777032
255	3.748272
260	3.906368
265	6.091064
270	4.481896
275	3.517312
280	4.094888
285	4.235784
290	4.112792
295	4.143496
300	4.490872
305	3.521064
310	3.888056
