0	0.776144
5	0.856944
10	0.869104
15	0.865872
20	0.761544
25	0.83168
30	0.856528
35	0.855552
40	0.85856
45	0.82812
50	0.815568
55	0.814952
60	0.834048
65	0.829576
70	0.84648
75	0.856504
80	0.881336
85	0.858256
90	0.841704
95	0.869984
100	0.936552
105	0.81352
110	0.839976
115	0.906888
120	0.891232
125	0.8924
130	0.85984
135	0.863
140	0.90404
145	0.87344
150	0.836672
155	0.90084
160	0.859512
165	0.573592
170	0.90184
175	0.34888
180	1.036016
185	0.88496
190	0.962248
195	0.878904
200	0.897336
205	0.854904
210	0.893696
215	0.871592
220	0.926648
225	0.852632
230	0.890168
235	0.883104
240	0.848152
245	0.907248
250	0.85172
255	0.864744
260	0.913504
265	0.87572
270	0.87324
275	0.899784
280	0.912576
285	0.84508
290	0.869568
295	0.974496
300	0.956416
305	0.950472
310	0.98068
