0	7.430208
5	8.691192
10	8.596832
15	9.298288
20	8.806664
25	8.755704
30	9.727936
35	9.362224
40	9.6144
45	8.759472
50	8.21372
55	8.13376
60	9.20116
65	8.823872
70	7.709896
75	9.212496
80	9.625992
85	9.247056
90	9.592296
95	8.67928
100	6.72356
105	7.397672
110	8.570792
115	7.747488
120	7.145792
125	7.915352
130	4.808368
135	6.157496
140	6.536656
145	6.283192
150	8.006536
155	8.441088
160	5.554224
165	4.716928
170	6.912608
175	8.714304
180	8.491392
185	8.448648
190	8.860136
195	7.334728
200	9.811064
205	9.166192
210	8.08884
215	7.962336
220	8.705176
225	8.008968
230	7.108184
235	6.651872
240	7.822064
245	6.567768
250	8.944304
255	8.28784
260	8.556656
265	7.713864
270	9.3216
275	8.569928
280	9.7518
285	7.402744
290	6.94108
295	6.618416
300	8.435304
305	8.267192
310	6.677624
