0	6.801784
5	2.68948
10	8.120904
15	6.50748
20	9.37788
25	7.972416
30	8.049984
35	7.285608
40	6.225664
45	6.705224
50	7.551392
55	9.592352
60	10.4648
65	2.725624
70	7.988552
75	8.128504
80	9.258976
85	8.269504
90	7.245992
95	10.065184
100	7.754272
105	8.774856
110	6.797192
115	9.758568
120	10.546288
125	2.492392
130	8.939056
135	8.814256
140	10.575696
145	6.362928
150	10.065104
155	7.132952
160	7.274576
165	6.44952
170	10.145136
175	9.662208
180	9.4604
185	9.85416
190	5.41672
195	9.995832
200	8.903096
205	6.567688
210	8.227472
215	10.96888
220	7.46028
225	7.70296
230	6.829704
235	9.74504
240	8.866064
245	8.387696
250	10.971016
255	11.372192
260	8.400272
265	9.240824
270	6.97028
275	10.05356
280	6.546592
285	6.288208
290	10.558984
295	7.528448
300	6.713904
305	7.971488
310	9.569712
