0	2.200616
5	2.252744
10	2.57948
15	2.646192
20	2.400216
25	2.577136
30	2.679304
35	2.217392
40	2.556832
45	2.513296
50	2.300776
55	2.655272
60	2.647848
65	2.072272
70	2.53668
75	2.434464
80	2.169008
85	2.277256
90	2.149264
95	2.17432
100	2.107192
105	2.113944
110	2.451168
115	2.295008
120	2.528856
125	5.813672
130	5.548936
135	5.757264
140	5.172816
145	5.99092
150	5.888608
155	5.549992
160	5.61172
165	5.924
170	5.77944
175	5.818872
180	5.647208
185	5.957592
190	5.783552
195	5.664408
200	5.736064
205	5.300352
210	5.686704
215	5.42968
220	5.708696
225	5.665096
230	6.19048
235	5.86584
240	5.842224
245	5.550768
250	5.796048
255	5.484712
260	5.70488
265	5.611176
270	5.642472
275	5.927256
280	6.038304
285	5.495224
290	5.694824
295	5.12612
300	5.464888
305	5.353448
310	5.749376
