0	10.438104
5	11.198128
10	16.28436
15	22.287568
20	15.790232
25	21.364016
30	22.589944
35	22.447528
40	15.874856
45	22.791576
50	20.447504
55	10.493424
60	12.16752
65	22.437688
70	16.30712
75	16.828352
80	23.517888
85	16.376704
90	23.309344
95	15.962872
100	19.260656
105	11.56728
110	12.096808
115	14.981592
120	15.920736
125	16.243864
130	22.910688
135	18.358856
140	21.862824
145	22.508176
150	20.97828
155	5.633728
160	12.798592
165	3.595168
170	16.276384
175	23.12864
180	18.661968
185	21.8666
190	15.64808
195	15.258304
200	13.439488
205	22.043848
210	23.187232
215	14.809656
220	22.9176
225	22.66176
230	9.368824
235	22.888328
240	22.33228
245	23.541472
250	23.363744
255	22.677848
260	12.239456
265	22.197256
270	22.366168
275	9.515072
280	23.143328
285	21.5436
290	21.550104
295	22.259448
300	21.122448
305	12.598592
310	22.980656
