0	2.65234421745
5	9.73444187821
10	1.57539908335
15	0.4
20	5.93725142669
25	2.05863937694
30	3.47208239866
35	0.411712811488
40	0.4
45	5.33972540943
50	3.16472985639
55	0.4
60	1.81367072899
65	4.78306151287
70	3.49392017027
75	2.97762406221
80	0.4
85	0.4
90	6.10224219096
95	3.85329656072
100	7.81662415137
105	3.35748628238
110	0.4
115	1.15208088653
120	2.31832474027
125	10.042814223
130	1.9510616902
135	0.4
140	3.50453770613
145	3.08321686874
150	6.91380269208
155	1.41749965377
160	1.90734476435
165	5.30191357612
170	3.0914238644
175	0.4
180	0.4
185	4.15083308091
190	0.4
195	4.96864181929
200	3.76059481713
205	4.47403064201
210	3.23156377715
215	0.4
220	0.4
225	2.9970944002
230	0.4
235	5.48207132554
240	1.53080658108
245	1.22738067734
250	5.09320317955
255	0.4
260	3.35278227549
265	2.81866528457
270	0.4
275	1.76363020097
280	0.4
285	0.4
290	7.88223024645
295	1.94648722421
300	0.4
305	3.69930431908
310	1.76325148024
315	4.61012772714
320	0.4
325	0.4
330	0.4
335	3.02891636396
340	2.55845248609
345	0.4
350	4.36996540993
355	2.96321034694
360	0.4
365	3.64918960059
370	4.15633735345
375	1.42328563841
380	0.4
385	0.617401212793
390	1.76432767154
395	6.7176789231
400	1.11042146758
405	0.4
410	0.4
415	2.27266595285
420	0.4
425	0.4
430	3.66669107879
435	0.4
440	0.793994120032
445	0.4
450	2.11690684506
455	0.478579302287
460	3.56873447814
465	2.68445093942
470	3.1193791087
475	3.52713975898
480	0.852255434838
485	2.49505295848
490	7.88786801255
495	2.93360332216
500	0.4
505	3.25597885163
510	0.4
515	2.23721660022
520	0.4
525	3.58322403393
530	1.98570998097
535	3.76544707448
540	4.44467674571
545	1.28494719716
550	3.30503153731
555	0.4
560	0.4
565	4.0030955593
570	2.71499153222
575	0.4
580	0.4
585	1.74925527409
590	0.609287218724
595	4.6176303368
600	0.774730157955
605	2.52837661686
610	4.31699852452
615	0.4
620	5.45940219647
625	0.4
630	0.607999278296
635	3.64640746247
640	4.92520062415
645	2.00359193242
650	0.4
655	0.4
660	5.73186851229
665	8.10325206446
670	5.56807264815
675	2.27782463
680	2.77131488723
685	2.88451584371
690	4.15724698974
695	0.4
700	4.89243650389
705	0.4
710	0.4
715	2.86187122053
720	2.1526633329
725	0.747286708595
730	3.18524469351
735	0.82438197332
740	1.65191932601
745	0.4
750	0.4
755	4.65507374938
760	3.20890171262
765	4.67630574194
770	6.94520998493
775	2.68264953523
780	3.32165291296
785	1.98522519615
790	2.53838583126
795	1.50854864329
800	5.55082817652
805	0.4
810	2.10486239187
815	3.14604657946
820	1.1626723335
825	1.34828706899
830	7.04407188353
835	5.40406314701
840	0.4
845	2.87785393892
850	4.60550078171
855	3.71483425937
860	1.48157182837
865	3.63718779222
870	0.4
875	6.00613864595
880	4.95607341703
885	6.86163355506
890	0.4
895	1.45427639549
900	3.34697772471
905	6.21475511134
910	0.559385329227
915	0.4
920	3.57117843171
925	1.25488812935
930	1.58142447676
935	3.03932716068
940	2.2722438871
945	0.4
950	5.15330231402
955	1.39038234347
960	0.4
965	0.4
970	9.06764516021
975	7.11564033186
980	2.73642503914
985	1.91799085397
990	7.34216116617
995	0.4
1000	8.50157716848
1005	1.43094338817
1010	0.4
1015	0.446708257199
1020	0.4
1025	1.07265396866
1030	0.4
1035	2.40551498404
1040	0.4
1045	2.98480295906
1050	3.2536736643
1055	3.42766204422
1060	2.72080318173
1065	7.19142795426
1070	6.31898901283
1075	5.2477220124
1080	1.74149112641
1085	0.866692552807
1090	7.11779839326
1095	0.4
1100	0.4
1105	2.02588309195
1110	2.97621635898
1115	0.987955428221
1120	1.60524835132
1125	2.60210783594
1130	0.4
1135	0.4
1140	4.25379547937
1145	0.4
1150	0.4
1155	4.92722042274
1160	0.4
1165	1.4832249758
1170	5.13029722932
1175	2.94798927325
1180	7.36184906107
1185	0.4
1190	1.28166841674
1195	3.71233889849
1200	3.42234944644
1205	1.46087803584
1210	0.423137415392
1215	0.4
1220	1.51379628187
1225	0.4
1230	4.96455161481
1235	5.42051426125
1240	3.83282770385
1245	0.993829126878
1250	0.4
1255	4.21529113232
1260	2.95555164814
1265	0.4
1270	1.59167113171
1275	2.25264768203
1280	0.4
1285	0.4
1290	1.22108699325
1295	0.949375529287
1300	3.07257303884
1305	0.4
1310	0.4
1315	0.4
1320	2.37871998051
1325	0.4
1330	1.33697307548
1335	3.55713345599
1340	0.4
1345	0.4
1350	0.4
1355	0.847558699242
1360	7.36956028445
1365	3.1079542344
1370	4.18295121407
1375	0.616529340548
1380	4.66560935362
1385	2.13546207757
1390	3.61401188473
1395	3.81884431201
1400	0.4
1405	2.33618034694
1410	3.64503581824
1415	6.69564012616
1420	3.78746501245
1425	1.04283397737
1430	0.4
1435	6.02572924676
1440	2.61265789318
1445	0.4
1450	0.4
1455	0.4
1460	2.58353159359
1465	3.96579282241
1470	7.90763358946
1475	2.42585346407
1480	0.4
1485	3.38991849311
1490	3.23428651831
1495	5.64678200173
1500	1.05319684893
1505	1.14634933911
1510	0.4
1515	4.87022576687
1520	0.413607577117
1525	3.25482800385
1530	0.4
1535	3.91692776699
1540	0.4
1545	10.228661377
1550	2.08804739786
1555	3.35936098525
1560	1.57489773273
1565	1.39114454416
1570	5.89658838818
1575	4.07626858392
1580	4.53695832699
1585	3.04044720286
1590	0.4
1595	0.4
1600	0.4
1605	0.775253641396
1610	0.4
1615	5.64785364582
1620	0.4
1625	0.4
1630	0.4
1635	4.51578353109
1640	4.24149334253
1645	0.4
