0	8.10038174455
5	15.9765442416
10	4.34880752339
15	22.8427514574
20	13.5378526083
25	10.4720624887
30	0.4
35	20.8674778541
40	11.225103793
45	0.4
50	16.0769287905
55	19.8442738463
60	9.81443818184
65	25.4240624492
70	6.00574812722
75	4.37018882693
80	14.7014250611
85	26.6028156182
90	2.96278682245
95	18.3111985808
100	0.4
105	0.4
110	4.81003302895
115	1.49378102123
120	3.51201431216
125	14.5134797047
130	16.9538533567
135	0.4
140	7.63109014109
145	0.926770865646
150	8.87498568193
155	12.4390375839
160	13.5375901227
165	0.4
170	6.27288098173
175	16.0531754968
180	15.0444400117
185	13.4247519587
190	5.9364209415
195	9.85661551356
200	3.4526945193
205	0.4
210	1.64450762666
215	12.1882113212
220	0.4
225	8.43906716951
230	12.5719405774
235	15.0391280636
240	1.17403253457
245	9.84946455605
250	0.4
255	6.55393299052
260	20.3449255075
265	14.3968000653
270	11.8939096986
275	16.9258339234
280	11.1896601554
285	18.7553264512
290	17.8227020971
295	1.23814420028
300	9.51868917147
305	0.4
310	10.133144006
315	0.4
320	7.59129016254
325	13.3482370858
330	21.6199574093
335	5.72919669146
340	0.4
345	0.4
350	2.28869392565
355	0.4
360	6.95138428232
365	0.4
370	4.29533050442
375	14.3073921113
380	16.9059485641
385	7.98443171086
390	5.75408796095
395	15.7402043273
400	5.61530121434
405	0.845690386254
410	13.5803638
415	15.1372339287
420	0.4
425	9.07143930361
430	13.746769714
435	2.76484626948
440	18.1432594308
445	0.4
450	22.4485665767
455	6.48792366056
460	13.5854968517
465	8.53629985069
470	0.4
475	36.5765274801
480	0.4
485	3.96934139196
490	0.4
495	10.808382695
500	3.32369450128
505	16.8849907039
510	12.2448394436
515	1.91635986499
520	18.2979727195
525	29.259733962
530	0.4
535	12.3684540013
540	19.0034142377
545	6.63277017138
550	1.05446263625
555	5.37245784189
560	0.4
565	7.36236215663
570	25.0527939263
575	15.9864373742
580	2.22153268478
585	7.72556004442
590	7.11054420616
595	0.4
600	20.4023424309
605	5.48706621344
610	7.95928858118
615	1.5910164891
620	30.8720550675
625	10.8076397427
630	5.62706533353
635	4.96509479821
640	9.48389214952
645	15.1677769758
650	7.18168294643
655	4.9614665217
660	23.0045242405
665	5.16800553317
670	0.4
675	11.9318602141
680	8.67783332214
685	16.1547758873
690	0.4
695	8.97757528388
700	4.1342603798
705	0.4
710	0.4
715	6.90928121454
720	5.805604549
725	20.8366590917
730	15.0399750646
735	10.0965513703
740	11.6713776803
745	14.0940688462
750	0.4
755	14.575680588
760	6.63744069226
765	8.19437427487
770	0.4
775	19.3083733952
780	10.6901653778
785	0.4
790	13.1905784746
795	0.4
800	0.4
805	16.6893180156
810	8.99559509859
815	9.86107983392
820	9.6028495529
825	2.98775135175
830	3.49888559466
835	5.21109232846
840	6.40344849875
845	12.9643984591
850	14.1149918476
855	9.80927665587
860	16.3695659669
865	3.4634298967
870	13.278962828
875	12.075940694
880	2.61956343774
885	26.1236082238
890	4.85758247191
895	10.0140638098
900	11.4908036569
905	7.97794289963
910	9.91696611512
915	21.1132794636
920	17.1707903487
925	3.60810289863
930	6.01776497046
935	20.0687373942
940	8.36175605535
945	19.2090376864
950	15.4785039431
955	15.2434822445
960	0.4
965	23.0629770395
970	9.97774573528
975	12.4761045664
980	6.93796996073
985	12.8095801626
990	10.7215775007
995	24.5922876939
1000	30.9972255176
1005	9.5521351201
1010	25.0845672576
1015	23.3528117438
1020	11.0011462088
1025	0.4
1030	18.0906036363
1035	3.72821570906
1040	0.4
1045	14.2793531374
1050	14.7397377397
1055	4.69581937978
1060	14.7142532907
1065	6.85434286577
1070	4.62034037633
1075	11.7957281806
1080	5.87429702265
1085	5.94396195364
1090	11.468904895
1095	5.54419914844
1100	8.98100868078
1105	6.25250491189
1110	17.2323796474
1115	6.13865245774
1120	14.3436334009
1125	0.4
1130	9.61560844902
1135	11.7860013243
1140	11.2323914533
1145	21.3351707067
1150	24.4365212573
1155	10.538514399
1160	7.50588889925
1165	3.26370582174
1170	10.9355745269
1175	13.6040496609
1180	19.545573439
1185	13.638658805
1190	0.4
1195	14.5168386915
1200	0.4
1205	1.87539375438
1210	8.45784880113
1215	9.04090734868
1220	18.5163227366
1225	7.82958504479
1230	2.94169105534
1235	13.5486946421
1240	5.30189721965
1245	16.4689610222
1250	7.14676379729
1255	8.1756655388
1260	3.31517435741
1265	23.9212330448
1270	10.4034492823
1275	29.3026790976
1280	0.444553311691
1285	10.4335147892
1290	13.3444377238
1295	7.50494265807
1300	15.8263847714
1305	0.4
1310	0.4
1315	3.89223063062
1320	1.20418096216
1325	10.5299162143
1330	8.40166312573
1335	6.73274482469
1340	6.83781599317
1345	3.48040691296
1350	0.4
1355	7.63187953251
1360	0.4
1365	8.3340187395
1370	5.23677678988
1375	2.76348454874
1380	13.5626188346
1385	11.2191706635
1390	10.7158090109
1395	17.8008816778
1400	16.0605877389
1405	15.4128426487
1410	5.75691131598
1415	15.2650261932
1420	16.6675710574
1425	10.570467862
1430	4.75257364864
1435	1.67536610211
1440	5.27228105772
1445	0.4
1450	6.05425405731
1455	0.4
1460	10.3227391198
1465	6.1973526263
1470	10.0823516556
1475	14.3169494117
1480	9.09933390442
1485	0.4
1490	0.4
1495	16.4697748966
1500	7.43013259958
1505	5.19413097254
1510	4.51403779623
1515	3.34088885288
1520	4.92663938855
1525	14.2538313878
1530	0.4
1535	0.4
1540	7.18007007396
1545	0.4
1550	5.00010837532
1555	36.4486952706
1560	9.63020286598
1565	0.4
1570	9.50103928673
1575	0.4
1580	0.4
1585	20.5674184283
1590	1.22953171973
1595	8.08234724859
1600	14.4931801391
1605	10.0699016132
1610	14.3783012544
1615	22.4860014339
1620	2.63181915105
1625	4.82917059984
1630	15.2260322908
1635	0.4
1640	0.4
1645	22.39754481
1650	0.4
1655	7.46388584439
1660	12.4704443933
1665	26.3342883057
1670	20.3270550219
1675	5.62668506036
1680	25.2031207478
1685	8.18054295425
1690	8.6907898869
1695	18.5372128188
1700	6.02415084653
1705	13.1490231693
