0	1.6162392214
5	0.896449489608
10	0.4
15	0.884827537752
20	0.539387216916
25	1.12575191264
30	2.80044455834
35	1.05305910624
40	0.4
45	2.86890102503
50	2.76792119488
55	2.83215352478
60	1.92555177697
65	0.4
70	4.23047778424
75	2.20609286847
80	5.16750777718
85	2.08776730448
90	1.30768566116
95	1.26988315253
100	0.4
105	2.67393679459
110	0.4
115	2.90455990706
120	0.893752413459
125	1.17646941497
130	2.89902650913
135	0.4
140	2.8524487566
145	2.46799844314
150	1.08385439373
155	4.03644750106
160	0.802098968379
165	0.4
170	0.863650132736
175	0.4
180	3.47340316152
185	2.55401829248
190	3.37781482895
195	1.22378326161
200	2.06316441636
205	1.12008735731
210	0.4
215	2.01089892502
220	5.02288437545
225	1.05076602132
230	2.16843910271
235	3.88035536578
240	2.57103571077
245	2.10047555708
250	1.00260918954
255	2.47239925636
260	2.38913028901
265	2.77239212555
270	1.15954189796
275	0.4
280	3.2340058804
285	2.36745022344
290	0.4
295	0.561832115555
300	0.4
305	0.4
310	2.51606757951
315	3.06228437425
320	1.74029873164
325	3.11468362621
330	0.4
335	0.4
340	0.688628362375
345	2.97391485817
350	0.4
355	3.21872249956
360	2.71274742466
365	2.56522930717
370	0.4
375	0.644774437893
380	1.50077637513
385	2.60199692435
390	1.43421238664
395	0.4
400	1.69355134053
405	0.572578651954
410	0.4
415	2.40978267398
420	0.4
425	0.640025279347
430	1.37785874603
435	1.12882530827
440	4.04075276798
445	1.8198785295
450	2.12573586777
455	0.983891942346
460	3.80478681068
465	2.09598001557
470	3.95105978926
475	2.60094984899
480	1.92230040599
485	0.959235845684
490	0.716078778487
495	1.96010140628
500	3.32658987043
505	0.4
510	3.08140468469
515	4.7244276822
520	0.96941996595
525	0.804909325338
530	2.15201615915
535	1.43469533534
540	1.97068302433
545	3.1630180099
550	1.87244498754
555	3.66347982165
560	0.4
565	2.45445830847
570	1.08144816105
575	4.33618878128
580	2.2656969829
585	4.30434766732
590	0.825142255388
595	0.4
600	0.992470978869
605	1.50550540423
610	0.4
615	1.05355953999
620	1.88946641196
625	1.77000301038
630	2.08978888501
635	1.8238157231
640	3.14900232327
645	2.83438432391
650	1.56163777199
655	3.51270850613
660	2.29661186168
665	1.00683595405
670	2.45696846647
675	3.18682628203
680	3.39798080583
685	1.25339668649
690	2.8739329643
695	1.35583399058
700	0.4
705	0.416854533874
710	0.4
715	2.16135968365
720	2.21810336245
725	1.65978243152
730	2.66105150496
735	1.96543392213
740	0.4
745	0.698878043623
750	3.32132309487
755	1.19381413095
760	1.48045556118
765	1.5780496902
770	2.76623512501
775	1.51744792191
780	0.472471542339
785	1.93855013486
790	0.439420708368
795	2.07748631822
800	1.47176743391
805	2.32024530271
810	3.78646180202
815	0.4
820	3.60911810278
825	2.52426559796
830	0.4
835	0.992416685501
840	3.13939769725
845	1.63701844043
850	6.74863938136
855	3.34069722075
860	0.4
865	0.877227288887
870	1.85028605499
875	2.02159891759
880	2.57720826774
885	1.18385078635
890	2.66671418662
895	0.869036105653
900	1.23939571628
905	0.923153549796
910	3.8605610714
915	0.4
920	1.60207628755
925	3.58259719974
930	2.10001319758
935	3.30413721382
940	0.4
945	3.42794325087
950	1.92673117248
955	3.24918658195
960	0.4
965	2.205736303
970	0.4
975	1.69766614099
980	1.91327863825
985	1.15673784902
990	0.411196355364
995	3.3231111601
1000	1.07735374883
1005	3.81648937519
1010	0.988681826042
1015	2.26263764957
1020	1.1667600946
1025	0.4
1030	1.7331096275
1035	4.48877087022
1040	2.43819148681
1045	0.4
1050	2.40615513126
1055	3.81436415498
1060	1.63003741627
1065	2.40872614843
1070	1.82060133254
1075	0.4
1080	1.34187033719
1085	4.27422327937
1090	1.44661289145
1095	0.4
1100	0.4
1105	1.2789687997
1110	1.14740114795
1115	2.55350965366
1120	1.42180178249
1125	2.07241859306
1130	0.4
1135	0.805198667431
1140	4.9107286984
1145	1.7766673178
1150	0.4
1155	1.33745554352
1160	1.90487819199
1165	0.4
1170	2.68509844212
1175	0.4
1180	0.4
1185	1.08056112916
1190	3.83282109051
1195	1.76929492485
1200	0.4
1205	0.4
1210	3.64768020268
1215	0.432902770956
1220	3.15190275643
1225	4.02276032889
1230	3.41067887853
1235	2.53594256858
1240	1.4976878607
1245	2.45074992342
1250	1.50570825983
1255	2.25889422292
1260	4.13463595057
1265	2.24254051604
1270	0.4
1275	0.942054932423
1280	0.997128895601
1285	0.4
1290	0.4
1295	0.4
1300	0.4
1305	0.978079716666
1310	2.57026134613
1315	3.15076740738
1320	2.03193591953
1325	0.942211236586
1330	3.53481943373
1335	2.16253576603
1340	2.55644764115
1345	2.88598024554
1350	2.09174328115
1355	3.89072125952
1360	1.78031439086
1365	1.84984515024
1370	0.47988163757
1375	2.32996823724
1380	5.10218784462
1385	1.79025476523
1390	3.25387400393
1395	0.893325664973
1400	0.4
1405	2.45020523647
1410	1.72241765227
1415	3.78101524274
1420	0.449080319993
1425	0.4
1430	0.870271939682
1435	0.772480400561
1440	2.07057723529
1445	2.31695577183
1450	2.25808341709
1455	1.11878435809
1460	3.38112884924
1465	1.82188665089
1470	0.882562462101
1475	0.4
1480	0.689705477014
1485	1.71581668562
1490	1.4961756978
1495	0.4
1500	2.18219638631
1505	1.46006150086
1510	0.4
1515	0.4
1520	1.52796336196
1525	0.994547771531
1530	3.10399651916
1535	6.10766284787
1540	2.54901331795
1545	0.4
1550	0.873983973168
1555	2.9431760886
1560	6.91754612965
1565	0.4
1570	2.23480188905
1575	4.98919357743
1580	5.54092357642
1585	3.16976354492
1590	0.4
1595	0.774847701196
1600	0.4
1605	0.4
1610	0.822907786697
1615	1.76542997859
1620	3.35138371273
1625	2.71340733685
1630	0.686257553537
1635	5.54333822775
1640	1.7045096841
1645	1.88694862952
1650	0.4
1655	0.4
1660	2.67851029983
1665	0.55677501631
1670	0.976178077827
1675	1.39587480188
1680	0.618490290871
1685	2.32282326242
1690	2.69326665724
1695	1.08754839133
1700	0.502207782201
1705	2.56062393588
1710	1.38516030409
1715	0.4
1720	0.4
1725	2.33555972572
1730	2.50207445306
1735	3.23303602423
1740	0.813786447839
1745	4.79492284361
1750	0.4
1755	1.45627115432
1760	2.16538524321
1765	1.51394775124
1770	3.50616224872
1775	1.78289710845
1780	2.49328871346
1785	2.89688035194
1790	0.4
1795	2.05103423253
1800	3.00316193612
1805	1.56028127685
1810	1.64047053258
1815	1.31053955199
1820	1.16680000119
1825	2.30831834011
