0	2.73734081325
5	2.92705955368
10	3.53210572325
15	1.95729822352
20	6.65410419846
25	4.2567683447
30	1.10339945153
35	4.02168688452
40	2.94138374291
45	0.4
50	0.4
55	5.83136218113
60	3.55572495615
65	0.4
70	0.4
75	1.83927370998
80	4.19217269843
85	0.4
90	1.42955893815
95	0.4
100	3.60532976224
105	0.4
110	7.91330606607
115	0.4
120	0.4
125	0.4
130	0.773259728327
135	0.4
140	0.4
145	18.0618115628
150	3.81306167102
155	4.80522089496
160	7.94055240142
165	1.45636110832
170	2.77490774417
175	0.4
180	2.51240331791
185	0.4
190	4.10072045146
195	0.4
200	0.4
205	0.4
210	0.4
215	0.4
220	5.02332859879
225	6.03732194582
230	0.4
235	0.4
240	6.26337712452
245	5.68131165851
250	10.6865638623
255	1.81451474219
260	0.4
265	0.458973114224
270	2.8011716496
275	3.41173446154
280	0.61747729917
285	3.47370414929
290	0.4
295	1.0933685126
300	4.39017414636
305	1.37014489627
310	13.5818935585
315	3.16672936963
320	4.03480709492
325	13.6674075555
330	6.77094231924
335	7.15511709895
340	10.843445878
345	0.4
350	1.24715159232
355	2.18043072878
360	2.28340628814
365	2.8036375287
370	3.86331083908
375	0.501011110335
380	8.03909964799
385	0.4
390	0.4
395	0.4
400	0.4
405	0.4
410	3.81671838044
415	7.31119702878
420	0.4
425	2.63526516222
430	0.50466951482
435	0.4
440	0.4
445	0.4
450	0.4
455	1.41224043558
460	9.51095420087
465	3.46283910497
470	5.04676204279
475	0.4
480	0.4
485	0.4
490	1.54561439722
495	0.4
500	8.0634051973
505	0.4
510	0.4
515	0.4
520	1.62347710211
525	10.8052603914
530	1.62415782871
535	9.29215014377
540	6.44995121776
545	5.40154277379
550	0.4
555	0.4
560	0.4
565	3.72679206388
570	3.43998368682
575	0.4
580	6.96044568619
585	0.4
590	1.44671575996
595	8.65496554439
600	2.79179902439
605	0.545074837186
610	0.4
615	0.4
620	4.28598660795
625	0.4
630	4.34950802288
635	4.3830161409
640	6.05905042564
645	5.58114285075
650	1.41415333016
655	0.779415931361
660	4.01124283571
665	9.44559341349
670	8.94703684465
675	5.95173388132
680	0.4
685	2.31098964991
690	8.66247311679
695	5.65546401131
700	7.78805823428
705	1.32954104035
710	5.15095110996
715	9.46517383161
720	8.81368285911
725	0.4
730	4.25032267378
735	10.2890773154
740	0.4
745	0.618348520076
750	4.12028833976
755	0.4
760	0.4
765	4.29254977809
770	7.13613671638
775	2.59451795013
780	4.83846601781
785	0.4
790	6.20393162784
795	9.98170917846
800	1.62121350108
805	10.9930678386
810	4.98872570441
815	1.63927460322
820	8.33567142866
825	0.4
830	9.29026613819
835	0.4
840	6.11255345004
845	0.4
850	0.4
855	11.0054874149
860	8.60150802573
865	0.4
870	0.4
875	2.9938340518
880	8.93210435386
885	2.28538503346
890	5.17338542165
895	1.56867310231
900	0.748574124628
905	0.536538083007
910	0.4
915	0.4
920	0.4
925	8.59328545266
930	0.4
935	2.76799710038
940	6.09662952016
945	0.4
950	9.00157648445
955	0.4
960	0.4
965	2.28825467733
970	0.4
975	0.4
980	1.56683642734
985	0.4
990	8.90595612815
995	3.60171052672
1000	0.413346195837
1005	18.5380393574
1010	0.4
1015	1.15857110215
1020	0.4
1025	3.43363301479
1030	0.4
1035	3.95913204568
1040	0.4
1045	3.71178379862
1050	7.36806137382
1055	5.4462165867
1060	7.79039696766
1065	1.84432337216
1070	0.4
1075	4.99478273373
1080	7.48835580853
1085	0.4
1090	2.01040298971
1095	3.06176576709
1100	2.84249650626
1105	1.91724107291
1110	0.903894192255
1115	0.4
1120	3.95418705133
1125	0.4
1130	6.62004371654
1135	2.97055710211
1140	0.4
1145	0.4
1150	7.83294731506
1155	6.15957557729
1160	5.23821459367
1165	6.13524243748
1170	3.59464901227
1175	3.32636810035
1180	1.03589377743
1185	12.1051425218
1190	12.1967749712
1195	3.77034603322
1200	0.594402732588
1205	0.4
1210	4.17284253344
1215	5.19131854143
1220	0.4
1225	0.4
1230	0.4
1235	2.95922386644
1240	2.87589027946
1245	18.847552609
1250	1.94871953071
1255	2.21377510699
1260	7.39358024444
1265	7.40068108097
1270	0.4
1275	1.25218681324
1280	8.15226304112
1285	0.890172911756
1290	4.89993085348
1295	0.594318678476
1300	8.74740077509
1305	0.4
1310	3.47711326266
1315	5.4409651663
1320	5.46891773099
1325	6.02767555079
1330	10.2197759872
1335	0.4
1340	0.4
1345	2.86886847217
1350	5.99907586024
1355	6.67313934916
1360	5.40393430832
1365	2.43195450494
1370	0.4
1375	3.52472502217
1380	0.4
1385	1.72686972325
1390	0.4
1395	0.4
1400	5.93551837325
1405	0.4
1410	9.81693149637
1415	11.0303024548
1420	0.4
1425	1.40713845562
1430	1.39064762981
1435	11.8670277186
1440	6.55052671542
1445	8.97155686068
1450	9.705851195
1455	0.4
1460	0.4
1465	0.679617372306
1470	5.98617091648
1475	5.08703310258
1480	0.4
1485	4.31110437052
1490	0.798200323763
1495	1.71608775708
1500	3.97953957466
1505	0.4
1510	4.89905848462
1515	0.4
1520	0.4
1525	0.4
1530	8.26473907243
1535	0.4
1540	0.4
1545	11.0367613404
1550	11.4920573571
1555	2.4457630492
1560	9.2424943371
1565	0.4
1570	4.63440311946
1575	1.04251096519
1580	0.4
1585	0.797225855129
1590	1.08428337244
1595	0.84305939414
1600	0.4
1605	0.4
1610	0.4
1615	17.4980966424
1620	0.577252168441
1625	1.17744086451
1630	0.4
1635	0.4
1640	6.44024444671
1645	0.4
1650	3.2170357856
1655	3.66030746368
1660	0.4
1665	0.4
1670	9.52524636637
1675	0.4
1680	0.854578260424
