0	0.4
5	0.4
10	0.4
15	0.4
20	1.23538180778
25	6.04117988252
30	5.03136780981
35	3.26228047093
40	0.4
45	3.99860495787
50	1.02050491596
55	4.47266504164
60	5.33433039006
65	1.31514646278
70	0.4
75	0.4
80	1.0848215067
85	0.4
90	4.89365906288
95	6.06336902855
100	0.457578013209
105	0.4
110	7.15281315656
115	5.61178813313
120	2.18255608293
125	3.48174138426
130	4.52300987162
135	0.4
140	0.432588840252
145	2.79708237179
150	4.00682683705
155	3.19026169959
160	7.81120853724
165	3.67164720967
170	0.4
175	3.82827251306
180	3.77921866032
185	7.47028857469
190	1.47662861308
195	4.16691291917
200	0.4
205	0.4
210	1.740029438
215	5.50798452716
220	8.69048844445
225	4.96949837131
230	8.0635125966
235	7.09610639734
240	8.01070840224
245	5.7071495447
250	0.4
255	4.20210991126
260	3.5248637183
265	3.81050242667
270	8.69094142153
275	6.31908530231
280	5.15973265521
285	5.01844759536
290	15.8599454243
295	16.9924775019
300	3.74407514122
305	6.98179220183
310	0.4
315	12.210646393
320	7.93687740826
325	3.40340600516
330	7.59815387844
335	0.533323209152
340	4.86728160944
345	5.1301190346
350	2.5335016083
355	8.01255679445
360	8.90598846175
365	3.1274382726
370	5.30434027039
375	5.40330854683
380	0.915403479125
385	12.1986755044
390	2.3668657987
395	5.35060978
400	7.77368644169
405	0.875026853168
410	4.93616467774
415	1.9386149958
420	4.27474540201
425	5.29980015172
430	1.05550498089
435	3.49534320588
440	0.4
445	6.44952836438
450	0.4
455	6.04122270441
460	4.27263402675
465	7.54729646623
470	3.36671152401
475	6.34340447774
480	8.30654139398
485	2.91980966045
490	5.73989014186
495	5.48918947538
500	10.0658418994
505	0.4
510	2.7111571083
515	7.41353285622
520	1.70622787285
525	4.41818484713
530	0.4
535	3.21338963222
540	0.79959091362
545	4.56229661544
550	5.89265132155
555	0.4
560	0.4
565	4.68822349724
570	2.33602990892
575	5.06684054385
580	3.05405454534
585	0.64684419431
590	12.0771291268
595	1.23355406661
600	5.95473812396
605	0.908298570078
610	0.4
615	4.13529528707
620	1.46636379673
625	4.20117395071
630	6.92342536391
635	9.8579508598
640	6.00524801208
645	4.93150131107
650	3.66324690431
655	0.4
660	0.4
665	6.21745215349
670	6.36069777317
675	5.93830620244
680	0.4
685	1.62370604834
690	2.22867318702
695	6.83664990516
700	7.0643246464
705	1.72199082914
710	3.1338940264
715	13.1944666133
720	3.27336974472
725	1.14391264528
730	6.63047136044
735	0.4
740	3.28332135475
745	0.4
750	5.2852978481
755	0.4
760	0.4
765	6.48100221732
770	1.69818165008
775	0.4
780	7.42309644327
785	6.23248016023
790	1.85738820761
795	6.83834845942
800	4.30897343408
805	0.4
810	0.6588250225
815	0.6454470162
820	4.06199287239
825	5.77214057314
830	2.84716944242
835	0.620144203706
840	4.52106532993
845	0.4
850	7.41481131494
855	1.20773875177
860	1.62318328974
865	0.4
870	13.1504997449
875	3.09812249695
880	3.11285010514
885	0.4
890	0.939583073681
895	1.78915141728
900	3.89118879
905	7.84732181005
910	0.4
915	3.74299219282
920	1.81861333799
925	0.4
930	5.12882845441
935	0.4
940	2.16174395921
945	2.55351003825
950	2.20355076543
955	0.84836341319
960	2.47786663815
965	7.51281140458
970	8.68938294672
975	0.4
980	0.433369811948
985	3.74164112415
990	4.31442237911
995	0.4
1000	0.4
1005	3.40002660247
1010	3.85941199234
1015	5.22957261311
1020	0.4
1025	7.14623408222
1030	4.85825967703
1035	0.4
1040	4.0282148778
1045	17.8256098341
1050	4.09206222895
1055	0.4
1060	6.7057090437
1065	0.4
1070	2.7283424908
1075	0.4
1080	7.02417938011
1085	0.819605236543
1090	8.77338659311
1095	5.59133194525
1100	10.451117561
1105	2.08432441698
1110	7.36875725001
1115	5.66352700152
1120	6.06083438217
1125	6.28446995584
1130	2.24194719388
1135	7.79740144127
1140	5.44893087561
1145	5.08469942581
1150	4.42251658572
1155	0.409680276349
1160	15.741239625
1165	8.13230296055
1170	0.4
1175	6.27911114161
1180	4.74919862751
1185	10.1232231912
1190	0.4
1195	0.4
1200	3.66723788842
1205	2.52304682995
1210	7.37321308119
1215	0.4
1220	5.6771710688
1225	3.82079219074
1230	0.4
1235	0.4
1240	8.82316100659
1245	6.44670935939
1250	3.24828399368
1255	7.55830427345
1260	0.4
1265	4.58475368351
1270	0.4
1275	11.9395803155
1280	3.47256017979
1285	1.36590016583
1290	0.4
1295	6.99001121315
1300	5.90556362353
1305	0.617162265572
1310	6.46830286809
1315	4.35005761687
1320	9.74999304023
1325	4.6373087437
1330	0.4
1335	6.58727461627
1340	0.4
1345	5.03550928764
1350	3.82992057181
1355	3.50579171922
1360	0.4
1365	0.4
1370	0.4
1375	3.19533326398
1380	0.4
1385	0.4
1390	6.01892553681
1395	5.5246187472
1400	3.25892103377
1405	2.29825424892
1410	2.42003881895
1415	0.4
1420	6.91196594262
1425	9.49323137687
1430	2.46163413312
1435	0.4
1440	4.80297215124
1445	0.920080852944
1450	5.41074107866
1455	0.4
1460	2.33085328028
1465	4.32890751285
1470	2.12114914904
1475	2.34244911499
1480	0.4
1485	4.21977328761
1490	2.5946013955
1495	6.53283487987
1500	3.63497493203
1505	0.983664938708
1510	6.92361179961
1515	0.4
1520	3.14636927483
1525	8.46850888058
1530	1.28999549457
1535	5.06754283469
1540	4.026373554
1545	0.4
1550	1.17812445022
1555	0.4
1560	3.43965903041
1565	3.27973469574
1570	8.64906185325
1575	9.45167123165
1580	8.14990521074
1585	3.96394487969
1590	0.4
1595	4.89737146116
1600	8.20090288135
1605	4.70700174093
1610	0.4
1615	0.4
1620	2.13375696547
1625	10.6098572211
1630	1.12460675554
1635	8.98120347946
1640	4.91456681081
1645	6.86807929441
1650	1.70201535034
1655	4.27539229461
1660	0.4
1665	9.80588354794
1670	2.8886168457
1675	4.53704762385
1680	4.46041703635
1685	2.19904471853
1690	4.84602038759
1695	2.33675373509
1700	1.05516691603
1705	0.4
1710	0.456069022584
1715	0.551190642871
1720	0.4
1725	3.96193959266
