0	5.37705703648
5	2.9861360603
10	2.48314726938
15	1.36846579377
20	0.4
25	1.70304107969
30	0.642447046364
35	0.4
40	1.52336089351
45	5.88834485254
50	4.00146551051
55	0.55780138518
60	1.1992182154
65	9.22422402017
70	7.1582688759
75	3.83688394432
80	0.4
85	1.52398353908
90	0.4
95	7.37327126378
100	1.03279692492
105	0.4
110	5.07657035036
115	3.4636157878
120	3.17569975218
125	1.31408652111
130	6.16535340622
135	4.80062456939
140	0.4
145	4.29451056405
150	7.00348220625
155	6.33881186752
160	8.60034322796
165	6.67920844351
170	3.4238137969
175	5.58983700472
180	0.4
185	0.4
190	4.89728575066
195	2.61978772069
200	0.4
205	4.10721212855
210	4.59798173385
215	0.593283982779
220	3.35532907787
225	0.4
230	3.93186920093
235	5.29288271616
240	0.4
245	0.4
250	3.66599399229
255	6.4943414167
260	3.26704217863
265	2.60908374201
270	0.4
275	2.27353579116
280	8.02479211866
285	0.4
290	8.88697513978
295	2.751803256
300	3.42827583751
305	4.43920309861
310	1.85492307909
315	2.1521139764
320	7.07801100914
325	7.30462760273
330	0.4
335	0.4
340	2.87477867257
345	0.4
350	2.74468582063
355	0.4
360	0.4
365	3.5536548735
370	0.4
375	1.14710371685
380	1.83989144782
385	0.4
390	0.915083071392
395	7.04963403947
400	5.48095352064
405	3.81869500938
410	4.97944124583
415	0.80606861785
420	2.92593863484
425	6.78822193725
430	2.62585823061
435	1.20309479507
440	5.9864422689
445	3.14532370896
450	1.95671338121
455	0.4
460	0.4
465	0.4
470	0.4
475	9.29036231385
480	2.69340905869
485	3.95623562707
490	0.4
495	1.74244326479
500	3.97863632034
505	0.4
510	3.5283371797
515	6.14196551341
520	4.799712737
525	1.11986680458
530	0.487777977994
535	2.20500070554
540	7.06039939559
545	0.4
550	3.06524026531
555	3.4055288394
560	7.60076467544
565	5.97375231135
570	2.15517184266
575	2.81328173475
580	0.4
585	3.01175563398
590	2.39710907667
595	1.13885086826
600	4.10888988992
605	0.4
610	0.808025336661
615	2.10113339632
620	6.12114725099
625	0.4
630	0.4
635	0.4
640	0.4
645	0.4
650	8.26317381316
655	0.4
660	0.717705692636
665	2.67079945953
670	0.4
675	2.29456660348
680	0.4
685	8.17572456222
690	2.19887074269
695	4.79369996119
700	6.7992327752
705	1.80351562364
710	2.60277323718
715	2.5354412544
720	5.59386373941
725	0.4
730	0.4
735	4.58468052352
740	3.05000075694
745	0.4
750	0.4
755	0.4
760	2.15198633
765	2.78871954567
770	0.4
775	6.25759816027
780	1.29557547265
785	5.50247096227
790	0.604519916017
795	3.31562470207
800	0.4
805	7.43204476281
810	0.4
815	4.79938993464
820	3.05677132755
825	2.69651531685
830	0.4
835	10.6408398706
840	0.655117370925
845	4.43349196234
850	0.9727717306
855	6.23067939765
860	0.4
865	0.4
870	0.4
875	2.93159899203
880	1.58173469657
885	0.4
890	9.0348318884
895	1.05363243094
900	5.27014207459
905	3.49265585068
910	3.77605736735
915	0.4
920	2.61843589912
925	13.1679632296
930	6.1327726339
935	0.4
940	0.4
945	11.306737999
950	9.25457890872
955	0.4
960	5.2628957856
965	0.4
970	0.667473654305
975	0.4
980	0.4
985	0.4
990	7.5156011328
995	1.95673984725
1000	0.4
1005	0.4
1010	6.1467894881
1015	0.4
1020	5.15450446437
1025	5.05327561665
1030	1.67424064663
1035	0.966899301433
1040	0.4
1045	0.4
1050	7.45786984967
1055	5.99930630475
1060	0.4
1065	0.4
1070	3.65031872651
1075	0.4
1080	4.6546960892
1085	5.58385607951
1090	3.13182206122
1095	0.4
1100	0.620537433858
1105	3.38720494667
1110	6.21101462566
1115	3.89656343299
1120	0.4
1125	1.62132212406
1130	7.54976508059
1135	5.68334673292
1140	5.02169586411
1145	4.40221461697
1150	4.79084029018
1155	2.23622765106
1160	0.4
1165	5.37498875243
1170	3.22017532903
1175	3.056219038
1180	0.928792808031
1185	1.23549856199
1190	0.4
1195	1.37835854462
1200	8.87861953387
1205	0.492109996201
1210	0.4
1215	1.05063888069
1220	0.4
1225	2.66095609192
1230	0.4
1235	0.4
1240	2.3199437858
1245	3.27186214034
1250	5.53984029076
1255	5.784306446
1260	2.33576804043
1265	0.4
1270	1.87345278018
1275	4.12191904567
1280	2.70544426473
1285	2.09394111143
1290	0.4
1295	0.4
1300	2.52918296952
1305	4.47619886617
1310	0.4
1315	1.62010417008
1320	4.68542246646
1325	0.4
1330	1.66721746845
1335	0.4
1340	0.4
1345	7.66948509475
1350	4.10952823816
1355	3.26955929863
1360	1.55107987218
1365	1.33040602424
1370	0.4
1375	0.4
1380	0.4
1385	0.4
1390	0.547637809411
1395	2.99614499782
1400	0.4
1405	1.64105008719
1410	0.4
1415	2.41878893405
1420	6.07655372881
1425	5.80416953764
1430	8.98091815726
1435	3.29509673072
1440	4.08326355098
1445	1.29744425711
1450	0.4
1455	0.4
1460	0.4
1465	0.4
1470	3.39473753202
1475	0.4
1480	5.24977733819
1485	3.32517182982
1490	3.66728261114
1495	2.33747722068
1500	1.98476726968
1505	0.509751116234
1510	0.792783287343
1515	2.74702088856
1520	4.33100487823
1525	5.30563344736
1530	3.36290940198
1535	0.801903971484
1540	0.4
1545	4.79143909608
1550	0.4
1555	0.4
1560	7.1099313322
1565	0.4
1570	1.61391735362
1575	0.4
1580	4.23376708141
1585	0.4
1590	3.41999858958
1595	1.3929397728
1600	0.4
1605	9.79860897781
1610	4.63370415038
1615	6.65457821654
1620	0.4
1625	0.4
1630	3.51138797629
1635	0.815646479955
1640	0.4
1645	3.22827260996
1650	5.72631726789
1655	5.40683176638
1660	0.4
1665	0.77966577571
1670	0.4
1675	0.4
1680	7.79938427164
1685	2.84150074446
1690	3.85717611147
1695	0.4
1700	0.4
1705	3.60766523954
1710	4.76665513588
1715	8.39391368865
1720	2.41250180167
1725	1.37656072989
1730	2.48074638193
1735	2.10342964826
1740	2.55420712666
1745	0.823330446424
1750	1.87752476145
1755	2.12352200904
1760	0.543101195266
1765	2.59784851148
1770	0.415343802834
1775	1.36866368519
1780	2.05686843035
1785	1.06479381003
1790	3.61273486278
1795	2.82281817195
1800	0.59376072042
1805	5.38098797349
1810	2.83973161376
1815	0.4
1820	0.4
1825	5.00158456994
1830	0.4
1835	0.4
1840	2.85459398322
1845	0.4
1850	7.18592276514
1855	3.45227009607
1860	0.4
1865	4.44510166328
1870	2.43702083179
1875	0.4
1880	1.655484683
1885	3.71336895777
1890	1.36732176295
1895	0.4
1900	3.57537178274
1905	0.4
1910	5.3067137578
1915	0.4
1920	4.09362020646
1925	0.777643063371
1930	2.91694304048
1935	5.42206189997
1940	0.4
1945	0.4
1950	1.27334725343
1955	4.94015916002
1960	11.0190913228
1965	1.510953382
