0	1.37720407819
5	0.433598791385
10	0.4
15	3.07097359714
20	0.4
25	0.4
30	0.821562929681
35	3.19054287156
40	1.12613503743
45	0.4
50	1.2353919225
55	0.92842951048
60	0.4
65	0.545650322242
70	0.4
75	3.7348084367
80	1.24572849566
85	1.86628068836
90	1.55106869767
95	0.4
100	1.16322746175
105	1.13843329023
110	0.4
115	1.70716869386
120	2.20937628222
125	0.4
130	1.87355019211
135	0.4
140	1.43427989048
145	0.882915831638
150	2.74473399762
155	0.4
160	0.4
165	0.939833584698
170	1.17592030425
175	1.06441985674
180	1.32452341394
185	0.4
190	2.14340034594
195	1.60258314201
200	0.991836193529
205	0.4
210	3.68748172512
215	2.48422806028
220	0.4
225	2.081812167
230	2.59491150324
235	0.4
240	0.4
245	0.4
250	0.4
255	0.4
260	2.70728907949
265	0.4
270	0.859849422117
275	0.4
280	0.4
285	0.914503455944
290	0.4
295	0.886478871853
300	0.83848187601
305	0.4
310	0.4
315	0.591079761037
320	0.4
325	0.4
330	2.3644904038
335	0.796862281713
340	3.35922158914
345	0.4
350	0.49814831871
355	0.4
360	1.05646830654
365	0.4
370	2.80128533736
375	0.4
380	0.848585470064
385	1.70073957333
390	1.11639205538
395	0.524701443854
400	0.4
405	0.4
410	1.88731574889
415	0.476923291293
420	0.636711618744
425	0.4
430	0.4
435	0.4
440	0.4
445	0.925724584535
450	2.64886197111
455	0.4
460	0.556408466306
465	0.4
470	1.76193336043
475	1.41356144943
480	0.4
485	0.970248388734
490	0.4
495	0.4
500	0.4
505	1.39393636288
510	0.4
515	1.13384986159
520	0.4
525	0.651448236141
530	0.4
535	0.4
540	1.08367595222
545	1.59396763383
550	0.4
555	0.4
560	2.23881749725
565	0.530421329358
570	0.4
575	0.4
580	0.4
585	1.78246612157
590	1.45497375313
595	0.4
600	0.4
605	1.56916435651
610	0.4
615	0.744296572997
620	0.4
625	2.6393174859
630	0.4
635	1.55580759523
640	2.11615402488
645	0.88307131614
650	0.57446057425
655	0.983645967481
660	0.675053679123
665	0.4
670	0.4
675	0.640365734713
680	3.34105970298
685	0.4
690	0.545875890044
695	1.47396999419
700	0.4
705	1.22694079427
710	3.42627773191
715	0.4
720	1.16483947237
725	3.25791522844
730	0.4
735	0.4
740	0.4
745	0.800513005609
750	0.572611583521
755	1.90767569614
760	0.4
765	0.4
770	2.65307808202
775	3.59437883824
780	0.4
785	1.99605932953
790	2.34125638016
795	0.661545337646
800	0.4
805	0.900065679694
810	1.95882842075
815	0.4
820	0.56781183775
825	1.42329897481
830	1.28355746447
835	0.4
840	0.4
845	0.510418366805
850	1.24658190245
855	1.04053714832
860	0.4
865	1.59402237155
870	0.4
875	1.45211165802
880	2.91732731714
885	0.4
890	0.599275088149
895	0.672899912714
900	1.80538594604
905	1.9196917929
910	0.4
915	0.402467746111
920	0.4
925	0.80823687716
930	1.19800757928
935	0.804230475946
940	0.4
945	0.4
950	0.4
955	0.4
960	1.09102607657
965	0.4
970	1.89969235554
975	0.4
980	0.4
985	2.41531685367
990	0.4
995	0.4
1000	0.4
1005	0.4
1010	0.4
1015	0.4
1020	0.4
1025	1.01828309459
1030	0.631769806571
1035	1.55789498039
1040	0.4
1045	2.20263868621
1050	0.4
1055	0.4
1060	0.4
1065	0.4
1070	0.4
1075	0.4
1080	1.93810033519
1085	0.4
1090	1.66423593273
1095	0.905149931377
1100	3.18116409523
1105	0.980955791057
1110	2.21062646349
1115	0.4
1120	2.52556439992
1125	0.4
1130	0.4
1135	0.934989187453
1140	0.4
1145	1.48718523063
1150	2.05334531464
1155	0.4
1160	0.4
1165	0.614209481566
1170	1.98645455776
1175	1.29635671513
1180	0.523649116096
1185	0.4
1190	0.4
1195	1.03635526115
1200	2.15777826775
1205	0.4
1210	2.40351589575
1215	0.4
1220	0.4
1225	0.4
1230	0.4
1235	0.4
1240	0.4
1245	1.85507119925
1250	0.4
1255	0.65726015178
1260	0.864810725159
1265	1.47264645256
1270	2.86991185165
1275	0.4
1280	0.4
1285	0.4
1290	0.468204029827
1295	1.0526235913
1300	4.11022674296
1305	1.23160456968
1310	1.41631616798
1315	0.4
1320	0.4
1325	0.4
1330	0.4
1335	4.28235807674
1340	2.70391653954
1345	0.936733150882
1350	0.4
1355	0.546467382899
1360	0.4
1365	0.821855022816
1370	0.422498685034
1375	1.24258925077
1380	0.519392311129
1385	1.3199116944
1390	1.47955394867
1395	0.4
1400	0.4
1405	0.4
1410	2.79796913158
1415	2.25794482285
1420	2.77096043914
1425	0.4
1430	0.4
1435	0.956670287279
1440	0.688944935767
1445	0.4
1450	0.406799565308
1455	1.22165634845
1460	2.03841224122
1465	0.4
1470	1.38126753937
1475	0.4
1480	1.16009645253
1485	1.9955740112
1490	0.635596612484
1495	1.00268549969
1500	0.679792664351
1505	1.83322708392
1510	5.14884035959
1515	0.4
1520	1.77229094012
1525	0.4
1530	0.76150844107
1535	0.808738756879
1540	0.4
1545	1.50330534016
1550	3.0320804724
1555	1.3441574003
1560	0.4
1565	2.32664768167
1570	0.4
1575	1.40736495082
1580	1.66409698162
1585	0.44647865495
1590	0.609773492058
1595	1.95244213346
1600	2.2105903061
1605	0.419686148352
1610	0.4
1615	0.4
1620	0.4
1625	1.65980524738
1630	1.2205551619
1635	0.4
1640	3.41329991815
1645	1.97952143219
1650	0.4
1655	1.31018524195
1660	0.553045402542
1665	1.80390017239
1670	0.613231083386
1675	4.23158729428
1680	1.16128788025
1685	0.4
1690	1.64364427349
1695	0.953214430795
1700	1.24687412308
1705	0.4
1710	0.955704312162
1715	1.17066997255
1720	1.01965359548
1725	1.0867018037
1730	0.4
1735	2.89606182139
1740	0.693895575416
1745	0.639522927735
1750	1.88026884638
1755	3.32003997634
1760	1.6858075091
1765	0.921741492215
1770	2.02545242646
1775	3.48054350872
1780	1.89012713641
1785	0.905115742045
1790	2.45677524882
1795	0.614523803424
1800	0.4
1805	1.47878184231
1810	0.4
1815	0.959644820487
1820	0.4
1825	0.810044931896
1830	4.95572323561
1835	0.542453235746
1840	0.695827835947
1845	0.694057257334
1850	0.4
1855	1.41557494334
1860	1.3942967866
