0	5.8911849589
5	0.4
10	5.66018247386
15	2.47318784506
20	3.7865420325
25	0.4
30	0.4
35	5.79647026539
40	14.3823323243
45	2.70833460427
50	2.413092825
55	0.4
60	0.4
65	0.880125028304
70	0.889875561901
75	0.4
80	0.4
85	6.71463972771
90	4.08782016089
95	5.74458724295
100	11.1314377712
105	2.90057041788
110	5.48642809345
115	3.76502522205
120	0.4
125	9.22457518216
130	0.4
135	0.4
140	0.743824442376
145	1.75800026732
150	25.863794211
155	0.4
160	15.4618650191
165	2.54795856918
170	11.6364530147
175	4.29744019049
180	3.76095562883
185	3.6490611731
190	1.8359298686
195	0.4
200	3.30343382675
205	5.61548083354
210	4.20567855466
215	4.58998696218
220	0.829610723752
225	4.3088388381
230	6.53439357837
235	3.34248277049
240	0.4
245	4.55870503876
250	5.50586558073
255	8.15868342171
260	5.07753039662
265	3.67516453914
270	4.20312296473
275	16.8153873487
280	3.2910865148
285	0.4
290	0.4
295	3.6313835747
300	3.0706946956
305	1.46615188413
310	0.4
315	0.4
320	0.4
325	4.36958817057
330	3.70062085431
335	0.4
340	1.77320684366
345	0.4
350	0.4
355	3.19058077889
360	1.41607920906
365	12.7562003132
370	0.4
375	0.4
380	0.4
385	7.8744876706
390	14.5757518591
395	5.2037889553
400	28.761892065
405	9.17486164109
410	0.4
415	0.4
420	7.19403781293
425	12.2308573653
430	10.3901490147
435	5.21211918984
440	4.4246477431
445	0.4
450	5.19569281237
455	8.15237775579
460	4.06868111668
465	0.4
470	9.04560266412
475	9.12632242764
480	0.4
485	1.71121372004
490	0.4
495	2.90919375044
500	7.74047685197
505	6.88169752363
510	0.4
515	0.4
520	8.20526241442
525	5.15416239147
530	14.0654207592
535	1.44180111721
540	1.54171439104
545	1.42818555881
550	0.4
555	8.60678028017
560	3.62661065816
565	2.0298884127
570	9.60304752552
575	3.7268348783
580	0.4
585	2.32969317318
590	0.4
595	1.26334623289
600	8.85091686581
605	1.48858371947
610	8.99933880363
615	4.20117817196
620	6.17342783052
625	10.1368624186
630	0.4
635	0.4
640	0.4
645	16.0527697142
650	5.44834507142
655	0.578948346678
660	9.3399454583
665	0.4
670	7.42234286312
675	1.83791538829
680	1.99247218744
685	7.1923070539
690	1.99026248816
695	3.57549072559
700	12.109915899
705	0.4
710	0.4
715	1.87286084999
720	5.25105854617
725	0.4
730	0.4
735	0.4
740	4.01189091917
745	0.4
750	4.54783925988
755	0.4
760	0.4
765	6.92004979547
770	1.94073243677
775	6.05496643357
780	1.42714429131
785	6.34361029377
790	10.3934063873
795	5.68391256791
800	0.4
805	9.55613293688
810	7.67914047429
815	0.4
820	1.69447966669
825	0.4
830	0.4
835	7.38397332391
840	5.53731086444
845	16.9527330508
850	2.20275690288
855	5.90361365866
860	0.4
865	0.4
870	7.73358201351
875	3.47509599404
880	0.4
885	3.19209116481
890	0.4
895	6.02021855185
900	5.97079280891
905	0.4
910	1.93142287977
915	0.4
920	0.4
925	7.32416329902
930	0.4
935	17.1085407418
940	2.81645563673
945	0.4
950	0.4
955	7.25063278694
960	7.16496181963
965	10.5016752916
970	0.4
975	3.61075820918
980	3.01701042216
985	7.71910496763
990	3.51486751777
995	5.47692605872
1000	0.4
1005	0.639706360853
1010	2.18013676679
1015	16.1185426712
1020	0.4
1025	0.4
1030	4.45940462851
1035	0.4
1040	2.7604216018
1045	17.2840702697
1050	0.4
1055	3.98926279038
1060	10.5455082746
1065	4.510309319
1070	8.61826606096
1075	7.85710919188
1080	12.0137223308
1085	6.99576462121
1090	6.91292514555
1095	10.7216621647
1100	1.01168318811
1105	10.2189032233
1110	0.4
1115	6.37874818493
1120	0.4
1125	0.4
1130	8.99818090085
1135	0.4
1140	3.29029782893
1145	6.85711068367
1150	2.22598596488
1155	0.4
1160	8.5763758192
1165	0.4
1170	0.4
1175	2.54323579851
1180	2.23688282285
1185	11.8588984185
1190	1.70495496821
1195	1.72875471913
1200	3.30595302922
1205	6.64995193603
1210	5.9614365008
1215	8.40526957719
1220	0.4
1225	3.56638235363
1230	0.4
1235	10.0134009186
1240	19.9820700212
1245	2.02424971735
1250	4.70329395478
1255	3.589440544
1260	5.86889072624
1265	4.97178466502
1270	0.4
1275	17.3312505951
1280	9.72314424594
1285	1.7387534903
1290	6.04686963745
1295	0.4
1300	13.3372296402
1305	12.8956769002
1310	16.8813119808
1315	0.4
1320	6.05135244522
1325	3.60513174224
1330	0.4
1335	0.4
1340	4.72050553538
1345	3.7269699688
1350	0.4
1355	3.72219390894
1360	0.4
1365	0.680204875795
1370	4.69133967964
1375	4.91367811036
1380	1.61639614387
1385	10.8810320436
1390	2.00989421586
1395	0.4
1400	0.4
1405	8.77209734236
1410	8.5702770278
1415	1.21878555675
1420	19.4905913674
1425	2.52126911437
1430	6.27815731526
1435	0.4
1440	9.07118574189
1445	7.44950946027
1450	8.8164981351
1455	6.42061969684
1460	3.28030189923
1465	3.4832696094
1470	4.1378702992
1475	0.4
1480	13.9293715027
1485	0.4
1490	4.5794874863
1495	2.94952637468
1500	10.0614836187
1505	0.4
1510	0.4
1515	3.7367457661
1520	8.72012838322
1525	11.254200748
1530	0.4
1535	1.62179882539
1540	7.13100846513
1545	4.58786068388
1550	3.80546878809
1555	2.9482126602
1560	0.4
1565	4.75168670456
1570	4.02671620842
1575	3.66281629503
1580	0.4
1585	1.54117730558
1590	5.92821003258
1595	0.464897846243
1600	1.52713292607
1605	8.53164344135
1610	5.0927407758
1615	8.20150048323
1620	9.51277462893
1625	0.4
1630	5.01813460482
1635	0.4
1640	5.5289440743
