0	0.45888430876
5	9.28710988306
10	5.3685633512
15	2.38187513199
20	4.11402652478
25	2.80427302724
30	4.27033115288
35	2.18738074461
40	2.89858659617
45	1.35340562912
50	3.80367066234
55	0.4
60	4.10966773989
65	2.62888119035
70	1.53349546117
75	1.79310501547
80	2.11690862121
85	4.0623710798
90	2.9181711352
95	8.19549602443
100	6.23557048237
105	2.46570746927
110	5.96852875027
115	0.4
120	3.11051846191
125	0.4
130	0.4
135	5.29565098618
140	0.4
145	0.4
150	0.4
155	1.57435640975
160	1.82392101825
165	0.4
170	0.4
175	0.4
180	8.11231514858
185	0.965910099262
190	2.46405127395
195	2.75315095515
200	1.94197675501
205	4.5656317112
210	1.22633244163
215	3.95753911379
220	0.4
225	0.4
230	0.4
235	16.6683786492
240	5.73492062889
245	0.4
250	0.4
255	2.55654774709
260	8.66392702363
265	2.04135447937
270	0.670478333498
275	6.18453132848
280	0.4
285	2.29753529692
290	0.4
295	6.99753512132
300	0.439409343122
305	2.71008660679
310	7.16485476983
315	3.23932112197
320	0.4
325	4.79747674148
330	0.4
335	3.91810928517
340	0.4
345	10.2308941929
350	0.878333074864
355	1.96644374877
360	3.03460137184
365	5.23761127794
370	0.4
375	0.4
380	0.4
385	11.4829006393
390	3.44685217652
395	1.1108030461
400	4.95227208193
405	3.35547305236
410	3.96217673659
415	0.4
420	3.41030778223
425	1.35103528795
430	4.73599995413
435	13.9434277626
440	1.827455819
445	2.34124034985
450	3.97894335152
455	3.37461055014
460	0.4
465	2.25932545519
470	5.83401224438
475	4.68479528981
480	0.432607682893
485	3.01153506608
490	5.34650846897
495	3.2063328614
500	7.65736448865
505	8.59623483994
510	6.55060990112
515	5.31668815319
520	0.4
525	2.34065807449
530	0.4
535	2.9704919978
540	0.4
545	1.94163815141
550	0.4
555	0.4
560	12.1857465613
565	0.99439851293
570	3.4289991045
575	0.4
580	0.4
585	1.9057598672
590	2.61218251241
595	1.52956476884
600	0.4
605	6.4783617704
610	2.68786039696
615	3.18820371951
620	8.30132137905
625	6.9125876053
630	4.49789436674
635	0.4
640	0.964665492505
645	2.5648875599
650	2.40353311929
655	1.13625060932
660	0.4
665	1.69060605715
670	3.60369194028
675	6.03541267885
680	8.54037940062
685	3.27561542903
690	3.28905113112
695	0.4
700	1.96659924948
705	0.4
710	2.35640926256
715	14.7056379743
720	5.18851848947
725	5.33671477203
730	6.85927857463
735	0.4
740	0.4
745	6.17508245197
750	3.10806234557
755	2.2454357186
760	0.4
765	1.96511404286
770	0.4
775	0.4
780	5.91272999665
785	3.0373741659
790	7.08938887274
795	0.4
800	7.58204959778
805	0.4
810	2.59524294433
815	1.44372101752
820	0.4
825	1.41098419299
830	5.6401697019
835	2.42912356019
840	1.71709784945
845	0.4
850	0.4
855	0.4
860	0.4
865	9.59592367816
870	0.4
875	9.12385146948
880	0.4
885	4.56588589266
890	4.19727409379
895	10.1835225393
900	0.4
905	4.27916652573
910	5.99895966799
915	0.4
920	1.14255676474
925	5.54933680562
930	0.4
935	1.21049063415
940	6.78680504558
945	0.678846911227
950	0.42223061068
955	0.4
960	1.77437631294
965	0.4
970	1.63720569283
975	3.93279363656
980	5.62531593083
985	0.4
990	6.52941020987
995	3.17894203999
1000	7.34923106141
1005	0.4
1010	5.1443703229
1015	7.77570726624
1020	4.85434755502
1025	1.29184856402
1030	9.96232564762
1035	3.6761776846
1040	0.960435115127
1045	10.4209793865
1050	0.4
1055	1.58632127373
1060	0.4
1065	8.11201666115
1070	11.4982241669
1075	4.3550260043
1080	0.4
1085	0.4
1090	0.4
1095	0.4
1100	0.818028418575
1105	2.73568065709
1110	7.71561374085
1115	1.63458803284
1120	4.87971970506
1125	2.49361312758
1130	9.52057345695
1135	1.43891678629
1140	0.700216655652
1145	4.10365980057
1150	8.12545544936
1155	0.4
1160	2.30264538349
1165	4.68552828442
1170	1.89272504507
1175	4.54713472054
1180	5.14581640956
1185	0.4
1190	3.29470341573
1195	0.4
1200	0.4
1205	0.4
1210	1.03200916752
1215	2.09982008313
1220	0.4
1225	6.50273912881
1230	1.98783313891
1235	0.4
1240	0.4
1245	2.41894448976
1250	10.5771530063
1255	4.68312399434
1260	1.99614689405
1265	10.6971317233
1270	0.4
1275	13.8407441935
1280	6.31520826008
1285	1.99132217769
1290	7.29339371107
1295	8.43863463331
1300	3.65810467232
1305	2.05268020312
1310	3.30715788788
1315	0.4
1320	0.4
1325	1.78541805526
1330	4.34777223881
1335	8.14988649653
1340	5.74654900338
1345	2.68348497428
1350	0.571298320548
1355	0.4
1360	5.65722045976
1365	5.05099863512
1370	0.4
1375	3.41160484719
1380	0.4
1385	0.4
1390	0.564803808169
1395	0.4
1400	2.45838417466
1405	7.64236990584
1410	0.4
1415	0.505772748155
1420	4.90287826647
1425	2.86678026995
1430	0.4
1435	1.01691141768
1440	0.4
1445	1.51465160945
1450	0.4
1455	4.21009873024
1460	11.5030571645
1465	0.4
1470	6.25365322245
1475	3.10328717018
1480	1.14843715225
1485	5.84776560288
1490	3.1540112605
1495	0.4
1500	2.437768411
1505	4.16304785398
1510	0.4
1515	0.4
1520	8.03987084881
1525	3.10950716592
1530	0.75944318163
1535	3.90245773326
1540	0.4
1545	0.4
1550	5.53260703062
1555	8.88987676066
1560	6.18071744256
1565	0.4
1570	0.4
1575	0.4
1580	0.902921245301
1585	5.50317500175
1590	0.4
1595	0.4
1600	14.5081111587
1605	4.02509978762
1610	1.06907449846
1615	0.4
1620	2.06788660745
1625	6.03853095281
1630	0.4
1635	0.4
1640	2.0507396296
1645	0.4
1650	0.4
1655	0.4
1660	0.4
1665	3.19638276029
1670	9.3345363924
1675	3.39294382631
1680	0.481144819409
1685	1.52529147195
1690	0.4
1695	4.26719479639
1700	0.4
1705	0.556805698077
1710	2.23479759988
1715	7.66836626292
1720	0.4
