0	6.31855879521
5	10.8550890063
10	6.72334751142
15	6.77033769418
20	4.29979754156
25	6.46699224736
30	11.6320350282
35	4.0756548526
40	8.19328875045
45	7.35373321577
50	8.07848847933
55	6.19931716177
60	8.74981988496
65	7.1754252565
70	7.73787828249
75	7.34075756155
80	8.60901581516
85	3.62510472544
90	9.38712190687
95	7.02432253383
100	7.84221628907
105	8.68835728399
110	4.53329700564
115	5.43359977383
120	2.43833643198
125	0.794872406398
130	7.04991503229
135	1.96662889111
140	7.89611191718
145	7.9112456462
150	0.4
155	9.23983851114
160	11.3370445399
165	6.92466648371
170	10.7014582377
175	14.4017257593
180	6.63880501294
185	8.59962677885
190	0.4
195	4.04178123369
200	7.42453863192
205	7.31469464755
210	3.61855483204
215	6.96302508495
220	10.4526877439
225	2.41769388937
230	6.27626944123
235	3.10343220275
240	6.00059990533
245	7.40159780442
250	9.01429119596
255	13.5653517947
260	12.0783021017
265	11.2616416895
270	6.13376257395
275	2.56457709248
280	4.62758057496
285	0.4
290	8.46570476886
295	7.13323931705
300	9.01122414543
305	8.42466251788
310	8.47180731121
315	6.02870875832
320	5.69626410719
325	6.56454689211
330	7.89007456348
335	4.17053762179
340	4.39239186427
345	11.6929993243
350	6.95683861955
355	8.34859923217
360	10.6477460581
365	9.71421587061
370	7.78034420411
375	11.1446051434
380	7.1856785003
385	7.94967806502
390	3.90070778284
395	5.76311326238
400	6.73907522279
405	3.8879529135
410	5.33640040844
415	6.4717371448
420	2.65430475057
425	5.74328839481
430	5.46723571439
435	5.04722202836
440	4.28880287904
445	4.94925332817
450	3.34747873965
455	10.2302352267
460	3.04634254351
465	8.09717949325
470	7.79135459426
475	1.25672358933
480	6.54577439271
485	10.3430940222
490	5.08437349383
495	9.00945175375
500	9.6552237131
505	12.7434469023
510	6.70148039785
515	7.04338430698
520	11.961736369
525	3.83282748659
530	5.99612364612
535	8.77931933492
540	6.82837705115
545	5.12659143696
550	1.98291830963
555	10.7092616441
560	3.06523914101
565	3.16141855788
570	8.88751877177
575	3.14507706733
580	9.733731948
585	6.78229135373
590	8.73931144614
595	5.7674452969
600	14.2140564936
605	6.91117179211
610	4.28588407675
615	3.33136115476
620	4.0261803603
625	2.68791342285
630	11.4444398244
635	7.9591916631
640	7.66000242772
645	3.0626280143
650	9.70236270128
655	5.86797945489
660	8.92515911654
665	9.44493475908
670	7.33439143608
675	5.5610475057
680	5.86043700795
685	9.13748111838
690	4.73559566134
695	4.74755708015
700	9.1395265612
705	7.09491490863
710	12.1200025518
715	6.63297453009
720	6.49094765572
725	7.06827807535
730	5.51172494246
735	6.09125733826
740	12.9469432426
745	6.90607096287
750	7.88336651697
755	1.74292063139
760	6.91081636575
765	9.64283636919
770	6.98990235436
775	7.8995077436
780	8.71211233322
785	7.59232591355
790	8.25236901073
795	7.18697114985
800	9.12664527815
805	7.60598226932
810	6.46117348532
815	4.73659052049
820	4.15469045086
825	11.3458712864
830	7.37236899432
835	7.96278578554
840	5.37050886683
845	8.1310155148
850	11.1708737207
855	4.34086230508
860	4.22202453682
865	8.09900091414
870	10.1745794899
875	11.2544902468
880	8.24605534577
885	9.37633342412
890	10.016658022
895	4.16711646963
900	5.62600419668
905	10.9987934141
910	9.27622480319
915	6.49301774082
920	10.9767016825
925	6.24160331918
930	8.054111845
935	0.4
940	6.3874081516
945	3.37551054495
950	0.4
955	1.23262376194
960	7.92136070352
965	4.43344651202
970	5.21321967619
975	7.73459752383
980	2.76582175585
985	10.2317592948
990	10.3958868609
995	6.22990770184
1000	8.33023693357
1005	8.71334150717
1010	5.71894707278
1015	6.16938294552
1020	10.9500821947
1025	9.05129342614
1030	5.95066878694
1035	10.6705205872
1040	3.60512329526
1045	0.809353583094
1050	5.99380635043
1055	4.38456458546
1060	4.26662458699
1065	10.1683394195
1070	9.96812646099
1075	7.83778478408
1080	9.36430108829
1085	5.03098266003
1090	11.2458829516
1095	7.19818621008
1100	7.11052310752
1105	9.15549103167
1110	6.53237255373
1115	11.203568855
1120	2.88181548241
1125	5.925767762
1130	6.59330237882
1135	6.60800961647
1140	6.97217504038
1145	8.41166198714
1150	8.36353146151
1155	0.4
1160	12.7008020916
1165	6.11787037965
1170	3.19057585877
1175	5.71279331695
1180	10.8754200858
1185	4.37300014621
1190	6.11621920672
1195	4.49904621065
1200	4.8719452628
1205	1.86673803481
1210	6.48232350207
1215	4.89260608398
1220	7.38350955686
1225	3.73483470926
1230	0.4
1235	9.3123226925
1240	3.69465506977
1245	4.69485484681
1250	17.760301243
1255	7.01436800611
1260	15.8670573491
1265	2.59742417467
1270	2.0564823712
1275	7.88655769935
1280	5.14870524227
1285	8.88472917709
1290	18.6942083963
1295	18.9340340615
1300	4.67560345229
1305	9.58932142286
1310	6.82867232776
1315	1.8010647128
1320	6.7688142337
1325	7.66000659426
1330	5.0540899886
1335	13.8163251146
1340	3.3860981741
1345	3.91261601694
1350	6.47876818615
1355	4.86563711748
1360	2.69217463502
1365	8.46395974109
1370	9.8149225021
1375	7.06770675393
1380	9.14827702462
1385	7.39088189232
1390	12.5733570128
1395	7.25759770064
1400	6.24584579021
1405	4.63219097881
1410	13.5563352353
1415	8.28486288794
1420	2.24478856186
1425	6.34479451622
1430	7.04293054329
1435	6.76397317442
1440	11.6235080399
1445	9.2027452768
1450	10.2061366266
1455	6.3428153214
1460	3.95069647857
1465	6.32756327721
1470	5.82786989644
1475	3.70081124018
1480	9.27319939869
1485	5.18411587402
1490	4.20232246888
1495	13.5870163831
1500	2.75680748311
1505	7.88897007882
1510	10.2896088639
1515	11.360928721
1520	6.85776080111
1525	4.76633724959
1530	7.76042526657
1535	5.29313366215
1540	8.82146027977
1545	8.88305109892
1550	5.36018431309
1555	4.08748814245
1560	9.98948927875
1565	5.53808655301
1570	7.67307649543
1575	10.6311477601
1580	5.81789662361
1585	7.50213586242
1590	6.12853362225
1595	10.137707574
1600	4.2854720921
1605	5.75966982611
1610	7.4484832109
1615	9.53207167124
1620	10.5342954145
1625	6.1302916478
1630	11.0103478007
1635	7.83696338468
1640	10.5164454523
1645	0.4
1650	8.43727113731
1655	9.07663169458
1660	12.6884271123
1665	12.0233817433
1670	5.2283424559
1675	8.76550013813
1680	6.52864063978
1685	4.61522701854
1690	4.27636315906
1695	12.269251605
1700	3.57114028902
1705	11.7083432204
1710	5.44223621261
1715	4.59265769369
1720	9.46282010643
1725	1.69315835384
1730	10.9352695964
1735	6.91566937061
1740	2.13383104834
1745	12.0801494357
1750	4.07410464367
1755	12.7396249006
1760	7.69572559447
1765	7.46675923456
1770	5.1841482469
1775	5.28204387465
1780	5.81379998408
1785	8.92201990297
1790	4.50558536216
1795	9.70266300922
1800	3.96153719321
1805	3.11495043934
1810	10.3804712233
1815	7.28224967571
1820	7.04486191754
1825	4.9040304696
1830	12.6031421246
1835	8.05943745857
1840	1.69624643814
1845	8.27997283609
1850	0.4
1855	5.26806930175
1860	4.10607791479
1865	5.04926505892
1870	4.08500076772
1875	9.11000265914
1880	8.20801249141
1885	6.94437630466
1890	10.7990757375
1895	8.47063422263
1900	14.1722572669
1905	4.56750305081
1910	11.9383914693
1915	10.5410247856
