0	2.02521744736
5	2.46792166448
10	4.86028421298
15	0.786628370844
20	4.88289687773
25	5.88703265949
30	4.26978191839
35	2.90405057931
40	0.4
45	0.4
50	0.4
55	0.4
60	7.98638689448
65	4.26543644405
70	1.16060064094
75	0.4
80	2.632422129
85	5.18366355986
90	3.18467036313
95	0.428056394317
100	0.4
105	0.4
110	1.19037344349
115	0.4
120	5.82541617064
125	0.4
130	0.697147225674
135	0.813518396589
140	2.22408966406
145	0.589316735042
150	6.14571016231
155	4.26269860736
160	0.4
165	0.435753101327
170	3.49410664528
175	2.96424914496
180	0.4
185	2.62246175212
190	0.4
195	0.4
200	1.71224821997
205	4.73359915203
210	0.4
215	0.42898481933
220	0.469182365039
225	3.05384348813
230	0.4
235	0.4
240	1.27008985958
245	0.90049458377
250	0.4
255	0.4
260	0.4
265	1.8226094638
270	0.4
275	5.14685278365
280	0.4
285	0.80256793725
290	2.473639841
295	0.4
300	0.4
305	0.4
310	0.4
315	0.4
320	0.4
325	0.4
330	1.11579054
335	5.12340323107
340	3.69622533205
345	0.4
350	1.14476383342
355	0.4
360	0.4
365	3.20744031589
370	0.4
375	0.4
380	0.4
385	0.522361193065
390	2.95877058962
395	0.4
400	4.58686813529
405	3.66106258559
410	0.4
415	0.4
420	0.4
425	0.4
430	0.4
435	0.4
440	4.23363999891
445	1.85198251901
450	3.49539625535
455	0.4
460	1.00172853007
465	3.83704817893
470	3.71195791087
475	0.4
480	4.69397724258
485	0.912372982292
490	1.04568564667
495	1.11258613363
500	3.5601258563
505	0.4
510	0.4
515	2.96486552158
520	0.4
525	1.33579989778
530	7.84285567219
535	4.84213918454
540	0.4
545	8.85960455759
550	4.08394930146
555	2.76909792986
560	1.76674872677
565	0.4
570	0.920641235171
575	0.4
580	1.53937453224
585	0.4
590	6.87476628306
595	3.26669653742
600	1.07922452791
605	3.46945820501
610	3.58833138895
615	0.4
620	1.76973606244
625	10.7621869195
630	6.02288745616
635	0.4
640	0.952770244859
645	1.77256609709
650	5.01892023902
655	4.28487952772
660	3.98484762919
665	3.55708133881
670	4.92003453673
675	8.64616176185
680	8.0206230069
685	0.4
690	3.9329678553
695	0.4
700	2.96502781974
705	0.4
710	0.4
715	0.4
720	0.4
725	1.4637995268
730	0.4
735	2.55788762003
740	2.61055510845
745	0.4
750	1.86326476244
755	0.887548346185
760	0.861379166242
765	0.563370738487
770	2.57136016147
775	0.4
780	5.60115559575
785	6.30549469432
790	0.4
795	2.93183856546
800	5.90392533615
805	2.26821668436
810	0.4
815	3.61892810268
820	0.4
825	0.524072032152
830	0.4
835	0.4
840	1.91166415789
845	3.97505849386
850	0.4
855	0.4
860	0.4
865	0.4
870	0.4
875	0.944829844728
880	2.58974903018
885	0.446595144496
890	0.4
895	0.4
900	0.4
905	0.4
910	0.4
915	0.653425222749
920	9.39989488169
925	0.4
930	2.58562489507
935	1.03004862566
940	1.06232852393
945	3.91370855683
950	0.4
955	0.4
960	0.4
965	2.36235412903
970	5.22768866417
975	7.12563652035
980	0.4
985	0.490980328686
990	0.433827167268
995	9.99933520152
1000	0.715867988253
1005	0.550554415315
1010	5.22694685394
1015	5.57019518175
1020	0.4
1025	0.4
1030	1.13516091636
1035	0.4
1040	2.50016601532
1045	3.43424379338
1050	1.27218013166
1055	0.4
1060	0.536574235648
1065	5.27566296756
1070	1.53033833039
1075	0.4
1080	0.580768103234
1085	1.89300077024
1090	1.94073832959
1095	0.4
1100	3.2362127086
1105	0.4
1110	0.4
1115	3.05239425929
1120	5.07731335943
1125	3.11658660095
1130	3.33904753744
1135	0.564617729885
1140	6.35952341374
1145	1.07584529181
1150	0.4
1155	8.09514059161
1160	3.98823300134
1165	2.2914685396
1170	0.4
1175	1.10742500651
1180	0.447430067473
1185	0.4
1190	0.4
1195	0.4
1200	1.3349367338
1205	3.26585343098
1210	1.29330785031
1215	0.4
1220	0.4
1225	1.82690834359
1230	4.43716133149
1235	11.3060144324
1240	2.32043738232
1245	0.4
1250	1.46216641014
1255	0.4
1260	0.654824307543
1265	3.34526863052
1270	6.64281532476
1275	0.4
1280	0.4
1285	0.4
1290	4.89609293484
1295	3.94708554524
1300	5.13419745879
1305	0.783541778729
1310	0.4
1315	4.22625307182
1320	1.03458912644
1325	0.4
1330	0.4
1335	0.4
1340	3.81745470052
1345	4.2679207429
1350	0.4
1355	3.00422176778
1360	0.4
1365	0.4
1370	3.53325956469
1375	0.4
1380	0.4
1385	0.441673662148
1390	0.4
1395	0.4
1400	1.97343233126
1405	1.670763439
1410	2.83800286927
1415	0.4
1420	0.4
1425	2.41383607078
1430	3.16006796749
1435	0.4
1440	2.73238651411
1445	0.4
1450	0.4
1455	8.87103098342
1460	0.606893858661
1465	0.4
1470	4.12320682351
1475	0.4
1480	0.4
1485	2.36307657483
1490	1.85578535752
1495	3.45138301369
1500	0.99287353105
1505	2.16907195524
1510	3.58660065854
