0	2.78791275839
5	21.1792395997
10	19.4193774617
15	8.33951732032
20	12.0101765715
25	4.64066584513
30	6.9986096729
35	1.57147580967
40	2.51899085922
45	17.1867167098
50	2.29256272107
55	23.3292190573
60	6.34381780144
65	8.75515920333
70	8.66680393617
75	17.6497184824
80	7.71933055146
85	0.4
90	0.4
95	8.84868284876
100	13.40169117
105	2.63914013791
110	6.36812465807
115	11.1930359202
120	9.47842925213
125	4.44779490597
130	5.55401187295
135	2.38112118739
140	0.4
145	3.79222297105
150	6.38750745397
155	0.4
160	6.69782612382
165	4.49250363829
170	1.24294415372
175	10.2736725985
180	9.54020606014
185	0.4
190	12.6510646183
195	15.2613235147
200	10.2329040609
205	5.4138762869
210	14.4544061369
215	4.72342211559
220	2.07222696061
225	0.404216053402
230	5.91595359527
235	0.4
240	8.17312055649
245	6.25958732207
250	3.16683074691
255	5.93362333759
260	0.4
265	11.8434360777
270	0.849347871808
275	8.17694253995
280	4.44449690804
285	3.77739686819
290	0.4
295	0.4
300	1.32761966204
305	0.810512072286
310	0.4
315	2.64026134264
320	2.31302400702
325	6.58781003301
330	10.434270816
335	11.3956575303
340	0.4
345	7.0495545064
350	14.7254836522
355	0.4
360	7.83770585579
365	0.4
370	16.0078065447
375	11.4229118837
380	5.02613888157
385	0.4
390	11.9700149109
395	0.4
400	2.84945136727
405	6.86944668049
410	1.87679297934
415	4.88662909631
420	3.65919480394
425	11.2495781554
430	12.7452574461
435	11.1616727187
440	0.4
445	0.4
450	0.4
455	9.69447320868
460	6.29039659165
465	8.51456463456
470	7.17021889567
475	10.5811486988
480	7.15310147665
485	7.36025435234
490	8.95755332164
495	3.64811918304
500	2.63596489024
505	0.4
510	4.30262252545
515	10.3067208557
520	0.4
525	13.8049440725
530	7.27595658017
535	6.41484793559
540	9.32711864739
545	7.62027530014
550	12.0149162018
555	0.745123034577
560	27.3113151568
565	7.18330470787
570	12.384072884
575	3.8484652848
580	11.8283025298
585	0.437057223497
590	7.96445232019
595	10.4344873473
600	3.11945103448
605	0.857431466167
610	0.4
615	13.3762407768
620	1.38001516765
625	12.0199213354
630	2.09636152744
635	2.96936878187
640	8.10029442743
645	22.202511509
650	8.62104078106
655	5.09397344123
660	20.9418836229
665	4.98785973227
670	17.1922012086
675	11.844852172
680	12.1840173996
685	0.4
690	10.7447674541
695	21.9853679936
700	16.1456178736
705	6.87513971443
710	0.4
715	4.98273603056
720	0.4
725	2.00404055512
730	11.0804757313
735	0.4
740	9.33413519738
745	10.3371532923
750	0.697083685165
755	0.4
760	13.0296826295
765	15.8741790122
770	3.29349528228
775	9.72873121499
780	9.73138109512
785	7.3895072327
790	0.4
795	17.5884512272
800	0.4
805	0.4
810	11.5261698287
815	2.1799415519
820	10.019983561
825	4.58859752301
830	13.0926273582
835	10.168689991
840	0.4
845	0.4
850	4.12330703784
855	0.4
860	6.43047314037
865	2.67546796753
870	10.2688465556
875	2.64473724112
880	15.6863620697
885	0.4
890	7.22802485009
895	7.13179709737
900	10.1051721498
905	0.4
910	0.4
915	4.95671138027
920	15.5399371487
925	4.32145541475
930	0.4
935	2.11152915431
940	10.1459458434
945	4.30683047164
950	26.2800810768
955	1.40459079568
960	0.4
965	2.8494055894
970	12.8958756176
975	11.6690859976
980	4.81490665974
985	4.93837207588
990	11.32602976
995	7.28954730749
1000	0.4
1005	7.45378444741
1010	0.4
1015	13.3111741915
1020	3.06971132568
1025	0.646228852867
1030	3.97926746469
1035	1.42029854124
1040	0.4
1045	11.4290174531
1050	0.4
1055	4.67064018974
1060	2.32687283785
1065	0.4
1070	7.89482059405
1075	6.35410758637
1080	11.6554507887
1085	20.6557288175
1090	20.7937423477
1095	17.0652581306
1100	10.1204892772
1105	0.4
1110	15.5320364105
1115	0.4
1120	9.35128605189
1125	0.4
1130	18.0240967237
1135	11.7366619774
1140	0.4
1145	9.83877760078
1150	8.44241650946
1155	12.7035128562
1160	1.97693504015
1165	0.4
1170	5.01648274207
1175	13.8257306508
1180	5.73505317043
1185	0.4
1190	13.0410992067
1195	4.53951254982
1200	2.92118710191
1205	2.97496146064
1210	3.9934790555
1215	2.65147446616
1220	2.50815818172
1225	1.94612190512
1230	0.4
1235	0.4
1240	15.4378275389
1245	4.08629720058
1250	0.4
1255	10.6008136538
1260	7.00611993452
1265	6.42384939234
1270	0.4
1275	6.91674058396
1280	0.4
1285	4.53652646922
1290	7.64826353236
1295	2.62334479328
1300	0.4
1305	2.09543313315
1310	1.3012013148
1315	0.4
1320	1.28047805145
1325	19.6810591361
1330	21.8549797117
1335	6.82926837231
1340	11.4603747732
1345	10.0761221446
1350	0.4
1355	0.4
1360	0.4
1365	0.4
1370	2.25393195752
1375	6.95187404268
1380	11.075052011
1385	9.25097432908
1390	4.93501865572
1395	3.60496038255
1400	4.27048328174
1405	8.08331738354
1410	9.79416929379
1415	0.4
1420	7.18991406922
1425	5.37134964663
1430	9.21553793574
1435	18.9354682586
1440	6.97518083875
1445	0.4
1450	0.4
1455	1.66027356013
1460	0.4
1465	1.75380494127
1470	9.15723111934
1475	15.9691241539
1480	0.896144738022
1485	4.26334159058
1490	5.56134165622
1495	10.8373176279
1500	28.6626659949
1505	6.07807272667
1510	9.42066687602
1515	20.3469919158
1520	7.19228829944
1525	7.81601413584
1530	8.6481978308
1535	1.79744756023
1540	11.5252021667
1545	5.45882164767
1550	11.2674315047
1555	3.58802890114
1560	7.67660774997
1565	4.85429120131
1570	7.2850855269
1575	8.90774281977
1580	2.59494353762
1585	6.47174881387
1590	1.19163484453
1595	5.10481241792
1600	9.16837433034
1605	7.50539299862
1610	8.1867306346
1615	8.48530809994
1620	6.30756144489
1625	9.54684660462
1630	0.4
1635	0.4
1640	0.4
1645	4.63739941545
1650	4.76817914787
1655	6.40655684674
1660	0.624727731968
1665	11.6332869154
1670	4.54328846017
1675	13.9059295677
1680	2.20255743401
1685	1.11310858104
1690	8.80106422222
1695	12.6348864751
1700	0.4
1705	4.05636592589
1710	4.97893997472
1715	9.52410408648
1720	4.69727443397
1725	9.97803075487
1730	0.4
1735	11.1920044121
1740	10.1744659676
1745	6.27118189164
1750	10.0307019478
1755	11.5503173924
1760	14.7964330555
1765	4.58102159318
1770	7.42055691497
1775	0.4
1780	0.4
1785	9.09759170794
1790	9.47499640018
1795	12.7616811354
1800	10.347454265
1805	9.9575596245
1810	12.1875323641
1815	6.16086791856
1820	5.53308663045
1825	1.58562835
1830	9.67063182475
1835	5.38838057248
1840	6.68256594453
1845	11.5545457557
1850	6.79930786575
1855	0.4
1860	10.2221233933
1865	3.66632509285
1870	10.3156273599
1875	6.66813093316
1880	6.92395687323
1885	0.4
1890	14.9872293019
