0	3.36480522701
5	1.50883519076
10	2.34445980826
15	1.50254666431
20	0.4
25	0.4
30	2.99193431573
35	2.75135698206
40	1.79323928923
45	4.67712766945
50	3.34750060694
55	4.95324074798
60	0.4
65	0.4
70	0.4
75	0.4
80	0.4
85	0.4
90	2.51703500736
95	0.4
100	6.22294548772
105	0.4
110	6.74018656888
115	2.3382828044
120	3.73790944016
125	2.28957729589
130	0.4
135	0.4
140	0.4
145	2.87930869485
150	0.476043664127
155	3.22725739554
160	0.4
165	4.49989779644
170	0.4
175	2.61862370475
180	0.4
185	3.18045112095
190	1.14331643834
195	1.52732227141
200	2.31504236443
205	0.4
210	1.45957744891
215	0.4
220	0.4
225	2.29698775559
230	0.4
235	4.11644327605
240	0.4
245	0.4
250	6.69002640038
255	1.7342269724
260	0.4
265	0.4
270	0.4
275	0.4
280	2.00898368788
285	2.08645671722
290	1.87730611437
295	2.09398984792
300	1.17373905468
305	1.74656658008
310	1.46942352218
315	0.4
320	0.4
325	3.10201976035
330	2.09810518726
335	0.4
340	0.4
345	4.67729411635
350	2.26666352401
355	0.4
360	3.9680144869
365	1.70280363626
370	3.02771847438
375	0.4
380	0.780942111645
385	0.4
390	0.4
395	0.4
400	0.44495391074
405	0.4
410	0.4
415	0.936389631402
420	2.99376645857
425	2.82139351642
430	0.4
435	3.38324143889
440	1.58292299018
445	2.71805459324
450	0.4
455	2.79992431774
460	2.47685569126
465	0.649475692609
470	2.5917252483
475	3.21148827881
480	0.4
485	0.4
490	0.577585474048
495	4.15153604491
500	0.4
505	1.96487100251
510	2.75955616478
515	2.08176963614
520	1.29911731895
525	0.4
530	2.19545900431
535	0.4
540	1.35029309598
545	0.4
550	1.93427008872
555	1.35078971457
560	0.4
565	1.62519807532
570	1.4919599684
575	0.4
580	5.45277775388
585	0.4
590	0.87479108516
595	2.17799573123
600	0.4
605	4.39839835169
610	1.58455150254
615	0.485747699222
620	0.4
625	0.4
630	2.63038438836
635	3.73087696099
640	3.32769352137
645	2.08686435085
650	2.74688518115
655	1.98431936701
660	0.713946806329
665	0.4
670	3.47369911519
675	0.4
680	1.65873113201
685	0.4
690	0.4
695	0.4
700	4.60094197547
705	0.546524340236
710	0.4
715	4.1789470419
720	0.4
725	1.35695497545
730	3.63398567292
735	0.4
740	0.4
745	1.40078043757
750	1.30699493305
755	1.92042579059
760	0.4
765	0.646527605517
770	4.79912426393
775	0.4
780	2.21442503407
785	0.4
790	0.4
795	0.4
800	2.74971457947
805	1.10425583166
810	0.4
815	3.33374094024
820	0.851909754163
825	2.68388557281
830	0.4
835	0.4
840	0.4
845	2.05592319862
850	1.58952401669
855	0.4
860	0.4
865	4.73698185263
870	0.4
875	0.4
880	0.4
885	1.78094765706
890	0.4
895	0.4
900	0.4
905	0.4
910	0.405136862731
915	0.4
920	7.39461461635
925	4.61838785072
930	0.512311754811
935	0.4
940	1.42635443564
945	1.73114240889
950	0.696502827046
955	0.4
960	1.1438582183
965	1.95692355007
970	1.44079249027
975	0.4
980	0.4
985	0.4
990	0.4
995	0.4
1000	3.89764535399
1005	0.4
1010	0.4
1015	0.4
1020	5.4616033497
1025	1.51097474741
1030	0.432957284801
1035	1.35541158703
1040	3.00936761534
1045	0.4
1050	0.428108063861
1055	2.13807995791
1060	0.4
1065	1.04152774167
1070	0.4
1075	1.75605379585
1080	1.96126732186
1085	0.4
1090	0.873126464744
1095	2.46103234495
1100	1.60690430552
1105	0.4
1110	0.887151654562
1115	4.25926662764
1120	1.57671139144
1125	3.55977956753
1130	0.891798070794
1135	3.77261345283
1140	1.93793131914
1145	0.4
1150	1.1406008454
1155	0.99299966276
1160	2.9454167205
1165	0.4
1170	6.54947929789
1175	2.28594493669
1180	3.07963367134
1185	0.4
1190	0.4
1195	0.4
1200	0.4
1205	1.00754735981
1210	0.42588404005
1215	0.4
1220	0.4
1225	2.87834596128
1230	0.4
1235	0.4
1240	1.0138510272
1245	1.41000645942
1250	0.4
1255	0.4
1260	1.06608357011
1265	1.59305349057
1270	0.4
1275	0.4
1280	2.21546605636
1285	1.18812759308
1290	1.08809993145
1295	1.15977178582
1300	1.76950097242
1305	0.4
1310	0.4
1315	0.4
1320	0.809475997361
1325	1.49150200236
1330	0.4
1335	0.4
1340	0.4
1345	1.40172379412
1350	0.4
1355	3.11584756434
1360	0.4
1365	0.4
1370	0.4
1375	3.14447579163
1380	1.32208664784
1385	4.86246203526
1390	0.4
1395	1.30875084075
1400	3.67286638742
1405	0.4
1410	1.95153669383
1415	1.12784507172
1420	0.4
1425	2.32071827222
1430	0.4
1435	0.907221598812
1440	3.80280531467
1445	0.4
1450	0.444249913838
1455	0.4
1460	5.02503534956
1465	0.53924521822
1470	0.4
1475	0.920844838159
1480	0.4
1485	3.66580672357
1490	1.93764122737
1495	1.48567262928
1500	0.648885680165
1505	0.4
1510	3.08984392427
1515	2.71151911975
1520	0.482893445082
1525	0.4
1530	0.4
1535	0.4
1540	1.5935151552
1545	0.4
1550	0.4
1555	0.4
1560	1.32417766391
1565	3.99927883695
1570	0.4
1575	0.4
1580	0.4
1585	7.81807983923
1590	2.55254605808
1595	0.90934395411
1600	0.4
1605	1.03173751527
1610	0.4
1615	0.4
1620	1.70673020183
1625	1.90969536864
1630	2.58772716946
1635	4.47797872928
1640	2.16684783654
1645	0.4
1650	0.4
1655	0.681508520371
1660	3.12454637925
1665	2.39428948377
1670	3.82031136188
1675	2.53152592461
1680	0.548249155004
1685	2.85833666515
1690	0.4
1695	1.59305797897
1700	4.60213196567
1705	0.4
1710	2.60809777716
1715	1.1340665461
1720	0.4
1725	2.55421462582
1730	2.09862794979
1735	0.4
1740	1.70207251762
1745	0.908629600381
1750	3.46742905241
1755	3.45901919828
1760	1.14956304052
1765	0.4
1770	0.4
1775	0.4
1780	1.36035859156
1785	3.54477448489
1790	5.02860226428
1795	3.67036977249
1800	0.4
1805	1.06896786648
1810	0.494279313153
1815	2.35017682161
1820	4.96676206081
1825	3.9648303494
1830	0.4
1835	1.57618098743
1840	0.4
1845	0.4
1850	1.14106302636
1855	0.877896249462
1860	2.47426824987
1865	0.893126177071
1870	2.49809101799
1875	3.26348900965
1880	0.78025460475
1885	0.606560895681
1890	3.67014185952
1895	0.4
1900	0.802676104563
1905	1.88228353487
1910	3.84050881393
1915	0.4
1920	0.732903593707
1925	5.27682379156
1930	1.572402549
1935	6.51770749524
1940	1.29993231133
1945	0.4
