0	0.707046655747
5	0.4
10	0.4
15	0.4
20	0.4
25	0.468812888873
30	0.4
35	0.4
40	0.4
45	0.4
50	0.4
55	0.816351403233
60	0.4
65	0.4
70	0.4
75	0.4
80	1.45158574765
85	0.842588230176
90	1.39294370571
95	0.517348771401
100	0.4
105	0.787477858703
110	0.4
115	0.4
120	1.36984236366
125	0.4
130	0.4
135	0.759301404974
140	0.4
145	0.707133981974
150	0.4
155	0.489487524477
160	0.4
165	1.67009000497
170	0.778312603054
175	0.4
180	0.892820263769
185	0.4
190	0.4
195	0.592612864227
200	0.656703714049
205	1.54270727998
210	0.76377835126
215	0.890435018257
220	1.41129684949
225	0.4
230	0.4
235	0.898580619026
240	0.802716562367
245	0.4
250	0.4
255	0.914723043766
260	1.03293992526
265	0.4
270	0.4
275	0.971316032238
280	0.64175735159
285	0.4
290	1.33808100213
295	0.4
300	0.4
305	0.58405375781
310	0.4
315	0.4
320	0.4
325	0.548585507642
330	2.57397454771
335	0.40758355168
340	0.866075911946
345	0.4
350	0.4
355	0.4
360	0.4
365	1.40072462395
370	0.4
375	0.864885195425
380	0.755764270413
385	0.4
390	0.4
395	0.773350680541
400	1.56921128139
405	0.4
410	0.4
415	2.01260759925
420	1.72151196262
425	0.871307067763
430	1.11707985748
435	0.639775582696
440	0.688507062568
445	0.4
450	0.4
455	0.4
460	1.09542687822
465	0.904451968374
470	0.826998194161
475	0.467707066674
480	1.21546150327
485	0.4
490	0.4
495	0.913342644005
500	1.166950122
505	0.4
510	0.4
515	1.17326788107
520	0.509439932065
525	0.4
530	0.4
535	0.4
540	0.870905163448
545	0.453106436098
550	0.530062557685
555	0.88642905098
560	0.4
565	0.853075029857
570	2.06800951366
575	1.43324708151
580	0.4
585	0.4
590	0.4
595	0.596074183179
600	0.849239989476
605	0.625356871515
610	0.564625933796
615	0.77091637547
620	0.4
625	0.4
630	0.800995682683
635	0.566025196081
640	0.4
645	0.4
650	0.4
655	0.4
660	0.4
665	0.630595131865
670	0.623331096256
675	1.09257022805
680	0.4
685	1.40890817456
690	0.406407064489
695	0.4
700	0.722381631531
705	0.495497314254
710	0.4
715	1.48821766932
720	1.05835150771
725	0.618957509356
730	0.450923151154
735	0.750892712816
740	0.4
745	0.4
750	0.4
755	0.850594593795
760	0.4
765	0.4
770	0.4
775	0.4
780	0.4
785	0.4
790	0.4
795	0.4
800	0.634983700168
805	1.33991152972
810	0.4
815	0.4
820	1.30675418703
825	0.569194022228
830	1.04110510411
835	0.480454227212
840	0.4
845	1.58606370537
850	1.23597116694
855	0.699617500541
860	0.4
865	0.594751821196
870	0.4
875	1.58905821871
880	0.890684332007
885	0.996048422751
890	0.4
895	0.905521258542
900	0.4
905	0.461402666884
910	0.964438522728
915	0.476210612095
920	0.476605318479
925	0.713708927341
930	0.4
935	0.738323033699
940	0.4
945	1.02672116633
950	0.898115009645
955	0.4
960	0.4
965	0.791109775011
970	0.4
975	0.4
980	1.03119993026
985	1.34049400192
990	0.727777644097
995	0.4
1000	1.69602777798
1005	1.68271891567
1010	0.4
1015	0.4
1020	0.4
1025	0.417148365647
1030	1.39772936831
1035	0.4
1040	0.521173868015
1045	0.61014070929
1050	1.50734033407
1055	0.916325959326
1060	0.669331259905
1065	0.883418450851
1070	0.4
1075	0.83167123916
1080	0.4
1085	0.4
1090	0.656981403376
1095	0.4
1100	0.843513159927
1105	0.4
1110	0.577829044697
1115	0.4
1120	1.0566656502
1125	0.4
1130	0.635137446346
1135	0.792497745609
1140	0.4
1145	1.25368701982
1150	0.4
1155	0.4
1160	0.4
1165	0.4
1170	0.4
1175	1.10944003556
1180	0.585569482164
1185	1.61168091233
1190	0.508848895181
1195	0.4
1200	0.454587783582
1205	2.19860167821
1210	0.4
1215	0.4
1220	0.493641800785
1225	0.4
1230	1.10927900141
1235	0.4
1240	0.4
1245	0.4
1250	0.4
1255	0.4
1260	0.4
1265	0.4
1270	0.4
1275	0.4
1280	0.537041107106
1285	0.4
1290	0.4
1295	0.618725377294
1300	0.917194479919
1305	0.4
1310	0.4
1315	0.4
1320	1.73410021509
1325	0.4
1330	0.726324084732
1335	0.536430479631
1340	0.535049008975
1345	2.66526510291
1350	0.4
1355	0.4
1360	1.21091088348
1365	0.4
1370	0.4
1375	0.4
1380	0.4
1385	0.4
1390	1.04191992993
1395	0.4
1400	0.4
1405	1.74151396377
1410	0.4
1415	0.750154627936
1420	0.4
1425	0.4
1430	0.4
1435	0.4
1440	0.4
1445	0.45646613161
1450	0.4
1455	0.990257385944
1460	0.4
1465	0.47865905221
1470	0.4
1475	0.4
1480	0.4
1485	0.759985435473
1490	0.4
1495	0.4
