0	3.0421207918
5	1.52552941782
10	1.71712576707
15	2.29388926921
20	1.49599972009
25	0.928223537663
30	0.858253092983
35	3.55254866406
40	0.51379081978
45	1.3495734101
50	2.18460803945
55	0.4
60	1.79703951281
65	2.89839910671
70	0.4
75	1.12701298594
80	2.95398021967
85	2.27644782461
90	2.78838432008
95	1.97458547954
100	1.99932280673
105	3.01411207369
110	1.14330206198
115	0.4
120	1.4362963781
125	2.10827702176
130	1.0445742668
135	2.93826024229
140	1.67643270735
145	0.4
150	1.68027903964
155	0.4
160	0.4
165	0.4
170	1.62488187943
175	2.49276559472
180	1.61108943075
185	0.4
190	0.4
195	2.8003951572
200	1.91368765402
205	0.4
210	1.06271767304
215	0.4
220	1.38188416086
225	0.4
230	1.39698304007
235	0.986522054595
240	4.58273091968
245	2.23825600466
250	4.13522674457
255	0.4
260	0.4
265	2.43328401776
270	3.12712738014
275	2.51848588424
280	2.90686022819
285	1.36357216432
290	2.00686105867
295	1.90659608924
300	0.605949370735
305	2.0809375097
310	2.33146968639
315	1.57431249467
320	1.49743449681
325	0.4
330	7.26815897475
335	0.683152861666
340	2.11392921261
345	3.49787029362
350	2.11758635988
355	5.65110819673
360	4.80473424525
365	0.4
370	0.424092649607
375	0.425191134926
380	0.446012940963
385	3.00130899313
390	1.15050781748
395	1.10564312265
400	2.17465208003
405	2.69275942696
410	2.54662636105
415	0.444261276107
420	1.64935162682
425	4.52335279289
430	2.32477091501
435	1.43938468048
440	4.30466064034
445	3.15556760414
450	1.05342482249
455	2.59556245201
460	2.02485125745
465	3.2917447972
470	2.50342281807
475	1.03500971279
480	4.89780154988
485	3.29349044266
490	0.650134901274
495	0.4
500	0.4
505	2.3488215983
510	3.16935265885
515	0.657192986852
520	1.09190839747
525	3.3809196326
530	1.3273863141
535	2.72402667639
540	0.4
545	3.72666729842
550	2.71632081541
555	0.476556754374
560	2.96701724429
565	0.4
570	4.2275867039
575	3.55005925193
580	1.42267276808
585	1.05107595689
590	2.0270114683
595	0.576819146005
600	6.95995173026
605	3.99549896948
610	5.0031797079
615	1.66276689347
620	3.44576847076
625	0.4
630	0.960445627579
635	3.83575907616
640	0.4
645	1.74725302469
650	0.4
655	2.95424816345
660	0.4
665	1.18128915119
670	0.454327504538
675	4.82401966636
680	0.4
685	1.83068662525
690	0.557922584356
695	0.4
700	2.24537386579
705	1.45015393159
710	0.4
715	1.91690542176
720	5.7307225806
725	1.567080651
730	2.70464959318
735	3.16989091179
740	0.4
745	5.31499500916
750	0.4
755	1.97519134786
760	0.4
765	0.4
770	2.26774832022
775	0.4
780	2.2983816572
785	2.94705012685
790	3.65864624895
795	1.35842610874
800	1.12339518277
805	0.820869384392
810	0.659345598841
815	1.30879198056
820	1.18192297241
825	2.58485765701
830	2.35861211684
835	2.54624146338
840	1.88398124455
845	1.50366016861
850	3.31204682376
855	1.58827072671
860	1.81280061507
865	2.63299374589
870	0.776137117431
875	1.39684284564
880	0.825420092575
885	1.68949990552
890	1.52387739002
895	2.06026107315
900	0.818813584462
905	1.65496390765
910	2.99293402601
915	1.24839266588
920	1.14829210327
925	1.31888309148
930	3.58201848729
935	2.78623041954
940	3.66100357682
945	3.24558996034
950	0.4
955	1.57090267804
960	0.4
965	3.06205914948
970	1.95889294176
975	3.10604523471
980	0.4
985	2.15415816777
990	3.9024528879
995	1.39554779011
1000	1.03342736458
1005	1.71966796469
1010	2.72842802868
1015	1.50542756153
1020	2.94206124275
1025	2.61453488802
1030	2.4603270233
1035	2.83794735551
1040	2.21021184844
1045	2.6391645946
1050	2.72041006829
1055	0.4
1060	1.09889799051
1065	1.60147430294
1070	1.18916516238
1075	2.26815206071
1080	2.77123865545
1085	1.76244099852
1090	1.61833438784
1095	4.21172613567
1100	3.91499965932
1105	0.4
1110	1.43729459514
1115	2.51734348109
1120	3.26320864582
1125	0.4
1130	1.97733423828
1135	0.4
1140	6.70382575248
1145	0.4
1150	3.43339010808
1155	1.29945533027
1160	3.30578967903
1165	2.22153332447
1170	0.4
1175	2.05188143442
1180	2.48703748034
1185	5.64176875605
1190	1.33835895833
1195	1.09302287487
1200	3.57974322084
1205	3.92257414596
1210	2.98359650351
1215	1.56911051436
1220	4.55991830183
1225	0.4
1230	0.4
1235	2.38455552683
1240	2.11823870087
1245	0.685637310634
1250	2.27957759642
1255	0.4
1260	0.571115325497
1265	1.880307611
1270	1.11948979977
1275	5.74188548295
1280	0.4
1285	1.37328704696
1290	2.22234485346
1295	4.08749169909
1300	2.97250208083
1305	0.792826360956
1310	0.4
1315	2.07357267144
1320	0.4
1325	2.26881456118
1330	3.13126197716
1335	3.97649067644
1340	0.605771525757
1345	1.05025338132
1350	1.79741180952
1355	2.47359514966
1360	5.39160232266
1365	2.41330115339
1370	2.35276445353
1375	1.80566759104
1380	3.21450121482
1385	0.482300166068
1390	2.64950487678
1395	1.83731514226
1400	0.708630253451
1405	2.34130227052
1410	1.54091003711
1415	1.54456333642
1420	5.32825799697
1425	1.02186083899
1430	1.49631675975
1435	0.4
1440	0.4
1445	3.26996261758
1450	1.50797568945
1455	0.4
1460	0.958007387378
1465	4.46582896962
1470	3.54769700189
1475	1.4194806744
1480	4.20076728837
1485	6.43121948817
1490	2.62100487614
1495	0.4
1500	4.31784202926
1505	1.30591828947
1510	2.19060332463
1515	2.80728716117
1520	1.83937048168
1525	2.1199532847
1530	3.6097392996
1535	2.46318607123
1540	1.79083356244
1545	0.4
1550	1.34381381711
1555	3.68979281491
1560	4.94075600793
1565	1.94510480809
1570	0.981639742663
1575	3.05634275997
1580	1.18324394713
1585	3.82918053855
1590	2.30899572721
1595	3.50627440576
1600	2.76753889044
1605	1.80664408918
1610	4.49170802134
1615	3.02605690559
1620	3.55566959973
1625	0.4
1630	3.06124805883
1635	0.4
1640	2.29168450127
1645	4.94114298663
1650	2.05570220575
1655	2.29186309017
1660	1.78771000898
1665	4.04439906438
1670	4.62153517209
1675	3.80894113545
1680	2.45497594903
1685	2.06089073826
1690	1.39839485287
1695	3.11018885247
1700	0.4
1705	1.72400988373
1710	1.24933369385
1715	2.41302347692
1720	1.78658487531
1725	2.01237009948
1730	3.81094458756
1735	3.82677000955
1740	0.936974113468
1745	3.19117366702
1750	0.4
1755	1.64849319159
1760	3.22816954797
1765	1.87522839034
1770	0.4
1775	1.37455852283
1780	1.02246661052
1785	1.41310311909
1790	1.54941230802
1795	0.533639123287
