0	0.4
5	11.8248128318
10	9.43906557892
15	2.19946529014
20	1.33076586955
25	3.61914097585
30	1.95015356351
35	5.20325233233
40	6.86402483062
45	0.4
50	0.4
55	1.96586942964
60	0.4
65	3.17608176678
70	3.25444486417
75	5.4968580596
80	5.17549263802
85	0.4
90	4.91428744484
95	0.4
100	3.79947492081
105	0.4
110	2.30511599413
115	1.79825458396
120	2.68430404048
125	1.20213312292
130	1.95567816205
135	5.97715879706
140	10.6331285184
145	3.31939162589
150	1.73437737028
155	3.84633024357
160	3.00354239783
165	7.90411706269
170	7.48062541452
175	0.641370507701
180	8.24452180949
185	3.45381245895
190	0.4
195	1.05372668695
200	0.4
205	6.60731048866
210	7.26693625963
215	2.48405647733
220	3.53008003662
225	0.4
230	3.78859600264
235	1.56332240391
240	0.4
245	1.22083045511
250	5.86534185808
255	2.84292015449
260	5.21247811895
265	4.9805783138
270	3.37681800598
275	0.4
280	0.4
285	5.66409983943
290	0.652925038396
295	3.74777248649
300	5.21600595046
305	4.61702927797
310	0.401790287743
315	0.998198205582
320	3.65959336254
325	5.57906533774
330	0.4
335	7.72661569885
340	0.771930704896
345	3.9388455001
350	3.76570481516
355	2.31805607086
360	3.34861748074
365	0.4
370	2.61221297372
375	4.11594452908
380	1.98616744445
385	9.71842776593
390	4.40912724752
395	0.4
400	6.17402500562
405	6.05256092434
410	1.95159420815
415	0.4
420	0.4
425	6.60409515825
430	0.4
435	4.29458089413
440	7.57297396871
445	0.4
450	1.66712293697
455	5.2625669982
460	2.01072168712
465	0.4
470	9.77836935816
475	2.88780831762
480	4.64749944305
485	4.79618109078
490	0.637174498031
495	8.46948543029
500	3.75564836666
505	1.5098602019
510	0.4
515	0.4
520	1.43600012879
525	4.60083354192
530	6.89197833806
535	2.29962169761
540	3.38873443631
545	4.90926082097
550	3.91004430412
555	0.407853796957
560	2.94166410204
565	0.4
570	0.4
575	12.433567839
580	1.25997604704
585	2.74085364713
590	2.57098063405
595	2.87959249759
600	5.41902236443
605	1.42622070318
610	0.4
615	5.65120830113
620	0.4
625	14.1778415211
630	1.53850060072
635	7.99925836594
640	8.0497000719
645	1.84106986032
650	1.78406974025
655	6.3242944747
660	1.3804117493
665	0.4
670	1.94741444483
675	4.40343385435
680	0.716126544296
685	0.806068291753
690	3.90485109339
695	4.54461298786
700	3.91420547648
705	2.19626824741
710	3.94435453603
715	0.4
720	7.32894148515
725	0.466061043311
730	4.20383825904
735	0.4
740	7.12087362781
745	2.12306064938
750	3.22789455877
755	0.4
760	8.12906666943
765	3.64057312885
770	6.24150608698
775	1.37344902067
780	0.4
785	1.66024284375
790	3.96244118806
795	0.4
800	0.4
805	0.911070700154
810	0.4
815	10.7989307009
820	5.38886523072
825	5.66718578371
830	10.0397625689
835	2.18738119573
840	2.02445960725
845	1.4962412408
850	6.66721147575
855	5.5045521176
860	1.28556741034
865	3.69670206565
870	2.09774165997
875	0.4
880	0.4
885	6.23172331246
890	4.08577580649
895	3.53866505812
900	0.4
905	3.07545366579
910	0.4
915	2.82149427901
920	1.61224717126
925	0.4
930	2.59687737597
935	7.69098698113
940	3.44634531091
945	3.5587190936
950	2.54471427258
955	0.4
960	1.69032209957
965	0.4
970	2.69495097578
975	3.11750271501
980	0.4
985	4.13873403493
990	0.4
995	3.12230380401
1000	0.4
1005	3.87546853001
1010	0.4
1015	5.81695738195
1020	3.20568164549
1025	4.52006541663
1030	0.4
1035	2.64959734913
1040	0.4
1045	2.56853160972
1050	0.4
1055	2.08182960162
1060	5.09371031731
1065	1.73144303999
1070	3.68356937545
1075	4.13675423982
1080	5.05089426993
1085	1.27360837629
1090	0.625183293898
1095	0.4
1100	4.19564309
1105	3.53308693841
1110	0.4
1115	5.35569134202
1120	1.66934798928
1125	0.4
1130	0.4
1135	10.4322161995
1140	0.4
1145	0.4
1150	0.4
1155	6.20851203823
1160	3.71379110035
1165	4.14157427107
1170	5.55212439235
1175	0.936938400506
1180	4.90919185076
1185	0.4
1190	4.47271002893
1195	7.33717553808
1200	4.45125586429
1205	1.21751956993
1210	0.4
1215	4.71937160636
1220	1.60784621341
1225	4.20651467935
1230	0.4
1235	4.43625264448
1240	1.97719029381
1245	6.29431419217
1250	5.90974767392
1255	3.31444151991
1260	8.47335153802
1265	8.09173566234
1270	4.35930549626
1275	2.66751438248
1280	10.1802019039
1285	2.19744018713
1290	1.84548434054
1295	0.4
1300	2.91221879996
1305	3.00564555164
1310	5.955214011
1315	5.37813557865
1320	3.2292904588
1325	0.4
1330	3.174116978
1335	5.79154715068
1340	4.52358975462
1345	2.98177242616
1350	4.80669454656
1355	3.47783906991
1360	0.4
1365	5.41257138119
1370	13.3758765484
1375	0.57235760339
1380	11.8836023068
1385	11.9491511127
1390	6.04636874088
1395	4.12795546569
1400	0.651368613945
1405	2.37263298861
1410	2.93750013923
1415	9.68100358925
1420	9.45578985837
1425	0.4
1430	3.36371165233
1435	6.48051040325
1440	3.80873236022
1445	2.17376833949
1450	5.00318658445
1455	3.67361693216
1460	3.24910354209
1465	7.08991684624
1470	1.07031899624
1475	0.4
1480	1.23127618015
1485	0.4
1490	3.62862521237
1495	2.86101833146
1500	3.76650828275
1505	0.4
1510	3.55195269718
1515	0.817548587507
