0	0.991990140799
5	0.429767680192
10	2.18864699373
15	0.79360451446
20	1.28979134506
25	1.29537140209
30	0.674256404196
35	2.5521102587
40	1.45520486101
45	0.510155871238
50	2.16332074686
55	0.491646227487
60	0.4
65	0.4
70	0.845322414438
75	2.28421551159
80	0.935796295357
85	0.472292120236
90	1.09486747627
95	1.7983819105
100	0.748148111767
105	2.00948431533
110	0.4
115	3.14694336173
120	1.78217340855
125	0.566310618311
130	2.38462862357
135	3.09082109822
140	1.26393153319
145	0.65013021181
150	0.561109876203
155	3.75495215947
160	1.66081681151
165	0.4
170	2.21642967931
175	1.7019354032
180	0.4
185	0.4
190	1.55286568089
195	0.589924520362
200	2.69311055081
205	1.84774416436
210	0.4
215	1.49047711257
220	2.21601512298
225	2.90166933535
230	0.629469607396
235	1.23771370749
240	2.12175053585
245	0.4
250	2.22292725726
255	2.5782315757
260	3.56851180253
265	1.17003260997
270	2.25844857755
275	2.1181903621
280	1.00060624543
285	1.53572717413
290	0.617314403426
295	0.4
300	2.40962106015
305	1.91166346889
310	1.39535847346
315	1.83679717947
320	2.14711446839
325	0.4
330	0.4
335	0.4
340	2.22816061372
345	0.4
350	0.4
355	0.4
360	1.0610670988
365	1.14722846641
370	1.57791705673
375	1.5012034595
380	1.43617546583
385	0.4
390	1.26095250349
395	1.31583616194
400	1.66241276823
405	2.65065685063
410	1.51390349329
415	0.4
420	1.1733112999
425	2.68904259562
430	0.403828280418
435	1.76293614333
440	2.635998644
445	1.86908484555
450	0.497693500367
455	0.57673331953
460	0.724761974345
465	1.00944645847
470	0.4
475	1.3314779207
480	0.449983745843
485	2.4619166578
490	0.75516608406
495	3.11087028206
500	2.42919276907
505	1.44841005658
510	0.4
515	0.4
520	1.72472513214
525	0.4
530	0.917696504751
535	0.4
540	1.72543230815
545	1.36281784722
550	0.4
555	1.27857140671
560	0.4
565	1.04610952345
570	0.809372476335
575	0.4
580	2.94159807017
585	2.933455861
590	4.45819660783
595	1.47154799731
600	2.36880869456
605	0.446183464382
610	2.08456695229
615	0.4
620	2.64318523342
625	1.76450187906
630	0.4
635	0.500168715487
640	1.57020977134
645	0.4
650	2.92008044551
655	0.981540320496
660	1.54253185411
665	1.58174258888
670	1.8349864129
675	2.32227944421
680	0.401297564651
685	0.4
690	0.960188648634
695	1.92887975156
700	1.44145507342
705	2.49597760319
710	2.61145676606
715	1.1980872173
720	1.26969853641
725	2.40042275327
730	2.86634666996
735	2.58040277467
740	2.30135859455
745	0.852173213431
750	0.4
755	0.793481378865
760	0.4
765	0.857127646303
770	0.888478038095
775	2.58403406463
780	1.15200573355
785	0.4
790	1.05601774138
795	0.665071211409
800	3.16287045972
805	2.32197929518
810	3.29887634548
815	0.981412507751
820	0.4
825	0.432574427872
830	0.4
835	1.37972653413
840	3.19087355151
845	3.11231897756
850	1.61755983926
855	2.60820002886
860	2.95539960836
865	0.583810864838
870	0.47350058493
875	1.7069410455
880	3.08057262686
885	1.3092185692
890	1.29548181987
895	0.4
900	0.4
905	2.11891012922
910	1.6153097826
915	0.4
920	0.4
925	0.585719444402
930	1.08224498846
935	1.49174729536
940	0.4
945	0.4
950	1.55937506618
955	2.89754570801
960	0.459906067272
965	0.954179900298
970	1.93956488905
975	0.4
980	0.4
985	2.03981096642
990	3.19486886353
995	1.67821874704
1000	1.93107506873
1005	1.53922407348
1010	0.625603290833
1015	0.87278086575
1020	3.65147942481
1025	2.52895074052
1030	3.28402005141
1035	1.55062265518
1040	1.56830829315
1045	1.60647771781
1050	1.80706146284
1055	2.13758761933
1060	2.5483548574
1065	5.0432574677
1070	1.7795056556
1075	2.25310414321
1080	1.37632225809
1085	1.73824339896
1090	2.63335792614
1095	0.897842834546
1100	1.26306033342
1105	0.4
1110	2.63861275748
1115	1.85177359266
1120	1.2242808584
1125	2.04200598989
1130	2.24885700966
1135	1.77615671401
1140	0.816840011084
1145	0.838252095487
1150	1.73099537433
1155	0.4
1160	0.715645626002
1165	1.33478890419
1170	1.17298124519
1175	0.705268045693
1180	1.34407258926
1185	0.4
1190	1.85818511564
1195	2.5026849488
1200	0.4
1205	0.4
1210	0.919416422282
1215	0.410399573684
1220	1.90008144259
1225	1.5466893426
1230	2.29351808149
1235	0.4
1240	0.4
1245	0.4
1250	0.4
1255	0.815511357733
1260	0.4
1265	0.4
1270	0.677357230488
1275	1.42869940218
1280	0.732668747354
1285	1.00798194583
1290	0.4
1295	0.668172946053
1300	1.39930880392
1305	0.410366284794
1310	3.4735603761
1315	0.4
1320	1.03476014826
1325	1.70882230552
1330	0.4
1335	3.11957667678
1340	1.51248654381
1345	1.98265352131
1350	2.15660517857
1355	1.32741545153
1360	3.93483707881
1365	0.4
1370	1.66493387923
1375	1.0244220237
1380	1.16044614197
1385	0.4
1390	1.67308395154
1395	2.85429215397
1400	0.4
1405	1.37231030844
1410	1.45996475712
1415	0.671539886559
1420	1.47670923731
1425	0.4
1430	1.78570652148
1435	0.794707006997
1440	1.71281072124
1445	1.61167378712
1450	0.4
1455	1.49621219043
1460	2.50457474243
1465	1.25502837729
1470	0.726829896838
1475	0.645123482071
1480	1.0977361166
1485	0.4
1490	2.01059348076
1495	1.95631022644
1500	2.64658254348
1505	0.431459550738
1510	0.87866271827
1515	1.50264807029
1520	2.89537048844
1525	0.4
1530	0.771295497222
1535	2.58046061558
1540	1.76114105765
1545	3.92709339525
1550	0.541047009383
1555	1.92262796228
1560	2.39566147794
1565	1.01456824203
1570	0.4
1575	3.46230020201
1580	0.4
1585	0.564746271935
1590	1.29746485452
1595	1.74387015967
1600	0.4
1605	0.4
1610	1.10162336497
1615	1.23856968077
1620	1.29930071872
1625	1.23941883502
1630	1.03808319384
1635	2.95405054605
1640	0.4
1645	2.57511993121
1650	0.4
1655	1.26298067369
1660	0.661446432091
1665	1.01371565119
1670	0.898626342161
1675	0.750085137659
1680	3.04832491984
1685	1.67196340869
1690	1.50550645179
1695	2.50612968051
1700	0.4
1705	1.53955536475
1710	1.57996340909
1715	1.94067945733
1720	1.33793806011
1725	4.67841041555
1730	3.48560668279
1735	1.04482588563
1740	1.63210108411
1745	1.52372726542
1750	0.924858862383
1755	0.518481477177
1760	1.88890845563
1765	0.524485499407
1770	1.91108867838
1775	1.41518955498
1780	2.15339141748
