0	1.69442316696
5	0.649000418802
10	1.15284955327
15	0.4
20	2.75386891796
25	0.4
30	0.458932873961
35	0.4
40	1.03009740142
45	1.90788810171
50	0.4
55	1.33964903457
60	3.23129984303
65	2.01668808717
70	0.4
75	1.51321322368
80	0.4
85	1.08964100146
90	0.4
95	0.4
100	0.671308064946
105	1.1808697547
110	0.4
115	0.4
120	0.4
125	1.04443018999
130	1.66640088121
135	0.448735097395
140	0.4
145	0.4
150	0.4
155	0.4
160	1.69418248708
165	1.5503577905
170	2.75492349335
175	0.930709973766
180	0.4
185	0.4
190	1.23271213605
195	1.08200751715
200	0.489885154759
205	0.4
210	0.69836640906
215	0.4
220	0.880556578461
225	1.19373836207
230	2.48653521016
235	1.62996156841
240	1.40155981383
245	0.508634360089
250	0.4
255	0.951235614561
260	0.944375035887
265	2.14565996408
270	0.4
275	0.4
280	0.607955207691
285	0.4
290	1.21962757481
295	1.03935434904
300	0.783621028101
305	1.75749127676
310	0.565619610125
315	0.4
320	1.38568430816
325	0.4
330	2.06406636624
335	1.07213177419
340	0.534511463644
345	0.720794470356
350	1.83067574538
355	0.752063333273
360	1.37778220666
365	0.944682462249
370	0.633694470445
375	0.526649264093
380	0.4
385	4.6912440932
390	0.4
395	1.35150157638
400	0.4
405	0.589330571376
410	0.4
415	0.4
420	0.650337425422
425	0.4
430	0.4
435	0.856304666019
440	0.4
445	0.4
450	1.49404641692
455	1.57296107051
460	0.836584166034
465	1.59948868699
470	0.4
475	0.4
480	0.739720442469
485	0.4
490	0.4
495	1.64430688018
500	1.11237275764
505	0.4
510	0.4
515	0.764387805702
520	0.4
525	0.4
530	1.21812021209
535	0.4
540	0.446297484751
545	0.750868491622
550	1.63561668277
555	0.4
560	1.49913393484
565	1.18392504164
570	1.4476766551
575	0.4
580	1.84648696826
585	0.4
590	1.44289971079
595	0.641203758401
600	1.33664149252
605	0.4
610	0.513621168148
615	0.4
620	0.4
625	0.4
630	0.949497174521
635	1.01025344663
640	0.4
645	2.03661155586
650	0.647588083742
655	0.4
660	0.4
665	1.65305476092
670	0.4
675	0.870167202647
680	0.4
685	0.536919045237
690	1.00861399587
695	1.77139815859
700	0.4
705	0.4
710	1.90392028681
715	0.4
720	1.48770797258
725	0.4
730	0.697789989002
735	0.4
740	1.24874653345
745	0.947904198035
750	1.16890436124
755	2.33016044416
760	0.4
765	0.4
770	0.984836286751
775	0.4
780	0.4
785	0.863933566361
790	1.18187465374
795	0.778793936246
800	1.27722747411
805	0.833777800346
810	0.566473657281
815	1.33224842143
820	0.4
825	0.4
830	1.95245029832
835	0.924518956073
840	2.48905095409
845	0.4
850	0.4
855	0.4
860	0.528677668082
865	0.4
870	0.634113490784
875	0.4
880	1.42866623429
885	0.4
890	0.616105987258
895	1.79551876975
900	0.4
905	0.4
910	0.4
915	1.06392959232
920	0.931657241105
925	1.03233343966
930	0.4
935	0.4
940	0.4
945	0.564827477998
950	0.521555757509
955	0.510586716958
960	1.14360709006
965	2.28167509901
970	0.4
975	0.603819458339
980	0.4
985	0.530824617406
990	1.2538622161
995	1.33741620174
1000	0.4
1005	0.4
1010	1.53445534931
1015	0.4
1020	0.4
1025	0.595065297415
1030	1.01443175406
1035	0.4
1040	0.4
1045	2.64280397194
1050	1.53602485778
1055	0.828380618124
1060	0.733533534888
1065	0.4
1070	0.983073337903
1075	1.28468971714
1080	1.34274090465
1085	1.16169781233
1090	2.49121476545
1095	2.8475627923
1100	1.16719493758
1105	0.4
1110	0.478477969346
1115	0.4
1120	0.443293837635
1125	0.4
1130	0.593259781284
1135	0.696089029868
1140	0.4
1145	0.4
1150	0.4
1155	0.4
1160	0.4
1165	0.4
1170	1.67453967858
1175	1.10965565428
1180	0.4
1185	0.4
1190	1.24769570459
1195	1.20053759193
1200	0.997224491133
1205	1.16120768319
1210	0.4
1215	0.949175282018
1220	0.4
1225	0.4
1230	0.744697714708
1235	1.59863546781
1240	1.14074085268
1245	1.03841362793
1250	1.57250957031
1255	1.23875056445
1260	0.4
1265	1.26745152327
1270	0.814135600026
1275	0.741203730066
1280	1.56390243911
1285	0.4
1290	1.71759271589
1295	1.19685865293
1300	0.683213831755
1305	1.03586353072
1310	0.4
1315	0.4
1320	0.4
1325	0.4
1330	0.97095592686
1335	1.64224067378
1340	0.4
1345	0.4
1350	1.30176788928
1355	0.974764968429
1360	1.30806806443
1365	0.76640896069
1370	0.627450936328
1375	0.4
1380	2.94936352835
1385	1.12725969425
1390	2.34864890881
1395	0.4
1400	0.4
1405	0.68237107161
1410	1.30208634196
1415	2.46289039673
1420	0.4
1425	1.55862839647
1430	0.4
1435	1.11136457394
1440	0.4
1445	1.33202367337
1450	0.4
1455	1.43220170682
1460	2.87908679389
1465	0.819472086389
1470	0.4
1475	0.670730517074
1480	1.61184098053
1485	1.9569124063
1490	1.41062787725
1495	1.1308727318
1500	0.4
1505	0.4
1510	1.16098478886
1515	1.21030978938
1520	0.691311408701
1525	1.22636103261
1530	1.71989327369
1535	0.982516468118
1540	1.39641350996
1545	1.92764320436
1550	1.34005403998
1555	0.4
1560	3.13279301496
1565	0.4
1570	1.39584898917
1575	1.50915812603
1580	0.4
1585	1.67677816178
1590	0.4
1595	1.18610841534
1600	2.59246330277
1605	1.2143032151
1610	1.04991264757
1615	0.4
1620	2.40306197884
1625	0.898592322989
1630	0.744619750471
1635	0.4
1640	0.94980213468
1645	0.4
1650	0.4
1655	0.4
1660	0.525062786971
1665	0.4
1670	0.4
1675	0.408308608469
1680	0.4
1685	1.21711045437
1690	0.4
1695	0.670749253052
1700	1.08291165164
1705	0.568811593955
1710	1.10546866871
1715	0.4
1720	0.4
1725	0.4
1730	0.4
1735	0.4
1740	1.3148137965
1745	0.728749856156
1750	0.4
1755	0.682964197885
1760	1.07076430315
1765	0.4
1770	1.61693906915
1775	0.4
1780	0.488108465445
1785	2.09677053762
1790	1.75720517435
1795	0.4
1800	1.04661103039
1805	1.21921243971
1810	2.1234075747
1815	0.4
1820	0.433001703167
1825	0.825728940557
1830	2.94610150234
1835	0.646612756999
1840	0.4
1845	0.4
1850	0.693268838016
1855	0.897985989732
1860	1.10101385592
1865	0.4
1870	1.68135952309
1875	4.26271705502
1880	2.13094740769
1885	0.404786900468
1890	0.4
1895	2.13180289834
1900	0.9900995958
1905	0.4
1910	0.741459390555
1915	0.4
1920	0.4
1925	0.4
1930	0.4
1935	1.41884783365
1940	0.4
1945	1.02062079958
1950	0.893786794837
1955	0.4
