0	3.24210077463
5	2.59434860675
10	0.4
15	0.4
20	0.783721944548
25	0.4
30	0.4
35	0.745591411151
40	0.4
45	1.02999190732
50	0.4
55	0.4
60	0.4
65	0.4
70	0.4
75	0.4
80	0.4
85	0.57173795937
90	0.4
95	1.67374278755
100	3.12480070564
105	0.4
110	1.10297350404
115	0.576611255504
120	1.67478569138
125	0.4
130	3.52549115093
135	1.48606076251
140	0.4
145	1.72008273333
150	0.4
155	1.03516694698
160	1.39936817564
165	0.543002722581
170	0.526662383994
175	5.2783351629
180	2.77411896374
185	2.82766955008
190	0.4
195	0.4
200	0.4
205	0.4
210	0.4
215	1.61864042003
220	0.887416402159
225	1.66093587554
230	1.01566683943
235	2.41234261197
240	0.4
245	0.4
250	1.29078479348
255	1.08216123849
260	0.4
265	0.4
270	0.705709076291
275	0.553772986086
280	0.4
285	1.16333085036
290	2.36841852926
295	0.4
300	0.4
305	0.4
310	0.4
315	0.6447999163
320	0.4
325	0.4
330	1.29361456704
335	0.4
340	0.4
345	0.816913624382
350	2.20657096952
355	1.53325443682
360	0.4
365	1.91175469915
370	0.4
375	2.25187534803
380	0.4
385	0.762463985002
390	0.576400728485
395	1.73660036123
400	0.4
405	2.3962568412
410	0.4
415	0.4
420	0.4
425	0.891121564685
430	0.925044428693
435	0.462161727314
440	0.953458893363
445	1.90613957236
450	0.4
455	1.39050386331
460	1.95877682099
465	0.4
470	1.88823930975
475	2.04794163264
480	2.97961992243
485	1.64148328939
490	2.79794773285
495	1.0342980704
500	1.93473011599
505	1.78334752785
510	0.744969015914
515	0.570738137235
520	0.4
525	0.4
530	2.14879230104
535	1.13037108017
540	0.885408883665
545	0.693463400362
550	0.4
555	3.24925709599
560	2.3488905176
565	1.39660422528
570	0.997895470623
575	0.4
580	0.4
585	1.65262981801
590	0.526417169685
595	0.4
600	1.27631295845
605	0.839955664338
610	3.05251038589
615	0.4
620	0.924844090832
625	0.4
630	0.4
635	0.4
640	1.10222385297
645	0.746804761616
650	0.4
655	2.0114662244
660	0.613125117719
665	0.4
670	0.699732794933
675	1.62921871161
680	0.4
685	1.73946824463
690	0.4
695	3.73202296226
700	0.4
705	0.883623969511
710	0.918882158018
715	0.4
720	2.98519406364
725	0.4
730	2.41845548641
735	2.33490190951
740	1.05147989798
745	0.4
750	0.4
755	0.4
760	3.28494099488
765	0.4
770	0.4
775	0.4
780	3.59606848819
785	0.4
790	1.77184868632
795	1.755013673
800	0.4
805	2.2783845615
810	0.4
815	0.4
820	0.4
825	0.4
830	0.471189560568
835	0.868082422322
840	2.36141720096
845	0.695779625769
850	1.36871421327
855	0.703889194814
860	1.06687939204
865	0.4
870	0.778597604726
875	0.4
880	2.1314499461
885	0.4
890	4.22562128146
895	1.39335411198
900	0.4
905	4.63451942753
910	2.38232454652
915	1.59758596507
920	1.28671209847
925	2.38607992261
930	5.92809779277
935	0.4
940	0.42538161791
945	0.4
950	0.825587443787
955	1.83368925065
960	1.88311028693
965	1.06275930994
970	1.34794720517
975	0.4
980	0.4
985	0.556824250231
990	0.659216978635
995	0.4
1000	2.76433598791
1005	3.41872544832
1010	0.964615768218
1015	3.01613151821
1020	0.4
1025	0.4
1030	1.51714140877
1035	1.95685317713
1040	0.4
1045	0.493901651539
1050	2.20538471425
1055	0.4
1060	0.846644561707
1065	0.629621929388
1070	3.2820820813
1075	0.957206670174
1080	2.29959918234
1085	0.4
1090	0.4
1095	0.578851085264
1100	3.6467820607
1105	3.51020654537
1110	0.4
1115	0.4
1120	0.857072538342
1125	0.644092859624
1130	0.4
1135	2.88343845164
1140	0.526972549269
1145	0.4
1150	2.24730749436
1155	1.73505300524
1160	0.408976145904
1165	0.579482664563
1170	1.15021167547
1175	3.01007350921
1180	1.04786552888
1185	0.4
1190	0.4
1195	1.4556330308
1200	0.4
1205	1.66098984182
1210	0.4
1215	0.4
1220	0.777509331168
1225	2.96422466388
1230	0.4
1235	0.4
1240	1.54675685021
1245	4.00604026662
1250	0.4
1255	0.411854176191
1260	0.4
1265	0.4
1270	0.4
1275	0.4
1280	4.06639260003
1285	0.4
1290	0.808501339048
1295	2.03827865693
1300	2.16208436004
1305	0.951528196123
1310	0.4
1315	0.4
1320	1.49754287637
1325	0.797497008202
1330	0.969421069594
1335	0.4
1340	1.66287107128
1345	0.4
1350	0.972073377453
1355	1.65068649436
1360	0.4
1365	1.25967455663
1370	0.4
1375	0.4
1380	1.34639860261
1385	1.69153957179
1390	1.79541661999
1395	0.822344361384
1400	2.96179080598
1405	0.4
1410	1.56340656137
1415	2.71630292397
1420	0.4
1425	0.4
1430	0.4
1435	0.4
1440	0.4
1445	0.4
1450	1.63499237329
1455	0.4
1460	3.71259377582
1465	0.4
1470	1.52118968572
1475	0.4
1480	0.4
1485	0.4
1490	0.999480611505
1495	1.02833072224
1500	0.4
1505	0.4
1510	0.7587377291
1515	0.4
1520	1.48197536822
1525	0.932794043674
1530	3.44836649058
1535	0.4
1540	0.4
1545	0.4
1550	1.06148869573
1555	0.4
1560	0.4
1565	0.4
1570	1.84453800452
1575	0.972536084627
1580	0.4
1585	0.4
1590	0.792542499091
1595	0.4
1600	0.4
1605	0.674419227742
1610	3.62151505999
1615	0.81360148345
1620	0.586429185985
1625	0.635887673793
1630	1.44351230636
1635	0.594811648516
1640	2.18533435721
1645	0.4
1650	0.4
