0	0.528283207877
5	0.4
10	3.82958170992
15	0.4
20	0.4
25	6.47092918325
30	9.55093903744
35	2.39494869465
40	0.4
45	0.4
50	0.4
55	8.79944072121
60	2.19334306555
65	3.67627897584
70	0.4
75	4.56131059332
80	0.4
85	4.17146927581
90	4.35487436212
95	0.4
100	5.33274423912
105	2.14708114695
110	0.720353182145
115	1.66166619113
120	0.4
125	5.90061659796
130	3.18839570544
135	6.10630347741
140	0.4
145	4.02530177894
150	1.91928963645
155	4.77416785071
160	1.89495142291
165	0.4
170	0.4
175	0.4
180	0.847316501689
185	0.4
190	1.17845106146
195	0.4
200	0.4
205	1.72530507352
210	2.06316030371
215	4.45688722613
220	3.84570589874
225	0.4
230	0.4
235	5.1115020723
240	0.4
245	0.4
250	0.4
255	0.4
260	8.28101035936
265	2.71776394148
270	4.5208060213
275	2.47263214938
280	0.4
285	0.4
290	1.28801939353
295	0.4
300	0.4
305	0.4
310	0.4
315	0.4
320	2.02991188546
325	1.03297692267
330	1.29791474653
335	2.82863859014
340	0.4
345	2.25065812204
350	0.926792936986
355	0.4
360	2.87325649713
365	2.5563291046
370	3.98656952628
375	0.4
380	0.4
385	1.64435226953
390	4.56815594519
395	0.4
400	0.4
405	0.611657399424
410	5.94566845502
415	0.403960525815
420	6.80708764898
425	0.4
430	5.41485877719
435	2.26343634341
440	3.94190398507
445	3.36751369837
450	0.4
455	5.60894345806
460	6.70204878017
465	2.84091947486
470	0.4
475	3.55964382213
480	3.29861914509
485	0.4
490	0.738047512358
495	0.4
500	0.4
505	6.03690709954
510	3.32350361458
515	0.4
520	0.919831791588
525	5.36042738122
530	2.42826714612
535	5.82132997883
540	10.1766724461
545	0.4
550	1.33153998374
555	0.4
560	3.74620526596
565	9.20203870229
570	0.4
575	1.93671407064
580	0.4
585	0.4
590	1.21113214236
595	2.29002663448
600	3.73065276499
605	1.62854587554
610	0.4
615	0.4
620	0.4
625	0.4
630	1.28515372957
635	1.33284023714
640	0.4
645	1.450097577
650	3.42013839944
655	0.4
660	5.26585308949
665	0.4
670	1.86912163534
675	0.4
680	0.4
685	3.08964610062
690	1.37057295747
695	0.4
700	1.65579883004
705	0.4
710	1.93226205698
715	0.4
720	4.05501470068
725	7.81998916101
730	0.742851367659
735	0.4
740	0.4
745	1.76169541615
750	2.30406902776
755	0.4
760	1.02605202233
765	6.40870039513
770	6.32925936785
775	0.4
780	0.4
785	0.4
790	0.4
795	0.4
800	1.47151843062
805	7.36682248226
810	3.18888057473
815	1.72527920662
820	2.29523699073
825	0.4
830	0.4
835	0.663834904326
840	2.41777035473
845	0.4
850	1.07694052387
855	0.700794152496
860	1.60040726477
865	0.4
870	5.45867707181
875	0.4
880	6.12311598397
885	0.4
890	0.4
895	0.4
900	0.4
905	4.50802464668
910	0.4
915	4.8727772134
920	1.01181118917
925	5.59787174569
930	0.4
935	2.87210803127
940	1.69418669478
945	0.4
950	0.4
955	3.50277352853
960	4.61063165561
965	2.00623275866
970	0.402726727843
975	0.4
980	1.20670977044
985	0.4
990	0.4
995	0.4
1000	0.4
1005	0.4
1010	0.4
1015	0.4
1020	1.13502156477
1025	0.4
1030	0.72334738655
1035	3.89411256115
1040	7.87345451534
1045	1.14226482857
1050	0.4
1055	5.93723392746
1060	0.4
1065	0.494813013959
1070	1.02085218417
1075	0.4
1080	0.4
1085	0.4
1090	0.4
1095	2.97716547257
1100	1.63425772799
1105	0.4
1110	1.24950630863
1115	6.30975671516
1120	1.65459876475
1125	0.4
1130	0.4
1135	1.61219436525
1140	4.21218034424
1145	2.06866227965
1150	1.59438514153
1155	2.75754204466
1160	2.32782159301
1165	4.21199926753
1170	1.49224847967
1175	3.19515394065
1180	2.33863961296
1185	2.65675442829
1190	2.38771873724
1195	0.807401068024
1200	0.4
1205	5.91430824648
1210	10.4499381547
1215	4.03246389624
1220	0.410988548396
1225	2.18404611136
1230	2.54282222876
1235	0.962796242906
1240	4.42371355447
1245	4.63593744786
1250	3.68598444206
1255	0.4
1260	5.43658460432
1265	3.96437924491
1270	0.4
1275	1.79847059483
1280	2.64716383269
1285	0.4
1290	0.4
1295	2.35094642265
1300	3.28893534086
1305	1.12600473418
1310	0.4
1315	3.11428704089
1320	5.41089364032
1325	2.51728814336
1330	4.83622803586
1335	0.4
1340	11.9935613996
1345	4.45475280244
1350	5.60721145139
1355	2.31016929671
1360	0.4
1365	0.4
1370	0.4
1375	0.4
1380	0.4
1385	5.61556787408
1390	0.4
1395	3.01681371119
1400	0.4
1405	0.4
1410	4.68281387337
1415	1.48660522073
1420	0.6713775502
1425	0.4
1430	0.418599271054
1435	0.4
1440	0.4
1445	0.4
1450	3.2934151832
1455	0.4
1460	2.17025979872
1465	0.920943680328
1470	0.4
1475	6.55851264829
1480	0.4
1485	0.4
1490	1.99060374261
1495	1.19469533652
1500	6.51185049299
1505	3.04683536974
1510	3.27282965559
1515	4.20625242835
1520	0.4
1525	0.452469772652
1530	2.44376078322
1535	1.54727378034
1540	1.42331363555
1545	4.85094910383
1550	0.945384587981
1555	2.53553056609
1560	0.4
1565	0.462493345325
1570	0.4
1575	0.4
1580	0.4
1585	2.4946142661
1590	0.4
1595	1.02237209136
1600	0.4
1605	8.4789890462
1610	0.4
1615	4.08883172391
1620	5.91460247482
1625	3.6624340931
1630	0.4
1635	3.52878713551
1640	4.65916216841
1645	0.4
1650	1.12949792388
1655	3.4996466851
1660	0.4
1665	0.4
