0	0.49501902482
5	0.4
10	0.802251981904
15	2.21183755748
20	0.4
25	0.898113089935
30	0.477356871008
35	0.4
40	1.2594508846
45	3.59018142552
50	0.4
55	1.38452121599
60	0.857057602739
65	0.4
70	0.580662741928
75	0.4
80	0.4
85	1.73149841564
90	0.887486282787
95	0.526831829684
100	3.77314804201
105	1.51291347327
110	2.56513521943
115	2.24133413335
120	0.4
125	4.17389681705
130	0.507037277899
135	0.591603006927
140	3.12845110772
145	1.03359556329
150	1.78276965373
155	0.4
160	1.41574828007
165	5.16968247987
170	1.09495079397
175	2.907226844
180	1.71593463543
185	0.4
190	1.08502191235
195	0.514765553444
200	0.741503555221
205	0.4
210	1.18035414204
215	0.689632282835
220	0.4
225	0.96468549484
230	0.403815643321
235	2.20899155865
240	1.48662506821
245	0.4
250	1.9384231772
255	0.980307310328
260	1.28124365448
265	1.68718019866
270	0.4
275	0.436298412646
280	1.18621991256
285	2.1467337073
290	1.2158091879
295	0.420902460976
300	1.33217845511
305	1.90320005573
310	2.92920312648
315	0.4
320	0.4
325	0.4
330	3.99084057566
335	0.596318455524
340	0.510175741717
345	1.60471949308
350	0.4
355	0.4
360	0.4
365	0.4
370	2.73563982143
375	0.4
380	0.795512811931
385	0.416494945638
390	0.560459352271
395	1.53955691845
400	0.543335569674
405	1.07889249546
410	0.4
415	0.4
420	4.96370794373
425	0.4
430	0.4
435	2.05821824402
440	0.632269438753
445	0.4
450	0.804572497996
455	0.4
460	0.719191239097
465	0.4
470	0.4
475	0.821523543543
480	0.4
485	0.4
490	0.740561199203
495	1.04253562601
500	0.4
505	1.78018706703
510	0.976952188734
515	1.32920549395
520	0.4
525	1.670434414
530	0.4
535	0.713741379389
540	0.845704350658
545	0.463755471416
550	0.4
555	0.884209178276
560	0.490445795047
565	0.581414113483
570	1.95399105226
575	0.412946692005
580	0.597915258112
585	0.4
590	0.4
595	1.41663617536
600	1.59641605734
605	0.4
610	0.4
615	2.36782471397
620	2.26041788073
625	0.4
630	2.76324434122
635	0.4
640	0.4
645	0.873343878385
650	1.67033358161
655	0.4
660	1.28182949376
665	2.57388724753
670	1.54072586532
675	0.4
680	0.4
685	0.4
690	0.4
695	1.93468690924
700	0.4
705	1.19303055016
710	0.808819260934
715	2.49114439143
720	1.35241274081
725	0.4
730	2.59503544319
735	0.4
740	3.26815348263
745	1.44808923351
750	0.4
755	0.4
760	2.5768746792
765	2.53440829514
770	0.4
775	0.4
780	0.4
785	0.4
790	0.4
795	0.4
800	0.826093036358
805	0.4
810	0.4
815	1.63048238361
820	0.614872264733
825	0.775697620624
830	0.411628480091
835	1.6463974115
840	0.548004927123
845	0.4
850	1.59252356208
855	0.4
860	0.4
865	0.4
870	1.48527252721
875	2.18718366946
880	0.4
885	0.4
890	1.55017246306
895	2.25164234367
900	0.4
905	0.934106145273
910	2.5072339284
915	2.14804263021
920	0.435428307062
925	0.949598370488
930	0.423539490841
935	3.7596766382
940	0.4
945	0.4
950	3.07059339355
955	0.739703022092
960	1.88076093684
965	2.79199481228
970	2.63659536469
975	2.35851667059
980	2.82147211291
985	1.16284219836
990	0.65342005238
995	0.4
1000	1.11239647989
1005	0.912490694041
1010	1.34749404352
1015	0.884619935483
1020	0.4
1025	1.16800471302
1030	4.91614295386
1035	2.60987352124
1040	1.35153834726
1045	0.4
1050	0.4
1055	2.00600775761
1060	1.21138864535
1065	0.4
1070	0.793455197426
1075	3.28004669164
1080	0.686414652327
1085	1.98949352436
1090	0.4
1095	0.4
1100	1.37818918519
1105	2.3859091986
1110	1.68852664996
1115	1.04199588351
1120	0.93502475326
1125	0.4
1130	0.4
1135	0.4
1140	0.4
1145	0.4
1150	2.00845215236
1155	2.49101433836
1160	3.25368401837
1165	0.4
1170	0.4
1175	0.4
1180	0.590551116939
1185	0.916226256315
1190	0.4
1195	1.65968067295
1200	0.4
1205	0.4
1210	0.4
1215	0.4
1220	0.704077436152
1225	0.4
1230	4.72375256866
1235	1.02942816771
1240	1.15939510697
1245	1.37473624455
1250	0.4
1255	1.13509942363
1260	0.4
1265	1.6539188234
1270	3.22869713849
1275	1.61806003939
1280	1.79729108449
1285	0.4
1290	0.4
1295	2.63680545725
1300	1.41877329755
1305	0.4
1310	0.4
1315	1.84194876734
1320	0.4
1325	0.930870503945
1330	1.51740341622
1335	1.71934337939
1340	1.72705823605
1345	0.4
1350	1.67809500269
1355	2.0227592344
1360	0.4
1365	1.2482797377
1370	0.4
1375	0.4
1380	3.47360663892
1385	1.46475216602
1390	0.4
1395	0.4
1400	0.722830306273
1405	0.833324117482
1410	0.4
1415	0.877624328485
1420	0.4
1425	0.4
1430	0.4
1435	0.522188763581
1440	0.94300864524
1445	0.4
1450	0.4
1455	1.65596397115
1460	0.4
1465	2.19838853128
1470	0.4
1475	0.4
1480	0.4
1485	1.27300490749
1490	1.06463836465
1495	0.4
1500	0.78156969005
1505	2.11520542081
1510	1.49223116557
1515	0.4
1520	1.17547037616
1525	3.15331780738
1530	2.44489991157
1535	0.957423687721
1540	4.17863249724
1545	0.4
1550	1.04835302144
1555	2.5546886153
1560	0.4
1565	1.19334200179
1570	2.08179272186
1575	0.4
1580	0.4
1585	0.4
1590	0.4
1595	1.19288906351
1600	0.765439299866
1605	0.4
1610	0.562422641581
1615	2.05778521091
1620	1.5971076809
1625	0.4
1630	0.975158295523
1635	0.4
1640	1.27253136536
1645	1.38382295
1650	0.4
1655	0.462909977923
1660	0.4
1665	1.66632925553
1670	0.526412570044
1675	0.4
1680	2.40528176511
1685	1.89717705662
1690	0.565219881538
1695	0.553086150796
1700	0.908588885593
1705	0.4
1710	0.4
1715	0.4
1720	3.04332981906
1725	0.961215937356
1730	0.4
1735	0.4
1740	0.465044347168
1745	0.492130360934
1750	2.97709232251
1755	0.4
1760	1.21678821291
