0	7.37050012871
5	3.39370028676
10	10.0785521308
15	12.7081698442
20	1.63857707709
25	3.01558682138
30	2.73230591527
35	5.25668863398
40	5.5513346907
45	3.08350798262
50	10.3353075312
55	7.03589403746
60	4.05284327622
65	2.3580149637
70	0.4
75	6.54355506498
80	6.62201463379
85	6.0566279694
90	4.28596846607
95	0.4
100	1.93868836938
105	0.4
110	7.18839986809
115	7.84395763257
120	10.030484888
125	0.4
130	0.405278874104
135	2.36232093504
140	3.71218070939
145	0.4
150	6.26858617997
155	4.68995371809
160	5.81355546294
165	5.94210022665
170	4.05770748649
175	0.4
180	7.47497336369
185	2.53566903315
190	6.55114767074
195	8.41707955039
200	11.192564399
205	15.4491536602
210	1.89511032175
215	1.20747116339
220	0.4
225	9.51636521877
230	2.62713364761
235	0.4
240	4.56780319437
245	8.35296334183
250	6.60305633524
255	2.77340721589
260	12.629145144
265	8.40453998533
270	7.06278472441
275	4.81108197096
280	0.4
285	7.75848947593
290	9.17889677415
295	0.771248290897
300	7.16724474037
305	0.526674890629
310	4.34095755067
315	6.41965638273
320	8.77126342967
325	7.25451389081
330	14.1462584188
335	0.4
340	5.91814879133
345	3.06034824783
350	10.2534709592
355	4.94624758505
360	6.14727567052
365	8.16133925656
370	11.0374850614
375	2.43050521652
380	8.10306836501
385	8.91129121486
390	0.4
395	4.36031125036
400	6.14447625135
405	4.13849850859
410	2.34147008273
415	2.78024428267
420	3.24064682683
425	18.0713026959
430	12.8998631671
435	3.46465114542
440	0.4
445	3.49486667615
450	0.4
455	5.29228072748
460	9.33872649819
465	1.16975913454
470	2.72022437012
475	6.84874489766
480	7.4104965788
485	0.4
490	1.13778296085
495	3.03019046766
500	4.52031047402
505	4.63710094771
510	1.01133839809
515	8.52885480777
520	3.2232156259
525	6.99357723253
530	0.493720698289
535	5.95952566105
540	0.4
545	6.25606534038
550	0.4
555	0.4
560	5.32867176225
565	5.60543754058
570	7.14253800119
575	5.60300631471
580	0.496215767029
585	4.90215159248
590	8.28432701106
595	3.13810811377
600	13.457045149
605	0.411153017872
610	8.83274697372
615	3.92768464855
620	1.32378272743
625	0.607460063277
630	3.16713101244
635	2.41891522596
640	7.404932885
645	7.12280047732
650	10.2654367358
655	1.95910385788
660	0.451785067369
665	0.4
670	2.37250712049
675	4.99618595389
680	6.80407089345
685	21.9816619866
690	8.24780008534
695	5.85597633769
700	6.26754749451
705	7.94786838562
710	7.03551379731
715	4.96672008816
720	0.773224791476
725	5.96803543203
730	3.53810328524
735	4.60089801995
740	1.94054527285
745	10.6349841881
750	0.4
755	1.98912589781
760	3.38728144205
765	8.46685333859
770	2.05438737051
775	4.29814468684
780	4.42162610189
785	2.28137221041
790	5.48707229993
795	4.65417683302
800	15.6127593905
805	0.519700556831
810	15.2174891725
815	11.6832660008
820	5.52952745381
825	4.86745281156
830	2.98647678251
835	4.52223602576
840	8.1527336289
845	4.95330762836
850	9.38414841362
855	3.23749555529
860	5.08491592842
865	0.4
870	8.4932917981
875	0.983699317112
880	5.61745837949
885	12.5849451313
890	10.4360725142
895	0.970286103588
900	4.57864820883
905	8.80172427043
910	5.18397006845
915	4.38719548193
920	6.66081662138
925	0.4
930	7.50598056657
935	8.76187206387
940	8.6790716712
945	1.35578997838
950	3.45961714106
955	5.83141576473
960	5.47701581093
965	1.24733514759
970	7.6116214991
975	5.06371894025
980	4.62254449265
985	8.27810306231
990	3.80449659098
995	4.27318181704
1000	5.33737593316
1005	3.55890923767
1010	0.4
1015	10.2771870338
1020	0.4
1025	6.43775233284
1030	0.4
1035	0.4
1040	1.69453794522
1045	0.4
1050	10.8061857157
1055	0.4
1060	1.18509687674
1065	7.11024619131
1070	2.3817356961
1075	4.50598722097
1080	6.0663064139
1085	8.29765946703
1090	3.13729127416
1095	0.4
1100	4.84043398494
1105	1.72312425239
1110	6.6648224478
1115	5.92270525856
1120	3.18692754449
1125	3.91442857505
1130	4.4427512869
1135	6.46762051279
1140	4.97574791052
1145	0.4
1150	0.4
1155	10.625526753
1160	3.76373907129
1165	0.4
1170	6.69093589443
1175	5.35596400271
1180	0.4
1185	7.51789596732
1190	0.575911367062
1195	5.14582229071
1200	4.09596535101
1205	0.4
1210	5.46418414528
1215	5.67808130281
1220	12.5677561859
1225	2.35081544594
1230	2.66079372876
1235	7.16018246389
1240	6.64361085017
1245	7.49019032793
1250	0.4
1255	2.92725419987
1260	1.85790353754
1265	0.872331150434
1270	4.1020143616
1275	7.98359255484
1280	4.35360599033
1285	0.4
1290	10.1940286045
1295	3.97889734687
1300	5.20848330038
1305	3.20300681069
1310	8.72855085763
1315	0.4
1320	0.4
1325	0.4
1330	0.4
1335	0.4
1340	8.77310607786
1345	1.11263333652
1350	1.77581714303
1355	9.64848463863
1360	4.50431437345
1365	5.19479043423
1370	2.84737440766
1375	8.44950937264
1380	7.38846078841
1385	10.9668681434
1390	0.4
1395	11.9569244772
1400	1.10624330568
1405	8.46133310758
1410	8.45569419354
1415	5.92415068432
1420	4.51772111172
1425	2.29635004854
1430	3.31318996985
1435	10.7714342615
1440	12.0438818883
1445	3.7404396317
1450	7.41176924898
1455	5.41298149572
1460	0.4
1465	5.73327082903
1470	10.5443853568
1475	3.32325110658
1480	4.47808144905
1485	0.4
1490	8.39259392133
1495	3.54658110949
1500	0.4
1505	2.7114000672
1510	7.70601594042
1515	1.70593110678
1520	1.15258551432
1525	3.04254167331
1530	5.56575413959
1535	2.81235613192
1540	9.43878763518
1545	0.423238990268
1550	3.18945060021
1555	1.31645746316
1560	2.48031978918
1565	0.4
1570	3.10419355365
1575	4.00533681954
1580	14.9289011414
1585	5.14493679389
1590	6.80423814566
1595	0.4
1600	9.82950791985
1605	5.01947311862
1610	4.98841134122
1615	3.76540709289
1620	6.47837554788
1625	8.83677419943
1630	3.62762135107
1635	10.5883409666
1640	0.4
1645	0.4
1650	3.69733066941
1655	4.62257288459
1660	3.82660005022
1665	6.82783922869
1670	6.33612819631
1675	7.81871579523
1680	5.12241718526
1685	1.27180856292
1690	8.76511088472
1695	9.29288958488
1700	5.33214006742
1705	8.22933051963
1710	7.72298020651
1715	1.53959462374
1720	7.38122218587
1725	5.16519000559
1730	4.11174107295
1735	4.8911780971
1740	5.34486734151
1745	3.63479752764
1750	7.80752965652
1755	5.03659936649
1760	2.78401498959
1765	3.96389031599
1770	0.667380374016
1775	5.72510828006
1780	1.23214089073
1785	6.9648911612
1790	4.17966095491
1795	0.4
1800	0.4
1805	7.13390089521
1810	3.4664881518
1815	0.507991498624
1820	6.60278265844
1825	0.4
1830	5.22805130183
1835	8.16296936664
1840	6.06052706096
1845	7.1135699707
1850	0.4
1855	8.33128797671
1860	4.41077169761
1865	1.72160828501
1870	11.8264654947
1875	1.44481689252
1880	10.7395887694
1885	5.52808284588
1890	14.3589826372
1895	0.4
1900	9.68423836888
1905	8.95226435022
1910	7.14404333717
1915	2.05498876355
1920	17.6341066787
1925	6.98154251496
1930	4.24508154821
1935	3.0701049648
