0	0.4
5	1.4688318167
10	1.60756858414
15	2.87353461796
20	2.12837422695
25	0.4
30	0.4
35	0.4
40	1.18773939762
45	0.865819222391
50	1.85093563997
55	0.4
60	0.4
65	0.508459002305
70	2.48406692079
75	0.4
80	0.4
85	1.42372858054
90	0.4
95	0.4
100	0.4
105	3.45304788213
110	0.4
115	1.64180146264
120	0.4
125	2.14972642078
130	0.647887767582
135	0.4
140	1.07078149647
145	0.40696253964
150	1.64062051226
155	0.4
160	0.850438415465
165	1.91151012628
170	0.4
175	1.46813113183
180	0.4
185	0.4
190	0.4
195	0.4
200	0.4
205	0.4
210	0.4
215	2.15786898959
220	0.4
225	3.05425462583
230	3.8681263535
235	0.4
240	1.81787068874
245	0.4
250	0.4
255	0.4
260	0.4
265	0.4
270	2.60705730152
275	1.53949619887
280	0.4
285	0.4
290	0.4
295	0.4
300	0.4
305	0.4
310	0.4
315	0.4
320	0.4
325	0.4
330	0.4
335	1.71123628476
340	4.05552215731
345	0.4
350	2.62732803758
355	2.83436033522
360	0.4
365	2.17184130509
370	0.751231172496
375	3.31359821131
380	0.4
385	2.02466542911
390	0.4
395	0.4
400	1.57865858204
405	0.649542983106
410	0.4
415	3.64799658442
420	0.4
425	1.55252072756
430	1.41497755782
435	0.4
440	0.4
445	1.89095370846
450	0.4
455	2.00692568693
460	0.4
465	0.4
470	0.4
475	0.4
480	0.4
485	0.4
490	0.4
495	0.4
500	0.4
505	0.4
510	3.74927856218
515	0.4
520	0.4
525	0.4
530	0.734689969644
535	2.88126673713
540	0.4
545	1.76672171356
550	0.4
555	0.702499117573
560	4.71587929304
565	0.4
570	0.4
575	1.22596674763
580	3.75611032693
585	3.26508987188
590	0.549123925806
595	1.51392379112
600	6.04087255813
605	2.27447387576
610	0.948518372432
615	0.4
620	6.85613060514
625	0.492898144418
630	0.4
635	0.4
640	0.4
645	1.90969723331
650	0.4
655	0.4
660	1.15573455539
665	0.4
670	0.87854513312
675	1.72994004129
680	1.13050609918
685	2.2852720541
690	0.4
695	2.35859524628
700	0.4
705	2.68067903279
710	0.4
715	2.45885841349
720	0.4
725	0.4
730	0.4
735	1.3131039172
740	4.01528582998
745	5.1944699977
750	0.4
755	0.4
760	1.16044492883
765	2.29504691804
770	0.984385030731
775	0.965707335288
780	0.4
785	0.4
790	0.881840400055
795	1.4669106214
800	0.4
805	0.4
810	4.86290340286
815	1.02325255128
820	0.4
825	0.4
830	0.4
835	1.04017035909
840	0.4
845	0.4
850	0.4
855	1.59801267961
860	0.4
865	1.66372363812
870	1.77063142193
875	0.4
880	2.05342784047
885	1.71524160216
890	1.09459156215
895	0.4
900	0.4
905	0.4
910	0.4
915	0.4
920	2.16381938024
925	1.35659102075
930	4.61277900231
935	0.4
940	0.4
945	0.4
950	5.75476247186
955	0.712845597343
960	0.4
965	0.4
970	5.11194598841
975	0.4
980	0.4
985	3.23373337039
990	0.4
995	0.4
1000	0.794275986017
1005	0.4
1010	0.465650490979
1015	0.4
1020	0.4
1025	2.22779255549
1030	0.410444829615
1035	0.4
1040	0.4
1045	0.4
1050	3.06181028777
1055	4.35396982174
1060	0.4
1065	1.44413485527
1070	0.612673664007
1075	1.10101222112
1080	0.4
1085	0.4
1090	2.24362172203
1095	0.970287826159
1100	3.38404170364
1105	0.4
1110	0.4
1115	0.4
1120	0.435465299911
1125	0.562806917083
1130	0.4
1135	2.11095176392
1140	3.4800304749
1145	2.28607003439
1150	4.64618371133
1155	0.649480697506
1160	1.37307510205
1165	2.94541988082
1170	0.4
1175	0.4
1180	0.4
1185	1.97137439374
1190	0.4
1195	0.4
1200	4.4403904855
1205	0.4
1210	0.46672077768
1215	0.4
1220	0.4
1225	1.38980936235
1230	0.4
1235	0.4
1240	1.86778219677
1245	0.4
1250	1.72944554112
1255	0.4
1260	1.60284710595
1265	1.07614961131
1270	1.22611427202
1275	0.4
1280	0.4
1285	3.62269747941
1290	2.64793328265
1295	0.4
1300	0.539916772785
1305	1.98019302126
1310	1.55274882679
1315	3.84709479387
1320	3.51074203092
1325	0.4
1330	0.4
1335	2.04178569706
1340	0.4
1345	1.59192025045
1350	0.4
1355	0.4
1360	1.97008037872
1365	3.44392415258
1370	0.627328798779
1375	0.4
1380	2.51889763557
1385	0.4
1390	1.9860478656
1395	2.74153451544
1400	0.4
1405	1.99756320503
1410	5.19713105117
1415	0.564397110319
1420	0.4
1425	0.4
1430	0.4
1435	0.4
1440	0.4
1445	0.4
1450	2.42004316611
1455	0.4
1460	0.967628492713
1465	3.53619529584
1470	0.4
1475	3.21598489074
1480	0.4
1485	0.4
1490	0.424726282978
1495	0.4
1500	0.4
1505	0.4
1510	2.243587195
1515	0.4
1520	1.36652222588
1525	0.4
1530	1.68305651402
1535	0.4
1540	0.4
1545	0.4
1550	0.4
1555	0.4
1560	0.4
1565	2.21958923191
1570	2.17720136964
1575	1.99739140875
1580	0.519622243711
1585	0.4
1590	0.758577517501
1595	0.4
1600	0.4
1605	0.4
1610	0.4
1615	0.4
1620	2.35600299506
1625	0.4
1630	4.09238710085
1635	0.4
1640	1.36643722238
1645	2.28174974476
1650	1.13344527802
1655	0.4
1660	0.4
1665	1.75232318368
1670	1.61939158998
1675	1.35924697545
1680	2.44089322318
1685	4.84242455918
1690	1.3012161884
1695	2.86969475798
1700	5.03216241087
1705	0.4
1710	0.4
1715	0.4
1720	2.26404610532
1725	0.4
1730	0.4
1735	0.4
1740	0.4
1745	0.4
1750	0.4
1755	0.4
1760	0.632602427658
1765	2.88793218413
1770	0.672787738738
1775	1.57272231032
1780	0.4
1785	0.4
1790	0.4
1795	0.4
1800	0.4
1805	0.773633520248
1810	0.4
1815	0.4
1820	1.30392721961
1825	1.16715342975
1830	3.26888038378
1835	0.898706765727
1840	0.4
1845	0.504025574193
1850	0.4
1855	1.63078933218
1860	0.878844781057
1865	0.4
1870	1.60692254339
1875	0.459072092523
1880	1.31909759951
1885	2.81286601788
1890	3.94634168815
1895	0.84484243202
1900	4.38462875986
1905	5.42897348982
1910	0.607877198102
