0	0.4
5	1.60526813349
10	2.62228779739
15	6.50382669064
20	4.36287156945
25	2.41414799565
30	3.08313725101
35	0.4
40	0.4
45	0.4
50	4.14152782639
55	2.00355353142
60	1.07246685577
65	0.4
70	0.4
75	3.0866446859
80	0.4
85	0.4
90	0.4
95	0.4
100	0.4
105	0.4
110	0.4
115	2.51490327146
120	0.4
125	0.4
130	3.44292512278
135	2.51446512695
140	0.4
145	3.42476895022
150	2.4727952962
155	0.4
160	0.4
165	1.01829227743
170	4.24660010808
175	7.75323325673
180	2.70864083767
185	6.01341406591
190	5.78463006329
195	2.06189115165
200	4.40314807389
205	7.78329651486
210	0.4
215	3.39315009998
220	0.602661171262
225	3.7896368331
230	5.08754778962
235	0.4
240	0.4
245	0.658666221842
250	0.4
255	0.4
260	1.70852622263
265	0.4
270	1.86625545501
275	0.4
280	0.4
285	0.4
290	6.99748932992
295	0.4
300	0.4
305	0.4
310	9.04441420761
315	1.62537067215
320	0.4
325	1.88833007217
330	0.4
335	1.60683617541
340	6.45963140969
345	0.578509809229
350	9.68745484918
355	0.48049404757
360	0.4
365	4.5716611265
370	6.31199836405
375	18.1397207241
380	2.08588742333
385	0.4
390	1.61714441127
395	5.23007285654
400	0.828885222347
405	3.02518227521
410	3.53170731055
415	1.40086240032
420	4.46221568208
425	9.79434450657
430	0.581719189683
435	0.4
440	0.572170866573
445	0.4
450	2.30577580193
455	6.85180592741
460	6.42613008975
465	0.4
470	4.88267750865
475	2.16094094372
480	2.29726925746
485	2.21923332592
490	6.80335269434
495	0.904935147946
500	0.497565737703
505	0.4
510	0.4
515	0.4
520	3.94674494621
525	0.70599265822
530	3.90065172254
535	0.4
540	0.4
545	0.4
550	1.88359463883
555	1.46024638839
560	0.4
565	4.05546381087
570	0.4
575	0.4
580	7.37433443946
585	0.821414623925
590	5.00649645072
595	4.63970723997
600	1.06167789642
605	1.10177996829
610	0.4
615	0.4
620	7.15807166927
625	0.4
630	0.4
635	6.73445858016
640	0.4
645	7.06318601508
650	2.52337763939
655	0.4
660	0.4
665	0.4
670	0.4
675	7.61897362114
680	0.4
685	7.10685410555
690	8.43895951646
695	0.4
700	2.65449159632
705	7.29125992472
710	1.56874258394
715	0.4
720	6.78015078287
725	3.23413846487
730	0.4
735	5.41190308338
740	0.4
745	0.4
750	4.57819497138
755	0.4
760	0.4
765	0.4
770	0.4
775	6.32626460652
780	2.20646663167
785	1.34400150937
790	2.94885770303
795	1.2579998677
800	0.4
805	6.12137376756
810	0.4
815	6.78690976299
820	11.3966924997
825	1.9763141167
830	4.72049557801
835	0.4
840	4.04316993516
845	1.18553628582
850	1.75265984615
855	8.80278674287
860	0.4
865	0.4
870	0.4
875	4.37977878943
880	4.93160404809
885	2.16946833193
890	2.49840207937
895	6.23375629176
900	0.797526653365
905	1.90128653691
910	5.07609771173
915	5.81495429698
920	4.26883676893
925	6.78273244077
930	10.9615015796
935	1.96535926657
940	0.4
945	0.4
950	0.603712526397
955	0.4
960	0.4
965	0.4
970	3.38026187165
975	2.8584484156
980	2.05217556929
985	0.4
990	0.4
995	1.49892138285
1000	2.35932860695
1005	0.4
1010	0.4
1015	2.63080986412
1020	2.21463855304
1025	0.4
1030	0.4
1035	0.4
1040	0.4
1045	8.78815919923
1050	0.4
1055	6.23440639274
1060	0.4
1065	0.4
1070	5.38476985804
1075	4.96671859306
1080	6.78185952657
1085	1.29967517437
1090	0.808633781302
1095	6.12506739102
1100	7.73181770464
1105	8.07937182147
1110	0.4
1115	0.885888488439
1120	0.4
1125	7.04903996828
1130	0.4
1135	2.51828010278
1140	5.60310089595
1145	0.4
1150	0.4
1155	4.20597202165
1160	1.65671091879
1165	0.4
1170	0.514146419902
1175	2.8407531386
1180	6.7613988931
1185	1.5902717847
1190	0.461229995387
1195	10.2931935746
1200	0.4
1205	1.41383605625
1210	0.698538291928
1215	0.881256373967
1220	0.4
1225	5.52634561057
1230	4.75989471247
1235	0.4
1240	5.25703661041
1245	0.4
1250	4.4591484625
1255	1.09026173298
1260	6.02388399374
1265	2.04767356908
1270	0.4
1275	2.38620108127
1280	2.45986869791
1285	0.4
1290	5.02319831476
1295	5.80420197359
1300	2.729543189
1305	2.16224533991
1310	2.0871624094
1315	10.9798091883
1320	1.06367123482
1325	8.17201272613
1330	0.526926701275
1335	2.08928765203
1340	0.4
1345	4.29594217472
1350	2.18717802383
1355	0.4
1360	3.93886431545
1365	0.4
1370	0.4
1375	0.954080463476
1380	3.1421884636
1385	0.4
1390	7.05467342314
1395	4.93998791198
1400	2.24981683229
1405	2.01177378542
1410	5.57534044727
1415	1.1547729457
1420	6.62621992891
1425	0.4
1430	5.23613972825
1435	0.4
1440	3.91304917884
1445	6.57491901618
1450	0.4
1455	1.56350704163
1460	0.4
1465	0.422968393672
1470	0.4
1475	3.83138022493
1480	6.26291404088
1485	6.0299164771
1490	5.51150442905
1495	3.51308871375
1500	0.4
