0	3.05021725503
5	0.502607865581
10	1.73477473377
15	1.24346707947
20	2.23688760484
25	4.2317819431
30	2.79185597394
35	1.81294543049
40	5.25171341233
45	3.1356593287
50	1.84910310307
55	3.82359074262
60	0.4
65	4.36817055726
70	4.25714666576
75	2.00430536969
80	1.43470225762
85	1.80924746263
90	1.82254880355
95	2.54765325791
100	2.91700807661
105	3.56283218639
110	5.4887652424
115	3.23105851693
120	2.01472398084
125	3.11653398085
130	1.29939002908
135	1.50052232005
140	2.46394271558
145	2.20888601244
150	1.17922597787
155	3.51247618328
160	2.47609496086
165	3.43205037621
170	1.8424039728
175	4.37892488511
180	3.40040736293
185	1.62977240855
190	2.83536458044
195	3.31717213384
200	1.2288397734
205	3.7852861546
210	3.5693359489
215	3.94660464092
220	2.39554235421
225	2.80979043899
230	3.33761710927
235	2.07579858203
240	3.18036294606
245	2.55335827101
250	3.28345749002
255	2.70601772255
260	2.9857751497
265	1.52404062682
270	6.78141271997
275	6.04976605963
280	3.71530889206
285	2.49847356314
290	2.92618116599
295	2.52439258303
300	3.14881959495
305	2.77488815101
310	1.00796286449
315	2.70853828136
320	2.10241061226
325	4.10170454346
330	2.49756076356
335	1.99894484611
340	4.24198150264
345	4.02695859306
350	2.33996842222
355	2.73519285932
360	0.56241550113
365	3.66111502277
370	3.59071823942
375	2.05878541308
380	2.61434287207
385	0.4
390	1.79264910696
395	1.62778272884
400	2.79197830085
405	1.70099821591
410	2.09335269462
415	5.06710832612
420	3.80921391702
425	2.08284584945
430	1.26700327288
435	1.83159871398
440	2.55387351127
445	3.20733934299
450	6.48809389779
455	2.12241381369
460	3.08735026516
465	1.24111039568
470	3.87805422046
475	3.03110481744
480	0.4
485	3.22686772357
490	2.03131595289
495	2.5923802362
500	1.69721231624
505	2.57926858715
510	2.96534394133
515	1.08429430625
520	3.73194670053
525	1.42795326972
530	4.88644194894
535	1.188132464
540	1.08623122181
545	5.7210744828
550	2.20306279024
555	2.56153420919
560	1.55545715179
565	1.53494885499
570	3.85549088783
575	2.46155189993
580	6.08051286856
585	2.47992477679
590	1.35090840571
595	3.51135595647
600	2.42494175536
605	2.36139796786
610	3.04331780588
615	1.58154369913
620	3.55057490317
625	1.80565539304
630	2.04163068441
635	3.91681541231
640	2.16265820287
645	4.40674650946
650	5.31289822049
655	2.35328045775
660	1.74461983378
665	1.48809531236
670	2.3728846459
675	3.04927099359
680	2.88733940469
685	1.61843580029
690	3.79846564341
695	1.1695458897
700	1.19384674634
705	3.90075943274
710	2.7737777142
715	3.02003139196
720	4.30596496597
725	1.98575680536
730	3.66429853333
735	1.74103993842
740	2.8521408646
745	2.16027474118
750	2.72119991704
755	0.606721985815
760	2.82757198498
765	2.90579804383
770	0.654438346041
775	1.22059656725
780	0.616968306514
785	3.29818758844
790	7.33072170002
795	3.63128590637
800	2.93605459507
805	3.96437285211
810	2.22342666325
815	1.73279188301
820	2.86578007368
825	2.47419060813
830	2.1404828483
835	0.568794500423
840	3.63099658196
845	0.4
850	5.87757450318
855	3.32343808049
860	1.85289658127
865	2.28759093681
870	3.83715902567
875	1.39465832566
880	4.60406631824
885	2.11135333924
890	3.87928319507
895	4.73773045184
900	2.46351123257
905	4.48805234754
910	3.60713640406
915	5.05098073847
920	2.14622074061
925	2.01671717665
930	3.61089038018
935	2.50030955813
940	2.74123259634
945	3.05285960864
950	6.02762943851
955	2.7414843941
960	3.40467347262
965	1.94954315581
970	3.08106166553
975	2.08077247297
980	4.24937066289
985	3.69340248615
990	2.03415860963
995	3.2595479756
1000	1.97468440993
1005	3.6475783986
1010	0.4
1015	3.44151309865
1020	3.61933789928
1025	1.55543145274
1030	5.65918551969
1035	1.85388038431
1040	2.59903850474
1045	1.85975740026
1050	3.58368578427
1055	3.06191063453
1060	3.51453977417
1065	3.00246387904
1070	3.4988436915
1075	2.70162693682
1080	3.12513838151
1085	3.95619994373
1090	3.80730068003
1095	4.23527597502
1100	2.24935676395
1105	2.75419777619
1110	0.418049102566
1115	1.78829087134
1120	3.47619219824
1125	3.05852394245
1130	2.21352084814
1135	4.35625058434
1140	1.41697763509
1145	3.44983867728
1150	2.49310304616
1155	2.68656364137
1160	2.2540773466
1165	3.1207288962
1170	2.82893642951
1175	3.22639216869
1180	3.43065276189
1185	4.09478565058
1190	5.46818471997
1195	3.94527085236
1200	3.52029849322
1205	2.81791417248
1210	3.1269373561
1215	2.51781569746
1220	1.27411929885
1225	1.48123564711
1230	2.25164029158
1235	3.16402798706
1240	1.86173333635
1245	2.01442546768
1250	0.4
1255	5.03517943232
1260	1.58706387341
1265	3.18586283955
1270	5.98460076055
1275	3.01981138663
1280	1.51059232048
1285	2.4418596242
1290	3.38239721937
1295	1.58123506734
1300	0.4
1305	2.74920651557
1310	3.72580817623
1315	0.4
1320	2.08970523314
1325	3.21860445575
1330	2.48460441796
1335	3.25259305516
1340	4.02298180064
1345	5.77989258821
1350	3.40601586222
1355	3.54689096686
1360	4.37052525908
1365	3.84585720738
1370	3.1449940795
1375	2.36319846464
1380	3.42715687849
1385	3.77225489345
1390	2.12289115639
1395	1.83450743306
1400	3.51013981912
1405	1.63578326468
1410	0.4
1415	0.4
1420	4.75875516574
1425	1.15434989546
1430	4.32170151089
1435	3.15115032487
1440	2.39710032889
1445	1.44105391854
1450	2.44056321206
1455	3.349133284
1460	2.5348456486
1465	2.70993104025
1470	1.2221077606
1475	0.421229123144
1480	9.37824315438
1485	2.05604056066
1490	5.72896324748
1495	2.04277509409
1500	0.4
1505	1.07869231457
1510	1.26560400245
1515	2.79188907664
1520	3.66793824373
1525	5.26441275387
1530	2.93573942051
1535	1.71529207983
1540	1.93870712954
1545	1.98232616229
1550	4.65810852185
1555	3.9428933904
1560	3.11022021832
1565	2.98802512273
1570	3.51517660713
1575	3.82931999443
1580	2.66659228008
1585	2.78779637794
1590	1.29304872564
1595	4.61526447504
1600	3.56149963104
1605	1.77978509248
1610	2.53063207318
1615	6.53595649112
1620	4.93006919752
1625	2.58695458439
1630	0.739745632472
1635	2.30502835642
1640	2.42912955919
1645	2.63969407947
1650	0.4
1655	4.0398488973
1660	3.2223842741
1665	4.29503721728
1670	2.06717864107
1675	1.62454115013
1680	1.84664661125
1685	0.4
1690	4.67252677037
1695	4.71331887926
1700	2.09217227135
1705	2.76831361646
1710	3.22222214768
1715	4.92143972989
1720	5.75810159046
1725	3.99015440474
1730	1.75041967298
1735	2.72629570845
1740	2.27896658187
1745	3.15961309865
1750	2.5762479469
1755	1.78445782129
1760	2.87354396096
1765	1.53383938328
1770	1.50292122975
1775	1.49586167607
1780	2.79798306419
1785	3.19923552021
1790	5.52374161051
1795	2.17375959776
1800	3.93694049124
1805	0.794473121269
1810	2.44396286008
1815	2.87908284012
1820	3.41404699043
1825	3.07913860495
1830	1.99353641171
1835	3.79787212772
1840	2.00342447929
1845	2.66028706541
1850	2.96976180253
1855	3.77478584878
