0	0.4
5	0.4
10	3.72886362474
15	0.4
20	2.38623890094
25	0.4
30	0.4
35	5.81599030621
40	3.4627309717
45	0.4
50	2.48500935496
55	0.4
60	1.20960789332
65	4.20621731624
70	3.61023198082
75	0.4
80	2.41581751619
85	3.06143078343
90	1.59253905335
95	0.710679062169
100	0.4
105	6.11496149035
110	0.4
115	4.36651212126
120	0.4
125	0.673026291844
130	4.51536423995
135	14.0655637296
140	0.4
145	3.56870059321
150	0.4
155	5.59982098556
160	2.93368157235
165	0.4
170	10.8219361016
175	2.84933456987
180	0.4
185	0.4
190	0.924461755303
195	1.30883606168
200	0.4
205	2.17436734308
210	0.4
215	2.83186173972
220	4.38256747123
225	4.54465505327
230	1.76653960385
235	6.4136584667
240	4.50946679029
245	0.4
250	0.4
255	0.4
260	4.81312015085
265	0.4
270	2.9706545484
275	0.4
280	0.4
285	0.572835754171
290	3.7418945058
295	0.4
300	5.07953588534
305	1.2042818188
310	0.4
315	3.02105412467
320	0.4
325	0.4
330	5.57257479958
335	5.20360787949
340	5.47876245821
345	0.4
350	7.86323895025
355	6.9333496599
360	5.01191187645
365	3.15116457154
370	0.4
375	0.4
380	0.4
385	0.4
390	8.84561572876
395	1.15392301708
400	0.4
405	1.9655260755
410	0.58339056757
415	7.57304450553
420	2.11611586953
425	0.4
430	0.4
435	0.4
440	2.11606500988
445	5.0960443778
450	1.50309942904
455	3.97503935694
460	0.4
465	1.85348377328
470	5.13072031912
475	7.536430925
480	0.4
485	0.4
490	1.20810949861
495	3.00804153761
500	0.4
505	2.66817665796
510	7.36421956974
515	0.4
520	1.29220907318
525	0.4
530	0.4
535	1.7244162491
540	1.96890514102
545	3.35884488426
550	0.4
555	0.4
560	5.47576407049
565	3.46398536868
570	4.35400665495
575	1.38698480772
580	2.12473836165
585	0.4
590	1.75251388208
595	0.4
600	0.4
605	0.4
610	8.74433520748
615	0.4
620	5.05798131985
625	1.69095528149
630	3.79624350729
635	0.4
640	5.67732268222
645	6.21911909301
650	0.4
655	5.19744789626
660	5.03195308076
665	0.4
670	1.90269333344
675	7.56235167642
680	0.450439966612
685	1.61475391303
690	1.79913400269
695	2.99161986605
700	4.17135711953
705	2.05762616224
710	2.0293197315
715	0.43400082089
720	2.26685416552
725	0.4
730	1.1012646727
735	0.4
740	0.4
745	1.48137109393
750	0.4
755	5.56293892017
760	0.4
765	0.779538128739
770	6.7379541942
775	1.28128064961
780	0.4
785	3.58859102722
790	3.54001855855
795	0.4
800	1.27662227162
805	0.4
810	2.40455624472
815	0.4
820	0.4
825	0.4
830	2.52636370557
835	6.23027114503
840	0.4
845	0.553330774832
850	2.88650810291
855	0.4
860	0.4
865	0.4
870	7.64353448533
875	1.86509675061
880	4.55049927345
885	4.27234493075
890	0.4
895	0.971174691599
900	9.32532434698
905	1.565200819
910	6.32141616457
915	1.87849917645
920	0.4
925	1.05601408468
930	4.87232603784
935	1.41761976346
940	6.13177974333
945	3.52633478018
950	5.48661811658
955	1.72708495254
960	0.4
965	0.512830927607
970	5.035970188
975	0.4
980	0.4
985	4.19299363454
990	1.94556454645
995	0.4
1000	1.53960050654
1005	3.82784013002
1010	3.33234232413
1015	0.4
1020	0.599974397144
1025	0.547916981205
1030	1.57198075922
1035	0.4
1040	2.15432791726
1045	6.79174484087
1050	0.51587854063
1055	0.4
1060	0.4
1065	2.94339411221
1070	0.4
1075	2.53651091485
1080	3.33995458637
1085	0.4
1090	0.739716374499
1095	0.4
1100	0.4
1105	1.61066855604
1110	10.4391932188
1115	1.99085691542
1120	0.4
1125	0.846007022474
1130	5.07085603077
1135	0.4
1140	4.8347687778
1145	4.80315237631
1150	0.4
1155	6.06093731072
1160	4.03760213709
1165	0.4
1170	0.4
1175	0.4
1180	8.08769851379
1185	7.94749280508
1190	6.96617756315
1195	0.4
1200	0.4
1205	0.4
1210	0.4
1215	0.4
1220	5.25060154529
1225	0.694840930788
1230	0.4
1235	0.4
1240	0.4
1245	0.4
1250	0.4
1255	6.412598173
1260	4.94493474987
1265	4.05544357815
1270	8.19303349479
1275	4.07943112157
1280	5.04605013564
1285	0.456782092439
1290	4.52166940025
1295	3.75512308261
1300	3.95506562781
1305	1.52092907305
1310	4.70556382734
1315	1.21557342496
1320	0.4
1325	0.956584517971
1330	0.4
1335	4.17065281656
1340	6.23308080072
1345	1.29154382237
1350	0.4
1355	0.4
1360	0.4
1365	11.8770388558
1370	0.4
1375	7.92002690206
1380	0.934780609223
1385	0.4
1390	1.68791799701
1395	0.4
1400	0.4
1405	0.4
1410	5.09478692568
1415	6.82846865142
1420	0.4
1425	0.4
1430	4.10635291292
1435	3.9600267654
1440	7.13257476787
1445	0.4
1450	0.4
1455	0.4
1460	4.49951179035
1465	6.39300054584
1470	0.498548728061
1475	0.4
1480	0.4
1485	0.4
1490	4.01887427951
1495	0.462087162347
1500	0.4
1505	4.86437362182
1510	4.22998092646
1515	0.4
1520	0.4
1525	4.04956770768
1530	2.26243125595
1535	0.4
1540	8.0357879798
1545	1.30182585462
1550	3.44984504221
1555	0.604693959592
1560	3.128885231
1565	1.94647005325
1570	0.4
1575	2.24719884334
