0	1.11422240889
5	0.4
10	0.471930701552
15	1.0123975026
20	0.98332927329
25	0.632723408649
30	0.4
35	0.4
40	0.4
45	0.426430425368
50	0.4
55	0.4
60	0.463185071903
65	0.4
70	0.4
75	0.596307986141
80	0.4
85	1.11015269491
90	0.4
95	0.4
100	0.4
105	0.4
110	1.22564167888
115	0.4
120	0.4
125	0.4
130	0.4
135	0.4
140	0.4
145	1.84719545753
150	0.638818720301
155	0.4
160	0.766307864311
165	0.4
170	0.4
175	0.629977744641
180	0.4
185	1.30108764426
190	0.4
195	0.4
200	0.463776996481
205	0.4
210	0.4
215	0.4
220	0.4
225	1.37232575349
230	0.4
235	0.4
240	0.4
245	2.37865903229
250	0.4
255	0.494942655329
260	0.731525832764
265	0.4
270	0.611269151116
275	0.4
280	0.770295627699
285	0.688768524059
290	1.16451440305
295	1.75888222864
300	0.4
305	1.14636811907
310	0.644064923854
315	0.4
320	0.900376385368
325	0.4
330	0.4
335	0.603608405779
340	0.4
345	0.622403029308
350	0.4
355	1.05781081444
360	0.4
365	1.0857538734
370	0.4
375	1.22499863995
380	0.722730407295
385	0.520888052261
390	1.14649138369
395	0.4
400	0.4
405	1.14232703146
410	0.4
415	0.4
420	0.444079255443
425	0.980878112555
430	0.4
435	0.4
440	0.937834640398
445	0.4
450	1.25731645048
455	0.823203661414
460	0.989334973826
465	0.659282721188
470	0.4
475	0.4
480	0.4
485	0.4
490	0.605649416265
495	1.09982525467
500	0.424839792022
505	0.553756511532
510	0.4
515	0.4
520	0.593742771309
525	0.4
530	0.864462112127
535	0.405552357924
540	0.4
545	0.4
550	2.4374702327
555	0.4
560	0.4
565	0.657001502526
570	0.520181819782
575	0.4
580	1.21597509109
585	0.4
590	0.4
595	0.4
600	0.4
605	0.4
610	0.917351049179
615	0.4
620	0.4
625	1.35981212221
630	1.12938938975
635	0.4
640	0.4
645	0.722964536683
650	0.722455293159
655	0.4
660	0.4
665	0.4
670	0.4
675	0.539343221005
680	0.4
685	1.1813705638
690	0.4
695	0.645504126551
700	0.4
705	0.4
710	0.4
715	0.884841930647
720	0.4
725	0.4
730	2.63744085596
735	0.626165659442
740	0.708493374691
745	1.3600160732
750	0.4
755	0.4
760	0.738820706859
765	0.575013426724
770	0.4
775	1.32182843403
780	0.4
785	0.4
790	0.450738326011
795	0.4
800	1.07186163032
805	0.4
810	0.4
815	0.770774022101
820	0.4
825	1.38411669504
830	0.4
835	0.690786467489
840	0.929083353869
845	0.4
850	0.4
855	0.799239789702
860	0.421569712683
865	0.457524467778
870	0.4
875	0.4
880	0.4
885	0.984205692328
890	0.4
895	0.4
900	0.4
905	0.4
910	0.4
915	0.4
920	0.4
925	0.569036600328
930	0.4
935	1.10786867552
940	1.70317614311
945	0.4
950	0.4
955	0.4
960	0.4
965	0.4
970	2.03033806399
975	0.629341775312
980	0.528499664864
985	0.4
990	0.64889915925
995	0.759861068517
1000	0.4
1005	0.614037046499
1010	1.69871885709
1015	0.433089034745
1020	0.4
1025	0.633692997517
1030	0.790720220508
1035	0.4
1040	0.710511068607
1045	0.4
1050	0.4
1055	0.4
1060	0.4
1065	0.798126392747
1070	0.4
1075	0.4
1080	0.4
1085	0.4
1090	0.574908291798
1095	0.895240425047
1100	1.65183280004
1105	0.4
1110	0.4
1115	1.17628905344
1120	0.4
1125	0.827740639477
1130	0.4
1135	0.4
1140	0.4
1145	0.4
1150	0.760795996471
1155	1.12958548218
1160	0.4
1165	0.4
1170	0.4
1175	0.980742189263
1180	0.883437469981
1185	0.4
1190	0.4
1195	0.614991969456
1200	0.4
1205	0.4
1210	2.11360442523
1215	0.4
1220	0.4
1225	0.724982981341
1230	1.47371854824
1235	0.4
1240	0.875225947609
1245	0.654598572818
1250	0.4
1255	0.4
1260	0.4
1265	1.86603615168
1270	0.600175077441
1275	0.4
1280	0.508351005588
1285	0.53313821881
1290	1.40772684176
1295	0.4
1300	0.4
1305	0.4
1310	0.459861509772
1315	0.4
1320	0.634446921135
1325	0.4
1330	0.765333085401
1335	0.4
1340	0.734390604925
1345	1.39906366448
1350	1.44036787175
1355	0.4
1360	0.794940194325
1365	0.66449832384
1370	0.490091724069
1375	1.41252966446
1380	0.4
1385	0.4
1390	1.06789889042
1395	0.4
1400	1.69576895277
1405	1.2423766498
1410	0.4
1415	0.782308334059
1420	0.4
1425	2.37237252391
1430	0.4
1435	1.42131131488
1440	0.410872679112
1445	2.73296039735
1450	1.78879753971
1455	0.4
1460	0.4
1465	0.4
1470	0.4
1475	0.433405766364
1480	0.42202597919
1485	0.4
1490	0.909974946961
1495	0.878067404712
1500	1.17398160191
1505	0.4
1510	0.4
1515	0.4
1520	0.4
1525	1.09992110824
1530	0.4
1535	1.25539338302
1540	0.4
1545	0.4
1550	0.596252778931
1555	0.728872227056
1560	1.2078856114
1565	0.4
1570	0.745761872361
1575	0.4
1580	0.4
1585	0.4
1590	0.4
1595	0.4
1600	0.468255589522
1605	0.569628631964
1610	0.589855246458
1615	0.685944406889
1620	0.496782473368
1625	0.8029624064
1630	0.793797921003
1635	1.19983808226
1640	0.612517592702
1645	0.4
1650	0.486197554216
1655	0.750879074601
1660	0.4
1665	0.4
1670	0.4
1675	0.4
1680	0.4
1685	0.4
1690	1.92624187762
1695	1.88376706745
1700	0.4
1705	0.649638029348
1710	0.4
1715	0.4
1720	0.4
1725	0.921058375779
1730	0.905694690812
1735	0.4
1740	1.61176928283
1745	0.822736391096
1750	0.4
1755	0.4
1760	0.4
1765	0.4
1770	0.825359264862
1775	0.4
1780	0.649788427731
1785	1.22743432785
1790	1.17463244599
1795	0.4
1800	0.4
1805	0.4
1810	0.4
1815	0.905759562657
1820	1.41103234684
1825	0.581204802712
1830	0.4
1835	0.635226109011
1840	0.4
1845	0.4
1850	0.4
1855	0.4
1860	0.439122831027
1865	0.748130874019
1870	0.4
1875	0.4
1880	0.4
1885	1.43826738775
1890	0.706355526069
1895	0.4
1900	0.706034650097
1905	0.684110016702
1910	1.21386180729
1915	0.4
1920	0.4
1925	0.4
1930	0.4
1935	0.4
1940	0.4
1945	0.4
1950	0.501249396652
1955	1.2102422498
1960	0.803595637714
