0	0.650072279799
5	0.865543632277
10	0.4
15	0.4
20	0.4
25	0.4
30	0.506901842196
35	1.63198066521
40	0.4
45	0.4
50	1.4362526126
55	1.50186569378
60	0.843381292384
65	0.647298430095
70	0.4
75	0.4
80	0.4
85	0.4
90	0.4
95	0.4
100	0.4
105	0.4
110	1.34246151878
115	0.4
120	1.12435137198
125	1.02657519815
130	1.22422116579
135	1.59079539404
140	1.08179137944
145	0.4
150	1.2122344001
155	0.4
160	0.4
165	0.4
170	1.03809710841
175	2.6180795546
180	0.4
185	0.4
190	0.444678116741
195	1.24088448863
200	0.4
205	0.4
210	1.41468711159
215	0.4
220	0.4
225	0.828158093261
230	2.59353620373
235	0.4
240	0.4
245	0.4
250	0.412200921277
255	1.03286660209
260	0.4
265	0.75127872957
270	0.4
275	0.4
280	0.4
285	2.16782904936
290	0.713855647987
295	1.71632550124
300	0.4
305	0.880277508714
310	0.4
315	0.4
320	0.4
325	0.4
330	0.4
335	0.4
340	0.4
345	0.4
350	0.4
355	3.05962112858
360	1.90894603225
365	0.988599568496
370	0.4
375	0.4
380	0.86638233253
385	0.4
390	0.4
395	0.4
400	1.85241121137
405	0.4
410	0.4
415	1.23087509134
420	1.09636616921
425	0.4
430	0.4
435	1.44045255804
440	1.22150128284
445	0.4
450	0.4
455	1.90419779265
460	0.4
465	0.950209601092
470	2.49698905008
475	0.84591689134
480	0.4
485	0.4
490	0.8752640721
495	0.4
500	0.4
505	0.4
510	0.4
515	1.56838941894
520	1.45303255875
525	0.614880294754
530	0.4
535	0.4
540	0.4
545	3.36030980954
550	0.4
555	0.4
560	0.4
565	0.4
570	1.48206545848
575	0.4
580	0.723268765578
585	0.4
590	1.52251339881
595	0.858893134394
600	0.4
605	0.854964163635
610	1.76947755873
615	0.4
620	0.548459436594
625	0.4
630	0.4
635	0.4
640	0.4
645	0.4
650	1.68966986666
655	0.819836212831
660	1.78795786835
665	0.4
670	1.42010511625
675	0.4
680	1.13327943515
685	0.4
690	0.98686307359
695	0.4
700	0.74694685019
705	2.24633363302
710	0.4
715	0.4
720	0.481615169625
725	0.4
730	0.4
735	0.855071570652
740	0.4
745	0.462781196139
750	0.935600351091
755	2.48338296428
760	0.714639304816
765	1.996747988
770	0.4
775	0.888150104953
780	0.719045424895
785	0.4
790	0.4
795	1.74003834605
800	0.4
805	0.4
810	2.34973541116
815	1.44111502038
820	0.784766899772
825	0.875574312125
830	0.4
835	0.4
840	0.4
845	1.49577047861
850	0.4
855	0.4
860	0.4
865	0.66902728131
870	0.4
875	0.4
880	0.4
885	0.4
890	0.4
895	0.4
900	0.4
905	0.4
910	3.17348078577
915	0.4
920	2.28162171471
925	0.4
930	0.673640749177
935	2.12435766774
940	2.95715417742
945	0.4
950	1.16311534651
955	0.4
960	0.4
965	0.4
970	0.720917349717
975	0.4
980	1.72562861886
985	0.4
990	0.4
995	5.360440249
1000	0.4
1005	0.632248653691
1010	0.4
1015	0.892815549008
1020	0.4
1025	0.4
1030	0.451267067705
1035	0.4
1040	0.47233019327
1045	0.4
1050	1.19658191222
1055	1.85954016766
1060	0.936560848879
1065	1.8916421846
1070	0.4
1075	0.4
1080	0.4
1085	1.50896444832
1090	0.4
1095	1.89721059745
1100	0.4
1105	0.4
1110	0.4
1115	1.73754160558
1120	0.723082275138
1125	0.5417309613
1130	1.73478515625
1135	0.4
1140	0.4
1145	0.4
1150	0.4
1155	0.768908747838
1160	0.4
1165	0.4
1170	0.586496763687
1175	0.498369701907
1180	0.416249524747
1185	1.09138182643
1190	0.4
1195	0.697080271164
1200	0.4
1205	0.4
1210	0.4
1215	0.4
1220	0.513924905721
1225	1.40171776893
1230	0.570854802857
1235	0.73345155438
1240	0.4
1245	0.797567173169
1250	0.679033432007
1255	0.768722435497
1260	0.577524961397
1265	0.4
1270	0.4
1275	0.912878912669
1280	0.4
1285	0.4
1290	0.4
1295	0.4
1300	0.4
1305	0.610431872946
1310	0.4
1315	0.957910717025
1320	0.4
1325	0.4
1330	0.647884312319
1335	2.67321885904
1340	0.482761795548
1345	0.4
1350	0.4
1355	0.4
1360	1.6354647502
1365	1.11411790384
1370	0.4
1375	1.05194971987
1380	0.4
1385	0.4
1390	0.4
1395	0.83044485987
1400	0.645385048372
1405	0.850040459134
1410	0.4
1415	0.4
1420	1.0868326661
1425	0.4
1430	0.4
1435	0.4
1440	0.4
1445	0.4
1450	1.54492625488
1455	0.4
1460	0.4
1465	0.412513786502
1470	1.26585206715
1475	0.4
1480	2.71432904173
1485	2.59033591466
1490	0.4
1495	0.4
1500	0.4
1505	0.4
1510	0.4
1515	0.4
1520	0.4
1525	2.30297887776
1530	0.476736548727
1535	0.4
1540	0.4
1545	0.4
1550	0.4
1555	0.4
1560	0.4
1565	0.581236304016
1570	0.4
1575	0.4
1580	0.4
1585	0.4
1590	0.959253485362
1595	0.672078108583
1600	0.4
1605	0.4
1610	0.456632030445
1615	0.728817933758
1620	0.4
1625	0.670870589425
1630	0.599924618244
1635	3.03104736267
1640	0.65742137954
1645	0.4
1650	0.4
1655	1.83366543691
1660	1.6697026725
1665	3.17598097373
1670	0.61590216688
1675	0.4
1680	0.4
1685	1.57457575413
1690	0.4
1695	1.67127887454
1700	0.987949518564
1705	0.4
1710	1.26295571845
1715	0.4
1720	0.4
1725	0.540400166946
1730	0.4
1735	0.614731434829
1740	0.4
1745	0.4
1750	0.4
1755	0.4
1760	0.4
1765	0.4
1770	0.4
1775	1.74072515983
1780	0.4
1785	0.4
1790	0.911709521169
1795	0.4
1800	2.47487681318
1805	0.4
1810	1.4885711526
1815	1.1494303916
1820	0.4
1825	1.07476623126
1830	0.4
1835	0.847613783667
1840	0.85951473852
1845	1.72551894139
1850	0.587831587947
1855	0.4
1860	0.4
1865	1.1723033266
1870	0.4
1875	1.51073185957
1880	1.08626254131
1885	0.4
1890	0.4
1895	0.4
1900	0.4
1905	0.535251424277
1910	1.2224325937
1915	0.4
1920	4.04394877555
