0	7.43950731225
5	12.1456020347
10	4.66329874172
15	22.0032657564
20	23.9520653097
25	4.50229227732
30	2.32465086523
35	5.40342214646
40	9.16230970087
45	4.65256533678
50	17.584283419
55	9.84298986024
60	3.53942720178
65	12.1915069403
70	11.524384668
75	9.39716853736
80	6.15535744184
85	4.06549914132
90	10.181983246
95	24.632692456
100	16.4713426099
105	6.13223037662
110	10.1442952007
115	0.790517921352
120	3.22834200468
125	0.4
130	2.55991605275
135	3.34519745414
140	4.39585289702
145	12.8048197356
150	5.94581518325
155	0.4
160	1.5357828302
165	17.788490077
170	2.89212268387
175	10.1885188456
180	4.45625663843
185	13.2429669872
190	1.00648113947
195	9.33446304158
200	10.292614827
205	6.9587108107
210	5.91503055535
215	20.3997427202
220	4.69209744603
225	7.22536344744
230	3.66606505897
235	0.4
240	3.21597005813
245	21.9672946818
250	0.4
255	22.9569553087
260	11.6277872003
265	0.4
270	6.23334907212
275	6.09011982907
280	0.4
285	6.88721762251
290	11.3324941547
295	0.4
300	0.4
305	5.37271853498
310	4.0609582605
315	0.4
320	0.4
325	3.95113554819
330	6.77222186647
335	4.99280097484
340	7.69105903618
345	11.8988697799
350	3.93960453228
355	16.5984945984
360	5.95797652674
365	7.98381539167
370	7.68776210102
375	5.3753304547
380	9.69881426354
385	10.1159100775
390	2.30872577454
395	13.4588522468
400	8.67547796721
405	9.07711222512
410	25.8655557725
415	0.4
420	0.4
425	4.90705953581
430	0.4
435	8.26429064626
440	9.2562954981
445	0.4
450	10.460391899
455	9.49667278006
460	3.80625975519
465	8.75143485294
470	0.99611672515
475	17.4623431939
480	0.4
485	9.91292307348
490	0.4
495	12.542411542
500	7.58292221403
505	7.79572850709
510	1.19873742571
515	3.58085463439
520	5.31203228494
525	7.12049555269
530	2.19096960942
535	6.65384296299
540	1.36573272874
545	4.54557242663
550	0.4
555	1.56020378741
560	10.3717289289
565	15.2152689535
570	8.86633264513
575	11.7898065717
580	8.84214816741
585	1.82663391296
590	0.4
595	9.29543497067
600	13.4385411433
605	9.05970003136
610	10.2702822606
615	1.22202245526
620	0.4
625	0.4
630	6.03613776034
635	2.42770612804
640	12.0577752042
645	4.87651420691
650	3.60873073203
655	0.4
660	13.1602686796
665	17.4721435672
670	3.15580433766
675	3.85042202088
680	0.4
685	0.4
690	0.4
695	0.715480059648
700	12.2078978208
705	4.90878113787
710	21.7567268174
715	3.78035891898
720	0.4
725	8.95824499208
730	0.4
735	4.35710782726
740	3.00990922109
745	7.4726963341
750	0.4
755	0.4
760	0.4
765	11.1352936878
770	6.01747250294
775	8.24542722131
780	8.10335483073
785	0.4
790	8.38225410461
795	3.48993344731
800	5.52007396359
805	11.456797178
810	0.927408981949
815	0.4
820	5.60202100241
825	11.7798447974
830	7.4748762203
835	8.5176865643
840	9.42425922716
845	0.4
850	1.94892587976
855	3.23565470751
860	7.59923875541
865	4.936226632
870	10.6656380706
875	4.1120373975
880	0.4
885	4.28415072981
890	7.01903163763
895	0.4
900	3.02877971234
905	14.7405417077
910	0.4
915	4.69326903933
920	0.4
925	2.44269414269
930	3.03997152584
935	17.5594450085
940	0.4
945	0.4
950	11.2437060756
955	10.8488492659
960	9.76937689261
965	0.4
970	1.89267990721
975	1.26099872216
980	0.4
985	3.21473369259
990	2.35624871873
995	0.4
1000	9.8723255469
1005	4.20417077935
1010	5.68345795004
1015	0.4
1020	6.63832292737
1025	0.680977154635
1030	0.4
1035	4.58917206015
1040	0.4
1045	4.38910639997
1050	15.8012251992
1055	7.74842469342
1060	0.4
1065	9.5713863877
1070	0.4
1075	4.52462516772
1080	0.4
1085	3.28146903995
1090	2.31726672704
1095	0.4
1100	1.48323613452
1105	3.48235363525
1110	4.2106397156
1115	4.93639489024
1120	0.4
1125	8.12046866268
1130	4.15955030632
1135	1.55207609225
1140	4.06273215379
1145	14.7098046899
1150	8.39525879975
1155	5.61849271767
1160	1.62227862836
1165	0.4
1170	2.59005488843
1175	15.8031148469
1180	5.04120009976
1185	14.2458312956
1190	9.3035550695
1195	24.7715855154
1200	0.4
1205	9.32621644274
1210	9.22667507502
1215	14.3667902281
1220	22.3135796145
1225	14.0100363082
1230	14.4334072016
1235	4.21488396053
1240	2.56906617359
1245	14.1494977979
1250	8.31621547123
1255	0.4
1260	4.8769606581
1265	2.87796872108
1270	0.4
1275	9.23854630549
1280	10.6414128113
1285	3.6562070516
1290	3.72072160233
1295	4.26383641399
1300	5.42111284539
1305	2.21147972885
1310	1.04842439509
1315	6.63346344508
1320	14.0392149657
1325	8.31258565903
1330	14.6656737773
1335	10.4272287623
1340	2.27379925565
1345	6.21093320536
1350	4.43427351378
1355	0.4
1360	9.75976608149
1365	6.51475411609
1370	14.6728399335
1375	0.4
1380	7.97458149604
1385	4.81914743771
1390	1.72270733562
1395	0.4
1400	0.4
1405	7.11117108138
1410	10.9850467816
1415	4.99787606567
1420	1.99386497047
1425	5.08797327837
1430	3.70859184391
1435	3.08234385913
1440	16.4282932983
1445	10.7295637577
1450	0.4
1455	3.680377376
1460	4.55350963529
1465	11.1572722139
1470	10.6529882446
1475	1.09633471825
1480	7.38529597843
1485	7.12120878743
1490	0.4
1495	7.72928289062
1500	6.72177971288
1505	0.4
1510	0.4
1515	6.76317352432
1520	0.98663570792
1525	10.325682851
1530	11.2947501863
1535	8.96821845299
1540	0.4
1545	6.50697078034
1550	0.4
