0	7.00264308072
5	16.0831400639
10	16.0493777693
15	11.4816810874
20	7.42520243584
25	0.4
30	8.76216288905
35	27.1281704909
40	24.6921015243
45	11.3387359073
50	38.6943079432
55	13.1397090599
60	0.4
65	12.9340727319
70	15.6108377135
75	6.21119590678
80	10.7485630404
85	7.24718157512
90	0.4
95	8.81480646771
100	0.4
105	0.4
110	24.2651054133
115	3.45262601364
120	8.89694376761
125	0.4
130	10.3197559283
135	15.7274388913
140	15.4246690499
145	20.4819722981
150	13.4406888084
155	9.285302634
160	19.3717722151
165	12.1739249595
170	3.34040462027
175	15.8902397967
180	25.6287882654
185	3.16565878659
190	4.07529279338
195	11.7878408109
200	8.22413133702
205	6.44239581145
210	18.320449855
215	1.4168083134
220	14.5939767759
225	2.78619075449
230	16.3372044029
235	13.3213257081
240	12.0109323617
245	17.845454384
250	6.09682160931
255	19.6151531739
260	21.4331134046
265	11.9575194034
270	6.81687576892
275	15.4862025947
280	28.2664826915
285	28.3438573397
290	20.5307769801
295	5.48346034081
300	4.24327191322
305	11.5447166507
310	23.022783302
315	0.4
320	14.413723906
325	17.5027574063
330	12.9138476177
335	19.9671505224
340	12.9072484337
345	11.1871602055
350	16.8252214057
355	15.4819266338
360	18.195823251
365	21.5074541981
370	17.9534621436
375	20.1015286969
380	1.43283208401
385	0.4
390	27.0184603855
395	8.69748557511
400	0.4
405	16.3720759183
410	12.6938371059
415	10.3718084651
420	30.5830588164
425	8.68413414093
430	15.4954473044
435	5.71608549376
440	0.4
445	16.1146693072
450	12.5615777418
455	11.1233775138
460	19.6977704527
465	16.171731674
470	15.4924785858
475	2.06016203522
480	13.1502729232
485	32.1328980681
490	8.34282463813
495	12.1813141744
500	0.4
505	13.5356793099
510	0.4
515	13.4593557919
520	7.25523231325
525	5.88745580311
530	19.83474757
535	0.4
540	24.4401113484
545	8.55376088005
550	1.66343093669
555	0.4
560	21.1613217557
565	22.3802924377
570	3.55089922621
575	10.6392460592
580	13.2788390564
585	0.4
590	21.555932242
595	12.7590474911
600	11.6849758044
605	25.7846010755
610	19.7113555631
615	8.94312512212
620	15.6474043969
625	6.6309506577
630	7.81384647905
635	5.42808538317
640	23.4308613873
645	4.32042314807
650	12.5338173248
655	14.1275773978
660	23.085039246
665	0.4
670	0.4
675	6.37793600727
680	23.9718119338
685	5.15453709455
690	6.83112199225
695	19.2172281345
700	1.782909866
705	28.6898648127
710	2.16833253172
715	17.4420531546
720	9.55656450451
725	19.756782863
730	13.5284791635
735	6.19692745921
740	31.5110121234
745	0.4
750	1.86639154049
755	15.6809855626
760	21.8754991151
765	16.7180457895
770	0.4
775	6.66949267344
780	10.7778455688
785	15.6501971015
790	29.2706921994
795	10.2695862703
800	24.2278559208
805	19.8424555761
810	11.2281143141
815	16.6417617943
820	2.04142363644
825	3.39298355339
830	33.0561957173
835	24.1025485215
840	27.6437749575
845	24.6471634563
850	4.26089375412
855	0.4
860	1.35776418424
865	7.73331876554
870	3.44806571904
875	0.4
880	18.0487401004
885	2.21249300179
890	25.0116907094
895	0.4
900	30.6648235682
905	2.38173819763
910	9.19995924921
915	4.05167774114
920	8.49259191691
925	6.98646571132
930	14.0130031955
935	21.1625828889
940	2.41941663842
945	5.92759853535
950	16.0415460979
955	11.6614519329
960	13.8578764024
965	1.11708128455
970	9.70078052557
975	28.4005247114
980	0.4
985	10.8119678506
990	16.1824759813
995	6.11544696308
1000	0.4
1005	12.8600005582
1010	9.45289795878
1015	12.6563192402
1020	13.9588211499
1025	27.9097195238
1030	10.8277299226
1035	9.0051548117
1040	5.79156609386
1045	0.4
1050	15.6901084926
1055	1.245775674
1060	6.41973957529
1065	14.5905273921
1070	7.96133588691
1075	12.4007909316
1080	0.4
1085	6.09957493683
1090	7.89105810078
1095	15.0240489144
1100	16.8400376848
1105	13.9849931997
1110	22.385411866
1115	14.2146842164
1120	11.3158790075
1125	21.2607166249
1130	24.994640714
1135	8.66039556598
1140	0.809610521404
1145	3.78901171607
1150	9.08618756696
1155	20.7588433847
1160	11.2060092015
1165	13.5345729392
1170	34.9067674019
1175	4.34300509148
1180	12.0933687931
1185	27.837678467
1190	9.69441175893
1195	9.07962490543
1200	8.59382571997
1205	21.2032568762
1210	0.4
1215	9.06648374241
1220	6.51058879777
1225	4.3523027305
1230	13.9244728268
1235	7.05255635828
1240	6.59770486629
1245	7.64130581526
1250	4.7998067692
1255	9.77814777617
1260	0.4
1265	9.19431018858
1270	12.4641086612
1275	6.61940092974
1280	9.9208341063
1285	4.16276593452
1290	0.4
1295	0.4
1300	6.83744908207
1305	20.3987806892
1310	8.71840650489
1315	10.670982864
1320	14.244539976
1325	5.99139074249
1330	16.9116982937
1335	18.5863844646
1340	15.1101022572
1345	12.9725186886
1350	12.9440872507
1355	12.8979510355
1360	8.50950882368
1365	22.8231968996
1370	18.9730765367
1375	8.54793369795
1380	0.826911263382
1385	18.4320442641
1390	15.9356430661
1395	14.3000550163
1400	7.15346064173
1405	19.9278090978
1410	0.4
1415	0.4
1420	19.3116257091
1425	14.3344667921
1430	4.97314213642
1435	15.3740355917
1440	17.7634953981
1445	5.0897015604
1450	11.7428336931
1455	20.2772693384
1460	13.4315792217
1465	19.2285060167
1470	9.74310232855
1475	15.1394648417
1480	10.5552109135
1485	31.4957295131
1490	10.0308835032
1495	12.3341207171
1500	8.22878324974
1505	5.55437279961
1510	1.87498630901
1515	11.3452589011
1520	8.88321528372
1525	23.8835375361
1530	26.6643067511
1535	16.6571724438
1540	21.5431826669
1545	30.4545699825
1550	4.32120812089
1555	23.6857325797
1560	1.22192586995
1565	8.01440988229
1570	5.92897871753
1575	19.1914126576
1580	11.0300638841
1585	7.6497348309
1590	10.0053853123
1595	16.1649130361
1600	12.548658001
1605	0.970375577313
1610	24.8049686332
1615	9.88499605137
1620	20.0582786994
1625	8.69113259811
1630	9.79765956032
1635	20.3575062695
1640	17.4667583192
1645	29.5165175818
1650	23.3108912912
1655	5.5718003986
1660	15.1558908925
1665	26.5439652774
1670	9.6088055298
1675	5.10367192337
1680	13.2427070449
1685	19.8735061104
1690	13.5886342929
1695	8.3381599129
1700	0.4
1705	10.847095684
1710	19.7975198487
1715	17.7604788803
1720	3.14330840708
1725	8.0565951219
1730	0.4
1735	15.8792690145
1740	10.2095543838
1745	28.8302127369
1750	13.5725666965
1755	0.4
1760	9.88184099219
1765	26.2163724534
1770	6.52918512118
1775	13.5971915247
1780	20.6707641869
1785	0.831988671884
1790	1.43659200466
1795	22.1751358074
