0	0.4
5	0.677337255809
10	0.4
15	0.4
20	1.29160769382
25	1.9281050129
30	1.15438175774
35	0.4
40	0.4
45	3.38929358822
50	2.73747613268
55	0.4
60	0.4
65	0.747618439694
70	0.4
75	0.4
80	0.4
85	0.4
90	0.4
95	0.4
100	0.4
105	0.441880026428
110	0.4
115	0.4
120	0.867366853455
125	0.4
130	0.4
135	0.4
140	0.865212675943
145	0.729016631095
150	0.404238502346
155	1.46229153614
160	3.13600773983
165	0.953327394998
170	0.4
175	0.4
180	0.4
185	1.76964258963
190	1.30797652836
195	0.4
200	0.4
205	0.4
210	0.4
215	1.69917314067
220	0.4
225	1.0504253666
230	0.4
235	1.04925274534
240	0.4
245	0.417479691845
250	0.4
255	0.4
260	1.04528495019
265	0.4
270	1.68284268868
275	0.4
280	1.07953014812
285	0.745598812611
290	0.4
295	0.4
300	0.4
305	0.4
310	0.881268528783
315	0.4
320	0.4
325	2.55159728219
330	2.08121548305
335	0.4
340	0.4
345	0.4
350	0.4
355	0.4
360	3.5479136675
365	0.4
370	1.07311539438
375	1.11361127747
380	0.4
385	2.51351929531
390	1.76432981156
395	0.720974150956
400	1.40856536094
405	1.84058657329
410	0.4
415	1.98720040235
420	0.4
425	0.4
430	0.4
435	0.4
440	0.719176221728
445	0.4
450	0.4
455	1.47905345722
460	1.30319887037
465	0.4
470	0.4
475	0.905879511669
480	0.4
485	4.67374609556
490	0.4
495	0.675530638167
500	0.495879234091
505	1.7303326561
510	3.87639253775
515	0.4
520	0.4
525	0.4
530	0.4
535	0.4
540	0.664754395677
545	0.4
550	2.18123146799
555	0.4
560	0.4
565	0.4
570	3.23176176149
575	0.4
580	0.4
585	0.885455178932
590	0.4
595	0.4
600	0.4
605	0.811331031897
610	0.4
615	5.58137695455
620	0.4
625	0.4
630	0.4
635	1.48273916785
640	1.14111666161
645	0.615148433484
650	2.23599644367
655	0.903142430386
660	0.4
665	0.66246603153
670	0.4
675	1.8598436879
680	0.4
685	0.997776354151
690	0.915276271428
695	1.32315589649
700	0.4
705	0.4
710	0.586075320452
715	0.4
720	1.50259550008
725	0.4
730	0.4
735	1.97016985484
740	2.52898924419
745	0.4
750	0.4
755	0.4
760	0.4
765	0.4
770	2.57254481278
775	0.4
780	0.491105105129
785	0.4
790	5.75862727245
795	0.4
800	3.93060930002
805	0.4
810	2.80340198
815	0.608408945897
820	1.7018564902
825	0.4
830	0.4
835	0.4
840	0.431471385534
845	0.995485296455
850	0.4
855	0.4
860	4.42835434926
865	0.4
870	0.4
875	1.93965230183
880	1.69407226475
885	1.83296037161
890	1.14342017002
895	0.4
900	1.79523053406
905	0.4
910	0.4
915	0.4
920	1.84020590757
925	1.80552884258
930	2.06875367229
935	1.91193466131
940	1.56638057026
945	0.4
950	0.4
955	0.4
960	0.68253716108
965	1.5376935411
970	0.518831339521
975	0.4
980	0.4
985	1.26246961319
990	1.46824509021
995	0.671885995091
1000	0.935907251858
1005	0.4
1010	0.4
1015	0.427564152194
1020	0.711846222106
1025	0.4
1030	4.7864597062
1035	0.4
1040	0.740883915703
1045	0.4
1050	1.95923456321
1055	0.4
1060	0.4
1065	1.62172950342
1070	0.4
1075	0.4
1080	0.994710308558
1085	0.4
1090	0.626958743644
1095	1.45141417276
1100	1.1830015803
1105	0.966012914324
1110	1.89644301136
1115	0.85487577043
1120	0.475921046785
1125	1.62797101704
1130	1.0384712355
1135	0.4
1140	0.4
1145	0.534665911005
1150	1.22554637716
1155	0.4
1160	1.79188181924
1165	0.4
1170	0.4
1175	0.4
1180	1.42248076144
1185	1.66386293949
1190	0.4
1195	0.666982771799
1200	0.4
1205	0.4
1210	2.51766115107
1215	0.83187345
1220	0.4
1225	0.4
1230	0.4
1235	1.57815703777
1240	0.649378664637
1245	0.427514591124
1250	0.4
1255	0.4
1260	3.58867930325
1265	0.4
1270	1.89479531249
1275	0.711234927705
1280	0.4
1285	1.49476921311
1290	2.4663221903
1295	4.03800410188
1300	2.36229124046
1305	0.4
1310	0.919100364027
1315	1.30688985823
1320	0.4
1325	0.4
1330	0.4
1335	0.4
1340	0.4
1345	0.4
1350	0.567217501659
1355	0.4
1360	0.4
1365	1.32150099105
1370	1.28940305977
1375	0.856601101503
1380	1.2672379262
1385	0.640316320106
1390	0.4
1395	0.4
1400	0.4
1405	0.4
1410	0.4
1415	0.4
1420	0.4
1425	2.25782439493
1430	0.4
1435	0.556682829267
1440	2.28076944567
1445	0.4
1450	0.4
1455	0.402780102532
1460	0.4
1465	1.24683848174
1470	1.3005287218
1475	0.445262084749
1480	0.593771440413
1485	1.84126081018
1490	0.4
1495	1.09495865454
