0	5.8532638903
5	4.68952091635
10	0.84313879526
15	2.80418373482
20	5.74709614832
25	3.64611660014
30	0.4
35	0.4
40	1.01189989389
45	5.66598079423
50	0.4
55	2.7921916968
60	4.51784586783
65	1.53310231865
70	4.99944711226
75	0.4
80	0.4
85	3.08168141519
90	0.4
95	5.83325044314
100	10.5475433702
105	5.01652517075
110	3.75438851645
115	0.4
120	3.03756523401
125	1.21294884382
130	0.585476215823
135	3.67937344487
140	7.27430230959
145	0.4
150	6.26288702638
155	7.36668544428
160	1.5952962087
165	3.54396177052
170	0.4
175	0.4
180	4.42341625474
185	4.60610876784
190	0.4
195	3.44211861497
200	0.4
205	0.4
210	4.78200074689
215	0.4
220	0.4
225	4.85471208897
230	6.52081338013
235	0.4
240	0.750921088698
245	5.39497002809
250	0.709135070108
255	4.9155562531
260	0.4
265	0.4
270	3.29457667756
275	0.911275804933
280	0.4
285	0.4
290	2.21116820427
295	7.35006020087
300	0.4
305	4.83691042416
310	5.34378668829
315	4.90366925234
320	2.93319565492
325	3.85461428401
330	2.87953637155
335	2.37580656802
340	0.937236512818
345	4.84505351782
350	0.4
355	5.46990660076
360	0.4
365	0.4
370	5.09179226403
375	0.4
380	2.47611910215
385	1.00978544201
390	0.4
395	0.4
400	0.4
405	2.31587110556
410	0.4
415	0.4
420	1.86666346416
425	0.4
430	6.99728400752
435	5.52926145986
440	1.12506103459
445	7.39789811423
450	2.58554395338
455	1.16663749066
460	1.39899738354
465	1.27085654665
470	0.4
475	8.01077226363
480	0.4
485	0.4
490	0.814322189262
495	3.39941026989
500	12.4865763752
505	3.30837915566
510	2.44592289414
515	4.07738284614
520	0.4
525	1.71224610139
530	0.4
535	0.799672243425
540	2.93509485582
545	0.4
550	1.11782439548
555	0.4
560	0.4
565	2.0733228457
570	3.0120802115
575	3.46047534373
580	2.34910966681
585	0.4
590	1.63484494819
595	0.4
600	7.76127768203
605	0.4
610	1.46271963207
615	2.18130021606
620	3.62749345095
625	0.4
630	0.4
635	0.4
640	3.45054322723
645	0.4
650	1.73343632877
655	6.54263885623
660	1.38929116562
665	1.52119255614
670	5.80462742678
675	0.4
680	2.81574684665
685	0.4
690	1.03375176477
695	5.90526995423
700	2.61832631318
705	0.4
710	2.45098819198
715	1.40941478965
720	4.15911169944
725	5.30667035828
730	3.85040849593
735	10.9719349033
740	0.4
745	0.4
750	4.11895936361
755	4.35542722349
760	2.55695055397
765	0.4
770	0.4
775	0.4
780	0.92640157944
785	0.4
790	0.4
795	0.575194384033
800	1.29733458185
805	0.4
810	1.40493308552
815	0.4
820	4.50945627041
825	1.43850436628
830	0.4
835	5.50036710625
840	0.4
845	5.2968854203
850	5.10337159385
855	0.4
860	0.4
865	3.00436564683
870	4.59535883891
875	4.8044332445
880	7.83226051627
885	4.04989795602
890	5.49458349089
895	1.01194353884
900	1.31859560502
905	0.4
910	2.79764848104
915	8.20064455204
920	0.4
925	0.4
930	0.4
935	8.03395651466
940	1.28619644827
945	5.50625094435
950	0.613539681896
955	4.8327644429
960	2.26823102895
965	1.19417406196
970	0.4
975	0.717521356414
980	0.522377709372
985	0.4
990	1.13535060763
995	0.4
1000	8.99179301576
1005	1.44889951736
1010	2.88912879449
1015	2.46473127017
1020	0.4
1025	1.68162394013
1030	0.4
1035	0.990307924761
1040	0.4
1045	15.8818442472
1050	6.57925176327
1055	8.59378302534
1060	5.76676143565
1065	0.4
1070	3.11237799058
1075	1.7015475954
1080	2.56561504127
1085	0.4
1090	1.70415597808
1095	2.30503070399
1100	0.4
1105	0.4
1110	1.82877587173
1115	0.4
1120	0.4
1125	3.21504193915
1130	0.611835877263
1135	0.4
1140	0.4
1145	0.4
1150	0.4
1155	3.07928286032
1160	4.37410578678
1165	10.4981281001
1170	5.9158102611
1175	5.18232391839
1180	3.3081337815
1185	1.63077063704
1190	0.4
1195	2.35965138554
1200	0.4
1205	1.09250219538
1210	1.41626653331
1215	0.844768390167
1220	2.99521472476
1225	0.4
1230	3.58577275359
1235	0.837706405049
1240	1.14477004166
1245	4.44480998143
1250	0.544022950231
1255	2.76401766569
1260	4.29661612893
1265	0.4
1270	1.93573081187
1275	1.35817448713
1280	4.74096080983
1285	2.19518518786
1290	0.4
1295	3.63576071152
1300	2.36915706981
1305	0.4
1310	4.10940114421
1315	1.1661093234
1320	4.05673694896
1325	5.05739615365
1330	7.10219669406
1335	0.4
1340	5.51112158884
1345	0.4
1350	1.69685731186
1355	0.4
1360	2.998196766
1365	8.35274779767
1370	0.4
1375	6.71170225421
1380	13.099951827
1385	5.31476627956
1390	4.75273860155
1395	0.4
1400	2.38596978499
1405	6.29075542674
1410	1.65548356914
1415	0.4
1420	0.4
1425	1.70906308687
1430	1.94201317158
1435	3.70719116165
1440	1.69765190768
1445	2.8738628494
1450	3.47043036244
1455	0.4
1460	0.4
1465	5.58749828685
1470	5.03016561497
1475	2.04133448843
1480	0.4
1485	12.4081436578
1490	3.56156609679
1495	0.4
1500	1.86507778988
1505	0.458405042567
1510	0.4
1515	0.4
1520	1.32070143345
1525	1.37572498248
1530	11.3927568034
1535	6.66951395932
1540	1.13289049596
1545	1.83870764673
1550	0.912980707146
1555	2.57865959463
1560	4.77453479931
1565	9.18017448384
1570	3.34700737799
1575	3.26325706418
1580	6.70981474851
