0	0.4
5	0.4
10	2.74836190455
15	0.4
20	7.65739555888
25	1.06310975002
30	0.4
35	0.4
40	3.06359007587
45	1.89367199275
50	4.04880758799
55	6.36445508492
60	1.04445168907
65	0.4
70	0.4
75	5.16964881968
80	3.06397100334
85	0.4
90	0.4
95	4.40541741007
100	0.4
105	0.4
110	2.18403979763
115	1.91407805222
120	3.84338961867
125	0.926933121
130	0.4
135	0.4
140	3.66587589485
145	0.4
150	0.4
155	1.81111320578
160	4.85525207791
165	0.4
170	4.28916972853
175	0.4
180	3.48349628955
185	0.455530862295
190	4.57684725951
195	2.46433126048
200	1.40162164753
205	2.15841094421
210	0.4
215	4.1436723998
220	0.4
225	1.20112389427
230	0.573714658841
235	0.4
240	4.16648021602
245	0.947259550724
250	1.09037810606
255	2.23024526644
260	0.4
265	1.66291958652
270	1.27173877445
275	1.9950624826
280	0.4
285	0.4
290	0.4
295	0.4
300	0.4
305	0.641592991225
310	0.4
315	0.4
320	0.955970921185
325	2.61855525273
330	0.4
335	2.70969986997
340	0.4
345	1.63344658035
350	0.4
355	1.48516510156
360	0.4
365	4.71631355665
370	0.4
375	0.4
380	0.4
385	4.43440781316
390	1.65159080269
395	2.37012938117
400	0.4
405	4.63611828011
410	1.11261848541
415	0.4
420	3.24933912245
425	0.4
430	4.66237015206
435	0.4
440	5.50490546537
445	2.46210975115
450	3.94988631304
455	1.63104430812
460	0.4
465	0.4
470	0.4
475	0.769410471273
480	2.96501313095
485	1.71100998853
490	0.4
495	0.4
500	0.4
505	2.54331277371
510	4.39295486666
515	0.4
520	0.4
525	0.827960314328
530	2.09104418439
535	0.4
540	0.470992326116
545	0.4
550	4.1739778564
555	3.33727964155
560	3.39425393571
565	2.47196455753
570	0.4
575	1.59572313137
580	1.82860731294
585	3.59632443305
590	1.41680387947
595	1.32070756897
600	0.4
605	1.24549559999
610	0.4
615	0.4
620	0.4
625	2.98435034931
630	1.42437089421
635	0.4
640	0.4
645	0.4
650	0.4
655	0.792478351951
660	3.81171203224
665	0.4
670	0.4
675	0.4
680	0.4
685	0.4
690	0.4
695	3.67184286318
700	0.702848937438
705	1.31073651213
710	0.459041560485
715	0.4
720	0.4
725	0.4
730	2.14378559639
735	0.4
740	0.4
745	1.55652548469
750	0.4
755	2.05094388655
760	1.78551020347
765	0.554502451694
770	1.10397024468
775	2.83475674291
780	0.4
785	3.98628677902
790	0.498726706322
795	0.4
800	0.4
805	7.57474107299
810	0.883707696861
815	0.4
820	5.10609616092
825	0.4
830	0.4
835	2.0111619181
840	6.53697873542
845	0.4
850	0.4
855	2.61831083769
860	1.83866357417
865	0.4
870	0.514177669454
875	3.121539199
880	0.4
885	0.4
890	0.4
895	1.0474709735
900	1.3495124216
905	0.856523274004
910	0.670278601241
915	0.4
920	0.4
925	0.4
930	0.4
935	2.69712291339
940	0.4
945	5.81009104656
950	0.4
955	0.48561240325
960	0.4
965	3.76746145559
970	0.4
975	0.4
980	1.37832601074
985	2.42562936768
990	2.43505828185
995	0.4
1000	2.75009707702
1005	2.92068733332
1010	0.4
1015	1.956939018
1020	1.84215464217
1025	6.32117296303
1030	1.84960888693
1035	2.0558994111
1040	0.4
1045	1.0656358616
1050	2.57329032451
1055	0.4
1060	0.4
1065	1.91986246339
1070	0.4
1075	0.4
1080	1.11614532454
1085	0.4
1090	1.25993014954
1095	0.4
1100	1.5903154858
1105	0.4
1110	4.7718504226
1115	7.43404009378
1120	0.4
1125	0.4
1130	0.4
1135	0.4
1140	1.8695589255
1145	0.4
1150	1.61802093034
1155	1.2070907512
1160	0.4
1165	0.4
1170	0.4
1175	1.7126657315
1180	2.79651005754
1185	2.89858761813
1190	1.38154228773
1195	0.4
1200	0.4
1205	0.409339275502
1210	0.4
1215	0.665374488205
1220	0.4
1225	1.04366209791
1230	0.4
1235	1.88921077454
1240	1.97941889137
1245	2.6132778103
1250	0.4
1255	0.4
1260	0.4
1265	0.4
1270	0.4
1275	2.04260848665
1280	2.29425927031
1285	3.89645453992
1290	0.4
1295	0.4
1300	0.4
1305	1.91192572262
1310	2.59287746753
1315	8.09368315568
1320	4.08837829878
1325	0.811368401516
1330	1.45767015448
1335	2.53988865141
1340	2.18359324815
1345	0.4
1350	0.4
1355	0.4
1360	2.79037412665
1365	0.4
1370	0.4
1375	1.35971190822
1380	0.4
1385	0.986088266476
1390	4.09133155994
1395	0.4
1400	1.33039477816
1405	0.860299099964
1410	0.4
1415	0.4
1420	1.85936361319
1425	3.08059176716
1430	0.4
1435	0.4
1440	0.4
1445	0.4
1450	0.4
1455	0.4
1460	1.84179209325
1465	2.79466031453
1470	0.4
1475	1.55529190824
1480	0.696655223615
1485	2.8740516255
1490	0.497080161243
1495	0.4
1500	0.561228565132
1505	0.54943940064
1510	0.780441962568
1515	6.72763223801
1520	0.480101282612
1525	1.1845553355
1530	0.4
1535	0.4
1540	0.4
1545	1.47269806575
1550	2.25610848244
1555	1.65442336311
1560	0.685518755012
1565	0.4
1570	2.09479870583
1575	3.59480248408
1580	0.773785773024
1585	0.63833636701
1590	1.50910477064
1595	0.45777376303
1600	0.4
1605	0.679971576594
1610	2.83179758305
1615	5.34740968299
1620	1.0611651428
1625	0.4
1630	0.4
1635	3.52801639444
1640	0.4
1645	1.89359888461
1650	4.16150175648
1655	0.4
1660	0.854800428738
1665	0.4
1670	0.4
1675	0.4
1680	1.28260041018
1685	0.4
1690	0.4
1695	3.2777882447
1700	0.4
1705	1.66670867464
1710	0.4
1715	0.4
1720	0.4
1725	0.4
1730	6.47894034582
1735	0.541348536413
1740	0.4
1745	0.4
1750	3.260543656
1755	0.4
1760	0.4
1765	4.77129621938
1770	1.65121168818
1775	0.4
1780	0.845871522321
1785	1.71934001235
1790	2.36881380804
1795	0.4
1800	0.4
1805	3.04396814734
1810	0.4
1815	1.7936695099
1820	0.4
1825	2.4243929354
1830	0.4
1835	2.04868521027
1840	1.17960137221
1845	0.4
1850	0.4
1855	0.4
1860	3.93508880565
1865	0.4
1870	2.74083770969
1875	1.90871030875
1880	1.85198512592
1885	0.4
1890	3.06694075599
1895	0.4
1900	0.4
1905	1.64612329496
