0	4.66336139615
5	4.77073584625
10	7.67898661912
15	9.15995777527
20	10.2731204398
25	17.0841214346
30	9.11359049193
35	6.39075342403
40	6.49024461026
45	6.2356544555
50	7.54550202448
55	7.63792632522
60	14.2588738334
65	8.73908869456
70	8.75779423937
75	8.25216365275
80	12.1108221587
85	10.0232878131
90	7.29162841616
95	13.0839500496
100	13.3597404467
105	9.09540080566
110	9.35646544178
115	5.61421817855
120	5.84091693125
125	7.64699430569
130	6.73270776599
135	6.40121623971
140	14.08351854
145	6.99785296312
150	7.64232504067
155	7.34435443303
160	3.49085967136
165	4.87644188968
170	10.0628702635
175	8.21733157818
180	6.77323233673
185	3.43572882575
190	8.93130312485
195	9.92379028489
200	8.20989706572
205	8.81838416452
210	6.93421359135
215	7.74209092723
220	9.68234465802
225	9.6361470835
230	8.0989763811
235	10.7529053633
240	10.122406659
245	11.2924692196
250	6.13320220021
255	10.0146268901
260	0.4
265	14.0089129455
270	11.2049258468
275	17.8260453876
280	11.0350018649
285	7.4964699694
290	14.7213194207
295	9.60323073563
300	2.59811044395
305	8.59018970769
310	6.38227232268
315	4.36400537082
320	10.231906044
325	6.1285342267
330	6.82491306547
335	7.4943442137
340	8.35381833965
345	8.2331768266
350	8.86293559018
355	11.7498500602
360	4.49725166397
365	8.51715147326
370	5.6804209448
375	3.17479943624
380	4.90510383531
385	7.45309975405
390	9.58742758811
395	7.79072854065
400	13.1288755633
405	7.97422659393
410	7.68201487215
415	5.11581210163
420	9.7097943445
425	13.3436124739
430	7.40822647648
435	7.81612623626
440	7.18171897313
445	4.23267431443
450	11.4069930455
455	6.58166300913
460	5.57058060528
465	8.54644951947
470	13.9502267669
475	5.00037747222
480	9.60687397025
485	7.61026871297
490	8.74133781635
495	6.61065893172
500	2.28466044891
505	11.6009057747
510	5.35677150961
515	6.29251244163
520	5.90944119592
525	8.88367681657
530	11.4565047999
535	9.61971764128
540	12.3766527927
545	11.3832277427
550	5.90420972643
555	10.1732089084
560	6.70312015814
565	6.31639673737
570	12.9545633944
575	14.167015673
580	6.75736403727
585	7.85589061874
590	6.92773165074
595	7.90374206425
600	12.9150223705
605	8.5518445095
610	5.19618825498
615	8.35511222248
620	11.4555749389
625	9.78575930238
630	11.3938369722
635	3.62100429311
640	8.91573200333
645	6.55023462657
650	8.26656433134
655	5.16869602182
660	7.91846730877
665	9.25901990962
670	12.345402759
675	9.37972382751
680	14.2877749925
685	0.4
690	12.0454900192
695	11.7790587335
700	8.72707050019
705	4.11104341213
710	7.90012925947
715	12.4865902269
720	12.2990484369
725	11.0621546861
730	8.06612858912
735	5.63425946827
740	5.24878836914
745	3.7618513967
750	6.71640786112
755	8.17795395499
760	10.0228039749
765	6.93763114793
770	7.50607521446
775	11.9417277179
780	11.3643818223
785	8.90492704931
790	11.340085001
795	14.4212136422
800	11.1039559195
805	6.34418624865
810	13.8776622823
815	6.90470187109
820	3.62497285506
825	7.31058595869
830	8.87100392336
835	8.90913252203
840	6.31991086835
845	7.77450198364
850	3.62644742488
855	4.52236923322
860	3.68665438048
865	7.25012189751
870	6.86152310254
875	7.44742427686
880	7.23375433719
885	7.99246073475
890	10.8837139545
895	9.62756675391
900	7.73183472941
905	9.67875661995
910	8.25259873233
915	11.1243124785
920	8.29800202964
925	10.9533391303
930	7.41238424847
935	9.56029694203
940	2.41976169428
945	11.3252814649
950	12.7996065064
955	9.50846080258
960	4.85078711809
965	6.8803154555
970	4.66426855241
975	7.43926637698
980	10.8516832345
985	8.30296700328
990	9.08816818033
995	9.36012257749
1000	8.83866671051
1005	6.08557662711
1010	8.96335610258
1015	16.4286125889
1020	14.3342530491
1025	4.63777175602
1030	7.92695737952
1035	1.22912913341
1040	4.93132779343
1045	9.82097781462
1050	9.02240722261
1055	8.58386537403
1060	14.5329961332
1065	10.4113616972
1070	6.16610670381
1075	7.04199439524
1080	8.47306956353
1085	8.0596971001
1090	10.285468927
1095	8.62280688702
1100	6.55810807173
1105	3.54173567239
1110	12.3862366725
1115	7.27502922654
1120	12.1577311093
1125	7.90533285674
1130	10.4384764139
1135	10.5232419876
1140	3.77603314112
1145	4.37434072797
1150	6.04087265151
1155	10.8147860723
1160	11.9679581495
1165	1.46254436777
1170	8.37647926911
1175	11.5947712294
1180	13.2096573199
1185	7.69738786087
1190	5.52793435466
1195	7.03299404516
1200	3.28930604097
1205	6.85373712588
1210	8.08789722563
1215	7.7942724492
1220	6.84083428691
1225	5.90437818619
1230	8.07931368807
1235	3.6936041362
1240	6.0782915618
1245	10.6672367656
1250	9.75025454055
1255	6.84521674659
1260	12.6101556867
1265	4.77805939723
1270	6.10316365095
1275	3.03344916894
1280	8.97386237087
1285	0.681587883171
1290	11.3042048168
1295	11.4162062599
1300	11.5603302483
1305	8.76180185958
1310	9.90976995482
1315	10.0600922861
1320	8.57980575224
1325	10.2641742398
1330	11.1896030983
1335	7.44977374327
1340	7.62041195066
1345	12.6821640521
1350	7.42165933046
1355	5.11756094451
1360	6.67395864943
1365	13.5945340824
1370	6.93512903209
1375	8.42088410178
1380	6.22774876127
1385	9.17238604645
1390	9.80805187414
1395	4.01374341465
1400	9.91365867822
1405	9.61412386526
1410	13.2991543666
1415	13.4961838274
1420	5.92136478748
1425	10.2519148484
1430	9.24794791618
1435	10.5877622369
1440	3.2575278828
1445	6.89623017909
1450	5.58784378438
1455	9.32088720707
1460	11.0470284193
1465	7.19114616223
1470	8.72207673115
1475	7.05732934207
1480	12.0680451853
1485	7.01294419663
1490	9.55986141446
1495	10.4160404241
1500	8.08130141864
1505	5.11278028527
1510	9.074856295
1515	10.4639938575
1520	11.9618631184
1525	9.94339970945
1530	6.56007168079
1535	9.65602395126
1540	9.25573480333
1545	7.57716212754
1550	8.47726158009
1555	8.58362250026
1560	9.59817832162
1565	17.0650722429
1570	14.9806499176
1575	13.2064191227
1580	11.7798488182
1585	8.55532111653
1590	13.5437993372
1595	9.74678905436
1600	6.44283564635
1605	11.2699670146
1610	14.3575761113
1615	16.6186620287
1620	10.9971084986
1625	6.75088260831
1630	7.14514130664
1635	5.72602121256
1640	12.2309052163
1645	9.87081982605
1650	3.80920397027
1655	8.39200280898
1660	9.57941733681
1665	13.2086982655
1670	6.92253647986
1675	7.75241449861
1680	10.7168624689
1685	10.6984459818
1690	6.88624473264
1695	9.21205506161
1700	12.6499375201
1705	4.84371803023
1710	1.50084335203
1715	8.4499462696
1720	7.82451584238
1725	8.98308352648
1730	13.2648307885
1735	9.21126096466
1740	9.57835580219
1745	7.09410295695
1750	9.56258510698
1755	4.62796727307
1760	16.711817755
1765	8.70049828204
1770	15.8819954331
1775	8.28685688303
1780	10.4603558489
1785	9.45037234656
1790	8.92086361274
1795	12.6428054485
1800	8.31969948012
1805	11.1572669996
1810	12.3842080522
1815	5.63955390491
1820	8.05133891277
1825	9.00409415524
1830	8.91867608535
1835	7.76641041524
