0	3.60685635446
5	0.4
10	0.4
15	2.54184460616
20	0.4
25	1.82920257292
30	2.64263455223
35	0.500354560266
40	0.4
45	3.79255016503
50	0.825624926758
55	0.4
60	0.4
65	0.4
70	0.4
75	0.798687658176
80	2.86800015714
85	0.4
90	3.03051625265
95	1.98592422732
100	1.1757818208
105	0.727032756285
110	0.726479693435
115	2.15894209742
120	6.87899565235
125	0.4
130	3.45063605707
135	1.13304873567
140	0.4
145	0.4
150	1.10768379562
155	0.4
160	5.35437377349
165	0.4
170	0.413916381092
175	3.23871162201
180	3.30257438527
185	0.4
190	2.52231454394
195	3.32120655833
200	1.68283185332
205	2.1730422295
210	0.597151353084
215	0.819041170108
220	1.01537646811
225	1.48203532441
230	0.4
235	2.1423887565
240	3.01382986616
245	6.11266323434
250	0.643846899766
255	0.893762651917
260	0.4
265	0.4
270	2.20063244942
275	0.4
280	0.413598980981
285	1.55865906907
290	0.990262145659
295	0.457564208007
300	0.4
305	0.859996506188
310	0.818659476804
315	0.4
320	4.44667428498
325	1.82644911469
330	1.18140854581
335	0.859411539635
340	0.757411528108
345	0.866689900089
350	2.78800953841
355	1.42408559412
360	1.18871720191
365	0.44346651105
370	0.4
375	1.51862674401
380	1.46173567509
385	0.4
390	3.44203722139
395	1.8155036149
400	2.17162477165
405	2.87884378261
410	1.13229027591
415	3.01014335395
420	0.4
425	0.4
430	0.4
435	0.4
440	1.26579245615
445	0.4
450	0.4
455	0.444704263719
460	3.38850266616
465	0.584573560099
470	0.567511052452
475	0.4
480	0.4
485	0.4
490	0.4
495	3.63532043692
500	0.871639302647
505	2.63343358643
510	0.4
515	0.4
520	1.21569828842
525	1.45311650849
530	3.62059150953
535	0.478417855986
540	1.04451048295
545	0.4
550	3.66810704429
555	0.709463264525
560	0.4
565	0.4
570	0.4
575	0.791116630352
580	2.20388818109
585	0.733120669321
590	0.4
595	0.4
600	0.4
605	0.700822693949
610	0.4
615	0.4
620	0.4
625	1.70196631976
630	7.34442258058
635	1.72347563647
640	0.4
645	1.25604345135
650	1.23010145231
655	0.4
660	0.670991709098
665	0.4
670	1.65049542381
675	0.4
680	0.4
685	0.4
690	0.4
695	3.97856191729
700	0.4
705	0.4
710	1.75459092778
715	1.26547390065
720	0.566631656065
725	2.56062642339
730	3.41751954139
735	4.09498129434
740	2.09904625116
745	0.4
750	0.4
755	2.05422811983
760	0.4
765	5.21883960934
770	0.4
775	3.32632978035
780	1.36869726551
785	2.65371585508
790	7.95972615355
795	0.4
800	0.4
805	2.67020352196
810	0.508993611085
815	0.944120039804
820	0.4
825	0.4
830	1.47362185215
835	0.432833505454
840	1.20354386963
845	1.27326922105
850	0.4
855	0.4
860	0.4
865	2.34380452143
870	0.4
875	1.08273000735
880	1.9526595314
885	2.68735575131
890	1.31426513635
895	5.07398348029
900	1.80876259274
905	0.4
910	1.16538123476
915	0.909310377752
920	1.19961009459
925	0.69964177942
930	4.92685851305
935	0.4
940	0.4
945	0.695904563299
950	5.60965041119
955	0.4
960	0.4
965	1.06195839775
970	1.62451857791
975	3.46186715704
980	2.08803284285
985	1.12135131341
990	0.4
995	0.475072318172
1000	0.4
1005	0.4
1010	0.4
1015	1.25695307009
1020	3.2217992418
1025	3.23598144439
1030	0.4
1035	0.4
1040	2.51721246447
1045	0.4
1050	0.4
1055	0.4
1060	0.4
1065	0.4
1070	0.980885668251
1075	1.21275558841
1080	0.4
1085	0.4
1090	1.67632250938
1095	0.4
1100	0.4
1105	0.4
1110	3.3070927499
1115	2.35090252407
1120	1.63582945857
1125	0.931045722815
1130	0.4
1135	0.4
1140	0.777240643356
1145	0.4
1150	0.4
1155	0.4
1160	0.4
1165	0.842631643419
1170	0.4
1175	1.85783131257
1180	2.75821090687
1185	0.4
1190	0.4
1195	0.4
1200	3.21544361362
1205	0.4
1210	0.944575013568
1215	1.00809325201
1220	2.05784961937
1225	0.4
1230	0.4
1235	0.4
1240	1.20695458967
1245	0.474808323399
1250	0.4
1255	0.4
1260	0.4
1265	0.4
1270	7.86654310662
1275	0.910742474257
1280	0.4
1285	1.72930471931
1290	2.16707611872
1295	0.4
1300	1.9879007791
1305	0.4
1310	0.4
1315	5.76323435655
1320	1.62857574987
1325	0.4
1330	2.72860443377
1335	1.19448672331
1340	2.62330553441
1345	0.4
1350	0.4
1355	0.4
1360	5.20369745928
1365	1.73940515221
1370	5.47800925603
1375	0.4
1380	1.07808115024
1385	0.4
1390	0.4
1395	5.26291389889
1400	1.43512114224
1405	4.8392364111
1410	4.1770625787
1415	0.4
1420	1.56042088546
1425	1.04083048118
1430	4.14091268309
1435	0.429826639739
1440	1.4197390343
1445	5.01208513252
1450	2.33350405568
1455	10.1748408421
1460	0.51267691851
1465	1.531870812
1470	0.4
1475	1.5877261398
1480	1.20860448902
1485	0.4
1490	3.77140184964
1495	0.4
1500	3.61977693801
1505	0.4
1510	2.77158266016
1515	0.4
1520	0.4
1525	3.88999765873
1530	0.4
1535	1.72898892639
1540	1.58998401852
1545	3.11760886551
1550	0.4
1555	0.4
1560	3.94463620702
1565	0.4
1570	0.4
1575	1.93514777795
1580	0.4
1585	0.4
1590	0.99153988063
1595	0.4
1600	0.454611567932
1605	0.4
1610	0.4
1615	0.4
1620	1.3520373581
1625	0.861564497603
1630	0.629250652197
1635	2.88580924729
1640	2.04376883755
1645	2.75514766261
1650	0.402875757536
1655	0.4
1660	0.55152264172
1665	0.4
1670	0.402644922488
1675	0.4
1680	3.2081798223
1685	1.90930697361
1690	0.4
1695	4.16457176522
1700	0.717604916276
1705	2.26588695522
1710	3.06826830591
1715	0.4
1720	0.4
1725	1.26176490143
1730	1.49491242341
1735	1.6197133852
1740	2.01077374246
1745	1.2881716602
1750	0.4
1755	0.4
1760	0.4
1765	6.14048701153
