0	5.28458209228
5	2.89264023393
10	4.37006113519
15	0.4
20	3.90882132718
25	0.4
30	0.4
35	6.73916674759
40	0.4
45	1.22528958756
50	0.4
55	0.48517501441
60	0.4
65	2.04484972364
70	0.769030025379
75	0.4
80	0.717634226296
85	1.14752309782
90	0.977818619392
95	1.41056440275
100	5.72330302564
105	0.934598940393
110	2.26962967515
115	0.471892550402
120	3.15401676032
125	1.15249319262
130	1.25467079843
135	0.497076263536
140	0.510550193844
145	0.438560651876
150	2.34744221101
155	2.10762282134
160	3.06273360128
165	0.4
170	1.83063384981
175	2.17013216459
180	1.24058107881
185	0.4
190	0.4
195	2.00469355464
200	0.4
205	3.9486731658
210	0.4
215	0.716836558031
220	0.4
225	0.4
230	0.4
235	0.4
240	1.64962087939
245	2.12508712161
250	1.91974288639
255	2.63597183804
260	7.83183672266
265	3.14433226178
270	0.4
275	2.46208152996
280	5.55752433043
285	0.4
290	2.08197126453
295	1.99478709261
300	2.1790882617
305	0.4
310	2.2854980784
315	2.92326423599
320	3.64883678536
325	0.4
330	2.34003970018
335	2.5893728683
340	3.28139463359
345	1.98505928345
350	1.67091988055
355	2.84441814675
360	0.693245892937
365	0.872593523887
370	3.01923247855
375	0.4
380	2.2762473255
385	1.92407849518
390	1.02993652256
395	0.4
400	0.4
405	1.07340941734
410	1.71896913322
415	4.10752265203
420	3.64012574729
425	1.63593217497
430	4.39019677883
435	2.14847235008
440	1.2961806312
445	4.10429631545
450	1.69231672303
455	1.4497572641
460	0.814058320432
465	3.49863907938
470	0.627337774717
475	1.82696434102
480	0.4
485	6.04818468101
490	0.4
495	0.4
500	4.49043805486
505	3.16079692813
510	0.4
515	2.38930186038
520	1.66201985008
525	3.21520409754
530	1.83375261543
535	0.4
540	1.82229103725
545	1.48327375629
550	1.38743062117
555	0.4
560	2.44080771253
565	2.32831015657
570	0.4
575	1.09000887396
580	0.4
585	0.747281701481
590	0.4
595	0.4
600	1.10755349153
605	2.28230645025
610	0.4
615	1.09345429854
620	1.67058121417
625	3.49889566864
630	5.66910599619
635	0.4
640	0.4
645	0.4
650	1.80848591594
655	2.80155947736
660	2.45244817728
665	0.405693502784
670	3.11288643207
675	10.6440574113
680	0.981208069581
685	1.28264929922
690	0.96920866532
695	1.06851063285
700	8.29585568527
705	0.4
710	0.4
715	0.4
720	1.78372543356
725	1.89451827944
730	1.09002730523
735	1.87052650611
740	1.65738608194
745	2.7830161707
750	0.691535412636
755	0.881431496172
760	1.48525613593
765	2.08479955151
770	4.41630401496
775	0.4
780	0.410748673593
785	5.72219418353
790	0.4
795	0.4
800	7.5969874495
805	1.37902703625
810	2.01150806382
815	0.4
820	2.48119672775
825	0.4
830	0.4
835	0.4
840	4.77229800254
845	0.93578712156
850	2.52375239305
855	0.4
860	0.4
865	2.17963876114
870	0.705576893479
875	1.25583651046
880	0.4
885	0.4
890	0.703925849312
895	0.4
900	0.4
905	1.8969476667
910	0.473511020561
915	0.4
920	2.95041863086
925	2.26937392015
930	1.65929151825
935	0.4
940	0.4
945	1.20684347296
950	1.08077835235
955	0.4
960	0.70064400255
965	0.565503646475
970	2.84610377075
975	3.13079397156
980	3.41977253873
985	0.509825262998
990	0.4
995	0.4
1000	0.4
1005	0.4
1010	0.4
1015	2.08873085252
1020	1.32537354795
1025	0.4
1030	1.04450540435
1035	1.10355726879
1040	0.4
1045	0.4
1050	1.32320426536
1055	0.4
1060	0.4
1065	3.86060842617
1070	2.297025783
1075	1.92860935182
1080	2.74420288962
1085	2.6550100686
1090	0.968116640195
1095	1.28910933085
1100	5.09929175932
1105	6.24040384724
1110	3.4009323118
1115	1.68906494232
1120	5.11555048714
1125	0.4
1130	2.59843499341
1135	2.34115272707
1140	0.4
1145	0.5571418344
1150	0.4
1155	0.4
1160	1.71500767718
1165	0.4
1170	0.4
1175	0.489686649449
1180	3.1071686518
1185	4.98471734271
1190	0.4
1195	0.4
1200	0.4
1205	2.38289212901
1210	2.79992878416
1215	0.4
1220	0.4
1225	1.8824831304
1230	2.45617494932
1235	0.838553346977
1240	0.4
1245	0.555348973553
1250	5.02929746779
1255	1.35504217171
1260	0.4
1265	0.4
1270	0.688165111441
1275	1.96407665253
1280	2.2190664991
1285	1.35507238643
1290	1.46924296875
1295	3.86830374387
1300	4.67193339884
1305	0.4
1310	0.968306838588
1315	0.863357419271
1320	0.4
1325	3.28144141984
1330	0.4
1335	0.4
1340	1.18188763168
1345	5.59934290705
1350	1.48053456188
1355	3.07643369986
1360	2.24902695908
1365	1.58726964255
1370	0.4
1375	0.4
1380	0.4
1385	0.740982159028
1390	0.4
1395	2.51450413699
1400	3.21199314509
1405	6.45456827531
1410	1.69336874171
1415	3.24840631776
1420	0.4
1425	2.7554543576
1430	1.84437002314
1435	0.4
1440	4.4823300832
1445	1.06503028694
1450	0.4
1455	0.717537159934
1460	0.4
1465	3.42398617819
1470	2.52359947853
1475	2.61257025139
1480	0.4
1485	2.39243534683
1490	5.01331300263
1495	2.18069691287
1500	3.04912538864
1505	2.50364503272
1510	0.590395927554
1515	4.31688599014
1520	0.580317141229
1525	0.4
1530	3.02915971316
1535	0.944740906445
1540	2.46774192356
1545	2.16415376782
1550	1.42551932247
1555	1.7320272395
1560	0.4
1565	2.0394785624
1570	2.86840352368
1575	4.66402545629
1580	4.80068043861
1585	0.4
1590	1.27920144239
1595	1.00938005745
1600	0.4
1605	3.26125142844
1610	1.60280455906
1615	2.07657061601
1620	3.78123979522
1625	4.20381208467
1630	0.4
1635	2.63842090357
1640	5.07466668129
1645	0.4
1650	2.82731325298
1655	2.2697137532
1660	2.80740520175
1665	2.07546515967
1670	1.08913717051
1675	0.4
1680	2.85018595365
1685	3.169934182
1690	2.57972738969
1695	0.4
1700	2.39039469341
1705	0.978725582282
1710	2.1722636242
1715	2.79830539942
1720	1.06183376416
1725	0.970093767678
1730	5.26605317551
1735	0.453547726819
1740	0.4
1745	1.29727513426
1750	7.36356530572
1755	2.51002738546
1760	1.45394559875
1765	2.60386169053
1770	4.38491330207
1775	0.441669810078
1780	0.4
1785	0.4
1790	0.4
1795	0.675353801766
1800	2.28339153004
1805	0.4
1810	0.4
1815	1.43662213632
1820	0.4
1825	0.4
1830	1.83704695742
