0	1.15018279516
5	0.4
10	0.428866621574
15	0.4
20	0.4
25	0.4
30	0.4
35	0.716721770213
40	0.4
45	0.4
50	0.4
55	0.4
60	0.65595620087
65	0.614176492692
70	0.647730818108
75	0.4
80	0.494127248455
85	0.4
90	0.4
95	0.4
100	0.569172078666
105	0.4
110	0.4
115	0.4
120	0.4
125	0.468643091639
130	0.4
135	0.4
140	0.4
145	0.4
150	0.4
155	1.3191621754
160	0.4
165	0.572091507643
170	1.99983733334
175	0.4
180	0.4
185	0.4
190	0.4
195	0.4
200	0.4
205	1.01456947026
210	0.4
215	1.2331427576
220	0.493661435587
225	0.609343881493
230	0.4
235	0.408546332629
240	0.4
245	0.4
250	0.4
255	0.450038993032
260	0.4
265	0.4
270	0.646278228824
275	0.4
280	0.4
285	0.4
290	0.4
295	0.4
300	1.50238444864
305	0.430930487944
310	0.4
315	0.4
320	0.4
325	1.06809072181
330	0.4
335	0.4
340	0.4
345	0.59809567379
350	0.670232039086
355	0.4
360	0.4
365	0.609918964945
370	0.4
375	0.928817296296
380	0.4
385	0.72211549471
390	0.543581338394
395	0.4
400	0.4
405	0.610408796563
410	0.4
415	0.4
420	0.684855441704
425	1.47376836516
430	0.4
435	0.4
440	0.518511900582
445	0.4
450	0.4
455	0.4
460	0.4
465	1.00379719373
470	0.4
475	0.4
480	0.463633612176
485	1.16599614828
490	0.4
495	0.754769820607
500	0.4
505	0.4
510	0.4
515	0.629768075734
520	0.403402947598
525	0.616281808102
530	0.4
535	0.4
540	0.506710768084
545	0.4
550	0.4
555	1.01483202043
560	0.4
565	0.708492623852
570	1.27311807963
575	0.4
580	0.431625138171
585	0.4
590	0.4
595	0.8808863019
600	0.4
605	0.4
610	0.4
615	0.823913857327
620	1.69357612047
625	0.4
630	0.4
635	0.875483209333
640	0.4
645	0.4
650	0.4
655	0.78351980149
660	0.434095703535
665	0.478860188321
670	0.4
675	0.4
680	0.4
685	1.20419422658
690	0.612165561224
695	0.4
700	0.4
705	0.747793518913
710	0.74789881011
715	1.12011981551
720	0.4
725	0.4
730	0.4
735	0.4
740	0.4
745	0.4
750	0.4
755	0.4
760	0.795700023468
765	0.4
770	0.4
775	0.4
780	1.20213778639
785	0.4
790	0.4
795	0.4
800	0.4
805	0.4
810	0.4
815	0.4
820	0.4
825	0.4
830	1.02870153921
835	0.4
840	0.442846622132
845	0.4
850	0.4
855	1.13122924589
860	0.4
865	0.4
870	0.4
875	0.4
880	0.4
885	0.4
890	0.4
895	0.574884087557
900	0.851850250323
905	0.4
910	0.680439438326
915	0.790027606648
920	0.4
925	0.764189083316
930	0.4
935	0.768306131802
940	0.4
945	0.593659171885
950	1.0268851828
955	0.4
960	0.474791657832
965	0.4
970	0.4
975	0.646952703571
980	1.2276738843
985	0.530109754602
990	0.4
995	0.444735320386
1000	0.4
1005	0.4
1010	0.525000741148
1015	1.07426301491
1020	0.4
1025	0.4
1030	0.4
1035	0.431231742231
1040	0.455857937211
1045	0.65074450463
1050	0.553552572443
1055	0.4
1060	0.50407005221
1065	0.4
1070	0.4
1075	0.4
1080	0.4
1085	0.4
1090	0.606902286164
1095	0.416905596334
1100	0.756492703311
1105	0.4
1110	0.4
1115	0.4
1120	0.4
1125	0.4
1130	1.06414980307
1135	0.4
1140	0.4
1145	0.4
1150	0.754277603701
1155	0.4
1160	0.427714265986
1165	0.789774286369
1170	0.518722683528
1175	0.4
1180	0.4
1185	0.4
1190	0.4
1195	0.4
1200	0.4
1205	0.4
1210	0.4
1215	0.4
1220	0.4
1225	0.4
1230	0.414424068197
1235	0.4
1240	0.479906539395
1245	0.717689716043
1250	0.4
1255	0.452809168181
1260	0.630911468203
1265	0.455956532699
1270	0.913353577845
1275	0.4
1280	0.4
1285	0.473973744367
1290	0.784133951309
1295	0.4
1300	0.4
1305	1.11639794988
1310	0.4
1315	0.4
1320	0.468135225741
1325	0.4
1330	0.4
1335	0.800445264432
1340	0.4
1345	0.4
1350	0.4
1355	0.4
1360	1.6514992728
1365	0.4
1370	1.30020500579
1375	0.4
1380	0.4
1385	0.4
1390	0.712346014844
1395	0.4
1400	0.4
1405	0.4
1410	0.4
1415	0.798603944678
1420	0.493159849055
1425	0.4
1430	0.698192934879
1435	0.854361474171
1440	0.4
1445	0.747513593491
1450	0.739625496408
1455	0.4
1460	0.4
1465	0.515933674604
1470	0.744932264266
1475	0.688680394051
1480	0.4
1485	0.698654970777
1490	0.615914728633
1495	0.739891383035
1500	0.4
1505	0.4
1510	0.955660542027
1515	0.4
1520	0.4
1525	0.4
1530	0.4
1535	0.4
1540	0.4
1545	1.85521075613
1550	0.4
1555	0.4
1560	0.4
1565	0.4
1570	0.4
1575	0.866163326841
1580	0.4
1585	0.4
1590	0.4
1595	0.4
1600	0.4
1605	0.4
1610	0.4
