0	0.988176784108
5	0.4
10	1.66143351702
15	0.4
20	0.4
25	0.4
30	1.21037297806
35	0.4
40	0.4
45	3.05708899236
50	1.75568345661
55	3.08683592618
60	0.4
65	0.4
70	0.779008520904
75	1.70015239024
80	0.4
85	2.70799423979
90	0.4
95	3.01826883069
100	5.51382137604
105	0.4
110	0.4
115	1.23222636941
120	2.18019208877
125	0.638321785035
130	0.4
135	0.4
140	0.4
145	0.4
150	0.4
155	1.34731113899
160	0.4
165	0.4
170	0.927434778216
175	1.29543200756
180	3.22278358521
185	5.67009002377
190	0.566386684647
195	0.4
200	0.4
205	3.05874945847
210	4.45327544339
215	1.18661708315
220	0.4
225	4.76248408566
230	2.11419532958
235	2.36868053473
240	2.71872837436
245	2.49735660621
250	3.29859793984
255	0.4
260	0.4
265	2.97555764315
270	5.28532892944
275	0.973471705304
280	0.4
285	2.1787510287
290	1.94995020591
295	1.32923782783
300	0.4
305	1.49751646798
310	3.77518457148
315	0.4
320	2.26498808814
325	1.1211925669
330	0.4
335	3.49473833697
340	0.4
345	2.64574880766
350	0.464257048538
355	0.4
360	2.17843292884
365	0.4
370	1.71555937363
375	0.4
380	2.27782349534
385	0.4
390	3.85385878659
395	0.4
400	0.4
405	0.566265588325
410	0.586995109918
415	4.5721904733
420	0.4
425	0.446718764007
430	2.39147441751
435	0.4
440	0.758565822635
445	0.4
450	1.79368530837
455	0.4
460	0.464004937512
465	0.4
470	0.842403941665
475	1.12621183065
480	1.74852626223
485	0.4
490	0.4
495	0.4
500	0.4
505	0.4
510	5.96212543079
515	2.06548510641
520	0.4
525	0.4
530	0.4
535	6.34474280083
540	0.4
545	2.44462814793
550	1.81464252493
555	1.31697008619
560	4.43398920959
565	0.786946650285
570	0.621230289411
575	0.4
580	2.62698916291
585	1.19937476155
590	3.04635026892
595	0.4
600	0.4
605	0.4
610	0.4
615	2.00431616986
620	0.4
625	0.4
630	0.4
635	0.4
640	0.4
645	0.4
650	0.4
655	2.29486310268
660	3.14093991148
665	0.4
670	0.4
675	0.576853977399
680	0.528252865354
685	2.27366350756
690	5.05694764076
695	1.21768779378
700	0.4
705	0.943926891528
710	2.65579106599
715	0.4
720	2.27216448679
725	1.73480796868
730	1.44929840851
735	0.4
740	0.804014650821
745	0.890215298499
750	0.4
755	0.4
760	0.4
765	0.732347878577
770	0.4
775	3.71529720076
780	0.4
785	0.4
790	0.440705213513
795	2.30364291328
800	0.4
805	5.22204298248
810	3.72037154512
815	0.4
820	1.143005292
825	3.07221116153
830	0.4
835	0.4
840	2.7093455368
845	4.12557151202
850	0.4
855	0.4
860	2.41184725042
865	1.13890547596
870	0.4
875	0.4
880	0.4
885	0.4
890	0.4
895	1.98921214938
900	1.33353606842
905	4.58426850836
910	3.43236480215
915	0.4
920	1.33208541867
925	0.4
930	2.47069105039
935	1.48169699758
940	0.865754581575
945	1.23421736562
950	3.03731382657
955	2.67699500865
960	0.4
965	0.4
970	0.4
975	0.4
980	1.95465630976
985	3.53563041561
990	0.4
995	0.4
1000	0.4
1005	1.20919865975
1010	0.4
1015	0.4
1020	1.55371019016
1025	0.4
1030	0.720144931688
1035	1.92369045251
1040	1.34217673956
1045	4.26650536581
1050	0.4
1055	5.28476253398
1060	0.4
1065	0.4
1070	0.519676926805
1075	0.4
1080	0.4
1085	0.4
1090	1.03924288708
1095	1.76847356986
1100	2.47722500367
1105	0.4
1110	0.4
1115	4.30893011198
1120	0.4
1125	2.07435674019
1130	0.4
1135	0.4
1140	1.99295977603
1145	0.4
1150	0.4
1155	0.4
1160	5.65165950606
1165	3.64184501499
1170	1.70928969623
1175	5.6239411068
1180	0.4
1185	1.07201858036
1190	0.4
1195	4.29152253811
1200	1.89378489215
1205	0.4
1210	1.35334223732
1215	1.14393244587
1220	0.4
1225	1.64549328814
1230	1.96055709588
1235	0.4
1240	1.79924532765
1245	1.94221393855
1250	0.4
1255	0.4
1260	5.56183763564
1265	0.97785742346
1270	0.848505251824
1275	0.4
1280	0.489568896127
1285	0.4
1290	2.13165789672
1295	0.4
1300	0.4
1305	1.54799390569
1310	3.68086970475
1315	1.4977016156
1320	0.4
1325	0.555512924091
1330	0.4
1335	5.59475587027
1340	3.15836925018
1345	0.4
1350	3.72423433716
1355	2.16948581978
1360	0.760684645176
1365	0.739104325006
1370	0.4
1375	1.1435165945
1380	3.02195539952
1385	0.4
1390	0.4
1395	1.53022065747
1400	3.5819726727
1405	7.11379244975
1410	0.4
1415	4.05549106646
1420	6.32536208952
1425	1.20185644465
1430	0.654643027742
1435	0.4
1440	1.45251352739
1445	0.4
1450	0.4
1455	1.26557888859
1460	0.4
1465	3.74343021318
1470	3.55972534668
1475	0.4
1480	0.4
1485	1.55220355695
1490	0.4
1495	0.4
1500	1.75849863497
1505	0.4
1510	0.4
1515	0.4
1520	1.62528091289
1525	0.519593113504
1530	3.38157175023
1535	1.75035246693
1540	0.4
1545	0.4
