0	0.4
5	1.32330517558
10	3.17746617462
15	0.4
20	0.4
25	0.4
30	1.5580349029
35	0.403595916084
40	0.576005161778
45	0.71742716098
50	0.540775251148
55	1.76176214671
60	0.4
65	0.4
70	1.27252743563
75	1.90105574203
80	0.4
85	0.4
90	1.60683487192
95	0.4
100	1.3504800908
105	1.03631989421
110	0.4
115	1.14962710385
120	0.4
125	0.4
130	0.4
135	0.4
140	1.02106715192
145	0.4
150	0.4
155	0.4
160	0.431004344462
165	0.507915652165
170	0.541361215254
175	2.97493266198
180	0.4
185	0.4
190	0.4
195	0.4
200	0.549806999348
205	0.4
210	0.4
215	1.47204734218
220	0.4
225	0.535615851321
230	0.494994127428
235	0.752551851021
240	0.4
245	0.4
250	0.4
255	2.37741650727
260	0.421662156989
265	1.24925760664
270	2.95178729175
275	0.4
280	1.56644864088
285	0.4
290	0.752208705609
295	0.4
300	0.4
305	0.4
310	2.74574646118
315	1.68244812534
320	0.4
325	0.4
330	1.97518756601
335	1.71133543364
340	0.4
345	1.05171516131
350	0.890912871836
355	2.48916875995
360	2.34792386032
365	1.23687566293
370	2.69356976209
375	2.12535514173
380	1.52689947517
385	3.42930859769
390	0.4
395	1.46266559772
400	3.00936973178
405	0.4
410	0.4
415	1.35723825843
420	1.10459482175
425	0.4
430	0.4
435	5.20426290958
440	0.4
445	0.4
450	0.4
455	1.99237016694
460	1.63806967025
465	0.4
470	1.13077760394
475	0.4
480	0.4
485	0.842691819573
490	0.746174933111
495	0.4
500	1.9878641624
505	0.549883434648
510	0.458587840914
515	0.4
520	0.4
525	0.4
530	0.4
535	0.4
540	1.69537952953
545	0.4
550	0.4
555	0.4
560	0.49302128976
565	0.4
570	1.20417698859
575	0.622860771958
580	0.4
585	0.4
590	2.35167453863
595	2.24756931338
600	2.08921469982
605	0.525825559108
610	0.536498987065
615	2.19042152065
620	0.4
625	5.36008904934
630	2.08386278133
635	0.4
640	0.643542800397
645	1.34754742637
650	0.4
655	0.737411591495
660	4.00442605337
665	1.68540804846
670	0.4
675	0.4
680	1.01533476311
685	2.61404866203
690	0.4
695	0.4
700	0.732231942889
705	0.93135286165
710	0.4
715	0.648803385083
720	0.4
725	0.4
730	0.4
735	0.4
740	0.4
745	0.4
750	0.4
755	0.781582400362
760	0.4
765	2.33151744215
770	0.4
775	0.825623143253
780	1.59099315388
785	1.82859821919
790	0.4
795	0.4
800	0.4
805	0.4
810	0.4
815	0.4
820	4.39711717956
825	0.4
830	0.4
835	3.27180368053
840	0.4
845	0.4
850	0.4
855	0.4
860	1.11647438572
865	0.696388233552
870	0.44526659746
875	0.824925283773
880	0.779237976272
885	1.29092607602
890	0.4
895	0.4
900	0.4
905	1.90244474014
910	0.4
915	0.4
920	0.4
925	1.08613426921
930	1.50489408902
935	1.24792497096
940	1.69336376162
945	0.4
950	0.4
955	0.4
960	2.26265893165
965	0.899707606869
970	2.8558362547
975	0.4
980	0.4
985	2.40522718668
990	0.4
995	0.4
1000	2.07534988691
1005	2.81273104732
1010	0.4
1015	0.4
1020	0.4
1025	1.60866380154
1030	0.4
1035	0.532782405467
1040	0.4
1045	4.68539176523
1050	1.9319767138
1055	0.455252703238
1060	0.4
1065	0.482212720269
1070	0.4
1075	0.597197090919
1080	1.84349908719
1085	0.4
1090	0.965024965498
1095	1.80566782948
1100	0.4
1105	0.4
1110	0.599971905452
1115	0.823744494274
1120	1.4010782579
1125	0.603082056039
1130	1.37682292897
1135	0.653731344803
1140	0.4
1145	1.70100497813
1150	0.751871653286
1155	0.4
1160	0.4
1165	0.4
1170	3.40642641336
1175	0.4
1180	2.07958435302
1185	0.4
1190	0.697584655851
1195	0.4
1200	1.71396451159
1205	0.524114096547
1210	0.4
1215	0.816965569024
1220	0.4
1225	2.14382795402
1230	0.4
1235	0.428654869401
1240	0.4
1245	1.38917281043
1250	1.30033991777
1255	0.4
1260	2.20071240119
1265	2.24549628625
1270	2.11053818699
1275	0.731134647432
1280	0.4
1285	0.4
1290	1.3538376442
1295	0.4
1300	2.0197792024
1305	0.952811814432
1310	1.7722215795
1315	0.4
1320	0.4
1325	2.86404845504
1330	0.4
1335	0.4
1340	1.09737612777
1345	0.452650943686
1350	1.64439210761
1355	1.28697411202
1360	0.4
1365	1.52928558811
1370	0.819540319152
1375	1.27486797553
1380	0.4
1385	0.4
1390	0.4
1395	0.95983767289
1400	0.4
1405	0.4
1410	0.4
1415	1.96028861415
1420	0.582318963264
1425	0.797282258534
1430	0.4
1435	0.4
1440	1.91195378843
1445	1.83487799553
1450	3.14836745365
1455	0.4
1460	0.687279357268
1465	0.4
1470	0.4
1475	0.4
1480	0.4
1485	0.685180373133
1490	2.29027905851
1495	0.4
1500	0.4
1505	1.37180080024
1510	0.505217973326
1515	0.765797641864
1520	0.93437856834
1525	0.4
1530	0.4
1535	0.4
1540	0.4
1545	0.4
1550	0.4
1555	0.4
1560	0.4
1565	0.4
1570	0.4
1575	0.4
1580	0.914622473173
1585	0.4
1590	0.4
1595	0.4
1600	1.11748251049
1605	1.49404111951
1610	1.25189743882
1615	0.4
1620	0.4
1625	0.4
1630	2.38627276702
1635	0.870200496201
1640	0.4
1645	0.4
1650	0.4
1655	2.03842472271
1660	0.603466268639
1665	0.4
1670	2.01423314729
1675	0.4
1680	0.4
1685	0.4
1690	0.4
1695	0.4
1700	0.4
1705	4.39029000834
1710	1.56669455395
1715	0.4
1720	0.4
1725	0.4
1730	0.4
1735	0.4
1740	1.73614915829
1745	0.4
1750	0.985527796919
