0	2.87481235516
5	0.4
10	15.3324968122
15	7.22034201207
20	6.59164294855
25	0.4
30	5.91717953243
35	8.91045797863
40	2.89666884889
45	0.4
50	4.04404620867
55	5.72901102227
60	3.46570646082
65	4.65901824215
70	0.4
75	3.16666935848
80	8.58905451171
85	2.66483231249
90	6.35289251777
95	4.67924395312
100	11.4291032564
105	7.25419126695
110	2.7510851744
115	1.41493524934
120	0.867434675323
125	21.9542806861
130	8.36288667004
135	4.21672340316
140	7.29802139842
145	0.4
150	5.23919649801
155	1.26144975463
160	5.12492256659
165	0.4
170	6.64847581103
175	1.04844880186
180	8.37020636948
185	0.4
190	0.716014323913
195	0.4
200	10.4594548762
205	2.22698650946
210	1.66335056616
215	0.4
220	13.2950141985
225	1.38009022617
230	7.62823058922
235	6.31481652479
240	11.4248100178
245	7.8926036944
250	6.23872119619
255	0.4
260	0.4
265	0.4
270	4.66693433379
275	0.4
280	0.4
285	11.8115524647
290	0.4
295	2.03497391237
300	3.3591044237
305	5.33701756238
310	4.02185816858
315	2.71200960777
320	0.4
325	5.40091793305
330	8.56708674849
335	3.70960040608
340	0.4
345	0.4
350	2.52004243964
355	0.4
360	3.55795418622
365	5.95008082119
370	5.69944104564
375	10.5101437271
380	4.49928088985
385	0.4
390	17.8402463819
395	0.4
400	1.85089242658
405	4.22689470878
410	0.4
415	6.27548185306
420	1.33534485793
425	0.4
430	8.44395471349
435	3.63473851802
440	5.97527162427
445	3.56144288053
450	0.4
455	8.83434932775
460	0.4
465	0.4
470	0.4
475	3.41338195431
480	1.23514237897
485	7.1429342241
490	5.25805153495
495	3.32795114251
500	1.11387317071
505	2.28408288841
510	0.4
515	4.61135006839
520	0.4
525	2.74626112919
530	3.96378412816
535	6.6534850844
540	10.6043605006
545	5.96807561935
550	0.4
555	2.71412500546
560	13.2355040571
565	1.28920116096
570	0.4
575	0.4
580	0.4
585	0.4
590	2.44874656626
595	0.4
600	2.11260781002
605	9.58154795513
610	3.89323914665
615	0.4
620	1.54716012519
625	0.4
630	6.85922474375
635	8.81343726683
640	6.38926160272
645	1.36728610562
650	0.4
655	13.859888317
660	0.896824203405
665	0.665857688945
670	0.4
675	1.04151653531
680	0.4
685	0.4
690	8.22351824282
695	1.11013092327
700	5.71113482693
705	5.17345265823
710	1.47037422273
715	0.4
720	6.32919636795
725	5.48728371449
730	3.2716502621
735	3.40295050198
740	1.63763450815
745	12.750022015
750	7.50787649837
755	2.86916953284
760	8.24365536215
765	12.7290534237
770	4.80347192349
775	4.03259105335
780	0.4
785	7.78491319259
790	9.47817517709
795	0.4
800	5.95787460563
805	0.4
810	6.68983764827
815	1.79692968325
820	0.4
825	10.8520548699
830	0.4
835	9.15440936565
840	3.03339711657
845	0.4
850	9.17825958048
855	14.2558525013
860	0.4
865	3.27953355368
870	13.369739931
875	13.1142189692
880	0.4
885	0.4
890	6.72926414407
895	8.67770994076
900	1.61694757246
905	9.72705550147
910	0.4
915	4.86628501646
920	4.2656515627
925	10.0112756072
930	4.73626940184
935	9.01547031567
940	8.17960441667
945	2.27161378212
950	6.30438988274
955	4.42956358141
960	6.66477028163
965	8.55370934254
970	5.35918998375
975	0.4
980	2.09920453154
985	1.68787758467
990	7.53498436754
995	7.22139760818
1000	0.4
1005	5.84159950233
1010	0.802207434564
1015	7.97097795846
1020	5.44657153642
1025	5.94396852906
1030	1.92821947497
1035	0.731367236498
1040	10.3998656745
1045	9.89237704701
1050	10.5243801828
1055	5.84705355925
1060	6.32579932599
1065	11.7356449284
1070	1.63183168365
1075	13.0735015262
1080	2.00991197744
1085	5.25372227624
1090	2.98907347352
1095	1.59037391709
1100	6.32006824567
1105	2.58335173689
1110	10.6272223872
1115	11.0569527047
1120	2.30069479313
1125	8.58295915005
1130	0.4
1135	1.58614082117
1140	16.267735331
1145	0.4
1150	3.32615958152
1155	2.49411879561
1160	0.773532547887
1165	13.7245342687
1170	0.4
1175	7.5018784371
1180	0.4
1185	3.35891943269
1190	8.27182017537
1195	0.4
1200	0.4
1205	1.73705129963
1210	0.837255548403
1215	4.36975244387
1220	4.24441785951
1225	2.24048907244
1230	6.53766118478
1235	2.61094194056
1240	0.4
1245	8.81444996329
1250	0.4
1255	0.4
1260	0.4
1265	1.2143607295
1270	0.4
1275	0.4
1280	0.4
1285	7.53858590763
1290	3.42956969707
1295	1.95365695127
1300	1.78018572026
1305	5.34020583795
1310	7.61839303958
1315	1.7326305061
1320	3.72927738239
1325	16.9250933932
1330	0.4
1335	0.876845639
1340	5.68532961991
1345	6.27913010629
1350	0.4
1355	3.91086718211
1360	0.4
1365	1.27084034278
1370	4.16456599263
1375	10.87567535
1380	13.7047137792
1385	0.4
1390	0.4
1395	7.42161645839
1400	8.24535692287
1405	0.4
1410	6.97785922743
1415	5.1795408698
1420	0.4
1425	0.4
1430	2.90132870349
1435	7.08662712356
1440	0.4
1445	10.272908902
1450	3.1796953791
1455	0.4
1460	0.4
1465	0.722511229001
1470	0.572393711127
1475	5.26897091843
1480	4.54731504077
1485	0.4
1490	0.877125459929
1495	0.4
1500	6.11440741193
1505	6.11935506936
1510	4.94191671101
1515	12.4441188978
1520	1.62956601692
1525	14.1052729438
1530	0.4
1535	7.0367772298
1540	0.4
1545	0.4
1550	9.01412051599
1555	5.88936703374
1560	0.4
1565	6.87178012907
1570	13.4698381427
1575	0.4
1580	2.82014961859
1585	5.44961469858
1590	4.06583053785
1595	1.32982224794
1600	0.4
1605	9.01788392726
1610	4.02332222908
1615	5.54259977477
1620	3.01413921779
1625	7.34465883689
1630	9.81911766378
1635	11.1024710338
1640	4.04075803565
1645	0.4
1650	2.0059108025
1655	5.91161712224
1660	3.98408705292
1665	0.4
1670	2.49441588669
1675	5.76204117736
1680	1.21887276721
1685	8.03902057465
1690	6.05809708045
1695	4.04844058615
1700	0.4
1705	3.32875176171
1710	1.44825917343
1715	3.18743417408
1720	7.85343817021
1725	5.033956288
1730	7.82589804009
1735	1.34518622408
1740	1.05220952599
1745	4.34515434504
1750	0.4
1755	6.38718938301
1760	9.64034241475
1765	0.4
1770	0.4
1775	3.97166961991
1780	4.98229030295
1785	3.83762890429
1790	6.7839782644
1795	1.26499829283
1800	4.0257592965
1805	3.25897516809
1810	11.6683829699
1815	3.72040307482
1820	1.03943779648
1825	10.2824353885
1830	1.57741994949
1835	1.79627243863
1840	0.996016949391
1845	1.51096957711
1850	1.60657163186
1855	1.46911412522
1860	5.65061617467
1865	2.19097732681
1870	1.4444391042
1875	1.7388642441
1880	0.4
1885	11.1113317711
1890	0.4
1895	9.73046975628
1900	0.4
1905	0.4
1910	4.46226742842
1915	6.50827240726
1920	7.42531373895
1925	18.1394364839
1930	0.934814330156
1935	10.7541458876
1940	5.01458056582
1945	6.94462252981
1950	2.80167303413
1955	0.656141739384
1960	6.80106757972
1965	0.4
1970	3.20830386358
