0	1.40741486752
5	1.64447643043
10	0.4
15	2.66213628081
20	2.1993961785
25	0.4
30	4.43309232269
35	3.49945922511
40	0.4
45	0.4
50	1.32612659101
55	4.12838652124
60	2.44884113579
65	5.74826782942
70	6.22278026659
75	2.74606526713
80	0.4
85	1.02860290977
90	0.527951788985
95	0.4
100	0.776118973728
105	1.15406223903
110	3.18697365326
115	0.4
120	2.26662469089
125	0.4
130	1.7033325191
135	2.26683282141
140	1.57657219996
145	3.66432694168
150	1.61743484906
155	4.60688543425
160	0.4
165	4.43437478433
170	1.32790671418
175	0.789915633683
180	1.16501529773
185	0.4
190	0.4
195	4.01614334639
200	4.56390050552
205	1.34629392223
210	4.68750417989
215	1.51814463684
220	2.49301100921
225	0.4
230	1.50303469866
235	2.1009273591
240	0.614946502213
245	1.30707639462
250	2.72102175078
255	0.4
260	0.4
265	3.74984085282
270	4.8630016488
275	4.55205542459
280	1.44308027333
285	2.77310637479
290	0.569487124224
295	0.851135964946
300	3.28121547786
305	1.11102173435
310	1.95301553033
315	3.55505199726
320	5.0305201905
325	0.4
330	0.4
335	1.85275058915
340	0.4
345	3.06489980144
350	1.65801258073
355	0.541650506326
360	0.4
365	0.762074748646
370	4.34785262851
375	0.4
380	0.4
385	3.42878745072
390	5.80750321268
395	0.4
400	2.52363980857
405	2.9635228786
410	0.4
415	1.63227194822
420	0.4
425	0.4
430	4.42067397571
435	3.30066922333
440	1.77052824272
445	3.76859525601
450	3.77335791662
455	1.40865851832
460	5.26876189244
465	0.4
470	2.06452729088
475	5.54440602853
480	1.6923981193
485	2.80456415726
490	0.4
495	0.4
500	3.62412261532
505	3.40802339805
510	1.24396702648
515	2.95534622904
520	1.19058266369
525	1.87572607669
530	3.49088538625
535	0.4
540	0.4
545	1.02299611949
550	1.77319612035
555	1.95973993786
560	0.4
565	2.13186014794
570	10.1110866357
575	4.0750114975
580	0.4
585	1.40901886088
590	2.81002090811
595	1.51552923463
600	5.95836474346
605	3.58466414716
610	3.1971123549
615	1.52525649983
620	1.10764274335
625	1.88568605531
630	6.72329909709
635	1.96682734064
640	0.4
645	3.44360415694
650	2.45982334327
655	1.02853523858
660	2.55151647317
665	1.27796070011
670	2.53383455037
675	0.4
680	0.4
685	0.4
690	3.2289281451
695	0.4
700	3.97987648983
705	1.81568680505
710	1.92977328263
715	5.58608388108
720	0.4
725	0.4
730	1.96535151279
735	0.4
740	1.95249952951
745	2.12548937578
750	0.4
755	1.60721288735
760	1.54473330822
765	0.443688470686
770	0.549846726973
775	0.4
780	3.80043350452
785	2.30945543225
790	3.99295595222
795	4.12455022766
800	0.4
805	0.4
810	2.07813172833
815	0.4
820	3.7911972324
825	1.56360254814
830	0.4
835	2.38292301763
840	4.06195854359
845	1.27985620888
850	0.4
855	2.72906068755
860	0.4
865	5.21439510463
870	1.3374896246
875	0.4
880	2.45056750538
885	4.18651232484
890	3.27777726897
895	0.542007876437
900	1.71274731958
905	0.4
910	1.6828160545
915	2.66782890247
920	4.38160580618
925	0.647411789853
930	5.60090422713
935	1.69898109875
940	5.16318301915
945	0.4
950	0.4
955	2.81124726914
960	0.472201659196
965	0.4
970	0.749351479918
975	2.59205838369
980	2.2340347359
985	0.687301752348
990	4.37317827393
995	0.4
1000	1.62045141542
1005	0.672286001333
1010	2.82697046999
1015	1.87225817258
1020	2.53192800111
1025	0.4
1030	0.446815344185
1035	1.90943417001
1040	2.90163296105
1045	0.4
1050	0.4
1055	3.11368946952
1060	0.4
1065	2.99507605559
1070	2.20002438464
1075	0.4
1080	0.4
1085	2.0184940272
1090	0.4
1095	5.06913695047
1100	0.4
1105	0.4
1110	5.12895778043
1115	3.04103672287
1120	2.94596954477
1125	0.4
1130	0.4
1135	2.28152275762
1140	1.43449911042
1145	0.430214520523
1150	0.4
1155	0.4
1160	0.4
1165	0.4
1170	1.43356187369
1175	2.67184394431
1180	2.59674457501
1185	0.4
1190	0.4
1195	4.0786013306
1200	0.4
1205	0.979509200883
1210	0.4
1215	4.04710423638
1220	3.20268772589
1225	9.43605860101
1230	1.18277775153
1235	1.08037853775
1240	1.44690551757
1245	0.4
1250	2.0299449448
1255	1.41664452698
1260	0.4
1265	0.4
1270	0.4
1275	2.89263804076
1280	0.4
1285	2.90656583485
1290	0.4
1295	0.527187872643
1300	5.39633732717
1305	0.4
1310	0.4
1315	0.4
1320	0.4
1325	0.4
1330	2.15560774568
1335	0.4
1340	3.75782702846
1345	2.16371574347
1350	2.99801701118
1355	2.62647495523
1360	1.55103267696
1365	2.78731692428
1370	3.00006861947
1375	0.4
1380	3.05764661317
1385	0.4
1390	1.38247412474
1395	2.6509107239
1400	1.56897125127
1405	0.916539093117
1410	0.818943781708
1415	0.4
1420	2.88221629893
1425	0.4
1430	1.41280632598
1435	1.04657383821
1440	2.99994550948
1445	0.4
1450	3.35171050107
1455	6.38243802452
1460	0.4
1465	0.4
1470	0.4
1475	2.66717995621
1480	1.59673045076
1485	3.68809583504
1490	0.4
1495	0.4
1500	0.4
1505	0.4
1510	0.492876397383
1515	0.4
1520	1.01117830133
1525	3.05541552935
1530	1.52983916145
1535	4.55765104526
1540	7.0937470815
1545	0.4
1550	0.4
1555	0.4
1560	2.42092240136
1565	1.53924488908
1570	0.4
1575	0.4
1580	1.14297478821
1585	0.4
1590	1.694602884
1595	3.76267448021
1600	2.25186827389
1605	0.4
1610	0.4
1615	0.4
1620	0.4
1625	0.709426458385
1630	2.67344757684
1635	3.86330900684
1640	4.66138751196
1645	0.4
1650	0.665105515545
1655	3.01657655837
1660	0.4
1665	0.4
1670	2.40623847497
1675	0.4
1680	1.82081521746
1685	0.4
