0	7.37583836588
5	0.698805392179
10	1.71276961722
15	0.4
20	2.30573264337
25	0.4
30	5.85523954345
35	10.1893952222
40	1.57916392001
45	0.4
50	3.1983305398
55	5.28975951801
60	0.4
65	5.47167796109
70	9.04778215994
75	1.71480709756
80	3.25277223151
85	0.4
90	8.22494681971
95	4.51145995699
100	5.82247025445
105	5.15429315906
110	3.07509867014
115	4.90355820295
120	4.88599198772
125	12.6748554421
130	5.49816927657
135	7.42868391737
140	5.49874492433
145	0.4
150	10.1345382672
155	0.4
160	0.4
165	9.27590793107
170	3.61351636648
175	0.623337934607
180	0.4
185	1.11805405075
190	2.30965493371
195	2.94121353435
200	0.4
205	5.33561824467
210	0.4
215	0.4
220	0.4
225	0.4
230	2.46906534246
235	3.40119472183
240	6.91280909842
245	5.33270125284
250	0.4
255	5.78236070921
260	9.08154069439
265	0.4
270	3.02447814759
275	8.72260840386
280	0.4
285	2.2238330783
290	7.84608029961
295	0.4
300	0.4
305	0.4
310	6.75770739705
315	3.36972176034
320	8.71135952768
325	3.7651878133
330	3.80589819068
335	9.59529409097
340	0.4
345	3.74102045482
350	13.6628992291
355	0.4
360	5.58551546751
365	14.8786664393
370	2.73775792316
375	4.03379596269
380	5.20904225934
385	2.43499081128
390	8.20747612029
395	1.89714085443
400	9.72233089472
405	0.4
410	1.28661577286
415	0.4
420	0.4
425	6.77266862148
430	1.48407181159
435	4.80537301853
440	0.4
445	16.0402328259
450	0.4
455	6.71273907774
460	5.66084503593
465	0.4
470	3.67861857622
475	0.641603431027
480	0.4
485	0.4
490	12.9714914841
495	5.90069459233
500	2.29591561085
505	0.4
510	5.8199772387
515	2.17555953295
520	8.57434796203
525	5.23714786427
530	7.81195505229
535	0.528605758091
540	1.39050105324
545	4.25511494677
550	0.564579887236
555	0.4
560	0.710007440482
565	0.4
570	8.21460567053
575	0.4
580	0.4
585	1.58225927894
590	0.4
595	4.40512649083
600	3.29798545835
605	4.58679058146
610	11.5394747223
615	0.4
620	3.3621732403
625	3.33750524948
630	1.63702667146
635	2.23802011487
640	0.4
645	0.4
650	3.91535323442
655	3.13738083707
660	0.4
665	1.93439107754
670	0.4
675	3.2983617117
680	2.40641243227
685	14.2641968464
690	0.4
695	0.4
700	0.4
705	7.21804239176
710	6.34908260578
715	5.94907468521
720	0.4
725	5.85653954198
730	8.71549624296
735	3.30600398904
740	0.4
745	5.71581371906
750	1.75695800828
755	4.1510921331
760	5.14310561257
765	9.60651982611
770	2.45664143495
775	4.13154782668
780	3.23260486196
785	0.4
790	10.8621998267
795	0.4
800	0.416442483611
805	5.877613739
810	5.91012547637
815	2.79362905564
820	4.47977479147
825	9.67749371768
830	0.705509573423
835	0.4
840	2.5812220573
845	5.81324973803
850	6.06424666062
855	0.4
860	0.4
865	1.25708760227
870	0.4
875	2.08435959672
880	1.78919898931
885	0.4
890	5.51106924833
895	0.4
900	3.38907637892
905	0.4
910	5.94736430082
915	0.4
920	3.52177112338
925	4.59698309617
930	5.1031410466
935	3.68587313382
940	4.66349825678
945	0.4
950	6.19149560287
955	1.71818045568
960	6.72917343731
965	11.675251361
970	0.861841363277
975	0.4
980	0.4
985	0.4
990	10.5081373795
995	0.4
1000	2.98226193083
1005	4.87449100473
1010	0.4
1015	4.76886304402
1020	12.8711985609
1025	4.01435674424
1030	5.53206220933
1035	6.27844799059
1040	0.4
1045	0.4
1050	1.6819115804
1055	0.6977699568
1060	0.4
1065	1.25139348938
1070	7.06270155899
1075	6.93760921104
1080	2.52516690095
1085	7.69029776018
1090	5.18601807472
1095	0.4
1100	6.30443828638
1105	8.33663537618
1110	4.05451950054
1115	4.04203364782
1120	0.4
1125	2.78824548282
1130	4.28080391056
1135	0.881116369089
1140	8.1722193414
1145	7.73061004616
1150	0.4
1155	1.50258754057
1160	0.4
1165	0.4
1170	2.28887942073
1175	0.4
1180	3.01388034563
1185	0.4
1190	0.4
1195	0.4
1200	1.22294408828
1205	7.06200099682
1210	6.11637729865
1215	1.59484208428
1220	14.0664267422
1225	1.84239838076
1230	0.4
1235	1.86281238947
1240	2.4251969517
1245	3.97310001574
1250	8.37540033437
1255	4.98014397695
1260	0.4
1265	5.33721072846
1270	0.4
1275	0.4
1280	0.4
1285	4.4746836018
1290	0.549387656014
1295	0.4
1300	2.58711723564
1305	0.4
1310	6.30277776001
1315	0.4
1320	0.4
1325	0.4
1330	0.4
1335	0.4
1340	20.6246645495
1345	0.4
1350	0.4
1355	0.4
1360	3.45445206008
1365	4.46532769723
1370	5.21465423628
1375	6.0922887541
1380	0.4
1385	9.13480255932
1390	0.4
1395	8.19858089983
1400	0.4
1405	8.33146564228
1410	13.120228676
1415	2.09591815417
1420	1.08241545385
1425	1.05688824348
1430	0.4
1435	5.31292383599
1440	11.2827063974
1445	0.4
1450	5.47011562971
1455	9.63918202084
1460	5.29253580334
1465	0.4
1470	4.68216590667
1475	0.4
1480	2.85652191109
1485	0.4
1490	3.68667420865
1495	2.36082739828
1500	0.4
1505	0.4
1510	3.20883899096
1515	10.0067521145
1520	0.4
1525	6.77167351843
1530	3.30542973816
1535	0.4
1540	0.4
1545	10.0665270007
1550	0.4
1555	0.4
1560	0.4
1565	8.75464181369
1570	5.11955461941
1575	0.927954491562
1580	1.7044564152
1585	0.4
1590	4.21281944364
1595	1.61547890879
1600	2.81995837465
1605	0.4
1610	0.4
1615	1.71264237902
1620	0.4
1625	0.4
1630	6.69514877711
1635	0.592324678331
1640	0.4
1645	0.999696196206
