0	2.92267395325
5	1.29207667525
10	0.4
15	0.4
20	0.4
25	6.65788907373
30	6.05890212316
35	5.4060024971
40	7.82375753828
45	0.4
50	1.79146260039
55	1.18581445312
60	0.4
65	0.4
70	1.44612501189
75	0.4
80	0.712396762381
85	0.4
90	0.877309490241
95	5.02064054875
100	6.43108155195
105	0.4
110	1.83732899595
115	1.11111991514
120	0.4
125	3.33893386951
130	10.9458353181
135	0.4
140	0.4
145	5.95279576705
150	2.7758328226
155	0.432356811178
160	0.4
165	0.4
170	3.95194422653
175	1.02793373113
180	0.988925587665
185	0.4
190	0.971318656268
195	4.1213642028
200	3.14177296556
205	4.17260452437
210	0.4
215	0.4
220	2.61310991896
225	0.4
230	7.53203683065
235	0.849233167999
240	0.4
245	2.87547302147
250	0.63485153314
255	0.4
260	5.65536640761
265	7.29858464247
270	0.4
275	0.4
280	5.02353744039
285	0.4
290	1.07509262085
295	8.12756474645
300	1.86892149364
305	3.2502994929
310	4.02392779171
315	1.21953238216
320	0.4
325	2.14551634323
330	1.32015539808
335	0.4
340	0.637927614115
345	6.01776225008
350	0.4
355	2.54287454418
360	0.4
365	0.4
370	0.4
375	4.20777800388
380	0.429568210769
385	2.1670360277
390	0.4
395	2.60512698558
400	0.4
405	0.967917317242
410	2.89194389545
415	2.15881601499
420	1.31358447619
425	2.87659567904
430	0.4
435	0.4
440	2.28534805305
445	0.443503569662
450	0.4
455	0.4
460	2.56233495266
465	3.56135041852
470	0.4
475	1.63537090612
480	5.16996730054
485	0.4
490	0.4
495	6.82189020162
500	0.4
505	0.4
510	0.4
515	2.35064918251
520	6.30287425944
525	0.4
530	0.4
535	3.00967146618
540	0.4
545	2.58430525828
550	2.82870936961
555	4.72457856586
560	6.13204720687
565	6.24926569655
570	0.4
575	0.4
580	3.33552750161
585	0.971350472504
590	1.56668000918
595	3.09126217505
600	2.4318636956
605	0.4
610	0.4
615	0.4
620	0.4
625	0.4
630	5.6434589888
635	7.67936208133
640	0.4
645	2.88786062132
650	1.01160313474
655	3.3863734846
660	1.35780006797
665	0.4
670	0.4
675	0.4
680	1.24357044113
685	0.4
690	0.4
695	0.698386453491
700	1.70828561303
705	0.4
710	0.996340945493
715	0.4
720	5.44519171264
725	0.4
730	0.4
735	2.79178493213
740	0.4
745	0.4
750	0.4
755	0.4
760	1.50860855681
765	2.27998707229
770	0.4
775	1.92993729324
780	8.67016513006
785	2.54063033284
790	0.4
795	0.504699147759
800	2.67621709984
805	1.08663735323
810	9.19345629727
815	0.4
820	0.4
825	4.80755983641
830	0.4
835	12.5713751951
840	0.4
845	0.4
850	1.72904481068
855	0.4
860	6.64092315707
865	0.4
870	2.38230584611
875	0.4
880	0.625559681129
885	0.4
890	0.4
895	2.15685177294
900	0.636870381074
905	0.4
910	0.4
915	5.7597925876
920	5.60261893062
925	3.01897533222
930	0.819035635633
935	0.4
940	1.68784007539
945	3.80374217684
950	0.4
955	0.4
960	0.729461223863
965	2.96891384671
970	2.9273089292
975	2.39153640179
980	8.02549171988
985	0.4
990	0.4
995	0.4
1000	3.15893906794
1005	2.82813561096
1010	0.4
1015	0.882207513182
1020	2.76011642597
1025	2.9589857326
1030	3.25414954862
1035	1.27486727647
1040	0.4
1045	4.08655297068
1050	0.46232240443
1055	2.96323601552
1060	1.62949979656
1065	0.4
1070	1.45636945984
1075	3.29217263616
1080	0.4
1085	5.70035879704
1090	0.4
1095	0.4
1100	2.83378965714
1105	1.05021222304
1110	5.96216546545
1115	0.4
1120	4.42448826476
1125	0.4
1130	5.78727170906
1135	4.65661463859
1140	0.4
1145	0.4
1150	0.4
1155	0.4
1160	4.97192923114
1165	6.31481910547
1170	0.4
1175	0.4
1180	3.03638053996
1185	1.31233915872
1190	0.970822076938
1195	1.42608260948
1200	2.69994938951
1205	6.18598129236
1210	0.4
1215	0.925703671636
1220	0.523007272291
1225	2.18962367211
1230	0.4
1235	1.42372958561
1240	0.4
1245	0.4
1250	2.16301326239
1255	0.4
1260	3.41217993232
1265	0.4
1270	1.66327900169
1275	2.95097146167
1280	3.22633480402
1285	0.4
1290	4.4445276958
1295	2.31024190981
1300	0.613989265856
1305	2.87590500669
1310	0.4
1315	2.82236695797
1320	0.4
1325	0.4
1330	0.4
1335	0.4
1340	0.4
1345	0.4
1350	0.4
1355	0.4
1360	0.4
1365	0.75879921811
1370	1.29611567766
1375	4.97856113678
1380	3.35904364432
1385	1.54438230568
1390	1.95158760321
1395	3.07829167048
1400	3.44474993869
1405	3.34367206793
1410	0.4
1415	0.4
1420	3.56801080877
1425	2.44756260945
1430	0.4
1435	1.23182606697
1440	4.54265285769
1445	0.4
1450	0.4
1455	0.4
1460	1.75477532471
1465	0.4
1470	4.77650796462
1475	7.79288325519
1480	0.4
1485	0.4
1490	0.4
1495	0.962519047269
1500	3.33328025288
1505	2.08471740356
1510	2.25998402689
1515	12.2822918643
1520	0.4
1525	5.05554285458
1530	1.93211231271
1535	5.44409643218
1540	0.57642360171
1545	3.18198476067
1550	0.4
1555	1.4123613096
1560	4.14148076152
1565	0.4
1570	5.84168548427
1575	0.4
1580	5.96772338773
1585	0.4
1590	0.632155563281
1595	4.12332075341
1600	2.24989099505
1605	1.9131005319
1610	3.92210380176
1615	0.72069805589
1620	4.40880762294
1625	1.23778463531
1630	1.4679176524
1635	0.4
1640	0.4
1645	0.4
1650	2.8805692646
1655	0.4
1660	0.4
1665	2.00152303482
1670	1.78551419706
1675	4.57978165626
