0	10.1399452603
5	5.37076111748
10	14.3653956147
15	11.1661487836
20	0.4
25	0.406245955385
30	14.3246143295
35	1.62826231621
40	0.4
45	20.5597921288
50	4.84862299887
55	10.0736004421
60	10.0538826445
65	11.3920881544
70	0.4
75	7.61642943092
80	18.2645385348
85	4.86752415032
90	11.0555356293
95	7.22608695776
100	14.8439475479
105	4.55108939701
110	7.03153580572
115	8.39584144395
120	1.30295784842
125	9.01581126232
130	8.77958254758
135	7.1571878826
140	11.0183300695
145	26.0146679975
150	23.5338682106
155	0.4
160	0.4
165	8.45636709658
170	6.24899002055
175	0.4
180	6.15684020811
185	3.18444959106
190	0.4
195	6.51802259853
200	17.9720937009
205	9.08034640816
210	8.88586365264
215	2.46645952955
220	15.8690627307
225	5.14339337929
230	16.8809623776
235	9.83144537392
240	9.61504499441
245	5.89412360714
250	0.4
255	12.2566074713
260	3.73542660556
265	10.8171118894
270	3.74638962742
275	0.4
280	8.26419459227
285	11.515144942
290	4.44449782076
295	0.4
300	1.66767435165
305	9.29145971242
310	14.1503228599
315	5.03342450469
320	7.94674618102
325	10.61951401
330	0.4
335	10.5805184666
340	4.40022263511
345	7.65413941714
350	12.4192353601
355	5.43045137937
360	2.09874595386
365	22.389760529
370	0.4
375	1.89117194105
380	9.92426374455
385	3.39112199301
390	5.07099765761
395	5.56403608509
400	0.4
405	8.39469075298
410	11.57811885
415	9.26352873308
420	0.4
425	3.83438872063
430	10.8625832283
435	15.7195940787
440	5.82618440406
445	14.1189586967
450	7.53719917064
455	4.32836700026
460	9.48295219023
465	0.4
470	9.4551258053
475	2.9240287491
480	5.31996720692
485	5.46169465927
490	17.6480862104
495	8.56889001509
500	0.707243438097
505	11.4179962528
510	12.6461546859
515	16.052593944
520	3.38155316567
525	9.11062405601
530	9.80327778328
535	0.4
540	7.16180971833
545	5.6876855024
550	0.4
555	1.56625048423
560	8.97242575091
565	7.49383884793
570	10.5900715697
575	7.10119028765
580	13.2374730583
585	8.95699951235
590	9.08484794543
595	0.4
600	0.4
605	4.99100230896
610	10.2595091592
615	1.67055609421
620	5.75965705988
625	8.56540939131
630	0.4
635	8.38212171138
640	7.88204290573
645	2.97624041688
650	18.6710645271
655	20.3716072651
660	13.1706530045
665	6.12410387758
670	12.5229942756
675	0.4
680	14.029346032
685	8.80507964649
690	1.17012241147
695	9.32516266684
700	12.0369758026
705	18.5338323218
710	9.28738637093
715	26.1753623797
720	3.76283076655
725	3.30646123926
730	12.8665697376
735	3.64991947248
740	12.2021533831
745	9.40643488693
750	17.5592568296
755	7.66605386178
760	3.76816693181
765	16.7603485019
770	13.4579292489
775	8.46656867353
780	4.86380193364
785	6.93101144209
790	0.4
795	4.31509404737
800	20.1170464494
805	5.23389113534
810	5.03289138794
815	6.5147570414
820	7.45780387049
825	0.4
830	5.03271176839
835	8.68684082715
840	10.0450429497
845	11.7522511741
850	9.87901722358
855	7.70729294998
860	11.9114273755
865	9.89941422098
870	8.69728591704
875	5.18305754315
880	18.534334487
885	3.84680259584
890	8.93061150393
895	11.2942555547
900	4.86729178757
905	0.4
910	49.1815338767
915	28.5481515494
920	16.1444315434
925	6.42304796016
930	0.4
935	6.94042682691
940	5.04004925861
945	0.633140421947
950	1.79299116804
955	8.34457748418
960	0.967436438423
965	19.6931926217
970	0.4
975	1.72184529183
980	0.4
985	17.2630722767
990	0.4
995	5.73402188293
1000	5.25695043125
1005	14.7625204119
1010	19.9155528644
1015	5.4384672525
1020	10.5591660495
1025	4.35683080378
1030	7.90559588425
1035	20.9232730302
1040	7.20975619678
1045	8.26941245666
1050	4.91714739825
1055	10.4617305042
1060	21.8210293629
1065	4.73467632007
1070	8.77282461256
1075	4.26925563027
1080	36.3076220054
1085	12.0199040711
1090	7.40028032835
1095	0.4
1100	12.7538904462
1105	9.23590973745
1110	11.6725060193
1115	12.3694031123
1120	8.15201776389
1125	1.34885673867
1130	17.4999647247
1135	8.74689142615
1140	5.16382391653
1145	4.42517709901
1150	11.530144833
1155	7.050636949
1160	13.0149911314
1165	13.5383147471
1170	9.42130575422
1175	7.08792947776
1180	5.29291389431
1185	0.4
1190	28.6462958418
1195	19.4440519612
1200	21.6382345367
1205	21.5215132357
1210	19.4516284389
1215	0.4
1220	7.08288260523
1225	4.82513147114
1230	8.91142941534
1235	7.50082104777
1240	13.0461285303
1245	14.8731226347
1250	4.29630174061
1255	5.28389155243
1260	13.5581131472
1265	0.4
1270	8.08568946638
1275	9.98795237316
1280	0.4
1285	8.54244854315
1290	7.76644673046
1295	12.7842521886
1300	8.34316698322
1305	14.4165880217
1310	6.96634804483
1315	11.1340208627
1320	6.95244777452
1325	5.21219350138
1330	16.9634432782
1335	8.77289563121
1340	25.8894159396
1345	9.5842127834
1350	15.1840210072
1355	12.0354202772
1360	13.9856346339
1365	23.7981068465
1370	0.4
1375	17.3759040405
1380	0.4
1385	3.04206831225
1390	13.7573336207
1395	10.6158725534
1400	19.7817478458
1405	7.61790050973
1410	4.48227705122
1415	8.5714734966
1420	9.0615632888
1425	6.89229023991
1430	0.4
1435	11.696416186
1440	8.84585997369
1445	0.4
1450	17.8226825464
1455	9.63779501807
1460	2.00289674437
1465	0.4
1470	6.02480310073
1475	8.47580727354
1480	14.398718857
1485	19.9594516794
1490	1.59120431849
1495	4.33900106179
1500	9.47056874534
1505	0.4
1510	8.62182058348
1515	5.51704608898
1520	15.4542657644
1525	6.91158279502
1530	0.4
1535	0.4
1540	8.74811927737
1545	6.74343015185
1550	1.4757335929
1555	6.58683915315
1560	7.94093918205
1565	0.4
1570	0.4
1575	20.9589457464
1580	8.53710910886
1585	11.2018482823
1590	16.4744990588
1595	1.72711336518
1600	10.0613796451
1605	0.4
1610	1.93882849895
1615	6.05064920453
1620	12.7973421435
1625	4.98640532581
1630	5.80768132131
1635	4.57551533408
1640	3.07886409469
1645	6.98238567316
1650	14.0766904503
1655	3.5484117363
1660	7.01086479038
1665	0.452481167861
1670	0.4
1675	5.44071368418
1680	3.53114469394
1685	7.01661967454
1690	16.0093563711
1695	11.405716797
1700	6.51948857997
1705	11.2772713254
1710	14.7324638853
1715	9.232371074
1720	6.39874061017
1725	3.96418742393
1730	0.4
1735	2.58540243267
1740	2.58127056879
1745	8.5014071809
1750	8.73993277444
1755	4.78142129487
1760	15.4707367155
1765	18.7838738688
1770	9.13826611027
1775	2.96176078417
1780	0.738570930913
1785	11.2658107945
1790	12.9328486662
1795	4.81322862809
1800	7.94729713973
1805	0.793205223832
1810	8.51663160906
1815	12.0581839767
1820	7.37707932793
1825	8.49205527088
1830	9.51456861136
1835	9.98371618129
1840	10.1656792117
1845	24.1916140075
1850	5.9119266934
1855	5.43910165997
1860	3.61098801436
1865	6.1540244329
1870	0.4
1875	12.6308213229
1880	35.4385755837
1885	2.75251217292
1890	3.19551510603
1895	18.6908022288
1900	6.34617532945
1905	29.0196046825
1910	4.15101690914
1915	13.3636311542
1920	10.4695486709
1925	6.5366639605
1930	5.01843534326
