0	0.4
5	3.97440306607
10	4.59219854555
15	11.4960228881
20	6.2521913239
25	4.02390014541
30	6.54542456391
35	3.31716717462
40	0.4
45	6.61841167636
50	3.33103569922
55	8.1518011653
60	0.40031577807
65	11.4791928471
70	8.07443581148
75	10.3448104642
80	5.42362440379
85	2.95280234592
90	16.2237009742
95	7.05244397048
100	1.99998633233
105	1.45845165466
110	6.43771037252
115	6.43372784682
120	6.5213453597
125	2.08147774825
130	3.78384584984
135	1.65884630382
140	4.55939892404
145	3.13034169279
150	6.60504239125
155	0.4
160	13.0168108717
165	12.5976108967
170	16.7897992021
175	1.54448872045
180	0.4
185	13.2008127425
190	9.69035577181
195	5.57527179383
200	1.3400755366
205	3.86829528545
210	3.71372562764
215	0.4
220	4.1114946793
225	4.62993580417
230	6.33049728278
235	5.4468955433
240	10.8510870194
245	7.33061575349
250	3.36675324334
255	3.77072227223
260	0.4
265	12.7339439081
270	11.9385642127
275	5.45209428764
280	10.1264629134
285	0.4
290	10.2158463705
295	16.9127122968
300	6.68566228766
305	2.82996041001
310	0.4
315	0.57540217567
320	2.58437213079
325	9.36329528403
330	5.74839220582
335	0.41154774835
340	10.9730264434
345	3.8585646459
350	2.5918251982
355	2.54016919203
360	5.06659294265
365	5.69495891306
370	11.7793362336
375	5.98236419396
380	6.08940168785
385	9.25851954633
390	0.4
395	3.36690550766
400	0.4
405	7.13083417056
410	4.03089369421
415	4.5448245531
420	2.63021565256
425	3.93723002236
430	6.84287336293
435	8.44555591868
440	6.93535378489
445	6.50484491749
450	0.4
455	0.4
460	6.51440401013
465	9.45015776262
470	4.99126353056
475	6.38632991785
480	1.27047214505
485	0.4
490	2.73395512838
495	1.84775048084
500	7.59375963698
505	0.4
510	5.61327791557
515	0.4
520	0.4
525	6.87327150268
530	6.41694268316
535	2.46694944815
540	3.97207768759
545	2.03544977491
550	4.28853358744
555	4.59872915962
560	0.550819930849
565	5.0888076117
570	11.7549502592
575	5.52956412939
580	10.3710319536
585	9.10104140184
590	11.2868044247
595	9.02694526779
600	4.48377440097
605	0.419052624535
610	4.86209424245
615	16.1688096726
620	4.73203621574
625	5.24647003468
630	1.32777312253
635	4.28876621982
640	0.4
645	6.20151313359
650	9.37973791472
655	5.12506544263
660	5.28993203578
665	0.4
670	0.4
675	3.2651772717
680	4.92889163804
685	2.90325248118
690	1.86427860085
695	0.4
700	8.95460325493
705	4.99219734465
710	4.08975145665
715	9.6571723992
720	2.83481515759
725	1.49411342927
730	0.813818562104
735	5.62832486333
740	0.4
745	24.613223875
750	8.5091062287
755	3.89791016311
760	4.55675238963
765	6.53639641233
770	0.4
775	19.1496042969
780	5.45745284057
785	1.09388211987
790	5.57448111479
795	5.66253090831
800	2.90430711577
805	2.86780458124
810	3.55476316923
815	10.4443915206
820	4.77683248219
825	12.8218461072
830	4.96684197074
835	19.3486333476
840	0.4
845	6.44411775163
850	8.83431626025
855	3.17522621646
860	9.99974628261
865	6.8079019767
870	4.82924279065
875	11.9051398604
880	0.4
885	3.50966908482
890	5.87847127621
895	4.8263222094
900	0.4
905	6.04435614891
910	4.871659814
915	8.17647134186
920	2.40633611267
925	3.53396050553
930	10.2372587065
935	2.19341832891
940	11.3070877537
945	13.6092046198
950	5.61737227315
955	9.82269222596
960	5.84353822997
965	11.7468393543
970	1.27998584981
975	9.59443130578
980	11.7468925155
985	11.0436975319
990	7.87657922324
995	4.36916625387
1000	3.31369948364
1005	7.8325236672
1010	0.4
1015	4.97724696448
1020	14.6333387363
1025	5.7899984256
1030	3.88343719887
1035	11.6159189483
1040	11.3165403652
1045	17.2696629362
1050	2.91078618788
1055	10.0120542379
1060	15.9585439231
1065	12.8948672195
1070	4.45285938135
1075	3.51283330399
1080	11.8648134251
1085	4.92048792441
1090	8.91004551367
1095	0.4
1100	9.08646577171
1105	15.4880095018
1110	11.1573410202
1115	5.665454676
1120	9.74908469692
1125	0.4
1130	4.51984709116
1135	5.53041309154
1140	6.61242470775
1145	6.80166988734
1150	3.0189292337
1155	4.64995145656
1160	12.5975236187
1165	1.22761834714
1170	3.82887986534
1175	8.43480426376
1180	5.30653058324
1185	1.47196621079
1190	5.00918416522
1195	6.01106237963
1200	12.2075621396
1205	4.87365071304
1210	6.69766503884
1215	2.40753539555
1220	20.5646703455
1225	6.01995381723
1230	0.4
1235	5.16361187986
1240	9.33495269036
1245	13.6481939569
1250	11.9020394888
1255	0.4
1260	8.19916896505
1265	12.9151854353
1270	6.11171866698
1275	10.1530298351
1280	6.03133063832
1285	4.6691224487
1290	5.20770071631
1295	5.85555867885
1300	20.4857393439
1305	5.07422520273
1310	6.2397669615
1315	7.69836888481
1320	5.64250941155
1325	6.39740771754
1330	7.67974851851
1335	3.44809313849
1340	2.17353496836
1345	1.82123192124
1350	5.17993643787
1355	5.27610403798
1360	15.1617439421
1365	4.69061235583
1370	2.17368415033
1375	4.65167612512
1380	6.0595899682
1385	5.29983920527
1390	3.7731239401
1395	10.9606441145
1400	13.7455526652
1405	1.5807034481
1410	1.93914343414
1415	9.75991461602
1420	5.81847937492
1425	0.4
1430	2.73792574087
1435	11.885150283
1440	4.23516320822
1445	7.07391044734
1450	7.29361178843
1455	4.94546906616
1460	7.50341581599
1465	4.84531898693
1470	0.4
1475	8.21037850072
1480	0.4
1485	3.4367049506
1490	0.4
1495	6.55200574875
1500	8.47121980923
1505	0.860640707045
1510	8.68223273245
1515	8.78825972947
1520	4.86929564877
1525	9.27156225569
1530	6.97405273871
1535	6.66435164326
1540	2.31522325426
1545	7.08979074983
1550	4.95416907298
1555	6.61523413288
1560	5.03545711944
1565	3.93154612792
1570	2.28823853147
1575	6.48048612192
1580	5.18496807947
1585	4.66480212651
1590	3.28817881796
1595	8.77159821883
1600	2.47547961616
1605	16.0847170866
1610	10.6253922888
1615	2.35287542271
1620	3.02750251314
1625	4.09888781258
1630	6.6289136062
1635	3.98623047559
1640	5.9430377125
1645	4.92544115439
1650	0.594914745986
1655	16.2962280745
1660	0.4
1665	14.1836150152
1670	0.4
1675	4.47111295097
1680	16.0057930747
1685	10.4867579619
1690	4.88074255164
1695	0.4
1700	5.21851427273
1705	5.7544143246
1710	2.31838181423
1715	10.8589577826
1720	3.35961308932
1725	10.0782331528
1730	4.3436849485
1735	3.80398450112
1740	3.58645609461
1745	4.30525104406
1750	5.90732072736
1755	3.8386272035
1760	5.95545553567
1765	3.58950674883
1770	6.02139275045
1775	0.89047380193
1780	8.3288751688
1785	7.04765906458
1790	5.35868195716
1795	5.10130108436
1800	4.23630217655
1805	7.35041298337
1810	6.85214195514
1815	9.19775460898
1820	13.7216590917
1825	2.88241801173
1830	6.94142639765
1835	0.4
1840	7.00818377922
1845	2.59090667878
1850	0.4
1855	7.74647475141
1860	6.89270285319
1865	11.024545546
1870	0.4
1875	8.64808447683
1880	5.23331258151
1885	9.43140682654
1890	5.16366561075
1895	0.4
1900	4.99713283697
1905	3.90699862573
1910	9.05079313082
1915	7.63096844356
1920	4.42574130006
1925	0.4
1930	4.25225201655
1935	2.12961146138
1940	5.68905599397
1945	4.92691453534
1950	8.84091365552
1955	21.7769448721
1960	4.7597671284
1965	0.4
1970	16.6136235485
1975	5.22032896596
1980	4.06545261099
