0	0.4
5	0.4
10	0.4
15	5.13939794441
20	0.4
25	0.4
30	0.664868577552
35	0.4
40	0.4
45	0.4
50	0.4
55	1.03768634739
60	0.4
65	0.4
70	1.1587234178
75	0.4
80	1.30591132892
85	0.676172454853
90	0.4
95	3.77505799264
100	0.4
105	0.4
110	2.21949898355
115	1.10726819905
120	0.973975508661
125	0.896896208186
130	0.4
135	0.4
140	0.4
145	0.4
150	0.595403841071
155	0.805070262464
160	0.4
165	1.13131404484
170	0.4
175	0.4
180	1.39261324463
185	0.567719945132
190	1.17374951508
195	0.4
200	0.4
205	1.53203341832
210	0.4
215	0.4
220	0.4
225	0.951380923559
230	1.36617659625
235	0.829367863976
240	0.4
245	4.60122210496
250	0.4
255	1.32184123382
260	0.597019648683
265	0.4
270	0.4
275	0.972670470757
280	0.985903824961
285	1.43651024882
290	0.4
295	0.4
300	0.910954566454
305	2.18790715737
310	0.922998107536
315	0.4
320	0.683238832767
325	1.09740558776
330	0.477915039423
335	0.4
340	0.4
345	1.75936815799
350	1.04173044619
355	1.25119605438
360	0.4
365	2.56696659386
370	0.4
375	1.76361358057
380	2.10298403321
385	0.4
390	0.556932973623
395	0.4
400	0.4
405	0.4
410	0.4
415	2.2480547644
420	1.0782969653
425	0.48693069827
430	0.4
435	1.26028593809
440	0.4
445	1.59061616772
450	0.4
455	0.4
460	0.4
465	1.25440969153
470	1.90503755778
475	0.4
480	2.99420886498
485	0.4
490	0.596088010747
495	0.4
500	0.4
505	1.94263544382
510	2.7566878009
515	0.4
520	0.4
525	1.21395401689
530	0.4
535	0.4
540	0.702243945533
545	0.55341739215
550	2.39253376841
555	0.4
560	0.4
565	0.4
570	4.86672238442
575	1.78706608066
580	0.803839459697
585	0.4
590	1.08012214522
595	2.08664907963
600	1.31796922248
605	0.84495638386
610	1.2921522296
615	0.4
620	0.4
625	0.821584205466
630	2.283709613
635	0.4
640	0.4
645	0.776490987372
650	0.4
655	0.4
660	0.4
665	3.00718262401
670	0.765824064891
675	0.4
680	0.932312269437
685	0.435644902058
690	0.591966518856
695	0.975061876012
700	0.4
705	1.00531841553
710	1.50748987105
715	0.442040191279
720	2.68368633648
725	0.4
730	0.4
735	1.38996532775
740	1.13270707876
745	0.4
750	0.4
755	0.536699803189
760	0.699179190836
765	0.4
770	0.4
775	0.4
780	0.867062447156
785	0.532537859213
790	0.4
795	0.59987468847
800	1.04391518444
805	0.736562342304
810	0.4
815	0.4
820	0.4
825	1.95484560155
830	0.643080662253
835	0.4
840	0.470581054098
845	0.4
850	1.11952973708
855	0.4
860	1.65271332464
865	0.4
870	3.58595701143
875	0.4
880	0.4
885	0.440088400049
890	0.903184908405
895	0.4
900	0.781224269244
905	0.4
910	0.4
915	0.4
920	0.4
925	0.4
930	0.4
935	0.594602667099
940	0.575824478976
945	0.4
950	0.4
955	1.44847636676
960	0.4
965	1.3817795261
970	0.4
975	0.4
980	0.4
985	1.50631147452
990	0.907239634434
995	0.4
1000	0.812227824491
1005	1.94423963479
1010	0.4
1015	1.18690436507
1020	0.4
1025	0.4
1030	0.4
1035	0.953027086685
1040	0.4
1045	0.4
1050	0.4
1055	0.4
1060	1.86487100741
1065	0.4
1070	1.52456018764
1075	0.4
1080	0.596777387925
1085	0.4
1090	2.00366861268
1095	0.4
1100	0.4
1105	0.941811075954
1110	0.4
1115	3.06493292836
1120	0.4
1125	0.4
1130	0.4
1135	0.4
1140	0.4
1145	0.4
1150	1.24153812475
1155	1.48044968756
1160	0.91795514097
1165	0.4
1170	1.49527528197
1175	0.4
1180	1.24976133727
1185	0.4
1190	0.4
1195	0.413786683557
1200	0.4
1205	1.06987602038
1210	0.4
1215	0.4
1220	0.587478040871
1225	0.406531088916
1230	0.572725560511
1235	0.4
1240	0.4
1245	1.9039504769
1250	0.4
1255	0.4
1260	0.91057446946
1265	0.843482699581
1270	0.927532954637
1275	0.4
1280	0.4
1285	0.4
1290	0.4
1295	0.4
1300	0.870598757177
1305	2.41890668753
1310	4.86393346233
1315	0.4
1320	2.39117038406
1325	3.13210641836
1330	0.4
1335	0.4
1340	1.3412891137
1345	0.4
1350	1.36700677829
1355	0.886742337784
1360	0.44149842271
1365	1.10780313948
1370	0.4
1375	1.59329503993
1380	0.4
1385	0.526283478205
1390	1.80714673238
1395	0.4
1400	0.4
1405	0.4
1410	0.73350286452
1415	1.43170074539
1420	0.4
1425	1.16679550007
1430	0.4
1435	0.4
1440	0.919213481918
1445	0.4
1450	0.639891309107
1455	0.4
1460	1.1820149558
1465	2.52882962057
1470	0.4
1475	0.4
1480	1.06808460666
1485	1.50888963934
1490	1.08412206259
1495	0.4
1500	1.75271035184
1505	0.765204205284
1510	0.4
1515	2.42168613893
1520	0.93000346117
1525	1.45920415958
1530	0.557369068092
1535	0.434167313788
1540	0.72338159913
1545	1.12056536809
1550	0.7093218844
1555	0.4
1560	0.4
1565	1.13286468829
1570	3.17231421622
1575	0.4
1580	0.4
1585	0.4
1590	0.4
1595	1.01744471481
1600	0.551752744593
1605	0.4
1610	0.4
1615	0.844701022051
1620	1.00836947752
1625	0.4
1630	0.4
1635	1.46099254075
1640	0.4
1645	1.62142765479
1650	1.11928763685
1655	1.57165763161
1660	3.73344886704
1665	0.4
1670	1.38968447223
1675	0.955425163295
1680	0.4
1685	0.748602324419
1690	0.899306624118
1695	1.24054146359
1700	1.3047332063
1705	1.90238997143
1710	1.52563398705
1715	0.4
1720	1.3157988298
1725	0.4
1730	0.4
1735	0.439870753655
1740	0.4
1745	0.4
1750	0.4
1755	1.00896138913
1760	3.62894305077
1765	1.64720924908
1770	0.4
1775	0.913165188532
1780	0.4
1785	2.11457156464
1790	2.12835445324
1795	1.67502595313
1800	1.24958257348
1805	1.39039486202
1810	0.4
1815	1.10884300927
1820	0.4
1825	2.44814375997
1830	0.4
1835	0.4
1840	1.18943931151
1845	0.4
1850	0.582098972317
1855	0.480729323023
1860	0.565165588701
1865	0.680361543013
1870	0.4
1875	0.4
1880	1.23140285912
1885	0.4
1890	1.75858313336
1895	0.4
1900	0.547508696997
1905	0.4
1910	0.4
