0	4.7746077447
5	9.66493704918
10	16.548651235
15	6.35378304318
20	0.65478294611
25	4.59965881516
30	13.613534054
35	5.40922947507
40	4.77570645831
45	0.4
50	5.24413593242
55	6.68040059216
60	0.4
65	6.85362844045
70	4.19354807197
75	8.68421701438
80	6.97267960421
85	6.1496529608
90	2.95949999912
95	4.42571982223
100	7.97232454657
105	5.230314384
110	6.96051098743
115	5.13763046273
120	4.60216954971
125	5.73125704356
130	13.0632027282
135	3.39749354561
140	7.97527376431
145	6.52608185515
150	7.36477364869
155	7.4811350946
160	5.19434140585
165	8.86807333567
170	5.20553171087
175	5.33241871552
180	5.63777841552
185	6.25889431264
190	10.0937508903
195	5.75506854474
200	5.74844362512
205	5.57244920255
210	4.84627083763
215	0.766883777124
220	7.03356816736
225	2.31496261383
230	10.1710643137
235	9.57427610706
240	5.24590010582
245	10.1715704973
250	3.08684233157
255	5.68246704146
260	6.53956585233
265	6.43146524083
270	6.66025290197
275	7.64808243883
280	1.18871646975
285	4.31299920497
290	6.63562337521
295	5.98982432
300	6.36010883732
305	0.4
310	4.13100234079
315	5.85033591435
320	9.17903185945
325	3.65396867982
330	8.3750599965
335	6.52628271623
340	0.4
345	1.28309648316
350	3.10605249682
355	12.1937112311
360	3.4999902642
365	8.32053607033
370	4.85680019659
375	4.88805732794
380	1.07430044945
385	2.45808133321
390	6.98947104469
395	7.8896310913
400	4.71103258489
405	12.2279345524
410	4.09417675332
415	5.57983938329
420	5.7968509069
425	6.95854920148
430	5.40258302087
435	4.38097485863
440	7.22569242655
445	2.60742410877
450	6.42794943439
455	4.17022992894
460	1.53996382105
465	3.08091023655
470	6.35611246448
475	6.64339467033
480	4.97958528991
485	4.57678334365
490	9.58916655628
495	14.1240355339
500	4.97792444559
505	8.36665918076
510	8.68076118167
515	7.84857809948
520	6.89789070683
525	6.10316526567
530	1.76491465601
535	5.4661492974
540	2.96864179445
545	5.89856405045
550	9.42850471058
555	0.4
560	7.81536111211
565	7.16626289885
570	2.37052062557
575	11.3447849545
580	0.4
585	6.08932102306
590	7.45666076845
595	11.2140348455
600	4.04865196587
605	5.89244899433
610	5.89084622705
615	5.07197129697
620	9.90264649881
625	4.21816092233
630	6.14191013121
635	7.08069431117
640	4.09777581228
645	3.02473671029
650	9.9894376242
655	1.12756379075
660	9.29654281594
665	8.68506519059
670	7.94813909672
675	6.06548301426
680	5.41753226003
685	5.12490141609
690	5.8844949666
695	9.23203282367
700	3.30624361392
705	4.80598113378
710	4.66381357506
715	7.13305166469
720	9.38257686908
725	7.1713331646
730	3.73625270964
735	4.14147688411
740	0.4
745	5.39686956465
750	5.69347762952
755	5.61078390328
760	7.18554000746
765	9.41779920825
770	5.46981814328
775	7.42834975087
780	8.40319589833
785	9.53140652937
790	5.24425106463
795	5.14544354361
800	2.60582180188
805	4.94015636561
810	4.87594370173
815	0.4
820	4.52582755946
825	6.12420973683
830	5.40109199334
835	1.4326022833
840	4.71585771473
845	3.88258467875
850	6.69811854093
855	5.53083119378
860	4.98870237526
865	14.4325124638
870	8.95101891525
875	11.8940170755
880	6.24321009744
885	6.66493671774
890	6.3083223983
895	2.78763120484
900	5.9628860086
905	9.44742001873
910	7.1974914935
915	9.84788383776
920	6.54784466872
925	5.51230099777
930	0.643216296755
935	7.8665545763
940	7.69423305674
945	6.24724963851
950	14.8269311806
955	5.88382026516
960	6.14324424439
965	2.13735831531
970	8.61637676893
975	5.77463361391
980	6.25997802552
985	2.56316879292
990	5.44224322022
995	5.15893264432
1000	6.12590681001
1005	7.88800997349
1010	0.4
1015	2.13370754306
1020	3.90840277517
1025	3.5701811014
1030	1.35104147262
1035	8.61280868629
1040	8.72742958894
1045	4.27456552093
1050	3.56423733097
1055	4.61072937376
1060	10.3948410893
1065	2.8693848065
1070	5.95929647407
1075	8.66207075873
1080	8.15676200154
1085	5.53004270392
1090	0.4
1095	6.85936080253
1100	7.17122630416
1105	1.1551583577
1110	7.46002054203
1115	10.0259739809
1120	6.78451411711
1125	5.1720968192
1130	6.29979372709
1135	10.531009812
1140	11.8725195389
1145	4.20341348123
1150	3.07516002223
1155	5.47792295292
1160	0.4
1165	10.6196274269
1170	8.62065815999
1175	6.13287294232
1180	4.71825708524
1185	8.71975112855
1190	0.4
1195	6.02403027904
1200	10.1517974082
1205	2.16925903803
1210	6.78270005096
1215	3.1883860171
1220	5.0089207085
1225	6.83300073895
1230	7.72428642508
1235	5.70183601554
1240	0.4
1245	6.81578209445
1250	7.08611843822
1255	6.17110893385
1260	7.26654856624
1265	7.58069566671
1270	4.24072558175
1275	4.63084803934
1280	11.1341550034
1285	2.71233927616
1290	2.70779907283
1295	6.57465095657
1300	4.42237021193
1305	0.4
1310	5.40445487611
1315	4.0559059251
1320	7.96314692874
1325	4.8703993168
1330	0.4
1335	4.91020660044
1340	6.02263294967
1345	5.68459837217
1350	8.86141792305
1355	9.87094238325
1360	7.41137091079
1365	11.3773411508
1370	4.38214031505
1375	6.07370668674
1380	5.22411575446
1385	3.64391291644
1390	5.51083192552
1395	2.99783887785
1400	7.5587782889
1405	5.23864284551
1410	6.71909269642
1415	5.66385635673
1420	5.55598194403
1425	5.55069737032
1430	7.39084338217
1435	0.4
1440	3.11029661557
1445	5.91082617355
1450	5.85336457353
1455	2.80410305051
1460	5.52094628243
1465	5.57416643661
1470	7.89356145133
1475	1.63290679175
1480	14.1356998674
1485	5.13464226649
1490	5.86616929775
1495	3.49853615992
1500	6.6558958585
1505	4.94089331083
1510	5.95406010302
1515	8.56610191482
1520	5.96368976351
1525	7.79249049015
1530	4.0198606735
1535	7.88775899105
1540	10.0637689361
1545	4.96475186917
1550	7.33693727366
1555	0.4
1560	3.72101085102
1565	11.1858935605
1570	6.04770933824
1575	7.500681472
1580	6.48073833958
1585	16.2670854068
1590	8.25286720295
1595	7.09992279658
1600	9.73733148065
1605	15.0803384343
1610	9.87558379511
1615	4.55458171253
1620	3.44051191851
1625	6.23450346308
1630	0.4
1635	8.85786894845
1640	4.58531720932
1645	2.51014465047
1650	7.31088595765
1655	6.03370018502
1660	10.8386093784
1665	5.75804787855
1670	8.35012801183
1675	0.4
1680	2.2509249063
1685	0.4
1690	2.04222266134
1695	8.96182181852
1700	4.94059621377
1705	6.00373981579
1710	3.18487843696
1715	5.10283509
1720	4.12254540192
1725	6.95729246016
1730	9.95067032815
1735	5.26339474446
1740	4.56379961631
1745	9.55513067149
1750	7.06603909789
1755	5.27029928499
1760	8.32344122318
1765	14.7443466348
1770	7.44004354302
1775	5.26556260189
1780	9.98977383394
1785	5.55710602952
1790	4.97040232156
1795	6.7984063696
1800	0.4
1805	5.24179393593
1810	4.5733112534
1815	4.9418625219
1820	5.55853308655
1825	4.46064278013
1830	5.35713619829
1835	5.91687391804
1840	10.1551234257
1845	0.449999985866
1850	7.49589915376
1855	8.17429452627
1860	7.44472550746
1865	12.598547507
1870	12.6435032061
1875	9.68581744299
1880	9.97328086024
1885	13.2517965405
1890	6.67632580558
1895	4.71852679545
1900	4.80207623326
1905	3.95885798165
1910	5.45996069663
1915	6.68303207689
1920	7.25742364287
1925	1.96231764508
1930	6.72827308805
