0	0.866671121878
5	2.44023990518
10	2.39123247248
15	1.68280172616
20	2.42105188929
25	2.29973315121
30	4.16995070617
35	1.80242997975
40	2.42096624018
45	4.8341657131
50	2.65962368097
55	2.07488946172
60	2.0663794794
65	2.5710516032
70	1.465173188
75	2.3323712046
80	1.92867789111
85	1.30412122298
90	2.88186483212
95	3.05492246447
100	2.86336767664
105	3.99040302531
110	2.77501555935
115	1.91715982954
120	2.38640169708
125	1.69168829361
130	1.59574182779
135	2.24683964381
140	1.21005459399
145	2.8220035355
150	2.5308055711
155	2.18865217779
160	1.62620129618
165	1.75101632136
170	3.9876884282
175	1.70916685558
180	2.23117275723
185	5.00288202513
190	2.26802903282
195	2.11333550898
200	1.99496089015
205	1.31733304738
210	2.31307656231
215	0.4
220	2.53948884957
225	2.32329124841
230	2.06953518503
235	1.17388843063
240	2.96727146494
245	2.70849621348
250	1.87000723886
255	2.89698727632
260	1.7834204428
265	2.75333964785
270	1.51671875532
275	2.08484754286
280	2.20177300408
285	3.0390244193
290	2.68406890388
295	0.918000808529
300	2.1105408188
305	1.90570427157
310	1.35012944445
315	1.93167000955
320	1.96946967299
325	2.13390862005
330	1.97250905812
335	2.31949935323
340	1.98075724056
345	4.09623567919
350	1.75900731973
355	2.65034532962
360	2.27398278358
365	3.79587931054
370	4.21041403642
375	5.15021516592
380	1.81724087677
385	1.61399816101
390	2.65942849398
395	2.11664635045
400	0.4
405	2.24376095131
410	2.05332427323
415	2.56167315582
420	0.4
425	1.70721079218
430	2.5406174885
435	3.13765415968
440	2.55225796936
445	1.71375327411
450	1.87175950537
455	2.6022150497
460	2.9437386943
465	3.4103710789
470	1.75385354845
475	1.92965988553
480	1.75488494406
485	0.4
490	1.25236923426
495	1.63526417582
500	2.03787720975
505	3.46991582304
510	2.13160616369
515	2.2254899619
520	2.65041603333
525	2.18268900325
530	1.71796934393
535	1.71058723507
540	1.20011993631
545	1.85614303007
550	3.84502171462
555	2.13534737134
560	1.24383936899
565	1.47391807726
570	0.4
575	2.10316231428
580	0.79794257947
585	0.704825833634
590	2.75511585527
595	2.66259372446
600	1.41283502356
605	2.32673765122
610	4.35276423599
615	1.7576068534
620	1.31523449542
625	1.23156657394
630	1.7870423369
635	2.75045512651
640	2.58206490129
645	1.91445073764
650	2.74952747702
655	4.06574619481
660	3.35845816436
665	2.84558186558
670	1.31888489706
675	1.53447419227
680	2.35426925239
685	2.99521891542
690	2.39310676305
695	1.8845569752
700	1.86783361078
705	2.41784197092
710	0.4
715	2.93859873305
720	2.63752008468
725	2.24648566907
730	3.61336397116
735	1.12110197952
740	1.97496092224
745	0.4
750	1.60093304458
755	2.10996677424
760	2.90169259193
765	2.84009986306
770	3.19823178175
775	2.24775687293
780	1.48361607517
785	0.992513616904
790	2.80790215728
795	4.38522934345
800	2.4845475111
805	2.18209847605
810	2.01221717152
815	2.78997687853
820	2.18268004072
825	2.05863596345
830	1.65667524735
835	1.63796476938
840	1.60799220231
845	3.06299277165
850	2.49356769825
855	1.90699611838
860	2.41824547574
865	0.582024553622
870	2.03442817977
875	1.66366542462
880	2.60356699339
885	2.08339907005
890	3.42715410464
895	1.9132982636
900	2.05549659827
905	2.29597442738
910	2.05085563882
915	1.2236700986
920	2.35377782931
925	3.04294055599
930	3.48582256808
935	2.80624280397
940	0.548613158872
945	2.573863435
950	1.91341335306
955	2.15154928142
960	2.02714909993
965	3.03248028502
970	5.57642840539
975	0.408923314391
980	0.4
985	0.4
990	0.478653256424
995	0.4
1000	3.96930534833
1005	4.72241264116
1010	3.00559852768
1015	1.17064012321
1020	1.13620736855
1025	2.78138836879
1030	2.22933419636
1035	1.26187966017
1040	2.61414557704
1045	1.89013801015
1050	2.2289114598
1055	2.00247940847
1060	3.78200747923
1065	1.30026502942
1070	0.921822716502
1075	3.04088000131
1080	2.3895035279
1085	0.540440239104
1090	1.80242727324
1095	2.6372738121
1100	2.26280513105
1105	2.39112038729
1110	1.98109387752
1115	0.4
1120	1.96088680736
1125	1.53675882415
1130	1.51910565323
1135	2.38382451456
1140	1.5914769619
1145	2.05766227832
1150	2.4980547645
1155	0.931997345408
1160	2.99504714443
1165	2.2792632616
1170	1.91045752616
1175	0.4
1180	3.84590729121
1185	0.4
1190	3.70805421005
1195	1.69689646328
1200	1.69492792307
1205	2.06161597763
1210	2.68940169857
1215	2.30890449014
1220	3.99872593343
1225	1.49850721892
1230	2.14754974125
1235	2.75100362826
1240	3.22665234251
1245	2.97722968209
1250	1.87343286289
1255	2.34312478185
1260	4.08876801748
1265	2.53267127798
1270	2.38132298051
1275	1.33742555295
1280	2.7420009006
1285	3.73830972641
1290	2.19950161024
1295	1.83929537791
1300	2.79628965489
1305	1.51044065614
1310	2.18245840292
1315	2.46365645396
1320	0.802769623861
1325	3.50358642582
1330	2.09207895984
1335	2.59498887106
1340	2.03600734231
1345	0.497110370846
1350	2.51361771384
1355	1.78030631843
1360	2.57901940731
1365	3.20002401486
1370	1.32366344241
1375	2.89156121884
1380	3.35952085381
1385	4.14875585017
1390	2.28915064776
1395	2.82488083482
1400	2.2053745543
1405	2.4060041027
1410	1.51711601158
1415	4.11452144046
1420	2.59490790158
1425	1.47319039506
1430	1.56216636948
1435	2.16696111637
1440	3.18025410662
1445	2.10213245067
1450	2.23950855581
1455	1.51679498963
1460	2.11168082506
1465	2.81503547189
1470	3.5449101809
1475	2.63717069192
1480	2.17504388612
1485	3.00806829127
1490	1.54793280276
1495	2.50329143984
1500	4.61705511102
1505	2.25964006496
1510	2.25665814102
1515	1.32323902137
1520	1.69028731047
1525	2.66907788202
1530	3.68822260715
1535	2.15198802778
1540	1.80765427724
1545	2.46790852656
1550	3.17584215684
1555	3.14252351844
1560	2.73225639341
1565	0.576785732115
1570	1.05408793242
1575	2.57347482399
1580	2.43870216545
1585	3.67123161928
1590	1.80877173964
1595	2.771096841
1600	2.25083093674
1605	3.08134092699
1610	1.19082800233
1615	1.32143207684
1620	2.21748774902
1625	3.51388366489
1630	3.53772602747
1635	2.36821271476
1640	1.90699539804
1645	1.53468208434
1650	2.05368772849
1655	2.04113073622
1660	1.09271148686
1665	1.29246494804
1670	0.803429438225
1675	5.833405857
1680	2.24536222903
