0	8.18787519509
5	7.63158277022
10	2.07880607357
15	0.4
20	2.12187621032
25	3.89196418084
30	0.4
35	0.4
40	3.88456909885
45	5.77262082547
50	0.4
55	0.998181309218
60	8.4373537071
65	3.15734494069
70	10.8125229376
75	5.26787204493
80	0.4
85	1.20112224383
90	0.4
95	6.73931460057
100	0.90270540109
105	1.9850679743
110	0.548312922821
115	0.4
120	6.74135399337
125	0.604569945568
130	0.934100769527
135	0.4
140	2.28540545905
145	1.86359728471
150	7.51039229363
155	0.4
160	5.46493812525
165	9.31376476967
170	9.65300033793
175	2.83388598061
180	3.36604570515
185	3.77119287356
190	0.4
195	0.733327631354
200	6.98195472364
205	3.58765688495
210	4.4968131247
215	7.46356127825
220	2.59879377873
225	2.98844150794
230	10.5142145457
235	0.4
240	4.33335599428
245	5.0265890396
250	0.4
255	3.44065241099
260	6.44349910491
265	0.4
270	5.2463662779
275	0.4
280	3.59235510182
285	1.74523257197
290	5.35889333608
295	1.67627596781
300	0.4
305	4.87781149759
310	3.77105032478
315	3.88750386476
320	20.7785154491
325	5.57193058416
330	13.3426183998
335	1.17799870297
340	2.51054026953
345	0.4
350	0.4
355	0.4
360	6.69807281902
365	0.628284155517
370	0.4
375	2.71896065766
380	2.52748972063
385	5.90699850429
390	5.437335886
395	4.40576989968
400	0.4
405	16.0681957132
410	5.65620731991
415	3.55912760871
420	0.4
425	2.91771520907
430	4.69191898595
435	0.472452807691
440	2.95752937594
445	8.41752082207
450	6.43741725284
455	10.9631123129
460	0.4
465	10.0702737935
470	9.85001525012
475	0.4
480	4.7473019382
485	1.50905609686
490	3.82765639354
495	3.43765614435
500	3.25367445454
505	11.5999297848
510	4.2715907569
515	23.4370967914
520	0.801441427758
525	12.1044925083
530	0.4
535	1.01538019023
540	2.22042395841
545	0.4
550	7.91101202926
555	5.01620386778
560	10.3231195463
565	6.99872457361
570	11.4367730803
575	7.87323515207
580	6.84555467071
585	3.24248670488
590	14.5536884183
595	16.4172897583
600	16.8552408851
605	17.357146647
610	6.57838013748
615	4.74188022967
620	5.97318574763
625	5.48153552079
630	2.61371349495
635	18.5956464994
640	0.4
645	5.80850922063
650	2.79658701077
655	6.28130452975
660	0.4
665	6.36237326202
670	4.74517958147
675	2.35836013513
680	0.4
685	0.4
690	3.40997591353
695	1.75028662504
700	5.21326198494
705	3.7770179986
710	3.64048384625
715	2.27928434751
720	4.20401617744
725	10.445076164
730	3.70573260036
735	5.03656254117
740	0.4
745	9.2695476434
750	4.27373146238
755	7.23013418332
760	0.4
765	13.0400118503
770	6.04614840018
775	11.4332822917
780	4.88896296354
785	0.4
790	5.34041679922
795	14.1299527455
800	4.6337962287
805	0.4
810	0.4
815	3.40092874379
820	0.4
825	18.1852120567
830	5.72971306418
835	0.4
840	1.43837707746
845	0.4
850	4.22801098412
855	0.4
860	5.29043918279
865	0.4
870	7.44283244172
875	0.4
880	1.90388867509
885	4.67661999589
890	3.64519898926
895	2.28813437854
900	4.33507494428
905	5.32019669907
910	4.89085296124
915	0.4
920	10.60706014
925	2.96697979739
930	0.4
935	0.4
940	3.69497684918
945	4.65577856294
950	5.26913559884
955	1.22926869344
960	4.32896286622
965	0.4
970	0.4
975	4.39178595658
980	3.88660193347
985	0.4
990	5.06566916308
995	5.03104923405
1000	4.96237612902
1005	1.45480201601
1010	6.97439390141
1015	7.69089938414
1020	2.71347748678
1025	9.80708408576
1030	2.61809670589
1035	0.4
1040	4.33765297089
1045	3.16645511397
1050	1.36869381866
1055	8.57561080401
1060	3.78614120672
1065	2.24996093192
1070	16.7582364638
1075	15.9455762966
1080	13.0570387377
1085	0.4
1090	3.2025824412
1095	1.46514867124
1100	0.4
1105	3.78839830028
1110	8.61748155033
1115	3.66778153267
1120	0.865442621643
1125	2.96890112758
1130	10.0137096705
1135	8.53848794118
1140	1.66487492632
1145	6.10347293204
1150	0.4
1155	2.45878612092
1160	3.86819131539
1165	8.30206584483
1170	0.4
1175	1.62550617511
1180	4.3313079501
1185	4.17588980531
1190	4.99099753812
1195	2.2145345618
1200	2.84676078991
1205	9.19967305169
1210	3.54637464649
1215	9.49715542001
1220	0.4
1225	0.995674830837
1230	7.43471265438
1235	8.64406042646
1240	14.3784548726
1245	5.59304732248
1250	10.6238480132
1255	3.79561950783
1260	4.80763852091
1265	11.885462538
1270	6.57998281191
1275	5.08487107903
1280	4.3734479503
1285	6.62167179277
1290	7.32906421613
1295	2.23443931515
1300	6.02213165446
1305	17.4162541512
1310	4.24434958371
1315	0.4
1320	5.23646654022
1325	12.3818813134
1330	2.86550518457
1335	0.4
1340	1.09201778563
1345	15.418586534
1350	3.96873705435
1355	18.7999835853
1360	0.4
1365	4.10077451622
1370	6.20306656593
1375	0.4
1380	0.4
1385	4.60532040802
1390	6.91624814082
1395	3.77192463388
1400	1.29816730335
1405	0.4
1410	5.23337600415
1415	4.34017298274
1420	11.4144087146
1425	3.5699457545
1430	4.40512758798
1435	4.18183042723
1440	0.4
1445	2.4261368252
1450	8.43507663166
1455	0.4
1460	11.489059443
1465	0.4
1470	0.4
1475	6.60910194713
1480	0.4
1485	7.87631640817
1490	1.55027380054
1495	8.9402560302
1500	1.40334015222
1505	8.48625930876
1510	11.1415291474
1515	4.78970274439
1520	2.25817808173
1525	3.13603384764
1530	7.1840779951
1535	1.2662923944
1540	7.01250905418
1545	1.54333540893
1550	8.46453637109
1555	4.72848403333
1560	0.4
1565	9.24466777219
1570	13.6503560576
1575	5.19490575459
1580	3.17930570066
1585	5.37754016993
1590	11.4334782918
1595	0.4
1600	4.13833318887
1605	0.4
1610	3.91069262701
1615	10.6199735872
1620	9.0513874416
1625	2.62165532376
1630	9.22331195094
1635	0.4
1640	8.19881193016
1645	5.68560629147
1650	0.4
1655	11.6585386691
1660	0.4
1665	7.19462681165
1670	0.4
1675	0.4
1680	5.90701117733
1685	0.4
1690	6.41992529044
1695	10.2394756697
1700	0.4
1705	0.4
1710	4.52170580464
1715	0.4
1720	0.4
1725	4.24758242431
1730	7.17796886437
1735	5.64492228733
1740	3.53625689696
1745	9.41932020228
1750	5.72921645964
1755	0.4
1760	3.59384431201
