0	0.4
5	0.51340486185
10	0.4
15	6.83832079074
20	1.69556660367
25	3.06180221509
30	5.78286333017
35	1.45940877606
40	3.5580605145
45	1.27120048374
50	2.88390670935
55	0.4
60	0.4
65	3.97853292742
70	3.26838665234
75	5.23397923644
80	0.4
85	7.61912993623
90	16.468333042
95	2.27171769388
100	12.5033516269
105	0.4
110	0.4
115	0.4
120	2.81691082028
125	4.42183361123
130	0.4
135	10.5988820699
140	0.4
145	9.53137439666
150	6.22426670778
155	2.56114090818
160	0.4
165	0.4
170	3.0701106815
175	6.83876428282
180	0.4
185	5.87973806997
190	6.20495258995
195	0.681487044996
200	6.6144673562
205	0.4
210	3.65357412841
215	12.141258402
220	4.96103250848
225	2.75346986553
230	0.723322016269
235	0.4
240	6.90601929847
245	3.42521615528
250	2.39334587415
255	6.28400883132
260	1.17943054353
265	0.4
270	1.72330952904
275	13.5436628067
280	0.713774690011
285	3.90153277428
290	0.4
295	6.63507843014
300	14.7053243862
305	7.60332071857
310	0.4
315	5.05963655936
320	2.49437053531
325	0.4
330	0.4
335	6.80478387884
340	4.19196527828
345	6.45212951775
350	2.69842022153
355	5.35203291219
360	5.16317451747
365	0.4
370	3.49143894537
375	2.2631071152
380	2.8108703729
385	0.4
390	3.29233778643
395	3.88741121562
400	2.10669475408
405	5.27113565404
410	2.67875223473
415	3.24895417668
420	0.4
425	0.660140630705
430	0.4
435	0.904108604815
440	7.06428262762
445	1.70517188188
450	6.26689254554
455	1.90274617967
460	4.20233602544
465	0.497578470711
470	3.48954663482
475	0.585307344752
480	0.4
485	3.36838982909
490	0.4
495	5.06947945263
500	0.4
505	11.3281181585
510	2.2083653547
515	4.18471333621
520	0.4
525	2.75352543182
530	5.37277105623
535	0.4
540	4.24174260254
545	0.4
550	0.4
555	9.6173302831
560	1.46130089288
565	5.6012313554
570	1.68581930485
575	0.4
580	5.09038047693
585	7.23603617238
590	6.03915220577
595	4.27854847254
600	2.25718139989
605	0.4
610	6.30179244256
615	1.01116651764
620	6.36224188841
625	8.97326274112
630	5.1175663304
635	0.4
640	4.05715237009
645	1.06940896715
650	4.30514194655
655	2.08931683873
660	0.4
665	7.29044575687
670	0.4
675	0.98287837081
680	0.4
685	0.4
690	9.83103786839
695	2.9351863061
700	0.436937247209
705	0.4
710	1.11777520999
715	1.92885049689
720	4.94050055051
725	13.0168655702
730	6.05003984838
735	10.8977291835
740	2.69807306186
745	2.86272255478
750	2.3317959465
755	0.4
760	7.00107705196
765	5.24341773226
770	9.47218847702
775	2.83637113714
780	5.11705074941
785	0.4
790	4.4212400005
795	5.02020853358
800	1.13374819996
805	0.4
810	0.4
815	0.4
820	0.4
825	0.4
830	0.4
835	4.86712116718
840	2.47928060185
845	12.1150703633
850	8.69486941759
855	1.93333339091
860	7.13377393395
865	1.70309473739
870	5.54293041631
875	2.0993316051
880	0.4
885	0.651408285439
890	0.4
895	9.95403154682
900	3.00811823618
905	5.25926707883
910	3.39977927002
915	1.8318459022
920	0.4
925	0.4
930	4.11025598419
935	7.69317613657
940	1.9272605558
945	5.37904190831
950	3.1766850275
955	0.4
960	7.67461680249
965	2.9319370272
970	3.11469778765
975	0.927720418478
980	1.51315431057
985	0.4
990	0.937352477653
995	2.71387601575
1000	0.4
1005	6.38893920421
1010	4.18774020826
1015	0.4
1020	7.51505856274
1025	5.64606760576
1030	0.4
1035	1.47463805339
1040	3.47727217588
1045	6.69578832308
1050	3.02339204863
1055	5.39571330945
1060	2.35876093928
1065	2.05839066849
1070	3.80655843352
1075	0.4
1080	4.20677712452
1085	1.87919741881
1090	3.07238345353
1095	5.39385513882
1100	0.4
1105	0.783137603
1110	10.518121145
1115	4.04624329222
1120	1.84625345648
1125	2.73695994942
1130	15.1923798041
1135	3.19827390374
1140	0.4
1145	6.44670221265
1150	0.706234676008
1155	1.19627243702
1160	8.55799649182
1165	6.3116894569
1170	1.6327946576
1175	3.58461291407
1180	5.67859169586
1185	1.53784210608
1190	2.2095162744
1195	2.27129619982
1200	3.14650018195
1205	6.24337745937
1210	8.82198306546
1215	8.16243096173
1220	7.88675936347
1225	1.15662786489
1230	6.05525487893
1235	2.28162327758
1240	1.45806680696
1245	0.946600272458
1250	5.8899607908
1255	2.74135266111
1260	3.92083273433
1265	6.55947825305
1270	13.4527596335
1275	5.07879267757
1280	2.33661668094
1285	6.34437579205
1290	12.3781597402
1295	6.92483366742
1300	19.5493663966
1305	5.85073373561
1310	1.7148737716
1315	0.4
1320	18.2124601082
1325	2.36140124771
1330	0.409685478231
1335	2.89131261104
1340	0.4
1345	6.82307889277
1350	2.09959595507
1355	7.27451386711
1360	4.15671405634
1365	0.4
1370	7.85566734927
1375	0.4
1380	3.70445224159
1385	5.94493825542
1390	7.95568408612
1395	8.09711543387
1400	1.63363799232
1405	1.72665903038
1410	0.4
1415	0.4
1420	3.70907885889
1425	5.49750741999
1430	12.9920026615
1435	2.32729954662
1440	7.13516035956
1445	5.86232139512
1450	8.42142251657
1455	0.4
1460	0.4
1465	3.80941876675
1470	0.4
1475	4.35239073195
1480	4.52373514563
1485	0.4
1490	4.19612485797
1495	0.897957490391
1500	12.161268748
1505	4.17067546365
1510	1.46608079361
1515	8.83771404566
1520	1.93312753245
1525	2.06922654347
1530	3.19790568752
1535	0.616046044134
1540	2.46827927203
1545	5.45874582416
1550	0.680263507415
1555	4.39449114868
1560	0.4
1565	0.4
1570	5.95300463345
1575	6.93656731982
1580	2.53461146212
1585	0.4
1590	4.57732573371
1595	0.4
1600	0.4
1605	1.5171087304
1610	16.7606150794
1615	1.98087326274
1620	0.4
1625	0.4
1630	8.53649520767
1635	0.555892956717
1640	4.9148882467
1645	2.44281466747
1650	1.83380364765
1655	0.4
1660	2.55865100718
1665	0.4
1670	0.4
1675	2.15764750992
1680	4.47689649786
1685	5.96163728977
1690	3.15111784957
1695	2.54949469239
1700	2.46420796682
