0	10.5649318252
5	20.7603587532
10	11.703156213
15	9.61420395198
20	9.83208938871
25	17.6568835688
30	16.1695801803
35	1.26198571337
40	0.4
45	6.14272496894
50	18.3457059714
55	1.06499561942
60	11.58362555
65	9.14457532189
70	9.11150300164
75	11.1268900214
80	0.4
85	17.6680375176
90	14.736426962
95	9.73884431309
100	0.4
105	19.3379216092
110	1.05805927709
115	23.0487680666
120	34.1786120876
125	21.0999555959
130	19.3427720472
135	0.4
140	4.6660170797
145	7.78644480957
150	1.42059444532
155	25.1075042226
160	35.5675273998
165	4.81859430517
170	41.8967198966
175	8.10607987734
180	10.0849289031
185	23.793688288
190	0.4
195	12.4801012493
200	23.7333442037
205	6.67912135098
210	17.082740132
215	8.91240009982
220	8.79723321408
225	29.9786813237
230	2.84330717159
235	3.04248341764
240	0.4
245	13.4379615348
250	4.84287716228
255	0.4
260	0.4
265	12.7289274847
270	11.6242213103
275	8.7815496136
280	4.34568512309
285	13.4389301945
290	14.29464226
295	0.4
300	7.13893975687
305	3.7967136352
310	6.77194148038
315	8.54665965667
320	16.3026492696
325	0.4
330	10.7054455717
335	7.18683839871
340	19.5826863592
345	10.5364623212
350	9.40079976729
355	11.4110900931
360	2.55560098893
365	12.1303084305
370	29.4581973976
375	13.8728265634
380	14.299632278
385	3.6020658796
390	10.8677985761
395	8.0519077021
400	17.3329264746
405	13.3518874461
410	7.56352832266
415	21.5244061583
420	5.00570126397
425	0.4
430	9.5154231582
435	1.7447228912
440	6.75760193429
445	8.97110975614
450	17.1426490021
455	7.45880405975
460	28.0744832063
465	19.2816076143
470	1.64779626937
475	9.91193827577
480	7.77423659964
485	2.18360859583
490	0.4
495	7.94097522894
500	5.09923508034
505	7.46681202299
510	0.4
515	16.4916581086
520	0.4
525	7.89389088557
530	0.4
535	9.5196872296
540	18.0249246325
545	8.97101060705
550	8.92555196573
555	9.56664141799
560	6.52602201218
565	20.0078564063
570	16.4642835669
575	16.8397564716
580	23.3257652212
585	11.3658083604
590	8.27975720812
595	3.53210834126
600	5.45864646071
605	0.4
610	0.4
615	30.8834209186
620	15.9412924614
625	16.7123576657
630	8.73328385464
635	2.9122752386
640	17.7316131506
645	18.5248894085
650	10.1282328398
655	8.68339622389
660	8.67293914399
665	8.03334276949
670	7.07037505318
675	6.38930854036
680	32.3499917665
685	20.5258145638
690	7.38837212148
695	6.88084373574
700	4.98533779348
705	0.4
710	1.10378791012
715	7.5587714317
720	5.04251551617
725	34.901340482
730	19.870285102
735	8.44762668608
740	9.23524126289
745	12.7707026926
750	1.44956356285
755	24.7953193023
760	13.7581162119
765	12.1491268021
770	11.499556347
775	17.7189173133
780	0.4
785	14.193765749
790	12.3048462574
795	0.4
800	17.0818786267
805	9.05760514234
810	13.1047636431
815	15.1619195466
820	13.0025913384
825	13.8153864611
830	19.8663144018
835	7.09032872944
840	15.7534626554
845	20.9177246646
850	0.4
855	6.19440642519
860	7.7021641614
865	9.39061456816
870	12.0217336788
875	0.4
880	20.7547426734
885	9.58344101271
890	11.2091334103
895	11.032036133
900	0.4
905	7.72667165047
910	14.8354298124
915	26.1038403101
920	10.457889094
925	10.5357579929
930	2.69308271091
935	14.726754264
940	8.5538226832
945	10.5560499475
950	3.99277855977
955	10.1426645024
960	15.6112396206
965	11.9683828832
970	7.78029422658
975	12.3611019975
980	0.4
985	17.4955425059
990	0.4
995	15.7606515314
1000	0.988998138155
1005	0.4
1010	9.31679336626
1015	2.16962515041
1020	10.2930995844
1025	15.1486859052
1030	14.0742692831
1035	10.5358178632
1040	10.8388550058
1045	9.03477539069
1050	10.8908319642
1055	5.44358584603
1060	14.1392599078
1065	10.0128113483
1070	16.4059452325
1075	4.85908544206
1080	0.4
1085	8.43226510193
1090	11.5584542013
1095	15.9155972974
1100	0.4
1105	6.65984425522
1110	0.4
1115	11.9320670086
1120	21.7391020239
1125	19.1339917872
1130	3.30003433029
1135	11.7970632589
1140	0.4
1145	0.952557208907
1150	2.78468118001
1155	16.656412127
1160	16.3107485646
1165	9.91022842909
1170	24.3647177486
1175	4.69475269062
1180	11.5923135131
1185	32.93190257
1190	16.3219646101
1195	3.55756396383
1200	0.423077539006
1205	11.5939672438
1210	5.75708355574
1215	0.4
1220	7.07992246482
1225	1.78711444964
1230	28.9868197041
1235	0.4
1240	5.11490330609
1245	22.0959422377
1250	18.5920666468
1255	7.31961424834
1260	9.98826523689
1265	13.7308434268
1270	7.7047206149
1275	2.14548254207
1280	0.4
1285	0.4
1290	30.5178348504
1295	8.28687055889
1300	10.8507410375
1305	11.0252632036
1310	17.3384396419
1315	22.8803916271
1320	0.4
1325	24.8730064405
1330	0.4
1335	15.1227308703
1340	10.384936617
1345	20.8432635278
1350	17.403063979
1355	0.4
1360	0.4
1365	8.30640040707
1370	15.2887247112
1375	9.64382268726
1380	12.4667861924
1385	14.1542314231
1390	0.4
1395	11.0456268286
1400	5.61201551829
1405	9.52645985543
1410	8.91111800205
1415	10.1248601845
1420	0.4
1425	12.5167733292
1430	11.1671305976
1435	0.4
1440	11.6237715507
1445	0.4
1450	0.4
1455	0.4
1460	9.64220675704
1465	3.47283176236
1470	40.0797118328
1475	25.9073960468
1480	25.9841668274
1485	11.7082497891
1490	3.00826109856
1495	0.4
1500	9.01402610804
1505	9.46844339307
1510	8.19900624216
1515	13.7737481001
1520	9.48381325959
1525	14.5058704323
1530	1.79020974287
1535	12.267255722
1540	1.87358696554
1545	3.98567087607
1550	1.11464564406
1555	22.7020640211
1560	10.0864116191
1565	12.8656344695
1570	2.98233636868
1575	0.4
1580	28.1999822881
1585	18.5271149071
1590	15.699968427
1595	8.00905292858
1600	7.78599909693
1605	19.1036644011
