0	22.8632577678
5	20.1102292615
10	19.2697762913
15	16.470689262
20	14.691481974
25	24.2680991707
30	90.7682461404
35	27.3186233961
40	15.8596096566
45	22.3515791113
50	14.0842056664
55	43.106722447
60	4.88451404484
65	27.8156623758
70	14.8240027717
75	0.4
80	39.5921354779
85	23.5669431543
90	13.9178125286
95	30.982173234
100	9.71270558227
105	26.4926633206
110	20.6307270164
115	32.2658646849
120	19.1277101749
125	47.6864144495
130	17.7634502305
135	21.704506047
140	18.8159283493
145	25.7741864919
150	28.3862190117
155	23.2866879421
160	34.3347468557
165	21.5707316504
170	5.6245062034
175	19.0985670157
180	13.9927069252
185	22.3744384145
190	24.3042408283
195	61.8195294917
200	29.8955030365
205	19.18346937
210	14.0264071149
215	0.4
220	11.2481472611
225	3.59081520236
230	3.86763716149
235	23.0880330122
240	13.7016995377
245	6.606138902
250	15.5724191992
255	30.3529746542
260	48.9617639301
265	17.6097896763
270	8.40231688898
275	0.4
280	27.780958757
285	11.909740632
290	11.6236444027
295	33.6410977359
300	0.4
305	17.0537957128
310	0.4
315	47.2991636919
320	0.4
325	14.793031441
330	23.0297111374
335	22.632736137
340	14.2510039838
345	40.1198000821
350	18.2730304532
355	26.9985577592
360	30.4030718198
365	29.6904312555
370	32.2459868326
375	25.8515099934
380	23.5173554172
385	20.5624484883
390	9.9417916714
395	0.4
400	20.3158132101
405	10.9779568898
410	7.06323567358
415	0.780328891035
420	17.2353255907
425	24.5737239856
430	10.1176849357
435	43.3335599114
440	14.3061146277
445	18.8236090722
450	24.0692304691
455	9.49342101334
460	0.4
465	22.4290376128
470	17.6083553482
475	27.4465275927
480	35.5441699931
485	13.2823617562
490	12.0106388421
495	5.57297975235
500	16.0397108472
505	13.6113030368
510	10.3947125754
515	0.4
520	31.0315699793
525	35.5970742856
530	20.7297602927
535	4.3839436364
540	14.6510565781
545	28.6585871552
550	15.0055418076
555	41.595955668
560	21.1517903075
565	20.7155308659
570	33.8721812398
575	23.0276175489
580	20.8988679122
585	7.94813474756
590	47.6048454782
595	1.56409733908
600	14.2528513001
605	0.4
610	26.4695641866
615	30.1080445119
620	18.1956019581
625	38.694348149
630	28.2920243108
635	18.1721263013
640	16.5353174701
645	32.5184294657
650	20.2413401618
655	34.8015045989
660	0.4
665	15.8422727656
670	12.8456624487
675	15.0885285791
680	0.4
685	10.8464055912
690	18.2351049889
695	18.1072463748
700	37.677348908
705	39.1304023557
710	17.0657791402
715	2.52794143498
720	28.5976888524
725	9.6330846544
730	7.11541840892
735	18.3078843638
740	0.4
745	0.4
750	12.873691078
755	19.947474472
760	0.4
765	23.7944770232
770	31.919339487
775	17.4429911964
780	27.7855414664
785	5.09943286006
790	16.9274170752
795	19.1293282536
800	15.359292644
805	26.7955401006
810	19.5246736504
815	24.8791518488
820	0.4
825	17.8982859091
830	33.9570607767
835	10.0070753734
840	10.0257581079
845	6.12547911106
850	13.3556127056
855	10.5981804584
860	8.98199481781
865	11.6927083041
870	19.3305593873
875	66.3619547514
880	27.7412897913
885	17.3958986578
890	25.4391459252
895	15.2760854124
900	35.0039345034
905	20.9126360683
910	22.332129837
915	18.8745449747
920	12.749245694
925	23.1142027861
930	29.2387968926
935	13.9674559233
940	12.5820090026
945	19.1047740059
950	1.1836987052
955	47.2915238538
960	19.9825215623
965	36.3099220034
970	33.3930657922
975	60.2731835685
980	24.5651249699
985	42.2520322309
990	20.4638850049
995	9.09980794351
1000	21.2944396372
1005	17.5599738755
1010	19.9572208803
1015	18.6979568836
1020	64.8440209833
1025	27.6433086772
1030	45.8919804939
1035	21.9758884411
1040	34.5569555925
1045	33.7838397439
1050	0.4
1055	21.0380035137
1060	26.8991321592
1065	19.676834839
1070	13.7449550873
1075	44.5067296
1080	10.4715342139
1085	0.4
1090	20.6183959337
1095	1.89542281817
1100	15.9738999339
1105	16.246107401
1110	22.4337982901
1115	23.0038415257
1120	2.89578652449
1125	29.139429573
1130	19.4458149084
1135	31.8389711987
1140	0.4
1145	33.7479844354
1150	15.3846510797
1155	26.1024296266
1160	23.6600007821
1165	23.7841767024
1170	20.8357166694
1175	19.7645901751
1180	44.4099831221
1185	17.6610798604
1190	0.506198519153
1195	46.9939873722
1200	21.4901799674
1205	17.0972859977
1210	19.6864262146
1215	11.5248455345
1220	51.6645194241
1225	32.5172218385
1230	16.5207415806
1235	28.7747929506
1240	35.0330851668
1245	36.5536940709
1250	25.7872430221
1255	14.1866462321
1260	10.6732754677
1265	12.5922201947
1270	30.6780844789
1275	30.0907367642
1280	32.9084905225
1285	19.4363516541
1290	16.5938431682
1295	20.5020313859
1300	52.8139139205
1305	51.5446819032
1310	17.6337967896
1315	0.4
1320	17.0067638948
1325	14.2110589921
1330	28.3539227168
1335	4.4055704604
1340	21.6733916874
1345	7.61036670037
1350	22.2377080329
1355	14.8159852977
1360	15.1984158827
1365	58.9377713574
1370	2.59709929223
1375	14.8135020064
1380	35.8473277178
1385	29.5853509806
1390	28.2354212709
1395	8.85845406637
1400	17.5957104392
1405	18.1909452259
1410	19.8777379362
1415	20.9554386587
1420	0.4
1425	17.0017616235
1430	30.6412705886
1435	19.2917559041
1440	30.9843005137
1445	20.5478323448
1450	22.1474599307
1455	38.9227782793
1460	0.4
1465	2.66795379499
1470	11.3678270239
1475	33.0619335901
1480	16.3079479435
1485	22.4905342793
1490	15.5244883795
1495	0.4
1500	14.6200702876
1505	17.805079353
1510	8.74333805171
1515	14.2555569892
1520	38.0934876014
1525	0.4
1530	50.34887531
1535	20.0743111196
1540	23.9926007852
1545	0.4
1550	63.6055019543
1555	40.601746009
1560	20.880648765
1565	20.4672558449
1570	10.616422541
1575	29.4503726736
1580	19.1681015863
1585	3.48510498048
1590	20.7270792079
1595	9.92303838954
1600	26.032819821
1605	31.1789521347
1610	25.9859642517
1615	15.525980973
1620	43.676433173
1625	24.6142315483
1630	18.7195901831
1635	34.8296943224
1640	27.7235605572
1645	54.3045209807
1650	29.1404490278
1655	26.5097310865
1660	11.2523171488
1665	50.2703375351
1670	14.8007584247
1675	21.8381949258
1680	10.8612831237
1685	14.2712408149
1690	21.205245466
1695	39.4016854409
1700	24.0073533763
1705	0.568001682159
1710	27.3869207899
1715	0.4
1720	19.4994409932
1725	7.92768889542
1730	21.3069342516
1735	38.5462147791
