0	1.96631090706
5	0.4
10	0.4
15	0.4
20	2.27649974437
25	0.4
30	1.09968134392
35	0.4
40	0.4
45	0.42737684989
50	0.4
55	2.5773818376
60	1.83101708477
65	1.82035375485
70	1.65394328509
75	0.4
80	0.4
85	0.4
90	0.787695266838
95	0.88081029377
100	0.4
105	0.4
110	3.13692814741
115	0.4
120	0.4
125	0.4
130	0.4
135	0.4
140	1.58572041768
145	0.498335472827
150	0.423591209929
155	1.25258694568
160	1.40519763211
165	0.4
170	0.449970029812
175	0.4
180	0.4
185	0.4
190	0.4
195	0.4
200	0.4
205	1.95034464388
210	0.4
215	0.4
220	0.564577991962
225	0.637227423003
230	0.4
235	0.4
240	0.4
245	0.519508590816
250	0.4
255	0.529508630749
260	1.19337263516
265	0.4
270	0.4
275	1.39171352475
280	0.631411615005
285	0.4
290	0.777248174045
295	0.76934986959
300	0.585987512478
305	0.4
310	0.940596275714
315	0.4
320	0.4
325	0.4
330	0.4
335	5.48017013904
340	1.33004512501
345	2.00112593397
350	0.4
355	2.09713422658
360	0.4
365	0.4
370	1.04817190571
375	1.21551790751
380	2.12063458284
385	0.4
390	1.22427244767
395	0.4
400	1.86974712131
405	0.750817962514
410	0.4
415	1.76354847683
420	0.664103031354
425	0.4
430	0.613757840722
435	0.4
440	0.4
445	0.462813073573
450	0.4
455	0.67235416343
460	1.06853735868
465	0.4
470	2.84172814721
475	0.4
480	0.4
485	0.400030284926
490	2.33349569851
495	0.4
500	0.4
505	0.4
510	2.43201554642
515	0.52022284633
520	0.4
525	0.4
530	0.4
535	2.19503426655
540	0.4
545	0.704311915149
550	1.92541841753
555	0.4
560	0.600146812024
565	2.07022644865
570	0.801665226841
575	1.65408315169
580	0.4
585	0.444198912157
590	0.4
595	2.96272186819
600	0.4
605	0.4
610	0.4
615	0.749553113142
620	5.19887610147
625	0.4
630	1.67249570264
635	3.71117404974
640	4.17429104161
645	0.4
650	0.842429160911
655	0.4
660	1.04767677575
665	1.55610319063
670	2.68450684052
675	0.4
680	3.65118460106
685	0.4
690	0.4
695	0.4
700	0.4
705	0.615169819769
710	0.740854373105
715	0.4
720	0.4
725	0.4
730	0.4
735	0.4
740	0.4
745	2.85099843787
750	0.757292531975
755	0.4
760	0.4
765	0.4
770	0.4
775	0.4
780	1.87361527677
785	0.4
790	0.4
795	0.422125590168
800	0.985422982653
805	0.4
810	1.06657947529
815	1.19383665078
820	0.561361729176
825	0.4
830	1.34043034184
835	1.57852575853
840	0.4
845	0.4
850	0.4
855	0.4
860	1.23551282378
865	0.4
870	1.52396635708
875	0.860539480909
880	2.82818711937
885	5.92244179689
890	0.691996723792
895	2.10647055878
900	0.930637787862
905	2.03878059768
910	2.51993043175
915	0.4
920	2.7970481548
925	0.945595484763
930	0.785168538862
935	0.814323479099
940	0.4
945	0.4
950	0.498578060109
955	0.4
960	0.4
965	1.56144551509
970	0.4
975	0.4
980	2.16817184903
985	0.836513627805
990	0.4
995	0.4
1000	2.10088616238
1005	0.4
1010	0.4
1015	0.681931542739
1020	1.15981221574
1025	2.18597890901
1030	0.4
1035	0.4
1040	0.4317883744
1045	0.4
1050	0.4
1055	2.81631397681
1060	2.18675440329
1065	0.425927987043
1070	0.4
1075	1.14823182521
1080	0.4
1085	0.497205056816
1090	0.902465906626
1095	0.4
1100	0.981426685773
1105	0.4
1110	2.52828657827
1115	0.4
1120	0.796913643328
1125	3.55361718118
1130	0.752702846219
1135	0.4
1140	1.11608395691
1145	0.783332785697
1150	0.50839956406
1155	0.4
1160	0.4
1165	0.627950738049
1170	0.4
1175	0.4
1180	1.63668705689
1185	0.4
1190	0.4
1195	0.4
1200	2.66190193776
1205	3.39963496432
1210	1.83507492856
1215	1.63203642768
1220	0.4
1225	0.4
1230	5.03976222563
1235	0.4
1240	0.679509501852
1245	0.4
1250	0.4
1255	0.4
1260	0.55656658612
1265	0.4
1270	1.01143179634
1275	0.604736818945
1280	0.4
1285	1.51397805513
1290	0.4
1295	0.4
1300	1.61691620798
1305	0.4
1310	0.4
1315	2.80429947294
1320	0.4
1325	0.856186542657
1330	2.77363121976
1335	0.4
1340	0.928709713838
1345	1.79257099636
1350	0.4
1355	0.4
1360	0.4
1365	0.4
1370	2.57107821933
1375	0.4
1380	2.86434361384
1385	0.4
1390	0.4
1395	1.72749409235
1400	0.564377829803
1405	0.4
1410	0.864681093334
1415	1.88598336764
1420	2.62660635288
1425	1.01768689011
1430	0.641305392991
1435	0.4
1440	0.4
1445	0.4
1450	0.4
1455	0.4
1460	0.4
1465	0.4
1470	1.55502390538
1475	0.4
1480	0.471469569394
1485	0.4
1490	2.61184572378
1495	0.4
1500	0.644487488018
1505	0.4
1510	0.4
1515	0.4
1520	0.937992625842
1525	0.4
1530	0.4
1535	0.4
1540	0.4
1545	0.4
1550	0.4
1555	0.539698870728
1560	1.021215089
1565	0.4
1570	0.4
1575	2.49638474938
1580	0.4
1585	0.4
1590	2.42928144166
1595	1.34022754827
