0	5.49034930492
5	0.4
10	6.11938907328
15	8.15870010131
20	3.95861080671
25	3.49712918202
30	2.24429847783
35	0.4
40	0.82645621798
45	5.72519132362
50	0.4
55	2.93548537741
60	4.84751638166
65	3.84318885826
70	6.38969256631
75	4.16263010113
80	11.8552338316
85	7.08485612195
90	8.11087760027
95	1.85871466051
100	3.21014988596
105	2.09124731745
110	0.4
115	7.83632362962
120	2.7752468788
125	6.99819168016
130	1.83975945256
135	3.24876057009
140	4.88982364589
145	0.4
150	0.584588702927
155	6.04572110402
160	6.01774619915
165	16.2254487629
170	0.822398571944
175	0.4
180	4.57134676491
185	3.45303441746
190	0.4
195	0.515882208483
200	0.4
205	0.825774578286
210	3.35065752516
215	0.4
220	2.71226095663
225	1.46377376809
230	1.76038176778
235	2.31670986108
240	4.95478838211
245	0.4
250	2.31108465711
255	0.4
260	5.27620987328
265	2.79302357906
270	4.6536708125
275	4.61692198307
280	2.22974432652
285	3.07115597116
290	0.4
295	3.59573563188
300	3.87745179107
305	1.60536113439
310	1.1866065478
315	5.17509906733
320	8.91825513277
325	0.4
330	5.41407417171
335	7.27869302299
340	0.4
345	17.2764563612
350	12.3733860216
355	10.7551346601
360	4.28504096457
365	12.7864682781
370	0.4
375	7.13822327963
380	4.60094798737
385	1.25402311658
390	6.96647450524
395	4.97661023671
400	1.79833576273
405	2.03694536779
410	2.83578858277
415	7.69742487448
420	3.95345121446
425	0.4
430	5.76872994273
435	3.87150243151
440	0.4
445	2.20184979457
450	0.4
455	4.19986703416
460	3.08225690336
465	0.4
470	0.4
475	12.7512112513
480	2.86135998433
485	0.4
490	0.4
495	7.52636835735
500	0.4
505	1.25921292772
510	5.77288752862
515	0.4
520	3.91633650346
525	4.07928503418
530	3.22587946106
535	0.4
540	7.83001701872
545	0.4
550	0.4
555	7.9145882134
560	4.63681371447
565	6.17755156419
570	0.4
575	6.50177788407
580	3.87614075945
585	12.924874248
590	4.18608418044
595	6.95103636645
600	1.15907728893
605	0.4
610	5.18867380684
615	4.52187994027
620	0.4
625	8.3895090967
630	0.4
635	2.78979537916
640	5.22112235552
645	2.80523875482
650	8.60412539379
655	16.1768115037
660	4.96062338779
665	7.92195473322
670	12.8198764482
675	0.4
680	0.4
685	1.27590241271
690	3.562552554
695	8.52345901942
700	2.74923217307
705	2.92160481515
710	3.39001442418
715	4.09140049978
720	5.67922125043
725	3.13881905914
730	1.768986859
735	0.4
740	0.4
745	3.26582148408
750	3.67024444208
755	0.4
760	2.40957624271
765	3.82269760104
770	0.4
775	5.70224281053
780	0.4
785	2.60360819438
790	0.4
795	3.12706314569
800	0.986932333868
805	0.4
810	0.727269027791
815	1.80044332645
820	8.06428534677
825	0.4
830	6.01449690187
835	3.43444265278
840	3.80744825884
845	4.23796512393
850	0.564766669655
855	0.4
860	2.65000124054
865	3.67470386056
870	5.09896947736
875	10.1958547475
880	2.28680359428
885	0.4
890	7.44026659298
895	1.80433905983
900	1.84890148961
905	1.06176267913
910	8.30799205045
915	5.44086681824
920	2.47865637688
925	8.46770740958
930	2.99898792956
935	0.4
940	2.71386758759
945	5.19268151012
950	0.4
955	1.6261270998
960	1.7382080942
965	0.4
970	2.0938228681
975	0.4
980	1.81033380655
985	3.18216186615
990	3.04686302842
995	0.4
1000	15.2955459662
1005	3.08549541443
1010	0.4
1015	0.4
1020	10.2790335036
1025	0.4
1030	0.560446373225
1035	3.42717323642
1040	1.87709558319
1045	3.48703124426
1050	0.4
1055	15.0185436635
1060	4.33884450175
1065	1.08013204029
1070	4.34471674468
1075	0.4
1080	3.8042143526
1085	0.4
1090	4.14280422941
1095	11.4829026147
1100	0.4
1105	0.655980636852
1110	0.4
1115	20.9349497725
1120	4.96174985265
1125	1.18742959839
1130	0.4
1135	2.99343201872
1140	14.2936778826
1145	0.4
1150	6.50621061339
1155	7.97853741796
1160	12.5461865134
1165	4.03432127749
1170	0.993990997494
1175	0.780721843181
1180	6.32915888782
1185	2.45561465529
1190	4.67277777499
1195	0.4
1200	1.32874455394
1205	1.09540414301
1210	0.4
1215	0.518831272202
1220	0.4
1225	3.64981270438
1230	0.4
1235	2.85510393029
1240	11.2601315857
1245	2.6573888688
1250	0.4
1255	0.4
1260	1.68883936265
1265	3.43675503018
1270	7.52498121314
1275	10.5778216758
1280	11.8190354185
1285	0.4
1290	0.4
1295	5.80968714871
1300	8.35960884281
1305	7.82576411617
1310	0.4
1315	0.4
1320	3.3333454554
1325	3.33403364578
1330	0.4
1335	5.38264605258
1340	0.4
1345	2.7517327235
1350	0.4
1355	11.8123970409
1360	2.6179226924
1365	9.01594168129
1370	2.8675517955
1375	0.4
1380	19.3930821885
1385	7.30928821915
1390	20.8278586814
1395	7.72692478585
1400	3.64815291749
1405	2.47911511216
1410	1.29055314314
1415	9.11167688402
1420	0.4
1425	2.97713173488
1430	11.0690405756
1435	9.5998377945
1440	0.4790888915
1445	0.4
1450	0.4
1455	10.8535711658
1460	2.78439759236
1465	1.34687018033
1470	0.4
1475	6.48193312169
1480	7.77411806796
1485	10.1292437814
1490	4.13630007039
1495	10.9231148817
1500	1.51509137739
1505	0.4
1510	0.4
1515	5.16355302139
1520	3.3634087586
1525	3.18462045164
1530	21.8172836746
1535	0.4
1540	0.4
1545	5.35724821189
