0	0.4
5	11.6881971333
10	0.4
15	0.4
20	0.4
25	0.4
30	0.4
35	0.909982603978
40	0.992090491543
45	0.4
50	0.777886761695
55	0.4
60	0.4
65	2.18600529769
70	0.4
75	0.4
80	0.4
85	0.578130783455
90	2.69473733119
95	0.985369713497
100	0.4
105	0.4
110	2.00632589116
115	1.30686059214
120	0.483734720823
125	1.88523022062
130	0.4
135	0.405095035012
140	0.644934093484
145	0.4
150	1.0249639707
155	0.4
160	0.615834260665
165	0.4
170	0.4
175	11.2962234024
180	0.4
185	2.89019759889
190	0.521947013959
195	2.03584884108
200	6.19472305773
205	0.4
210	2.27585588157
215	1.86179401204
220	13.6669360608
225	1.79782546997
230	1.21564167636
235	1.08811973611
240	1.75344325826
245	0.4
250	4.65310776214
255	0.4
260	1.03660282803
265	0.4
270	0.4
275	0.4
280	0.4
285	0.4
290	0.694765793762
295	0.4
300	0.4
305	9.35816843215
310	2.47285311457
315	3.39760018163
320	0.4
325	3.61466988649
330	1.6702833603
335	1.55521064956
340	0.4
345	1.1775342152
350	0.417639604342
355	1.19724010209
360	0.4
365	0.4
370	0.4
375	0.4
380	1.23877620559
385	0.4
390	2.6308576507
395	3.4761926534
400	0.718452985405
405	0.4
410	1.74095052466
415	0.422544580524
420	1.11562735467
425	2.4422856044
430	1.89006989485
435	1.01550278152
440	1.1111720976
445	2.25921676852
450	0.4
455	0.4
460	0.4
465	3.16176760477
470	3.77319970965
475	0.4
480	0.4
485	3.46613761149
490	0.4
495	0.4
500	0.4
505	1.5335691849
510	0.524937680446
515	0.4
520	0.4
525	0.4
530	4.01254564652
535	0.4
540	0.73801524604
545	1.03198277955
550	0.4
555	0.4
560	7.62186903465
565	3.62299096877
570	3.66443782691
575	0.4
580	1.25364800573
585	0.4
590	0.4
595	3.16572084144
600	0.4
605	0.4
610	1.25794120246
615	0.4
620	0.4
625	2.05114777544
630	0.4
635	2.98394551037
640	0.4
645	1.4980378208
650	0.4
655	12.2179804773
660	0.4
665	0.4
670	0.4
675	0.4
680	3.86598852428
685	2.29022950487
690	2.82507450136
695	0.4
700	0.4
705	0.4
710	2.19866400174
715	0.4
720	1.0966637092
725	0.649134766999
730	2.46104967635
735	3.6555455658
740	0.671952773963
745	1.65568219277
750	2.29255308699
755	1.95630818302
760	0.4
765	2.31041270106
770	0.4
775	0.4
780	2.17437898158
785	0.4
790	1.54855028153
795	3.42025525149
800	0.4
805	2.24541852001
810	3.65966776975
815	0.976857641515
820	0.866480155185
825	1.93561784906
830	2.2025506075
835	0.4
840	1.04598628003
845	0.4
850	0.4
855	1.40801409366
860	0.4
865	0.77100218034
870	0.4
875	0.4
880	3.3452321702
885	0.4
890	0.4
895	0.4
900	0.4
905	3.95432692454
910	3.37377968818
915	5.43741011984
920	1.77714067918
925	0.775925398943
930	0.473913881538
935	0.813746543774
940	3.15130566986
945	0.977849106604
950	0.4
955	0.82435677565
960	0.780325840479
965	0.4
970	1.07161526627
975	0.4
980	0.62680138031
985	0.660456080623
990	0.4
995	0.4
1000	0.4
1005	1.51637774771
1010	2.13256577485
1015	0.4
1020	0.4
1025	0.4
1030	0.4
1035	1.255080324
1040	1.97103259692
1045	1.32170422804
1050	10.131709553
1055	1.20622917047
1060	3.03702158363
1065	0.4
1070	0.4
1075	0.577479927448
1080	0.4
1085	1.19074137903
1090	0.4
1095	0.404362203897
1100	1.56434918245
1105	0.4
1110	0.978462037758
1115	1.43481519954
1120	2.15626469478
1125	1.38805816707
1130	0.4
1135	6.37459714993
1140	3.83712002485
1145	2.83762976597
1150	1.81252995663
1155	1.82675049719
1160	0.4
1165	1.3088047067
1170	0.4
1175	2.04965278393
1180	1.00016861196
1185	2.42406103725
1190	1.02652111151
1195	2.13043561091
1200	0.4
1205	2.22011025597
1210	2.65420197753
1215	0.804260061911
1220	2.40570117213
1225	7.60407378183
1230	0.4
1235	0.891437882725
1240	0.4
1245	5.50837675799
1250	0.494701258144
1255	0.823212266397
1260	3.13068959993
1265	1.29938613347
1270	0.424890482376
1275	1.57658086358
1280	3.41158202092
1285	0.4
1290	0.908427023332
1295	5.38173815853
1300	0.4
1305	0.692872027171
1310	0.4
1315	0.4
1320	0.4
1325	0.4
1330	0.4
1335	7.29536534543
1340	0.4
1345	3.20688319855
1350	0.500969083318
1355	1.77497131763
1360	2.04248792898
1365	0.4
1370	0.939920498984
1375	0.589771193072
1380	2.0947267922
1385	2.87337834113
1390	2.4338879676
1395	0.551628866928
1400	0.4
1405	0.6498467793
1410	0.4
1415	1.1236499313
1420	1.63679328214
1425	0.4
1430	1.14035292282
1435	0.4
1440	0.581748610861
1445	0.4
1450	0.4
1455	1.04420367005
1460	0.895605313043
1465	3.14824465403
1470	0.4
1475	0.4
1480	0.849820282819
1485	1.66105252656
1490	1.80006281333
1495	0.4
1500	0.4
1505	5.62143829725
1510	0.4
1515	0.674074489699
1520	0.4
1525	7.28960638989
1530	2.90726575853
1535	0.4
1540	1.77675218325
1545	0.4
1550	1.76574650554
1555	0.4
1560	4.31386622775
1565	0.4
1570	1.10769880873
1575	0.4
1580	0.4
1585	3.17973639884
1590	1.27812031855
1595	0.4
