0	0.466857595388
5	0.4
10	0.558988770567
15	5.36642463692
20	5.07125882448
25	3.66553489094
30	1.58471778488
35	0.4
40	1.72658265178
45	0.4
50	4.96127086654
55	0.4
60	2.65084294387
65	1.35324678793
70	8.08068272119
75	1.82233310109
80	0.4
85	0.4
90	0.968860756736
95	0.4
100	10.2881616888
105	0.7628206399
110	0.4
115	0.895196386852
120	5.33156740465
125	0.4
130	4.01769858365
135	0.4
140	1.19017615617
145	1.3433974643
150	5.90929963499
155	0.427579359793
160	4.99472354394
165	0.4
170	1.42167434581
175	1.15925084727
180	0.4
185	0.4
190	0.4
195	5.99627874374
200	7.12986339891
205	0.872537061539
210	0.4
215	0.4
220	0.4
225	2.04113706532
230	0.4
235	0.4
240	0.748449616092
245	1.71943628699
250	0.911620269274
255	4.10322825715
260	3.15299329222
265	0.4
270	1.5800575973
275	3.21697474742
280	0.939149479856
285	0.4
290	0.4
295	1.74905941096
300	4.35430499993
305	0.4
310	0.4
315	0.4
320	0.4
325	0.4
330	0.4
335	3.52458213905
340	5.32730054349
345	2.35759399393
350	0.728927703536
355	4.37076957994
360	0.4
365	0.913778607046
370	0.4
375	0.4
380	0.412828135672
385	0.564878892209
390	2.5830796743
395	0.4
400	7.89766525867
405	0.4
410	1.48860948409
415	1.05046990542
420	0.732072013603
425	0.4
430	0.4
435	7.20413504439
440	2.88720427102
445	2.38215119086
450	0.946340433891
455	0.4
460	0.4
465	6.33744983578
470	1.43809600816
475	4.08422567742
480	0.4
485	0.516379372571
490	1.6790593616
495	8.74317006848
500	1.064855088
505	1.09228614282
510	0.4
515	0.4
520	0.716024688264
525	0.4
530	0.4
535	1.30450695184
540	0.4
545	0.4
550	0.4
555	0.4
560	1.92488590878
565	0.4
570	1.45308960971
575	0.4
580	2.53596336552
585	1.33480276052
590	0.4
595	1.39385168752
600	0.4
605	0.4
610	0.4
615	4.74905391324
620	1.22611047916
625	2.10132862134
630	2.36761178924
635	0.4
640	0.4
645	0.4
650	0.4
655	0.4
660	0.4
665	0.4
670	0.4
675	0.4
680	1.49686080532
685	0.4
690	0.4
695	5.58228496171
700	0.4
705	2.66811338434
710	1.72761738509
715	1.94590606897
720	0.4
725	3.05006554389
730	0.4
735	0.4
740	0.927130163264
745	0.486113001127
750	4.90010799456
755	0.4
760	0.4
765	0.4
770	0.4
775	0.4
780	3.61509269344
785	0.4
790	0.4
795	1.13084240889
800	2.60765789583
805	0.4
810	7.76201307575
815	0.4
820	0.4
825	3.26398148247
830	1.31861535697
835	0.988302896595
840	1.24135874232
845	0.4
850	0.4
855	0.4
860	0.775092851988
865	2.76794281676
870	0.4
875	0.551971593551
880	0.4
885	0.807472707716
890	0.4
895	6.03118722106
900	1.31425259084
905	4.77002436303
910	1.70442123089
915	5.35350904518
920	0.4
925	0.4
930	5.24762132911
935	1.67952058317
940	0.4
945	0.622428174045
950	2.23573111545
955	0.4
960	0.743042927838
965	0.613745419413
970	2.06273164121
975	0.4
980	1.80464131648
985	0.4
990	0.4
995	0.4
1000	1.43732179411
1005	0.4
1010	9.0862856204
1015	0.4
1020	1.34764271176
1025	0.4
1030	1.9882716096
1035	0.4
1040	0.4
1045	0.4
1050	1.44389313822
1055	5.6879723999
1060	4.18708876483
1065	0.4
1070	0.4
1075	0.719854573698
1080	1.00687692261
1085	0.4
1090	0.4
1095	1.63568030557
1100	1.6448841234
1105	1.33509145457
1110	0.4
1115	0.4
1120	2.88234441504
1125	2.95840440657
1130	0.4
1135	1.93590414127
1140	0.4
1145	0.4
1150	0.4
1155	0.4
1160	2.00733321029
1165	3.17079409289
1170	0.946235081236
1175	10.8090357208
1180	0.4
1185	0.4
1190	0.4
1195	0.4
1200	1.96713470632
1205	0.4
1210	2.39819431807
1215	10.0664665164
1220	0.4
1225	0.4
1230	1.52035548522
1235	0.4
1240	0.4
1245	0.4
1250	0.4
1255	0.4
1260	5.1036504613
1265	0.4
1270	0.4
1275	0.460551070689
1280	0.4
1285	0.4
1290	4.50479032132
1295	0.4
1300	0.4
1305	0.4
1310	3.41550124685
1315	0.4
1320	3.3682771405
1325	0.720882384412
1330	3.26613994824
1335	0.481093306607
1340	0.4
1345	4.26235761637
1350	0.4
1355	0.4
1360	1.60675903039
1365	1.71488161546
1370	0.4
1375	4.14033037229
1380	9.51703075641
1385	1.94876200681
1390	2.52305878014
1395	0.4
1400	4.06998830109
1405	4.98630474246
1410	0.80118901334
1415	0.4
1420	0.4
1425	0.4
1430	0.713951375162
1435	2.4925959677
1440	0.4
1445	9.3701035995
1450	1.26725401748
1455	0.4
1460	3.75400386907
1465	0.723220569203
1470	0.4
1475	0.4
1480	1.50258585439
1485	0.838656774528
1490	1.33000108086
1495	1.59596930704
1500	3.93354503906
1505	0.4
1510	0.612933907361
1515	2.13043684028
1520	3.51838121489
1525	1.81836162259
1530	0.4
1535	0.4
1540	2.6124896977
1545	3.4720860782
1550	9.06617494309
1555	1.01354899532
1560	1.43959588014
1565	1.50541343045
1570	1.72000173129
1575	1.64737450147
1580	0.578210805391
