0	28.3920514409
5	17.8977990512
10	13.0632981814
15	40.7877041073
20	29.6570530455
25	33.8846049714
30	64.6260787486
35	36.5875182773
40	41.6462729338
45	32.9270768957
50	30.7117213848
55	32.1294919901
60	0.929549994482
65	28.9080084251
70	25.5072992929
75	47.2847460612
80	27.9093437428
85	28.5883724221
90	43.9403366472
95	28.7996994052
100	47.1482708413
105	29.3280898172
110	52.0005769452
115	67.5600099975
120	53.5203455857
125	7.15301021477
130	26.6440755945
135	38.4572758437
140	46.6296829013
145	38.3674519659
150	30.4344958322
155	30.0724413993
160	21.0080594696
165	19.9416466682
170	0.4
175	40.9516849122
180	33.2636176172
185	21.422488467
190	51.9899348054
195	36.3041477984
200	12.8963703635
205	31.079237116
210	33.801317841
215	44.2110156626
220	25.7622964013
225	25.3045538983
230	36.4103955796
235	38.0588704481
240	28.6869779209
245	47.4828757081
250	17.3918894677
255	38.6796670692
260	47.7454531474
265	52.2060481853
270	52.1990829115
275	29.7814924895
280	0.4
285	34.1041977199
290	32.0301329152
295	38.3525591599
300	28.9629380546
305	39.1003117317
310	21.0981816944
315	33.081751707
320	34.0697547115
325	0.4
330	47.2834642922
335	35.1449177752
340	19.908775698
345	39.2490326404
350	4.89488035053
355	20.9123127601
360	20.8059103204
365	24.5135778893
370	45.6511477052
375	10.0782359713
380	29.6164081101
385	10.9416385674
390	50.6765384708
395	26.5760833039
400	32.0436244988
405	18.5666656719
410	29.9233523917
415	34.930169957
420	42.6177010068
425	35.3362829708
430	46.8185239096
435	50.3372303619
440	21.2854140126
445	34.6080808603
450	9.25410148325
455	41.604793326
460	35.1162831382
465	23.7609366034
470	60.8048252654
475	35.5297333234
480	33.380468769
485	31.37837316
490	36.3201010946
495	32.0265750522
500	13.8287445164
505	59.8291749334
510	28.562692467
515	37.7264045572
520	36.4749561599
525	30.8428171676
530	10.5839873681
535	41.9928351651
540	40.4957165092
545	41.3835067928
550	26.9134164695
555	30.4366176101
560	22.2102292505
565	39.8502251844
570	30.1982480624
575	31.94199809
580	38.5555371768
585	31.116041608
590	50.7756527443
595	59.9737190216
600	28.5026328619
605	60.4957664375
610	27.8290004997
615	22.2336130121
620	30.8504233603
625	22.116241739
630	32.2295359118
635	28.2229603411
640	16.5787589126
645	24.977498475
650	51.8563656469
655	50.1917014237
660	27.9625502079
665	47.3241949693
670	30.8472388501
675	30.7570138222
680	30.0682750274
685	32.8582206095
690	43.0894737154
695	47.6278425684
700	33.4777021492
705	35.3734133578
710	23.5705508187
715	20.2227644792
720	63.7490181435
725	40.9117250234
730	40.3033278091
735	49.1823292294
740	49.9797188513
745	35.8461360126
750	0.4
755	0.4
760	28.1975508937
765	17.3670113816
770	39.5262520308
775	51.8228598322
780	33.8964366701
785	23.8795775069
790	37.3190062256
795	13.9825631945
800	40.8118930574
805	33.1496234966
810	50.1672391404
815	3.62150978187
820	40.0625578391
825	0.4
830	45.2907099026
835	4.40935304546
840	48.1227875549
845	9.40991066629
850	24.9681514478
855	25.7991385769
860	23.0242873974
865	25.5470914653
870	34.6678132305
875	32.977317664
880	31.3862333935
885	29.5177942403
890	15.7516577208
895	23.7450178139
900	0.4
905	19.7640705746
910	28.1035265983
915	37.0067795022
920	0.4
925	28.4188050784
930	32.1844333952
935	12.077010878
940	12.1279666314
945	31.1151031605
950	26.0983162997
955	7.88273078791
960	32.4209512825
965	31.4183675332
970	23.6603657373
975	59.5075329193
980	34.5117309113
985	30.3192319647
990	37.668192045
995	22.6796296008
1000	34.0384361096
1005	18.1660221771
1010	36.3478356638
1015	21.3317085564
1020	34.9496408236
1025	15.8497678714
1030	14.8029823407
1035	45.6007261018
1040	49.3798782651
1045	31.0133057246
1050	36.2846780658
1055	31.9060045549
1060	41.3286960433
1065	34.8213971257
1070	61.2679063661
1075	37.2403574438
1080	15.8903449969
1085	32.9915934777
1090	21.4917155514
1095	16.1725173825
1100	36.7161544235
1105	5.55102108908
1110	14.030662181
1115	26.9522672868
1120	37.4863683066
1125	34.445096379
1130	27.8794283213
1135	30.4899635996
1140	30.6149192418
1145	31.4907589432
1150	53.2242459921
1155	0.4
1160	0.4
1165	44.0908079209
1170	44.928534284
1175	35.2381416228
1180	64.6861768318
1185	33.7699916728
1190	0.4
1195	27.7584259616
1200	21.1391798795
1205	40.1302573228
1210	38.697551468
1215	39.0797751217
1220	26.5123019842
1225	44.3938115007
1230	33.8227771963
1235	23.1802135703
1240	49.5834753498
1245	28.2828693257
1250	37.5563688875
1255	29.1769608854
1260	0.4
1265	62.5693625922
1270	66.4692734015
1275	30.1101749752
1280	38.0640578903
1285	0.4
1290	40.5916763756
1295	21.6115365042
1300	32.0635495485
1305	35.330856012
1310	23.1931382639
1315	46.1306712575
1320	33.3045232499
1325	38.8072183087
1330	29.6063665807
1335	26.8707789828
1340	37.7911099187
1345	27.4725550813
1350	17.2618877059
1355	35.4231592476
1360	19.6186082006
1365	20.6449388057
1370	46.2910402518
1375	41.6059620618
1380	45.332779197
1385	47.4861278059
1390	29.3595557363
1395	3.42711563061
1400	29.4894071306
1405	6.93387654195
1410	0.4
1415	23.5061938253
1420	1.98852664669
1425	18.2690369799
1430	37.9616856668
1435	19.4880958757
1440	18.2942112798
1445	81.3194607075
1450	31.6023267803
1455	61.6490874876
1460	50.53250054
1465	5.44343526434
1470	31.1299393005
1475	9.48517820218
1480	35.1493574685
1485	48.2614136584
1490	14.2481261645
1495	28.1648132215
1500	15.5466667498
1505	32.5916672695
1510	26.2671034955
1515	43.1998788319
1520	7.46037213166
1525	34.9637335162
1530	12.430328605
1535	18.9014055655
1540	35.9917556534
1545	25.1422897136
1550	30.5420162941
1555	21.4961041054
1560	50.5102826454
1565	3.12906442074
1570	35.8926881282
1575	34.435470804
1580	42.0735835128
1585	52.3051885532
1590	58.2567025492
1595	44.6332219799
1600	33.4263911857
1605	45.8519972385
1610	36.5500617058
