0	0.4
5	4.28599223467
10	0.4
15	0.4
20	0.4
25	0.4
30	4.04500381742
35	0.4
40	0.571786233559
45	1.43273585193
50	1.79592486996
55	3.3840137074
60	0.4
65	0.634204034217
70	2.09066161476
75	1.00045228894
80	2.56382411077
85	0.710920742653
90	3.32054323501
95	2.10720368271
100	4.89297858648
105	0.667426246589
110	5.32294777897
115	1.91756140766
120	2.91973880975
125	0.4
130	4.54021528329
135	0.4
140	2.64720704548
145	2.18945178826
150	1.70407097861
155	0.4
160	2.0814163002
165	6.10518346447
170	1.57497175951
175	0.889130223922
180	0.4
185	3.98043635946
190	0.4
195	0.4
200	0.4
205	0.894313204924
210	0.811164005385
215	1.38728489092
220	2.49698872649
225	1.95367196286
230	0.4
235	1.71711137433
240	0.4
245	0.431236261797
250	2.51345853513
255	1.04583169969
260	0.999058238947
265	0.4
270	1.6971926397
275	0.4
280	3.96624509076
285	0.4
290	0.513183370918
295	0.4
300	5.72075680659
305	1.19463987814
310	1.01993350149
315	1.52673271469
320	3.06138558255
325	9.8875510262
330	4.64799854004
335	0.4
340	0.4
345	2.53975146709
350	3.2675142389
355	0.671813429866
360	0.4
365	4.49836362704
370	2.57471443673
375	1.12211087473
380	0.4
385	3.28729458769
390	1.45498782332
395	0.4
400	4.03538245902
405	3.62146240507
410	0.915000001486
415	1.0628332991
420	0.4
425	0.445452551415
430	0.4
435	1.43746728975
440	0.951980165578
445	4.21837253204
450	0.4
455	2.77679455275
460	3.43090283805
465	0.4
470	1.62706399144
475	0.4
480	0.4
485	5.40863382421
490	1.95339272468
495	0.4
500	0.848107098573
505	0.64618351976
510	3.3570851341
515	2.38121659627
520	0.4
525	0.4
530	0.919717043209
535	0.990895003754
540	0.4
545	2.87750847947
550	0.4
555	0.827997081361
560	0.979834190652
565	1.8914273783
570	1.44818785736
575	2.23412176369
580	0.4
585	4.08924880139
590	0.4
595	0.4
600	0.4
605	4.20274688657
610	0.4
615	0.741887721282
620	0.466415790814
625	0.4
630	0.4
635	1.45222108722
640	4.8504936519
645	0.4
650	0.956544159863
655	0.4
660	1.63262282463
665	4.64399235476
670	0.4
675	0.4
680	1.60264827769
685	0.4
690	0.4
695	0.655428173715
700	0.4
705	1.02762250155
710	0.4
715	1.80310541501
720	3.29728272406
725	0.4
730	0.539090838935
735	1.50669292344
740	0.767519627975
745	0.4
750	0.4
755	1.11855528394
760	1.55675853829
765	0.761783426053
770	1.7566323053
775	0.4
780	0.4
785	1.16775897693
790	1.35865526205
795	0.4
800	0.859483523115
805	1.03692090579
810	5.05824212844
815	4.04348786594
820	0.915373819987
825	3.40378904143
830	3.07493447633
835	3.31554257853
840	2.76773440615
845	2.35737097521
850	0.4
855	3.54318239922
860	0.4
865	1.32794460811
870	0.4
875	4.43015127375
880	0.4
885	0.4
890	1.12594489514
895	0.4
900	0.941418072537
905	3.94346349629
910	1.12623067587
915	0.4
920	5.29538944121
925	1.27273630783
930	0.4
935	1.13104193222
940	1.57533942777
945	3.48760303058
950	3.52831588601
955	6.1868317136
960	0.559495580336
965	1.01031653214
970	0.4
975	5.79154955595
980	3.54742948752
985	2.17237509433
990	4.32546640769
995	0.4
1000	1.0924486845
1005	3.95082399005
1010	2.4982441842
1015	4.32219284973
1020	0.4
1025	8.10360797425
1030	0.4
1035	0.4
1040	0.4
1045	0.4
1050	0.4
1055	1.97799769127
1060	0.642979244837
1065	5.35692477707
1070	1.14335695797
1075	0.561752784171
1080	2.73995926479
1085	0.884790808399
1090	0.4
1095	0.4
1100	2.35532213925
1105	0.4
1110	0.4
1115	0.723749573888
1120	0.4
1125	0.4
1130	0.4
1135	2.31781999614
1140	0.4
1145	2.83999674814
1150	0.4
1155	1.22653033897
1160	0.680932452702
1165	0.4
1170	4.48233162021
1175	0.590593505555
1180	4.1353524093
1185	0.4
1190	1.1240113152
1195	6.00981295191
1200	2.73149631825
1205	1.41288246362
1210	1.89596938624
1215	0.874673906812
1220	0.4
1225	2.56327734223
1230	1.44259975384
1235	0.4
1240	0.4
1245	0.4
1250	0.969395885126
1255	1.44199573025
1260	0.4
1265	3.05362498013
1270	0.929681415642
1275	0.587510851032
1280	2.08119330162
1285	1.45041089721
1290	2.65577203832
1295	1.80200739413
1300	0.4
1305	0.4
1310	0.4
1315	1.0284547279
1320	1.11364665048
1325	0.4
1330	1.34212903697
1335	5.64796838145
1340	0.774317933329
1345	4.58214359455
1350	0.4
1355	0.4
1360	0.4
1365	0.533128906844
1370	0.4
1375	5.30905171675
1380	0.4
1385	4.47727365695
1390	0.608774854366
1395	2.47809360217
1400	1.74353590884
1405	0.516519633661
1410	0.4
1415	4.56833601124
1420	0.4
1425	1.85497487498
1430	0.4
1435	0.903767143493
1440	0.4
1445	0.4
1450	1.26962435332
1455	0.467822889311
1460	0.4
1465	0.810651767709
1470	1.46627713635
1475	0.979021706419
1480	0.848982258007
1485	0.723786784529
1490	5.3356884708
1495	6.09309916316
1500	0.4
1505	2.80895040339
1510	2.06378513032
1515	0.4
1520	1.69221264455
1525	0.831271465603
1530	4.06232953289
1535	0.4
1540	5.25188053497
1545	0.680259069278
1550	0.4
1555	0.4
1560	1.55374642584
1565	0.4
1570	0.4
1575	5.45878045148
1580	0.4
1585	2.28953129616
1590	0.4
1595	2.84424205274
1600	0.4
1605	0.4
1610	0.774654732597
1615	1.71376637986
1620	1.0933175005
1625	0.680609128087
1630	2.29135279044
1635	3.57803767903
1640	0.874859272253
1645	3.20531878313
1650	0.4
1655	1.62113917179
1660	1.96569722497
1665	0.4
1670	0.416586443787
1675	0.529212639792
1680	3.29504791706
1685	0.4
1690	0.4
1695	0.4
1700	1.02428383749
1705	0.4
1710	2.95544531316
1715	0.4
1720	0.4
1725	0.4
1730	1.58665919011
1735	1.0313203445
1740	0.4
1745	0.4
1750	0.4
1755	0.4
1760	0.4
1765	2.69222574152
1770	0.4
1775	1.10973476923
1780	0.811238697003
1785	0.4
1790	0.932120340083
1795	0.419899467325
1800	2.87857589343
1805	0.4
1810	0.4
1815	0.4
1820	0.585001518506
1825	0.583315041612
1830	0.880755004271
1835	0.788261341747
1840	0.4
1845	0.4
1850	0.618196160209
1855	0.4
1860	0.4
1865	1.94395046984
1870	0.4
1875	0.4
1880	0.4
1885	1.47130120495
1890	2.04909363784
1895	0.4
1900	0.4
1905	0.441247409394
1910	0.4
1915	0.4
1920	0.4
1925	6.48857445967
