0	10.4116147978
5	13.4295800961
10	2.69529115287
15	9.72978700243
20	16.4302690363
25	10.6863260327
30	18.6157726167
35	21.7036931291
40	10.8225321941
45	10.3470734346
50	0.4
55	2.8307102132
60	8.36306390849
65	13.9794034594
70	11.0147335229
75	12.4784724667
80	13.228737012
85	17.020506289
90	3.01257243163
95	14.4988324141
100	5.92771815665
105	9.78125887635
110	0.4
115	14.026376651
120	4.92393067843
125	4.0612687027
130	11.9069328459
135	7.7585083686
140	19.283704582
145	9.05180605549
150	12.608828492
155	18.19838939
160	11.2458671313
165	10.2479885384
170	12.3180979772
175	10.8390227505
180	6.66017949162
185	8.58179609658
190	14.0327781144
195	7.83254033121
200	9.60586821346
205	16.6878066512
210	4.56947235398
215	4.6773873056
220	8.008127815
225	11.5827611206
230	11.5611457375
235	8.90145360227
240	16.6042566509
245	13.0172455909
250	12.8161063395
255	10.1878488896
260	11.043580327
265	6.6384360752
270	7.19393852816
275	20.0368739948
280	4.72236650342
285	9.11814542576
290	16.205012377
295	8.08628766679
300	1.92446958921
305	8.15731226951
310	15.9192334069
315	2.31623171681
320	11.3239890943
325	10.4921373421
330	17.8628196498
335	15.7269675671
340	15.6038760792
345	8.10179662337
350	12.8144605734
355	17.6879217303
360	8.48687726237
365	11.4007988934
370	5.11075740048
375	0.4
380	13.0775122803
385	13.8896102111
390	28.8843081012
395	11.8159547268
400	16.1548820596
405	12.8877719575
410	13.1907431524
415	8.88259662776
420	19.495812236
425	19.4139206263
430	9.16265290833
435	17.4006740302
440	11.6363744507
445	10.8546141802
450	20.538878767
455	7.32160913854
460	11.655723346
465	4.65042373815
470	11.090933686
475	19.8090920792
480	13.9779878856
485	6.27489424771
490	12.736810543
495	21.0107627116
500	8.53695403688
505	5.71632263141
510	5.68703378557
515	7.27177925773
520	17.9534628144
525	7.35178064919
530	9.7741779288
535	8.28219134265
540	7.08536828916
545	0.4
550	14.0813322953
555	11.2436591494
560	10.1046007389
565	15.8099944756
570	6.34976638871
575	11.1649963793
580	14.4309113698
585	24.2244884467
590	8.63343716123
595	6.99791940225
600	8.29065057339
605	0.4
610	13.5846038054
615	14.6802957588
620	13.2548439908
625	18.5439849821
630	8.48659267481
635	8.68686724469
640	7.60844414546
645	10.9640792304
650	6.38151555995
655	14.6371714949
660	16.9549176058
665	4.34576306294
670	11.5752698219
675	10.2694614279
680	11.4969890483
685	9.25052180366
690	18.0906314266
695	15.5130964929
700	9.7415743733
705	0.4
710	24.5783433758
715	9.79523284143
720	7.74954393935
725	3.60768611755
730	11.9384390139
735	8.0481596549
740	11.695751982
745	10.4483675194
750	6.24070262205
755	11.1738926638
760	13.5638513602
765	12.3171221947
770	18.2524348778
775	0.4
780	20.0227058194
785	7.94599777625
790	15.1590098329
795	8.60834013982
800	4.17573938327
805	14.1893651103
810	6.50781678087
815	9.69326776202
820	11.6098056044
825	12.1239804597
830	13.9349259988
835	9.77660390488
840	7.86854034161
845	14.008141915
850	10.2359106733
855	0.4
860	12.2239902081
865	3.58231269972
870	11.020188438
875	8.15910900901
880	11.2397069545
885	6.83983079988
890	20.0831492753
895	16.678541645
900	11.7792259769
905	7.79561240052
910	2.4064891232
915	4.34371694861
920	6.05676430347
925	25.0049711576
930	13.8499917786
935	4.37033703853
940	10.6986434511
945	20.8821857289
950	9.62133696547
955	13.7115687078
960	7.76081918909
965	10.5480314869
970	10.8461896537
975	5.48079103912
980	27.4979808098
985	8.01896554441
990	12.2866968336
995	17.253429913
1000	8.84309549664
1005	10.3672074017
1010	10.3931891898
1015	10.8078038015
1020	17.9849110357
1025	11.2529821894
1030	12.2568116165
1035	4.99288129064
1040	4.80304445212
1045	10.3997097919
1050	23.5040994203
1055	12.1964079225
1060	11.2981082013
1065	14.3567675353
1070	10.2004950451
1075	11.9768598049
1080	7.37461726205
1085	17.3660550828
1090	2.80449628915
1095	9.58097606953
1100	10.3852870024
1105	9.23907133541
1110	2.95454292577
1115	9.7742102153
1120	16.4874937507
1125	2.4911072201
1130	5.23567592644
1135	16.7242946215
1140	8.98650813116
1145	14.6757044152
1150	10.3996446627
1155	12.4080893751
1160	6.5687701729
1165	10.4007452679
1170	14.7875529359
1175	20.0977279162
1180	3.03921288933
1185	5.87129880479
1190	25.5101081002
1195	2.78792170039
1200	6.28252241465
1205	12.1426786504
1210	9.79712658334
1215	7.58240911059
1220	11.3556400537
1225	0.4
1230	11.2307770584
1235	12.2044437841
1240	12.1413673543
1245	7.11601376511
1250	5.64396796428
1255	11.3542121323
1260	10.4349216254
1265	7.55953354327
1270	4.80169359023
1275	8.23843043392
1280	8.00166504283
1285	0.4
1290	9.91155060732
1295	12.8718965225
1300	8.68419943
1305	12.2386992608
1310	16.2095002278
1315	0.4
1320	15.1956671408
1325	5.26801722469
1330	7.18015942626
1335	15.5654181631
1340	10.2071014112
1345	7.59420723137
1350	19.5034808234
1355	12.2992573522
1360	16.2415892857
1365	12.4188769911
1370	10.9911951268
1375	2.61817404467
1380	13.0431020131
1385	12.6629760683
1390	13.3935482355
1395	12.4951781331
1400	8.87813927611
1405	3.01635275333
1410	4.72399370825
1415	3.73360593749
1420	11.6592568369
1425	7.83551872833
1430	7.71646188235
1435	16.9447616021
1440	8.284430759
1445	8.62543314012
1450	18.2437304601
1455	6.27657742851
1460	10.7136269303
1465	10.3501725641
1470	14.0019378113
1475	12.1773214176
1480	0.4
1485	4.24868663363
1490	3.53661896168
1495	6.00607081576
1500	16.8307902975
1505	12.6427334605
1510	16.3115954191
1515	12.3318356971
1520	9.13650178863
1525	12.0744448168
1530	7.85332896623
1535	14.6237618899
1540	0.528573975371
1545	21.4138977479
1550	12.7593107819
1555	11.8032116842
1560	13.1290050674
1565	14.294587328
1570	11.2130897629
1575	24.7338098482
1580	20.1762212342
1585	12.1781236011
1590	10.8009660782
1595	11.4232439286
