0	4.19360028051
5	2.9790015285
10	1.4190354514
15	9.30484495459
20	4.72650261588
25	2.10883583726
30	6.43286176555
35	6.91626601702
40	2.2118137511
45	12.1769203471
50	2.78156285783
55	1.87662400899
60	0.4
65	0.4
70	1.19675203601
75	0.4
80	5.92372493353
85	0.4
90	2.85264320224
95	4.02931983694
100	1.3644824427
105	1.54304792685
110	1.40296884487
115	1.19031964455
120	4.43095403204
125	3.89791367915
130	3.53055816123
135	0.4
140	0.4
145	2.84865003993
150	0.4
155	12.7513343306
160	1.18646929072
165	3.95845218462
170	0.42773005399
175	5.18175870829
180	3.44417960177
185	3.60349470343
190	0.4
195	0.4
200	2.8731114653
205	6.44223529934
210	1.14519086387
215	1.32168204055
220	0.4
225	7.3184909451
230	2.86571952987
235	5.18496277115
240	1.8739106463
245	2.1343065972
250	1.93609487304
255	2.66518948341
260	9.77246628145
265	4.03484083385
270	0.4
275	0.4
280	3.77452530098
285	3.0882287735
290	2.59367552373
295	4.71177667573
300	1.77566439752
305	3.51102830164
310	2.05408833983
315	0.4
320	0.740274791485
325	1.21464865127
330	2.16265833144
335	4.7181223603
340	8.70021771013
345	1.84993018594
350	0.4
355	5.91162845616
360	0.4
365	1.23692142657
370	2.59983596222
375	5.51280926904
380	3.23448537172
385	2.16877719034
390	4.30564034508
395	1.97702955345
400	0.4
405	0.4
410	0.4
415	2.99658496039
420	0.4
425	0.4
430	4.5370559925
435	0.4
440	0.903233949851
445	4.53298878941
450	5.01158903645
455	0.4
460	0.4
465	0.4
470	2.20564233586
475	3.25937370351
480	0.4
485	2.07475149181
490	4.52198268266
495	0.832570977711
500	6.64583675725
505	2.48894090145
510	10.7335227621
515	0.4
520	0.4
525	2.78494985517
530	3.42356921398
535	1.94963037685
540	1.79621473804
545	0.760191563774
550	0.4
555	0.4
560	6.19333628297
565	1.74366967884
570	2.40371946744
575	8.11244543302
580	3.07517843976
585	1.59679335686
590	0.609248748051
595	6.58104079951
600	0.4
605	0.4
610	3.25878546386
615	4.67616967873
620	1.82176493914
625	0.4
630	1.18398519714
635	0.4
640	8.1764605087
645	1.46470763147
650	2.43633199325
655	0.4
660	2.63407790057
665	0.961482975303
670	2.97466422192
675	3.87319077413
680	2.4919618133
685	0.4
690	0.411974044211
695	0.4
700	2.04696952406
705	1.85499995112
710	2.21903647404
715	2.78063700538
720	2.45375772755
725	0.4
730	6.29624593983
735	4.41103455381
740	0.4
745	0.4
750	0.855237837183
755	1.31170646998
760	3.59581994086
765	5.25039020576
770	2.54104160321
775	0.4
780	2.77757856923
785	4.93825702046
790	2.02218920772
795	2.46106289497
800	0.4
805	3.05027523525
810	0.4
815	0.4
820	0.4
825	0.530459519695
830	8.59734497136
835	5.76241268085
840	0.4
845	2.74626421242
850	2.02853714911
855	0.4
860	0.4
865	3.35508990512
870	2.90740130715
875	1.19328690649
880	2.88345005273
885	1.96912994026
890	1.26836339456
895	2.04217556985
900	7.05010064054
905	1.3523649564
910	2.73098855967
915	3.71751423736
920	3.59939337348
925	3.4257270493
930	2.43497221266
935	4.27001966305
940	2.2615533961
945	2.50206622295
950	2.61050201883
955	3.5782224236
960	0.4
965	0.4
970	2.31764357561
975	2.12642699134
980	5.44420194867
985	5.30491040001
990	1.38250366943
995	4.15161111153
1000	5.40913306956
1005	0.733987320632
1010	2.57976692462
1015	2.37893859706
1020	4.05158414174
1025	3.28746719259
1030	3.46261326251
1035	2.05576460261
1040	2.08886360448
1045	1.06460173941
1050	2.8492922124
1055	0.4
1060	0.608959452024
1065	0.4
1070	0.4
1075	5.67846464651
1080	0.4
1085	2.11775588813
1090	5.79978278891
1095	2.38043284292
1100	0.4
1105	7.31198163937
1110	1.56654932934
1115	0.4
1120	0.534736218873
1125	0.4
1130	4.84034681249
1135	0.616330264922
1140	0.4
1145	2.20822365539
1150	0.772387325188
1155	5.7344132315
1160	0.477236427741
1165	1.43206615206
1170	4.68878241525
1175	3.92300672477
1180	2.31689446042
1185	2.37122558113
1190	3.81221898908
1195	6.14550817244
1200	2.33128760875
1205	11.5478534053
1210	1.63948805758
1215	5.63606709436
1220	0.4
1225	1.08349493006
1230	4.20092477349
1235	2.05485904636
1240	2.66463692777
1245	2.58464864452
1250	0.827510033312
1255	3.32182767327
1260	6.10165957322
1265	0.559607988751
1270	0.4
1275	4.70441464486
1280	0.4
1285	0.4
1290	0.4
1295	3.13759747486
1300	5.77445265996
1305	0.4
1310	1.32142705597
1315	0.847893071662
1320	1.05967218701
1325	2.97194720354
1330	3.51346779993
1335	1.58638477409
1340	3.95991793212
1345	3.15570085695
1350	3.45025933688
1355	0.4
1360	8.92589048712
1365	2.14242055802
1370	0.4
1375	1.78515639778
1380	2.18369389414
1385	0.826441046661
1390	3.52613285615
1395	1.29289625325
1400	2.7415673429
1405	3.919394912
1410	3.24913653361
1415	2.15859379033
1420	1.93850552284
1425	2.76494760031
1430	8.77428039572
1435	0.4
1440	8.05077903574
1445	0.448116427893
1450	0.928533906596
1455	0.945275626771
1460	2.87777907405
1465	4.45602774033
1470	0.4
1475	7.54108358424
1480	3.9181232728
1485	9.90128957803
1490	0.4
1495	8.04555191374
1500	5.22605947822
1505	0.4
1510	4.65438443364
1515	0.4
1520	0.4
1525	5.80407525843
1530	2.18524665597
1535	0.4
1540	1.22622038795
1545	0.593306120501
1550	7.29450128955
1555	2.19825440213
1560	2.9632926835
1565	3.11371728931
1570	1.73769310591
1575	8.16086763116
1580	0.4
1585	0.4
1590	1.43455960643
1595	0.4
1600	0.4
1605	0.400334921378
1610	4.08818232636
1615	2.60171189476
1620	1.51047032138
1625	0.4
1630	1.84955128667
1635	4.49393376542
1640	1.11388266344
1645	2.05501037369
1650	1.34506823254
1655	1.12600024069
