0	6.95220188025
5	9.31720087315
10	0.4
15	15.2707230007
20	3.63571861973
25	5.42323638871
30	2.7421971909
35	10.011261944
40	6.41813230309
45	0.4
50	3.91702623045
55	0.4
60	8.43606696931
65	0.4
70	0.4
75	16.3472738072
80	0.4
85	6.76720147457
90	6.59507652617
95	19.5938086224
100	10.7077336386
105	2.05096984322
110	4.35562692051
115	0.4
120	4.89670007803
125	0.4
130	17.8483399151
135	8.09023211945
140	6.13210454412
145	19.0662914897
150	1.81004478143
155	1.39356092648
160	0.4
165	15.1755104925
170	0.4
175	0.4
180	5.74504116106
185	5.86563245114
190	0.4
195	8.87771756649
200	6.39366838127
205	3.08765119373
210	6.5557356522
215	0.4
220	5.74984625736
225	0.4
230	4.51245914298
235	2.14059555429
240	6.89492792433
245	0.4
250	12.9069252037
255	2.15182019914
260	10.7446843393
265	18.3568098979
270	5.88121343568
275	4.83838448843
280	16.42638731
285	5.35928323297
290	1.24717588124
295	11.9404767429
300	8.72359250811
305	9.99694563771
310	0.4
315	22.297905441
320	5.77691677242
325	7.79916105503
330	0.866961378795
335	4.09578853255
340	0.4
345	0.4
350	10.9114580596
355	8.78153879552
360	12.6532260797
365	6.6445219701
370	9.45627441172
375	11.8215153418
380	8.08335563563
385	9.22694128861
390	0.4
395	5.30975849435
400	9.40807917235
405	13.0533924676
410	2.22473683463
415	6.04877990648
420	3.70738222201
425	2.19691998443
430	0.4
435	7.29228436928
440	6.14174737484
445	4.87915342729
450	3.11379860611
455	14.0403170496
460	8.75269679304
465	8.9367692811
470	4.68426276668
475	4.33247082294
480	2.07028731837
485	7.66068781263
490	2.16067028905
495	9.50950078128
500	0.4
505	11.2652866823
510	5.84751503168
515	7.19356232812
520	1.96050353581
525	0.4
530	9.86032234817
535	8.36431206481
540	4.42396005858
545	9.85494755543
550	15.4870279352
555	3.31255799759
560	5.85025591729
565	7.59047379183
570	8.34856324405
575	0.4
580	0.645561354844
585	5.62747001869
590	4.87553103804
595	4.54210895483
600	7.93367807533
605	8.34954909431
610	29.021247319
615	6.25928093205
620	4.76720012829
625	5.46727315846
630	0.4
635	12.575916903
640	6.7939163566
645	4.29260539417
650	0.4
655	0.4
660	7.07422580902
665	0.4
670	5.08318858995
675	0.4
680	1.84945505775
685	16.5483351371
690	6.10112582105
695	4.65949745292
700	0.4
705	1.67656365156
710	2.68599907816
715	0.4
720	13.2902098362
725	0.4
730	1.56861718679
735	0.4
740	5.79472569362
745	17.7673068014
750	17.4694274565
755	3.09502206967
760	7.84323944706
765	0.4
770	0.4
775	4.18577242399
780	0.4
785	18.038295955
790	0.844634969898
795	4.09203286141
800	14.5000367463
805	0.4
810	14.5659250275
815	3.93711194616
820	3.51451947728
825	12.5362979668
830	9.85917610599
835	6.8106772455
840	11.5679305376
845	12.5283311838
850	4.55706440052
855	4.03614341599
860	12.2210245817
865	7.09704335434
870	2.48491580587
875	7.58803216146
880	8.59662950223
885	0.4
890	14.4271109025
895	14.8302104809
900	5.72712670523
905	0.4
910	0.835794089194
915	2.8688522131
920	3.32004212633
925	12.4636402753
930	5.96943460434
935	2.63584936884
940	5.90061758571
945	0.4
950	11.076399741
955	16.5184981337
960	5.67140011448
965	0.4
970	0.4
975	2.59048258426
980	3.52042464405
985	0.4
990	11.4400045158
995	5.01435731797
1000	0.4
1005	14.4185215801
1010	6.64473370955
1015	4.75016011288
1020	3.81878354449
1025	0.4
1030	5.42756571634
1035	0.4
1040	1.62108027849
1045	11.9656221082
1050	0.59008858371
1055	0.4
1060	8.48644871879
1065	5.16607319434
1070	26.1211680536
1075	6.52875706022
1080	14.2505892374
1085	4.78988802514
1090	4.85934843841
1095	5.60122988227
1100	1.96871399567
1105	2.31849931435
1110	5.77881311059
1115	14.5252302493
1120	3.68467534715
1125	0.4
1130	14.5742038972
1135	2.85080702204
1140	10.2595150911
1145	5.92130966135
1150	3.69123751325
1155	0.4
1160	4.79978167947
1165	4.52010620513
1170	5.3319523865
1175	22.3216187522
1180	6.54713266067
1185	1.68016776099
1190	4.02778169262
1195	8.28034752972
1200	4.50713271484
1205	10.2917914554
1210	6.28970193602
1215	11.2230845489
1220	20.7658421718
1225	5.72488092758
1230	2.84344997257
1235	13.836625497
1240	0.4
1245	1.21338470771
1250	0.4
1255	1.89517420163
1260	0.4
1265	4.50152521533
1270	0.4
1275	6.11313800311
1280	2.26950803291
1285	8.034519093
1290	0.4
1295	3.13697417797
1300	0.4
1305	3.22248450326
1310	0.4
1315	0.4
1320	2.39685544101
1325	14.2689405481
1330	7.94039298877
1335	0.966197099324
1340	10.4414604266
1345	0.4
1350	1.28192584055
1355	6.48680352708
1360	13.5542619883
1365	10.011881075
1370	6.98462466091
1375	9.69634312889
1380	0.4
1385	5.89159666765
1390	1.17510875608
1395	11.0686251146
1400	6.36671060958
1405	2.6481908842
1410	6.03951151919
1415	6.38994097233
1420	7.28734865811
1425	0.4
1430	4.8854789886
1435	11.7635556842
1440	0.4
1445	9.84100957255
1450	0.4
1455	5.17053550773
1460	10.6652732104
1465	3.8940603148
1470	0.4
1475	2.97491070435
1480	5.79383477811
1485	1.69163876526
1490	9.66850004449
1495	4.98925410396
1500	20.0581662276
1505	0.4
1510	3.16059323582
1515	11.1899782385
1520	17.0729995852
1525	5.60082208453
1530	0.4
1535	7.40803917457
1540	5.19469708319
1545	0.4
1550	0.4
1555	0.4
1560	0.4
1565	2.20132602187
1570	0.4
1575	2.78286312357
1580	1.59062646799
1585	4.76820637354
1590	15.4340866994
1595	3.82967347983
1600	5.10873306675
1605	0.4
1610	0.4
1615	2.0339133767
1620	4.42737931947
1625	15.6354069954
1630	0.4
1635	3.97034593895
1640	7.2982036693
1645	7.79419492808
1650	0.4
1655	0.4
1660	8.52050744155
1665	9.02317186256
1670	11.7469507517
1675	6.71789517804
1680	0.4
1685	0.4
1690	7.60684195717
1695	5.85715999514
1700	18.7241742602
1705	0.4
1710	26.210908434
1715	0.4
1720	10.7271813111
1725	11.7845743807
1730	17.1039365854
1735	0.4
1740	0.4
1745	4.79125012086
1750	0.4
1755	4.64110163131
