0	1.5500068137
5	1.21474429344
10	1.01925332489
15	1.89351907119
20	1.2603217447
25	1.73661129534
30	0.972617495865
35	0.4
40	1.12856003901
45	0.58482436196
50	1.37392546707
55	0.4
60	0.4
65	1.28581352331
70	1.26572157441
75	1.89538686855
80	0.4
85	2.16731846474
90	1.65824484285
95	1.03262074446
100	0.4
105	0.589859021135
110	3.21571461618
115	0.4
120	0.872615191168
125	3.38092212089
130	2.10769017606
135	0.4
140	0.929399637101
145	0.4
150	1.30997223182
155	1.33366738808
160	0.4
165	2.70606393448
170	1.17087039893
175	0.853550738905
180	0.4
185	0.4
190	0.79526767958
195	0.4
200	0.981928811455
205	1.4916814969
210	0.94250858485
215	0.731106857672
220	3.25491477457
225	0.4
230	0.4
235	0.75143060196
240	1.13833846076
245	1.43733952178
250	0.762658180315
255	1.45452383623
260	1.72260253633
265	1.54851807805
270	0.745497438224
275	3.65465226104
280	0.782687223354
285	1.69090795232
290	1.90233552518
295	1.30227482761
300	0.60828601714
305	2.66067199099
310	0.501703906354
315	2.41229126689
320	0.787911090948
325	1.01970626833
330	1.57912814317
335	0.819336138843
340	0.4
345	3.20635725019
350	0.4
355	0.4
360	0.512354049142
365	2.28242374457
370	1.62873093202
375	1.13422088675
380	1.66560618261
385	0.759342228626
390	1.08039867568
395	1.29317217388
400	0.4
405	1.21630303747
410	0.4
415	1.3315510793
420	0.478683164228
425	3.58110051018
430	2.97698659253
435	2.7216993681
440	0.4
445	1.14608236084
450	0.414987687596
455	1.55372194583
460	3.62453410989
465	0.862431441844
470	0.4
475	1.52687527837
480	0.4
485	0.4
490	0.4
495	2.37503949981
500	2.1043504355
505	1.80496327781
510	0.4
515	1.67636644629
520	1.14145517793
525	2.01010834512
530	0.911117654348
535	0.4
540	3.23387472765
545	0.58792546685
550	1.46250039973
555	2.34655259816
560	0.4
565	0.982533438913
570	1.55271493688
575	0.4
580	0.862422840487
585	0.784552802121
590	1.07844279168
595	0.874965709743
600	0.626541566778
605	0.65224263754
610	1.83856916807
615	2.4719099259
620	0.898595229942
625	3.35817208746
630	1.26230036769
635	1.20492646482
640	1.83216726792
645	1.36413284881
650	1.14802048495
655	0.4
660	1.25366469988
665	1.0097686134
670	0.664036470377
675	1.34215510226
680	0.4
685	1.66894360416
690	2.76723203053
695	1.33817211392
700	0.4
705	0.4
710	0.975212863938
715	0.846942581726
720	3.67786681073
725	0.4
730	0.4
735	0.550388184551
740	0.754070730255
745	1.7030899195
750	0.674870774992
755	2.43451331415
760	1.09243278591
765	0.811441114914
770	1.61362293219
775	1.23639780697
780	0.64690630044
785	2.44646073622
790	0.4
795	1.45285217937
800	1.78539008192
805	2.10450258828
810	2.85542156175
815	3.30623651996
820	1.03683183792
825	1.52574362534
830	0.980223778796
835	0.4
840	0.726608226027
845	0.4
850	1.78123435986
855	3.65619331085
860	1.69641419086
865	1.193495068
870	1.22695180019
875	1.01001870613
880	1.47246636451
885	1.80260415824
890	1.83972822081
895	0.543821853602
900	1.66310027009
905	0.4
910	0.4
915	2.36062428496
920	0.572121054043
925	1.33777261385
930	1.08663869293
935	0.523110394333
940	1.38970080147
945	0.948348469519
950	1.12377057235
955	0.711094852003
960	0.567151793105
965	1.78443697587
970	1.04247733954
975	1.47852478943
980	0.4
985	0.4
990	0.4
995	0.483933669869
1000	0.4
1005	0.4
1010	0.417163179807
1015	0.4
1020	0.4
1025	1.10502314667
1030	3.42272945547
1035	2.16500962865
1040	0.863352833386
1045	0.542517052768
1050	1.17627748943
1055	2.10644752891
1060	1.5562400374
1065	0.4
1070	0.591315857284
1075	1.22213633001
1080	2.17123350532
1085	1.72375054461
1090	1.34473638137
1095	0.4
1100	0.4
1105	1.99612142806
1110	0.4
1115	1.39800069139
1120	0.4
1125	1.13008134635
1130	0.477444838947
1135	0.4
1140	2.9553186789
1145	0.4
1150	2.28771888887
1155	0.767746362098
1160	2.03582026971
1165	0.4
1170	1.27038636389
1175	0.4
1180	3.65286046024
1185	0.757697472761
1190	2.48832369087
1195	0.57299188407
1200	2.99487991815
1205	0.42417942627
1210	2.53507042437
1215	0.4
1220	2.75827932511
1225	0.4
1230	2.3597761096
1235	0.8209533724
1240	0.4
1245	0.490885989139
1250	0.4
1255	2.5624193047
1260	0.548911593923
1265	0.576244220002
1270	1.03726687896
1275	1.34309304718
1280	0.709284209281
1285	1.68681748869
1290	1.42600208125
1295	0.4
1300	0.836788249101
1305	2.35729596274
1310	0.946052277535
1315	2.15558433159
1320	5.18750646971
1325	1.10847389636
1330	1.82193884916
1335	3.4930195724
1340	0.414499724948
1345	0.424263571891
1350	2.00528434053
1355	2.63620655539
1360	1.0179412439
1365	4.1182453702
1370	1.7634911802
1375	0.996228331684
1380	0.803314807482
1385	0.4
1390	1.26525578933
1395	1.81133992
1400	0.650169072282
1405	0.595977732445
1410	0.4
1415	3.12685608611
1420	1.3546276027
1425	1.29369084104
1430	3.52678766741
1435	1.37264860884
1440	0.761711364323
1445	0.898082176852
1450	0.4
1455	0.4
1460	0.4
1465	2.00132361492
1470	1.51282910605
1475	1.73255877898
1480	1.23996462309
1485	0.4
1490	0.4
1495	1.49616058129
1500	1.20755269617
1505	0.753263402299
1510	0.908994919266
1515	1.73166371479
1520	1.34837456743
1525	0.4
1530	0.4
1535	1.44440236505
1540	0.4
1545	0.4
1550	1.05104916778
1555	1.16243652488
1560	1.35205467348
1565	0.4
1570	0.669328127774
1575	0.825894097401
1580	0.419982996171
1585	0.4
1590	0.4
1595	0.793737714087
1600	1.83941872429
1605	1.86721996983
1610	1.16634453314
1615	0.4
1620	2.59135743601
1625	0.4
1630	2.05685436028
1635	3.20934362279
1640	0.4
1645	0.701314797272
1650	0.4
1655	0.4
1660	1.65450467282
1665	1.14556524772
1670	0.413634991508
1675	2.03010031717
1680	2.5058229886
1685	0.4
1690	0.4
1695	0.78499310139
1700	0.561407905778
1705	0.4
1710	0.4
1715	3.45612218822
1720	0.79775282784
1725	1.31182246844
1730	2.56369357211
1735	0.4
1740	1.1377622126
1745	1.20194484097
1750	0.937121908021
1755	3.06491950589
1760	1.44208094954
1765	3.01789840333
1770	1.04919231651
1775	0.463521228364
1780	1.88918577317
1785	0.4
1790	1.67872865632
1795	1.34496316668
1800	1.22357933452
1805	0.467431212183
1810	1.13096396445
1815	6.43783923755
1820	2.3659174643
1825	0.4
1830	0.946610494445
1835	3.62333010091
1840	1.96953908217
1845	2.62081390902
1850	1.05731306221
1855	0.610154287094
1860	1.10443687691
1865	1.05502253799
1870	4.07061395108
1875	0.884540564424
1880	1.29414554548
1885	1.45631312166
1890	2.69289682632
1895	1.74548517511
1900	4.26877657564
1905	0.4
1910	1.10371094768
1915	0.4
1920	0.4
1925	1.8937435619
1930	1.49996301714
1935	1.2608953167
1940	0.4
1945	0.4
1950	1.37254943651
1955	0.4
1960	0.4
1965	0.724529824503
1970	0.944857051106
