0	0.87829735683
5	1.0078705431
10	4.46421550546
15	0.670241165637
20	2.83571746824
25	0.4
30	2.06259997232
35	2.72243446252
40	0.4
45	0.4
50	0.4
55	0.4
60	0.405437272157
65	0.4
70	1.81902760445
75	3.67434693344
80	3.28373200707
85	0.4
90	5.1208735047
95	2.36292988943
100	3.82880340021
105	1.83672875576
110	1.31226751985
115	0.4
120	5.11151931989
125	13.1886983595
130	3.03433202416
135	2.5666364777
140	3.47540725323
145	17.5844295973
150	3.60190950054
155	4.37268619072
160	5.91000028451
165	2.12113765971
170	1.18626568258
175	11.2550440885
180	1.09208761333
185	1.23017109652
190	0.840031070275
195	2.3245036944
200	5.22281720188
205	1.09566734811
210	0.4
215	0.4
220	8.58050417547
225	3.41207856508
230	0.4
235	9.8502166882
240	4.89393880567
245	0.4
250	1.75140068543
255	0.4
260	2.5055032544
265	1.18460895159
270	0.4
275	2.3281118187
280	3.55708406723
285	1.99122255115
290	3.68076788526
295	2.15060210558
300	2.2725709005
305	1.80734713547
310	0.4
315	8.52449742294
320	2.6941124835
325	0.682198964066
330	0.964912792294
335	1.29669354097
340	3.53989488846
345	1.53596888498
350	4.05230911754
355	0.4
360	9.95595857651
365	0.4
370	3.4147709487
375	3.42230640163
380	0.4
385	3.57893110081
390	0.4
395	3.44147609963
400	12.1962802792
405	7.10777969333
410	5.41803582867
415	2.1220841786
420	2.54402345794
425	3.05793014354
430	3.02294494994
435	0.624897274559
440	1.72420427004
445	4.4753323808
450	1.80392296314
455	0.4
460	8.6734655708
465	2.47869246573
470	3.18851538937
475	2.55650169632
480	2.74184011661
485	0.4
490	5.0036586942
495	0.4
500	3.79960696727
505	1.54616626379
510	0.4
515	1.05835749489
520	1.64847353898
525	5.0725227498
530	0.4
535	3.16896781066
540	5.61884886489
545	0.4
550	5.26022082551
555	2.12462684485
560	3.53768292022
565	2.89722131584
570	0.4
575	9.71200473986
580	0.4
585	8.30061331775
590	0.4
595	0.441604531696
600	3.08650415504
605	2.35550663523
610	6.1891379585
615	3.03397122605
620	0.4
625	3.23438851521
630	1.11333387673
635	0.4
640	3.11084385439
645	2.33055818959
650	3.67303123062
655	6.52196671046
660	2.87972264469
665	2.26340447255
670	0.4
675	1.85885969698
680	0.4
685	0.4
690	0.592331392449
695	3.13673135577
700	6.85623758467
705	0.991279607345
710	0.4
715	0.574548540285
720	1.88219991039
725	1.42331927352
730	1.90034565337
735	0.4
740	3.02724395158
745	9.94612109217
750	0.4
755	0.4
760	1.91870032728
765	0.4
770	11.2225159496
775	0.863391824773
780	0.4
785	3.64898895395
790	1.7662722271
795	4.53788110931
800	6.66604072205
805	3.40099264437
810	1.6324566239
815	9.11896120094
820	0.507990832737
825	0.4
830	5.08916639477
835	3.52706557917
840	2.07879088601
845	6.02905179326
850	2.69690245227
855	1.73920022965
860	0.4
865	1.36174996385
870	3.01834670392
875	0.881994080702
880	5.55694630348
885	0.4
890	0.4
895	3.31048821336
900	2.57488175521
905	0.4
910	7.12939789031
915	2.95158786664
920	2.21443018829
925	3.45743892562
930	1.89598271854
935	11.1218019637
940	0.433599818383
945	1.89153230383
950	7.11859232636
955	0.4
960	0.432929890376
965	2.15873532348
970	2.5011115486
975	1.86291009815
980	0.4
985	0.4
990	2.18748390657
995	0.4
1000	3.77199247263
1005	1.69079923214
1010	12.1198153251
1015	1.06497167074
1020	3.4482324584
1025	5.40764306637
1030	2.11890287005
1035	1.99375807609
1040	2.46053819824
1045	4.54197465179
1050	8.13179931675
1055	0.4
1060	1.28799451743
1065	2.89620335576
1070	5.26778030849
1075	3.64004063183
1080	3.52571631099
1085	4.30911994957
1090	3.01338726963
1095	0.558346668731
1100	1.37856197861
1105	1.52194982349
1110	5.63998419782
1115	2.09446458821
1120	4.89484947665
1125	1.54101303294
1130	5.9500219642
1135	0.767009867411
1140	1.73829709645
1145	1.54712346442
1150	0.4
1155	5.58087091338
1160	0.4
1165	3.93620994443
1170	2.4875645347
1175	0.4
1180	1.93666090387
1185	8.70336045085
1190	0.4
1195	2.31594893967
1200	1.73118289731
1205	0.643355603059
1210	1.0774986002
1215	0.4
1220	5.50993760182
1225	5.02346889621
1230	0.4
1235	2.63779892223
1240	2.09573881605
1245	0.4
1250	2.01295051092
1255	3.31427170059
1260	1.80170065745
1265	1.78139686505
1270	6.75559933914
1275	9.02175837777
1280	0.4
1285	0.956773389163
1290	2.8687023554
1295	4.91969987414
1300	0.774597901578
1305	7.18877861596
1310	1.10589451292
1315	2.53349723468
1320	1.51402965809
1325	3.80796311324
1330	0.4
1335	0.4
1340	0.863644542591
1345	2.40338067616
1350	3.3037169734
1355	0.872337290749
1360	3.64917922228
1365	8.29605103085
1370	3.69157081547
1375	3.31837164264
1380	2.78113450559
1385	2.58826354284
1390	3.70855698057
1395	0.4
1400	2.36642428825
1405	0.4
1410	3.35584951444
1415	5.1004630223
1420	0.4
1425	3.98124953499
1430	2.6822496481
1435	19.7644048179
1440	4.81444482494
1445	2.16595410886
1450	2.79933504366
1455	2.51406157162
1460	1.62480143646
1465	3.0675387536
1470	1.86541904085
1475	1.00673118336
1480	0.4
1485	3.28346413512
1490	0.4
1495	0.4
1500	3.09538010164
1505	0.880813459358
1510	3.34698751958
1515	2.06541119673
1520	2.18217812573
1525	3.99921067173
1530	2.4885374488
1535	0.4
1540	2.35689576393
1545	0.4
1550	1.55790259644
1555	1.53662357953
1560	0.4
1565	0.4
1570	0.4
1575	0.4
1580	2.94149307068
1585	6.67540242388
1590	2.83616891906
1595	3.0028456665
1600	2.35708709318
1605	3.13761212356
1610	1.83239004689
1615	2.44244382765
1620	0.4
1625	0.4
1630	0.4
1635	3.51418744643
1640	0.4
1645	2.44597397784
1650	4.52095875421
1655	3.57591992
1660	2.46333467184
1665	3.34664474268
1670	6.5574035025
1675	3.27813060448
1680	1.31400673479
1685	0.4
