0	2.35429911507
5	0.4
10	3.02606392273
15	1.20345503867
20	0.790709705217
25	6.18149463838
30	1.08796333579
35	1.2032641731
40	0.805509321784
45	0.4
50	0.4
55	3.42279841069
60	0.4
65	1.51360399088
70	0.4
75	0.4
80	0.4
85	1.71222732218
90	0.4
95	2.46808339271
100	0.4
105	0.4
110	0.4
115	0.4
120	1.49251838075
125	0.965933346723
130	0.4
135	1.76906817869
140	0.4
145	1.06223254874
150	0.567768593429
155	1.18349968611
160	0.936390779216
165	0.4
170	0.843399122683
175	0.4
180	0.4
185	1.90723302988
190	0.677953896128
195	1.13836473754
200	0.4
205	0.4
210	2.69130315066
215	3.84743955494
220	1.56309795245
225	0.4
230	0.841239024591
235	2.77506577837
240	0.4
245	1.6879983222
250	1.01894049232
255	2.21154438065
260	0.4
265	0.4
270	0.4
275	1.68020653058
280	2.08765525446
285	0.4
290	0.4
295	0.4
300	0.964448091201
305	0.935325067592
310	0.690966609291
315	3.00610437453
320	1.10004556759
325	1.01420100563
330	0.4
335	0.4
340	1.23615084288
345	0.718713523201
350	1.42519038523
355	1.92395667431
360	0.490585196315
365	0.854373551253
370	0.779362142598
375	0.4
380	1.17653506832
385	3.36599506959
390	1.12260036028
395	0.4
400	0.4
405	0.4
410	0.834396327716
415	0.887612959363
420	0.827966712555
425	0.4
430	0.924806177206
435	1.48533621174
440	1.53962386163
445	1.42681755211
450	1.74081867914
455	1.63870893221
460	1.8108569606
465	0.525935175603
470	0.4
475	0.520890517932
480	0.4
485	0.487044891598
490	0.586827672617
495	1.03330676462
500	0.4
505	0.4
510	0.498824220183
515	4.076663639
520	0.967945192499
525	0.4
530	0.4
535	4.12509917702
540	1.80733693987
545	0.642265219511
550	0.4
555	0.687575137334
560	0.843115296294
565	1.0257477324
570	0.4
575	1.62971707596
580	1.28752798006
585	0.972102772182
590	2.7556516756
595	0.647662597177
600	0.4
605	0.416939997012
610	1.1679211548
615	2.53677005256
620	3.62522835923
625	1.21525176025
630	0.4
635	0.402384183524
640	0.797194244557
645	0.508402135246
650	0.933068458222
655	0.4
660	1.26756104704
665	0.4
670	1.78057487437
675	0.4
680	1.75114871864
685	0.4
690	0.4
695	0.4
700	0.92139715653
705	1.82758699697
710	0.856937354271
715	2.24856797591
720	0.4
725	0.4
730	1.30459170804
735	1.34844304137
740	0.4
745	0.4
750	0.863118530657
755	5.43140843836
760	0.4
765	0.426493474446
770	0.456359598077
775	0.4
780	1.38986077535
785	3.7145054215
790	0.967455484797
795	0.986495941479
800	1.28537910344
805	0.836096482804
810	0.4
815	0.4
820	0.4
825	0.4
830	2.59526219197
835	0.4
840	0.450276998054
845	0.932365322464
850	1.48616925654
855	0.4
860	4.63065088804
865	0.4
870	1.67513319443
875	0.4
880	0.4
885	1.53704854352
890	3.51853482634
895	2.27849191414
900	1.8824433793
905	0.563039925446
910	0.955996955042
915	1.6603434496
920	0.641406987591
925	0.953867075532
930	0.4
935	3.79670609004
940	1.47207916234
945	0.4
950	1.65684611306
955	0.4
960	0.911582741973
965	0.4
970	1.26198724623
975	0.873839208748
980	1.24147186398
985	0.4
990	0.615014773041
995	2.20672147514
1000	1.30188053582
1005	0.524666662464
1010	0.709332711699
1015	3.24790640059
1020	0.764827681301
1025	0.4
1030	0.4
1035	1.5373476335
1040	1.42145447944
1045	1.00455584846
1050	0.4
1055	0.626255284179
1060	1.10342854449
1065	0.576135201957
1070	1.67174888126
1075	1.15796975959
1080	1.02956604954
1085	0.688684535786
1090	0.597733602362
1095	0.974278096809
1100	2.35090213135
1105	0.650870004376
1110	0.687410341239
1115	0.529017944903
1120	0.831581661417
1125	0.901212366779
1130	0.4
1135	1.60414213414
1140	0.4
1145	4.06277843359
1150	1.09909729768
1155	0.951573773946
1160	0.903876626729
1165	0.4
1170	0.4
1175	1.87444276794
1180	1.95687806046
1185	0.4
1190	1.29843768147
1195	1.36841887976
1200	1.61920050849
1205	0.494824558318
1210	0.762136779201
1215	0.746219569494
1220	1.02867908605
1225	0.4
1230	1.4820656178
1235	0.462721870148
1240	1.14651637727
1245	0.968063988024
1250	0.4
1255	0.4
1260	2.59499062876
1265	4.91103501829
1270	0.805062711339
1275	1.76009691233
1280	0.4
1285	0.4
1290	0.4
1295	0.404447881726
1300	0.4
1305	0.853623174871
1310	0.560752737012
1315	1.0665557842
1320	1.83665577386
1325	0.829976681621
1330	0.522520594067
1335	0.850940099195
1340	0.4
1345	6.18337314785
1350	0.4
1355	2.65965954255
1360	1.70553417387
1365	0.592005149734
1370	1.95910683406
1375	1.40148685192
1380	0.4
1385	2.15926352553
1390	0.4
1395	0.4
1400	1.24543652333
1405	1.26611361439
1410	0.742967450482
1415	2.05913972077
1420	5.62155235859
1425	1.52343004367
1430	1.0505942187
1435	0.887001871726
1440	0.416615239829
1445	0.4
1450	0.4
1455	1.26418128884
1460	0.4
1465	0.4
1470	0.4
1475	1.34490094555
1480	0.4
1485	1.11148851998
1490	1.07206365703
1495	0.4
1500	1.33110321293
1505	1.09548331008
1510	2.50056764
1515	2.10707373633
1520	0.4
1525	1.26648692661
1530	0.789439553778
1535	1.49595598982
1540	0.958807605097
1545	0.4
1550	0.4
1555	1.00418146878
1560	1.16846538416
1565	1.6328671588
1570	0.4
1575	1.42288856284
1580	0.64496920985
1585	0.4
1590	0.4
1595	0.4
1600	0.815106026904
