0	1.23379695239
5	0.4
10	0.778735125463
15	0.4
20	3.85314241456
25	0.4
30	1.83512304461
35	0.664483231
40	0.4
45	0.4
50	3.64371736307
55	0.4
60	0.556190635106
65	0.553008605548
70	4.6330001543
75	1.05335087454
80	0.4
85	0.4
90	0.4
95	0.459868667744
100	0.864707951676
105	3.11043359568
110	4.62399351717
115	1.82180362756
120	0.592763331516
125	0.4
130	3.00235584812
135	3.95877823621
140	1.36945178321
145	0.4
150	1.29099698154
155	0.4
160	3.72437324927
165	0.624847734968
170	0.4
175	1.28509387043
180	2.84263103629
185	1.56229781032
190	0.520379683262
195	1.63359416802
200	0.4
205	4.11993695007
210	1.19831339017
215	0.4
220	0.4
225	0.4
230	1.70682044612
235	0.4
240	1.59584145626
245	2.9716611979
250	0.752382808423
255	2.59754873743
260	2.87065975686
265	1.22676726574
270	0.4
275	0.4
280	0.4
285	0.938348184287
290	5.685881308
295	0.4
300	2.91291645316
305	0.4
310	0.692188751815
315	1.45992190188
320	1.01859215232
325	2.34175179526
330	1.75315562574
335	0.96858189373
340	0.575099498133
345	4.74294982765
350	1.75908320785
355	3.88356337985
360	1.77662106336
365	1.29308425705
370	0.4
375	3.3758278458
380	3.26548459086
385	0.4
390	0.4
395	0.4
400	0.4
405	0.4
410	3.27904359674
415	5.72077233331
420	0.4
425	0.4
430	0.822595298766
435	0.4
440	0.4
445	0.4
450	0.4
455	3.10925654642
460	0.4
465	0.4
470	2.3783901172
475	1.74739642485
480	0.4
485	0.4
490	3.0401737221
495	1.37549350685
500	1.03852086813
505	1.68094980213
510	0.4
515	0.772203757012
520	0.4
525	0.4
530	1.50862578318
535	0.4
540	0.4
545	1.30771374737
550	4.78076317434
555	1.06273537638
560	0.956725109745
565	0.4
570	0.4
575	0.4
580	0.4
585	1.2994038092
590	2.04838219575
595	1.02743041483
600	0.4
605	5.22457289935
610	0.592940715711
615	0.4
620	0.4
625	2.5979589628
630	5.33764362034
635	2.14500414535
640	2.59237060927
645	0.4
650	0.447129961912
655	0.928050359306
660	0.4
665	0.4
670	0.551167893936
675	1.79335808913
680	0.4
685	0.4
690	2.10171883958
695	1.03788794734
700	0.50574637918
705	0.594217650347
710	0.4
715	1.40922883983
720	0.4
725	0.727390417322
730	0.4
735	0.4
740	0.4
745	0.4
750	2.70012150522
755	0.557553565268
760	2.4000396793
765	1.37671424169
770	0.4
775	2.66374042794
780	0.4
785	1.74214424741
790	1.37004939943
795	0.435785298987
800	0.4
805	0.4
810	1.41270681094
815	0.4
820	0.4
825	0.889281029204
830	1.00834466303
835	0.4
840	1.40814032441
845	3.21249093441
850	1.40026275666
855	0.4
860	3.72005621891
865	0.4
870	2.60347622748
875	2.14779718149
880	0.4
885	0.4
890	4.39055327422
895	1.14765024331
900	0.4
905	0.4
910	0.4
915	0.4
920	1.63117499882
925	0.4
930	0.747886700625
935	0.8678549025
940	0.4
945	0.4
950	1.35564116118
955	0.55200975022
960	1.59760478498
965	0.4
970	0.4
975	2.13118799015
980	1.44177694853
985	1.45934951066
990	0.4
995	0.902966037125
1000	2.84024806342
1005	0.4
1010	0.4
1015	5.50687618925
1020	0.4
1025	0.4
1030	3.20622167505
1035	5.2949486348
1040	1.78942730297
1045	2.72420384468
1050	0.951782427042
1055	0.4
1060	1.74561429353
1065	0.4
1070	1.35041661752
1075	0.405759302081
1080	0.4
1085	0.4
1090	1.56365397138
1095	0.4
1100	0.4
1105	0.4
1110	0.4
1115	4.55746428192
1120	0.4
1125	1.34979703441
1130	1.27617257135
1135	1.05355060642
1140	0.4
1145	0.4
1150	0.4
1155	1.62562923715
1160	2.37208424283
1165	0.4
1170	1.58224512416
1175	0.4
1180	3.72537446543
1185	0.4
1190	0.4
1195	0.4
1200	0.4
1205	0.4
1210	1.34464385084
1215	3.39927842855
1220	2.99155025819
1225	0.4
1230	0.4
1235	0.4
1240	0.4
1245	2.07993806655
1250	1.43912840107
1255	0.4
1260	2.01676213275
1265	3.73273078587
1270	2.97710474606
1275	0.4
1280	0.4
1285	2.45936611764
1290	0.4
1295	0.528781582208
1300	2.57164347977
1305	0.4
1310	2.40633469495
1315	0.4
1320	0.4
1325	0.4
1330	0.66806306644
1335	2.97239606174
1340	2.86278919389
1345	0.4
1350	0.4
1355	0.4
1360	0.4
1365	0.441251198254
1370	0.4
1375	6.14438118678
1380	1.16000546775
1385	1.84252429658
1390	0.4
1395	4.95983113336
1400	4.49326197075
1405	0.4
1410	0.4
1415	0.4
1420	0.4
1425	1.30758390544
1430	1.25371501812
1435	0.4
1440	0.4
1445	2.21139589001
1450	0.638053465577
1455	0.4
1460	4.89902513131
1465	0.947545964685
1470	0.4
1475	0.597697442089
1480	1.10927941562
1485	0.4
1490	0.4
1495	2.75547552747
1500	2.57643969339
1505	2.13240289603
1510	0.745895547285
1515	2.49075002795
1520	3.92442336157
1525	2.14558062342
1530	1.12286365573
1535	0.4
1540	2.37493089358
1545	1.02015435206
1550	1.63361871832
1555	0.555229849937
1560	0.4
1565	1.2400351383
1570	0.854224315677
1575	3.35083953858
1580	2.84247823768
1585	0.838939815877
1590	0.478473104609
1595	0.550921029584
1600	0.4
1605	0.625632787157
1610	0.4
1615	0.579070644269
1620	0.4
1625	0.4
1630	0.4
1635	0.4
1640	7.06571227363
1645	3.90604697795
1650	0.4
1655	0.4
1660	2.03002452073
1665	1.02484717872
1670	0.4
1675	1.30304645401
1680	3.86965436389
1685	0.880302685586
1690	0.4
1695	6.81631740273
1700	0.742564392279
1705	0.625893835443
1710	1.24739895729
1715	0.4
1720	1.13248546095
1725	4.6135668241
