0	5.81671979149
5	3.35327489202
10	19.6315493111
15	22.7793649107
20	3.5195683563
25	7.36022276964
30	7.95859713604
35	5.08332190508
40	4.40438437914
45	2.93486593141
50	12.1462132575
55	3.34297155837
60	5.41931626016
65	5.01688560429
70	8.16180433818
75	28.1003670817
80	0.4
85	7.79502172667
90	0.4
95	3.69055831042
100	17.2723434389
105	3.97693068395
110	8.18703135123
115	18.4364771233
120	0.4
125	10.1685403467
130	2.65447881228
135	2.65824965417
140	2.6829380222
145	8.15305771648
150	6.78152810812
155	6.75288954347
160	4.4676780461
165	2.48418622528
170	0.4
175	9.63969607179
180	0.4
185	16.8494753359
190	8.89487289174
195	8.48944754064
200	6.37999334224
205	4.73698443308
210	7.70514885846
215	6.83655668047
220	6.09725867246
225	0.4
230	0.4
235	7.62753942788
240	6.91608896714
245	9.19461112561
250	5.97012162336
255	4.54538208907
260	11.4857087163
265	0.4
270	8.98708565535
275	9.46039996313
280	11.3040239366
285	0.4
290	7.28356853853
295	1.83323246388
300	0.4
305	0.538902348611
310	6.27911353382
315	1.30123155356
320	10.5735923081
325	8.54580961215
330	6.49004049971
335	7.76441152364
340	2.19530866926
345	11.2799976793
350	5.05235590632
355	6.71319592924
360	5.01427508102
365	5.82722679258
370	7.13500579421
375	12.719720155
380	6.65137028328
385	24.9934453266
390	16.2653805092
395	24.6921519366
400	13.900241781
405	2.21197266655
410	2.22242882898
415	1.78990743915
420	10.5443504681
425	7.01439670782
430	5.6581074347
435	4.22673148784
440	4.91745775974
445	15.6133505474
450	12.2456665674
455	0.4
460	6.83409059507
465	0.4
470	7.39143880481
475	15.2724069423
480	0.4
485	10.4358600751
490	4.59200091514
495	11.8738503841
500	7.21194975028
505	10.8313139226
510	0.857540529803
515	5.48863584651
520	16.2673110567
525	9.46873163238
530	0.4
535	4.54194814346
540	10.5093975054
545	6.69477210588
550	0.4
555	7.04220795472
560	19.2231801771
565	9.94653753107
570	10.6150357503
575	7.51924455396
580	9.5570163634
585	0.4
590	8.88566810779
595	5.12977257626
600	15.1438532277
605	2.77527182746
610	6.02193922654
615	3.64768847029
620	0.4
625	6.35415950594
630	8.30738302135
635	0.4
640	4.42677166925
645	6.73596008259
650	7.9143597937
655	0.4
660	0.4
665	0.4
670	8.56360384382
675	1.76540686394
680	8.64587683092
685	5.9556640298
690	15.2446320099
695	1.15818074211
700	7.72985395549
705	18.2723382045
710	0.4
715	2.92901140733
720	2.97390447062
725	0.4
730	0.4
735	3.08676099842
740	4.26606639725
745	6.55811371094
750	3.5143366721
755	14.3135671174
760	1.00533774842
765	4.69655336711
770	0.4
775	1.54883015155
780	7.13161071903
785	4.30259742401
790	0.4
795	6.12305730473
800	5.91159869133
805	6.53078016335
810	0.4
815	2.7346398399
820	7.17039544115
825	0.4
830	8.14295770374
835	15.9673194807
840	6.67366569305
845	11.9533933016
850	13.0203399634
855	4.60546004618
860	0.953332713891
865	0.4
870	0.4
875	7.74350521722
880	0.4
885	8.60146931083
890	7.89145029431
895	2.51590886643
900	10.0897528969
905	3.84892588769
910	0.4
915	20.2889825455
920	4.07942300264
925	2.95833404611
930	9.99509544837
935	3.15914093083
940	8.85482434866
945	7.26464981778
950	6.49709630883
955	4.23781643223
960	0.974936432742
965	14.9070562023
970	3.37089955687
975	0.4
980	5.46198587327
985	8.963909998
990	0.4
995	9.79254443708
1000	0.4
1005	1.56924278096
1010	0.4
1015	10.6207961335
1020	1.38626824006
1025	1.56259147449
1030	7.06268729845
1035	14.4015587081
1040	5.92654687595
1045	0.4
1050	8.24391423104
1055	5.87117691712
1060	0.4
1065	0.4
1070	7.64035138693
1075	21.8639024692
1080	11.0673688387
1085	0.4
1090	4.24157798661
1095	2.52206853748
1100	2.70701595686
1105	11.0255551936
1110	0.4
1115	3.95079390583
1120	12.5708585418
1125	6.14931898262
1130	6.99084039145
1135	6.89517934153
1140	21.5466309644
1145	6.03654095148
1150	7.32056403814
1155	0.4
1160	6.62823489858
1165	7.48474078031
1170	2.82580242606
1175	9.60985190772
1180	0.452071997567
1185	4.95605463817
1190	21.4116034921
1195	0.4
1200	23.361270461
1205	21.3140279888
1210	8.47988407616
1215	5.18236547119
1220	6.15315704032
1225	18.6634469788
1230	0.4
1235	5.07641696226
1240	0.4
1245	9.0866732247
1250	5.49323117048
1255	5.82145752472
1260	4.58837524624
1265	8.69975191149
1270	6.56829419484
1275	13.539136043
1280	5.54628630037
1285	6.72992496942
1290	0.4
1295	12.2289818883
1300	22.9348518243
1305	2.77144435304
1310	9.6339401991
1315	12.0524034285
1320	0.4
1325	18.069258844
1330	0.4
1335	10.7150647253
1340	12.390237674
1345	0.4
1350	3.44966224134
1355	7.07685941617
1360	8.53687068766
1365	6.73354307935
1370	0.4
1375	7.80277960149
1380	11.1568343726
1385	10.3226865908
1390	11.1456299706
1395	17.6059921421
1400	4.75410615972
1405	10.3148290915
1410	8.38176682766
1415	1.22692305586
1420	5.21857619155
1425	2.65392321246
1430	0.4
1435	5.896611534
1440	3.59069136041
1445	1.85952669377
1450	7.61590496359
1455	10.0460259055
1460	20.6268406866
1465	5.75942783633
1470	8.06387399405
1475	3.49660812778
1480	2.10030162745
1485	0.4
1490	4.26948997482
1495	0.4
1500	0.4
1505	8.31664226062
1510	3.85208173821
1515	0.4
1520	8.12127615148
1525	2.1001004952
1530	6.92111419879
1535	0.4
1540	12.6746549582
1545	1.15340960526
1550	1.43989934436
1555	0.4
1560	10.7313326008
1565	8.84691507651
1570	6.1049141062
1575	6.46375308993
1580	13.3876507069
1585	0.4
1590	9.24594649963
1595	15.5830672732
1600	8.2219246094
1605	8.78573091021
1610	2.3230704411
1615	7.8126919097
1620	8.21503860233
1625	7.43862727875
1630	6.11273143716
1635	9.32563581331
