0	6.67896586169
5	4.37931709681
10	0.4
15	6.57522705778
20	4.50767783256
25	8.80532373284
30	3.70340801894
35	11.3585299293
40	3.86986098867
45	20.7284612244
50	6.65901976703
55	8.30070570203
60	7.01692865535
65	7.5294798864
70	0.4
75	5.98048306582
80	8.71368708075
85	9.3132394831
90	15.6757886093
95	2.24826582179
100	0.4
105	10.8065935913
110	0.4
115	8.07627890861
120	6.31865851765
125	1.50070822138
130	19.1917912921
135	10.6391745671
140	10.1681484127
145	1.80856324154
150	8.35798964094
155	0.4
160	6.09738287108
165	7.38190731135
170	3.84798898217
175	19.9155693617
180	4.58419479241
185	5.0555788216
190	11.5200931263
195	8.83183698361
200	0.4
205	10.0569249376
210	8.19657614875
215	0.4
220	7.50044963725
225	4.70571106325
230	6.85256878966
235	4.49194538647
240	4.77623407745
245	7.05450086609
250	13.3034891032
255	14.7118428993
260	5.18743138561
265	8.20788583677
270	0.4
275	5.8661664572
280	10.334858879
285	9.22423419415
290	7.38599139071
295	9.85491748323
300	0.4
305	0.4
310	4.73551534698
315	0.4
320	11.803580117
325	7.0139409096
330	1.74810787414
335	10.0040005543
340	9.09210058929
345	3.92834785271
350	8.01833176937
355	4.69842984088
360	12.2550215592
365	6.42052425152
370	5.44660891249
375	4.12293229301
380	0.4
385	14.3000342864
390	0.4
395	0.4
400	12.0347915276
405	11.2986642155
410	9.98212975137
415	1.37144344758
420	10.7298171078
425	8.44162009957
430	7.75679195999
435	4.25689017042
440	12.0814209006
445	13.6653345446
450	10.6331517521
455	8.30415329158
460	0.4
465	0.4
470	0.805720129432
475	12.4580674505
480	8.07695765473
485	8.17904063493
490	5.05219371552
495	15.911447979
500	8.91488275049
505	9.78306460232
510	10.5089022778
515	6.10646645769
520	7.81070813931
525	16.2150663423
530	19.2038867148
535	0.534244860117
540	2.42720579166
545	12.5121762149
550	4.1956743979
555	10.4712469863
560	9.62604870931
565	10.860411802
570	0.4
575	6.41953149243
580	0.4
585	0.4
590	7.55132310299
595	20.7817021295
600	11.3913210065
605	0.4
610	6.49839671473
615	8.44274047139
620	6.45697664203
625	10.8125653487
630	11.1140270703
635	3.09479591253
640	1.64802445909
645	1.03223283532
650	14.5988249628
655	2.52064377409
660	6.61646706966
665	6.37029651501
670	7.46101644961
675	13.9736108539
680	6.55004840385
685	6.19723231165
690	13.8453977175
695	13.7497859018
700	9.98578119819
705	0.4
710	24.2415964912
715	6.04461895361
720	13.6576147494
725	6.37589556443
730	0.4
735	9.18693861639
740	2.56638644368
745	0.4
750	10.8930994311
755	11.8563920286
760	4.59697282124
765	11.4825803543
770	8.18323418765
775	1.55721770016
780	0.4
785	16.2213473734
790	14.0261535321
795	6.03286614023
800	13.3895152952
805	10.7776927217
810	7.74750548968
815	0.4
820	7.04679555093
825	8.92420796726
830	10.3887749181
835	3.83180167077
840	14.7636862069
845	6.63146834684
850	11.4048075185
855	2.63265689223
860	0.4
865	15.9203778454
870	21.0885873232
875	4.52126534833
880	7.85562508085
885	13.1663943012
890	9.53049505431
895	7.84389760447
900	7.76800094663
905	15.3676226654
910	4.0968482124
915	10.4237535943
920	13.3727369005
925	13.2772291654
930	6.95288172204
935	8.67501951513
940	19.6889863735
945	5.91426008441
950	0.4
955	10.8028498341
960	6.86822429659
965	6.6018463917
970	0.4
975	1.49139389742
980	15.5802113718
985	1.78086781217
990	7.65094560664
995	0.4
1000	2.9449217255
1005	9.54027768574
1010	10.3410960792
1015	12.2228691899
1020	2.50234000669
1025	3.10274400021
1030	19.1802686361
1035	0.4
1040	6.32337407848
1045	4.04836300974
1050	3.24107778166
1055	10.2847689539
1060	0.4
1065	0.4
1070	10.0146253996
1075	19.7433392158
1080	9.73679367299
1085	6.87862948449
1090	0.4
1095	8.56282225783
1100	8.80852958841
1105	8.12631342443
1110	8.31973193313
1115	0.4
1120	20.2873468999
1125	9.99754699055
1130	0.4
1135	20.1153789888
1140	7.66575634918
1145	5.01169612802
1150	9.13948739253
1155	10.4383569729
1160	0.4
1165	26.2281364568
1170	10.0094178669
1175	3.68137461137
1180	7.83892999813
1185	3.23726084502
1190	5.1434022799
1195	13.127993713
1200	10.7893828168
1205	10.7757811864
1210	8.58311499051
1215	7.20739045035
1220	13.2092542864
1225	2.56676982478
1230	3.03957874295
1235	7.99745413322
1240	12.3358908571
1245	20.776344755
1250	1.66714220024
1255	9.27523528384
1260	16.7271357298
1265	0.4
1270	9.95251578702
1275	0.4
1280	11.6668605887
1285	22.4409438416
1290	6.59792980631
1295	0.4
1300	0.4
1305	5.40791236014
1310	7.48709915221
1315	3.72811758142
1320	11.5630052766
1325	12.6551244882
1330	19.1288899692
1335	7.15225941261
1340	8.68908203634
1345	7.78185362318
1350	6.9796928841
1355	0.4
1360	0.4
1365	5.15407424788
1370	15.5456997113
1375	15.9165666899
1380	19.413224473
1385	9.11313765036
1390	0.4
1395	0.4
1400	9.059212108
1405	10.8780780108
1410	3.23267210056
1415	13.8995499
1420	6.98710584346
1425	8.18071100348
1430	12.0784655688
1435	10.5436166959
1440	11.0648057993
1445	7.59749661677
1450	12.8308014752
1455	0.4
1460	14.1825766368
1465	6.68679622963
1470	13.1346984965
1475	6.06046286093
1480	10.7671665049
1485	2.77638457746
1490	9.94268946937
1495	23.0084148715
1500	8.89420195373
1505	12.1189852888
1510	5.63379807997
1515	13.0788423709
1520	11.9885992963
1525	10.3112237953
1530	19.0724795626
1535	7.3175338214
1540	15.0143401348
1545	7.32875974765
1550	3.57919822754
1555	5.90313976691
1560	1.89006578792
1565	15.0608202126
1570	4.31524790461
1575	7.45825116625
1580	1.33366121423
1585	16.0976839163
1590	7.42982582401
1595	9.60059939863
1600	3.69437212562
1605	10.0963894698
1610	4.27586777237
1615	3.81472729125
1620	3.79672440072
1625	6.51727518655
1630	3.02028622554
1635	3.41397386334
1640	3.02800692925
1645	8.88799587078
1650	8.4251008661
1655	8.9457494394
1660	0.4
1665	6.80564836031
1670	9.76326569102
1675	1.06321608842
1680	9.6550450497
1685	8.62376394745
1690	4.63223233565
1695	6.74747813893
1700	8.15760564444
1705	10.6477159815
1710	18.474717089
1715	6.58996907175
1720	20.0422109388
1725	0.4
1730	3.03838243628
1735	17.4384219565
1740	0.4
1745	7.21485564598
1750	6.28390542434
1755	0.4
1760	2.37553208603
1765	2.63826776437
1770	12.4738060695
1775	0.4
1780	0.4
1785	11.3113695881
1790	13.0061923359
1795	7.55320273289
1800	7.92123375013
1805	12.0042038787
1810	4.77891450535
1815	0.4
1820	8.75932573227
1825	11.4480663817
1830	3.5612721465
1835	9.97214227981
1840	5.85238748542
1845	27.4492292154
1850	1.51548550116
1855	21.0953214539
1860	7.4006160055
1865	0.4
1870	3.25550449562
1875	6.54980192639
1880	14.1437660832
1885	0.4
1890	5.51787953922
1895	15.3550214073
1900	1.28007315055
1905	14.0338021991
1910	3.25932068898
1915	14.9105480983
1920	7.42459758922
1925	11.6786030897
1930	12.4783555394
