0	4.88077604129
5	7.71302942041
10	10.1384836485
15	6.27026423487
20	0.4
25	0.654744893571
30	8.1863333733
35	12.5665446543
40	4.67030412856
45	7.77318393811
50	10.2050364376
55	12.0708353576
60	3.57143774145
65	4.92291143719
70	5.62788201458
75	0.4
80	7.94859382802
85	5.29792209486
90	5.07010569477
95	0.4
100	1.23959541069
105	10.2350817305
110	7.81997701601
115	0.4
120	5.17813899668
125	6.70815698174
130	5.85605694722
135	0.4
140	7.7821255329
145	2.07398586617
150	14.1044807625
155	5.50770972403
160	4.04963798109
165	11.23970363
170	8.99050554028
175	3.44737618574
180	13.3996134887
185	8.35621962201
190	10.9040654355
195	9.30539044566
200	9.01217772583
205	5.65497859326
210	4.02896007509
215	6.87784936164
220	22.8435082513
225	3.91125040077
230	11.7021216147
235	6.59191329569
240	8.95698600479
245	10.941069995
250	11.8422588814
255	1.86065642308
260	3.64347118352
265	12.6734877863
270	0.4
275	7.24900374533
280	7.10623217
285	4.24402898794
290	3.91216160326
295	11.8444466789
300	6.31834609955
305	4.36027712181
310	0.75186182696
315	8.09980934297
320	8.83267989277
325	4.23825051029
330	1.59890559106
335	0.4
340	5.74491162416
345	4.66236553891
350	8.81359463778
355	8.70567074488
360	0.4
365	10.1599229288
370	5.60300796835
375	15.4058362326
380	7.42484556636
385	7.18630963785
390	5.32665180892
395	0.4
400	6.69564848548
405	15.6141055999
410	20.9957153887
415	2.66922564488
420	7.64615725855
425	0.4
430	6.49436054574
435	9.40356521978
440	12.2405751076
445	0.916358367903
450	6.11630821791
455	0.4
460	4.05452192911
465	13.7624795913
470	0.652539182231
475	3.55657052425
480	5.62355176494
485	1.30898394626
490	5.43229580519
495	14.9366197231
500	6.42643598216
505	4.43319413781
510	2.3459543342
515	4.64298891926
520	10.7334454662
525	4.20073854935
530	10.184012593
535	0.4
540	6.35552622486
545	11.1941233708
550	1.60390632083
555	7.87141811765
560	2.58351295634
565	8.9858134513
570	7.69577748711
575	6.29355107901
580	8.72713270661
585	4.20073680155
590	5.68438028968
595	7.67202127797
600	6.25275076158
605	23.1094119737
610	9.07500355276
615	5.49551392066
620	12.2840268596
625	7.27978839423
630	6.86512073348
635	3.62617099364
640	11.5234496859
645	1.25349932355
650	0.4
655	10.3574875676
660	7.0418964328
665	3.60601611835
670	5.93256757884
675	18.5205386757
680	1.87891528194
685	8.2485598958
690	6.93183833913
695	6.39044788735
700	0.4
705	0.4
710	7.14050623784
715	4.08674391453
720	23.5679033279
725	14.3724169697
730	3.50528284017
735	5.43317343388
740	8.21812455006
745	6.98758343042
750	7.92343183819
755	10.1626720247
760	0.4
765	0.4
770	13.1415205982
775	5.19863041817
780	8.69114692346
785	0.4
790	6.46490494607
795	7.95458496185
800	9.15875297486
805	6.01142062837
810	5.05256191088
815	3.61544250949
820	4.53034992901
825	7.96800873652
830	12.9654828933
835	0.4
840	1.3861110422
845	5.2751506522
850	0.4
855	3.41706731838
860	11.9055139914
865	6.8016574474
870	5.4763872875
875	17.9280564696
880	7.77796260486
885	4.57838735089
890	9.63155280176
895	12.0066925692
900	3.55520570309
905	12.7447868364
910	16.376003452
915	13.3512784218
920	4.50039740185
925	3.15739727454
930	3.82056040244
935	6.12813440278
940	9.23738294347
945	8.67425007686
950	6.37063429495
955	3.73551327021
960	10.3694447001
965	6.95821730761
970	1.23264766553
975	7.4845415761
980	0.4
985	6.30056551765
990	3.66151322415
995	6.6013629319
1000	13.7156528576
1005	10.7493658064
1010	9.27225614545
1015	7.16990919997
1020	12.1309483616
1025	8.11836643918
1030	6.7488111811
1035	7.33004690382
1040	2.61376928857
1045	9.95154298165
1050	3.37349365668
1055	6.85541710786
1060	5.71377334862
1065	16.0846897821
1070	0.4
1075	6.47597135996
1080	23.5711231011
1085	8.01650005564
1090	8.97200928284
1095	1.94037632858
1100	6.32565316824
1105	19.8983960164
1110	6.98629799719
1115	7.83507266634
1120	4.99861613665
1125	26.5206144851
1130	4.29893371029
1135	8.21929444348
1140	5.94042021388
1145	9.61759300927
1150	10.1460239716
1155	23.7242239326
1160	5.89815140917
1165	10.2916283189
1170	2.99683780754
1175	0.4
1180	10.2676783861
1185	7.37287072688
1190	2.87401333385
1195	9.33122140689
1200	9.1691302616
1205	8.24671619614
1210	0.4
1215	4.95391520381
1220	9.90277357619
1225	23.1169165827
1230	10.0199914076
1235	11.1892992201
1240	11.678845991
1245	3.60057283921
1250	5.51344920417
1255	4.33287889417
1260	10.1931807252
1265	1.16016412896
1270	12.0616104066
1275	5.42277697305
1280	6.46561172608
1285	3.66439533841
1290	11.3328072822
1295	4.40139641242
1300	10.3976217507
1305	2.61867243244
1310	12.5869959776
1315	0.4
1320	10.8771866516
1325	8.39120960831
1330	12.6042234453
1335	8.10349711658
1340	5.09629027751
1345	0.4
1350	2.43057747832
1355	14.4240984521
1360	6.01671737698
1365	6.64702386781
1370	6.9697406118
1375	7.03784425723
1380	13.2819824338
1385	13.1915944007
1390	8.63399149598
1395	11.0094497654
1400	5.8977706278
1405	0.4
1410	8.79424418161
1415	6.08478055266
1420	0.4
1425	6.73790855468
1430	9.91616163268
1435	4.46495370369
1440	11.3394593522
1445	11.7013914329
1450	8.47696579797
1455	9.82910927005
1460	5.67289075171
1465	10.438617534
1470	8.65662149551
1475	1.09255879934
1480	14.372405796
1485	8.30418577143
1490	6.87069415859
1495	8.22873544725
1500	9.02018272357
1505	6.95143113183
1510	5.49430465043
1515	4.81449940327
1520	4.00947012759
1525	0.4
1530	4.47859770328
1535	5.78963401027
1540	7.39228284989
1545	9.50903222842
1550	7.5834872787
1555	3.9839801913
1560	0.4
1565	7.77241567908
1570	5.82324503851
1575	6.61563370063
1580	7.72137739373
1585	6.33386899738
1590	5.75059150399
1595	5.74687321394
1600	22.446560436
1605	9.35885007819
1610	3.74423452318
1615	7.09856321207
1620	8.21050200405
1625	6.72399737593
