0	5.4900153973
5	2.79666457979
10	2.77976873131
15	3.90093587113
20	2.54492924203
25	4.37679456978
30	4.76904291829
35	3.30535892802
40	1.0108807523
45	1.05340857356
50	1.47843176461
55	2.21673735239
60	2.65050145538
65	2.61615163655
70	1.66171191117
75	3.48434139277
80	3.56624480595
85	1.69740502508
90	0.4
95	3.08530302429
100	1.30090696081
105	2.66917340144
110	0.950171171805
115	0.4
120	1.54693393501
125	0.477270335117
130	3.01056790519
135	2.37005710389
140	2.72489498829
145	1.84056736528
150	3.21083833108
155	4.5220149563
160	2.49496397902
165	4.64594693983
170	3.1823894536
175	2.37569701174
180	5.18094429717
185	1.55247610873
190	1.89409046455
195	5.64649836639
200	9.76873810447
205	0.687759317403
210	1.16443566553
215	2.87056035748
220	0.4
225	1.55500475968
230	0.888815226203
235	0.4
240	0.484500704224
245	0.4
250	1.33988413278
255	1.624673636
260	2.55541815201
265	0.4
270	1.3492416406
275	2.53990355788
280	5.24917702547
285	1.70118570258
290	0.797569794129
295	2.76838912616
300	0.808392597302
305	0.4
310	2.00421450647
315	3.85745619564
320	0.501496088139
325	2.73081915369
330	2.14447277635
335	0.4
340	1.6680413442
345	1.62130328043
350	1.40443029881
355	0.969803784798
360	1.7003120588
365	1.64938999775
370	1.60429386017
375	2.3544121021
380	0.4
385	0.4
390	0.4
395	0.4
400	2.66166560994
405	2.58429719578
410	0.441378949847
415	1.8201401523
420	1.58553728011
425	0.4
430	1.48061778951
435	3.52358808565
440	0.4
445	3.66771944713
450	0.4
455	10.7525231507
460	2.7026102158
465	0.4
470	0.4
475	0.4
480	0.4
485	0.4
490	2.03822223233
495	2.63321960475
500	1.00498699169
505	2.57716991275
510	0.886270630372
515	1.89256625562
520	5.38672073469
525	0.583541191639
530	0.4
535	2.79967369809
540	0.4
545	2.87757007395
550	1.16083121006
555	1.31973786469
560	0.4
565	1.53921324439
570	2.75152239913
575	0.911088782371
580	0.716516881449
585	3.28931454614
590	2.49151448349
595	1.12973647204
600	1.25591821947
605	4.75075574963
610	4.84439020921
615	0.4
620	3.42575997273
625	1.84113528484
630	2.34629416031
635	6.03367006739
640	1.25171501791
645	4.12171439677
650	2.49067125064
655	0.4
660	0.4
665	0.4
670	2.91703781197
675	2.2645182897
680	1.53814246941
685	1.56168917254
690	0.4
695	2.69302015319
700	1.80668606585
705	0.4
710	0.4
715	0.4
720	1.68965913792
725	2.9128834468
730	0.895333246735
735	0.4
740	0.463703497814
745	1.68244782183
750	0.4
755	2.40373892528
760	0.4
765	2.17694885209
770	4.92979473003
775	0.4
780	3.42749275065
785	1.85451908056
790	1.37741821656
795	0.4
800	1.66087731258
805	1.40335565135
810	1.39624212895
815	3.98935604038
820	2.12160011912
825	2.03707021631
830	1.73253383272
835	2.88562131797
840	0.4
845	2.19599033076
850	1.74540551921
855	4.65742142113
860	1.72799787245
865	2.21734977441
870	2.78706004123
875	2.80806989937
880	4.05322702341
885	2.57437722049
890	3.52327872028
895	0.4
900	0.4
905	1.510691032
910	3.3143698109
915	2.6189190534
920	4.07378431267
925	1.34369870102
930	1.61787811607
935	0.4
940	0.477127991705
945	2.24746071876
950	4.66681165664
955	1.9128269038
960	0.4
965	6.6742978258
970	0.65062031072
975	1.50363827086
980	1.20247325419
985	0.4
990	2.52924842334
995	1.69436598685
1000	2.21559864284
1005	2.08666131348
1010	4.65814570464
1015	1.23946497029
1020	1.22927054628
1025	1.97549398796
1030	1.96444238938
1035	0.4
1040	3.02887400626
1045	2.29073462134
1050	0.4
1055	1.66549008207
1060	1.76188303798
1065	0.4
1070	1.57186004191
1075	0.4
1080	8.07581876779
1085	1.89559074295
1090	1.00676109167
1095	1.45882569594
1100	1.29310617695
1105	0.4
1110	2.4797022253
1115	0.4
1120	1.80486038201
1125	3.6198741557
1130	5.33495699956
1135	0.580311514902
1140	0.604241177182
1145	1.14552293019
1150	1.86874437886
1155	0.4
1160	0.4
1165	0.4
1170	0.4
1175	0.711566340789
1180	1.98042438013
1185	1.68037370108
1190	1.17107638799
1195	1.62686436879
1200	3.31515444251
1205	1.00942878478
1210	2.84279349347
1215	0.4
1220	1.64288334827
1225	0.4
1230	2.53936088465
1235	3.64151168487
1240	2.93855958166
1245	1.74765209522
1250	1.45188121855
1255	2.43834885311
1260	3.7588649615
1265	7.92370530999
1270	0.812356061811
1275	4.29394928824
1280	1.4825820123
1285	2.61276252641
1290	4.73373703217
1295	0.4
1300	1.47022452366
1305	1.44850727084
1310	3.28288377942
1315	3.61553494936
1320	0.503064659331
1325	0.4
1330	0.4
1335	0.999056844565
1340	3.38360129929
1345	0.4
1350	0.4
1355	1.16075083883
1360	1.36128878116
1365	0.4
1370	0.4
1375	1.30081438347
1380	0.4
1385	0.4
1390	5.11256268629
1395	3.27205626619
1400	1.07516477014
1405	2.21618640301
1410	0.4
1415	0.4
1420	0.608893710389
1425	0.4
1430	4.73028274261
1435	1.32991313193
1440	7.25154880901
1445	3.77468633261
1450	1.90200528991
1455	3.03629487825
1460	0.4
1465	0.644936871082
1470	0.490602753051
1475	1.24909264873
1480	0.4
1485	3.24980632089
1490	2.78237051164
1495	3.9748124317
1500	0.4
1505	1.52572384396
1510	0.450745722246
1515	2.15664391289
1520	2.44046252702
1525	0.4
1530	0.658238774972
