0	1.12313578056
5	0.4
10	0.778508357742
15	2.98022965578
20	1.65292345301
25	0.4
30	0.4
35	0.4
40	0.4
45	2.45774116226
50	0.577572560316
55	0.999982048608
60	2.04571673962
65	0.4
70	3.94288735939
75	0.4
80	1.02860960198
85	1.23971483475
90	2.63875912676
95	1.70225753262
100	0.4
105	0.4
110	3.29822381913
115	0.4
120	0.4
125	1.21034587401
130	1.86021222073
135	1.03126228685
140	0.4
145	0.4
150	3.94180379842
155	0.4
160	1.40111678107
165	0.815984877511
170	0.849235907756
175	5.92654246875
180	1.15326003042
185	1.69568540061
190	0.4
195	0.4
200	3.30361213625
205	0.4
210	0.4
215	1.27205858412
220	2.90444378256
225	0.4
230	3.15268530745
235	0.4
240	2.82618132818
245	4.70354096797
250	1.79961964098
255	0.4
260	4.87946134359
265	2.13322839709
270	1.56023067081
275	7.86586196506
280	2.43271697127
285	0.4
290	1.91193290799
295	1.39395735609
300	0.4
305	4.74098131846
310	1.4832013849
315	0.4
320	0.4
325	3.63640502562
330	0.4
335	0.4
340	1.13156628667
345	0.4
350	2.17876376684
355	0.4
360	5.13786881915
365	2.48190110213
370	0.4
375	7.05765796477
380	0.684309261617
385	3.47272996127
390	0.4
395	0.4
400	0.630820332856
405	0.738591368314
410	3.19881782583
415	1.68120416396
420	2.20836879132
425	1.54517567263
430	3.30858503709
435	0.679887121103
440	0.4
445	4.74902873474
450	0.4
455	0.4
460	0.4
465	3.77784102451
470	0.4
475	1.43049698113
480	0.4
485	0.4
490	3.81118481752
495	0.4
500	0.4
505	2.60770919984
510	2.10674869878
515	5.42764534373
520	0.4
525	0.4
530	0.4
535	0.4
540	0.926038488492
545	0.4
550	3.38120047419
555	0.4
560	0.4
565	1.59472533788
570	1.19561421572
575	0.4
580	0.4
585	0.4
590	0.4
595	5.40996278996
600	7.2644782884
605	1.16220860561
610	0.782023816865
615	3.40688858802
620	0.637466575759
625	5.43147898927
630	0.4
635	0.4
640	0.4
645	3.18428458167
650	0.4
655	0.631378562692
660	0.4
665	0.4
670	2.5575660739
675	2.63858260325
680	3.2714302563
685	1.81954081813
690	0.4
695	6.07164458651
700	0.4
705	5.63515723281
710	3.2434325933
715	0.422534534151
720	2.96339309343
725	0.4
730	5.13855865229
735	0.4
740	8.20797544001
745	2.7376250873
750	2.75163252338
755	0.458250798964
760	0.4
765	5.97713826138
770	3.39448442596
775	2.04404466315
780	0.4
785	6.38531901942
790	0.4
795	1.3734263595
800	0.4
805	0.95529519818
810	0.4
815	5.16157402243
820	0.4
825	0.4
830	0.4
835	0.4
840	0.894208231621
845	1.34055851126
850	5.16573102031
855	1.71669999715
860	2.96515638957
865	1.14550166839
870	3.42481651319
875	0.4
880	2.30366028522
885	0.4
890	0.4
895	0.551562927152
900	2.78195767834
905	1.01250603112
910	2.70488799128
915	5.40502986372
920	1.65232159505
925	0.4
930	2.42397029669
935	0.4
940	0.422575665187
945	0.476718805302
950	0.67423473035
955	2.97738681096
960	0.4
965	0.4
970	1.73717426083
975	1.13358117482
980	0.4
985	0.4
990	0.4
995	0.4
1000	1.82744861134
1005	1.59808829563
1010	1.91251269322
1015	1.43842077284
1020	1.69243425077
1025	5.19971464805
1030	0.470198822147
1035	1.31817166207
1040	2.88648763942
1045	0.4
1050	0.4
1055	0.4
1060	0.4
1065	0.4
1070	0.4
1075	0.795799263549
1080	0.4
1085	0.4
1090	2.27084177473
1095	0.867486420598
1100	2.5573807544
1105	0.4
1110	0.974272204771
1115	0.4
1120	0.4
1125	0.668540111889
1130	1.02990418198
1135	0.4
1140	0.960297852397
1145	0.975732577332
1150	3.16437427329
1155	0.4
1160	2.05157821934
1165	1.64701049201
1170	0.4
1175	0.4
1180	0.558756775863
1185	1.00836605717
1190	0.4
1195	0.4
1200	0.874396841553
1205	4.00924230189
1210	3.01701480049
1215	0.4
1220	1.6300641732
1225	0.4
1230	0.4
1235	2.75930290449
1240	4.38837048448
1245	4.75410344746
1250	4.35703116247
1255	0.4
1260	1.08091646319
1265	0.4
1270	0.4
1275	4.75589803486
1280	0.4
1285	0.4
1290	0.4
1295	0.4
1300	0.4
1305	9.26280376173
1310	1.83662499701
1315	0.66161898757
1320	0.4
1325	2.88465512353
1330	0.4
1335	6.28712319322
1340	0.689537433273
1345	0.4
1350	0.4
1355	1.09622117911
1360	1.28793099091
1365	6.5391006395
1370	4.10059258124
1375	3.79680375973
1380	0.4
1385	0.4
1390	0.4
1395	0.4
1400	0.4
1405	0.4
1410	0.547750261126
1415	2.51999350226
1420	1.25607796753
1425	0.877582664986
1430	0.964468669172
1435	1.09737873492
1440	0.4
1445	0.4
1450	0.4
1455	2.46836281645
1460	1.12185630683
1465	0.4
1470	1.59926817751
1475	1.23337169991
1480	0.4
1485	6.99427172428
1490	1.28848342094
1495	0.592446030833
1500	0.996347970664
1505	0.533614437763
