0	1.05789013802
5	0.4
10	1.18621656113
15	0.4
20	0.513594529473
25	6.67916320321
30	2.69483622194
35	0.4
40	0.4
45	1.55778794644
50	0.4
55	1.57062660673
60	0.481868991229
65	0.986366582411
70	1.21706319966
75	0.746256195601
80	0.4
85	3.00414677332
90	0.749868204957
95	1.45524504614
100	0.4
105	0.4
110	1.60970150542
115	1.01927681485
120	0.4
125	0.99174473667
130	0.4
135	1.2318154007
140	1.56313452015
145	0.4
150	0.4
155	2.47158793362
160	1.87922833954
165	0.4
170	3.03633833515
175	0.4
180	1.60740277399
185	0.802507214561
190	1.73181745515
195	0.4
200	2.46488242105
205	2.89081482506
210	0.992688088409
215	0.4
220	0.4
225	0.4
230	4.84380128423
235	1.62571271235
240	1.31457939565
245	0.846270573051
250	1.07100216022
255	1.14724697795
260	1.27356948447
265	0.4
270	0.4
275	0.50337512205
280	0.4
285	2.95222699114
290	0.612946418241
295	2.50964645569
300	1.60345715725
305	2.85150373586
310	0.4
315	2.41197221314
320	0.4
325	0.4
330	1.8675681433
335	1.25294123595
340	0.4
345	0.782300996889
350	1.08261933648
355	1.47436065202
360	0.4
365	1.23553362861
370	0.4
375	3.02384135404
380	1.92488122711
385	0.4
390	0.4
395	0.4
400	0.4
405	0.4
410	1.2142466586
415	0.4
420	0.547341284023
425	0.4
430	0.4
435	0.4
440	1.19268629603
445	0.964822704731
450	5.57104405632
455	5.98339786291
460	2.35092387456
465	2.79481255553
470	0.564425338864
475	2.58434892718
480	0.623170809445
485	1.61732829379
490	4.36835073579
495	0.4
500	0.4
505	1.15046320536
510	2.50895923931
515	2.0490930445
520	0.799417284482
525	4.45966611279
530	0.4
535	0.4
540	6.18167358835
545	0.4
550	0.4
555	3.34254748992
560	2.21903264233
565	0.4
570	0.718973612405
575	0.4
580	1.04294461094
585	2.08122273739
590	2.05057516229
595	2.38700011693
600	0.4
605	0.4
610	0.4
615	1.19251040442
620	2.76650382403
625	0.4
630	1.74457795129
635	0.4
640	1.09448956277
645	1.42776673671
650	0.4
655	0.423498357427
660	0.496785260811
665	0.4
670	1.18359388816
675	1.66727857355
680	0.837079886205
685	5.96394166378
690	2.66870674536
695	2.33580393766
700	0.4
705	3.12433670446
710	8.0324125641
715	2.87640419887
720	0.4
725	1.47988737895
730	0.4
735	0.861450708467
740	0.4
745	1.2304043906
750	0.4
755	0.446957995959
760	0.4
765	0.4
770	2.58172846311
775	0.4
780	2.19134486313
785	0.4
790	0.794370343032
795	0.699676075492
800	1.67173935769
805	0.4
810	1.72562696983
815	0.4
820	0.979510939549
825	0.4
830	1.48821016542
835	1.71716079748
840	1.16013842124
845	0.4
850	2.77400285521
855	5.18118223364
860	0.4
865	0.4
870	3.34108875808
875	2.01197779516
880	0.63519587583
885	1.95475758764
890	0.4
895	5.43324592836
900	0.4
905	1.3262556915
910	1.87596416941
915	1.82743995038
920	0.4
925	0.673012679071
930	0.4
935	1.51110358001
940	4.66625926903
945	7.01547072866
950	3.44472041807
955	0.4
960	2.06018900498
965	1.16437775425
970	0.4
975	0.4
980	2.01753330489
985	3.10997740299
990	0.4
995	4.14169436333
1000	1.07911759378
1005	2.22731847633
1010	0.4
1015	0.4
1020	3.23130320137
1025	1.01631483763
1030	2.01024781951
1035	1.99792992339
1040	0.4
1045	2.97714599882
1050	0.642675257421
1055	6.63752433565
1060	0.4
1065	0.4
1070	0.647162160678
1075	0.737214116614
1080	0.4
1085	3.33064608076
1090	0.4
1095	0.4
1100	3.1733477336
1105	3.04428700007
1110	0.405093302384
1115	0.4
1120	1.54622162438
1125	1.00490083637
1130	1.96339476643
1135	0.4
1140	0.4
1145	1.16052595534
1150	0.4
1155	0.477489434923
1160	0.4
1165	0.612633849459
1170	1.98304030537
1175	1.73150653104
1180	2.05397251191
1185	0.4
1190	3.35704644033
1195	0.4
1200	2.26772055573
1205	2.75135554581
1210	3.25894505206
1215	4.65607028307
1220	0.4
1225	0.4
1230	0.4
1235	0.4
1240	3.2056644954
1245	0.729303628236
1250	1.55569136651
1255	4.93358962891
1260	0.4
1265	2.22312186638
1270	3.18546362528
1275	0.4
1280	1.6683777782
1285	1.25656292025
1290	3.22627512781
1295	0.4
1300	0.4
1305	0.4
1310	0.549391419318
1315	2.18414475764
1320	0.717040776138
1325	0.4
1330	5.44560868908
1335	0.4
1340	0.4
1345	0.4
1350	8.92943946565
1355	1.67485556774
1360	4.10730478424
1365	2.388565241
1370	3.03804807882
1375	0.4
1380	0.4
1385	0.4
1390	0.4
1395	0.4
1400	0.4
1405	0.4
1410	1.21623397831
1415	8.1550362499
1420	1.22775662478
1425	0.4
1430	0.4
1435	6.66447935382
1440	0.740847686682
1445	1.45731064372
1450	1.40290111915
1455	0.458394018207
1460	6.38824293532
1465	3.75267474112
1470	0.4
1475	7.43731955702
1480	1.1979697885
1485	4.29906770591
1490	0.4
1495	0.4
1500	0.4
1505	4.26667028239
1510	0.4
1515	3.61759783581
1520	2.36087675799
1525	0.4
1530	0.4
1535	4.2458338671
1540	0.773661726052
1545	8.10692962711
1550	8.75463040398
1555	0.4
1560	1.38219735544
1565	0.4
1570	0.4
1575	3.70093240015
1580	1.33655198447
1585	1.973681302
1590	3.29829124247
1595	0.4
1600	0.4
1605	0.815416439632
1610	0.4
1615	0.86912178023
1620	0.769855174534
1625	0.594783902702
1630	0.4
1635	0.4
1640	1.02953797748
