0	5.11959305828
5	8.30732519991
10	4.24491390851
15	16.1921902138
20	4.76233473513
25	12.2030918311
30	4.78404068726
35	3.92813131573
40	3.47907587547
45	5.31150710517
50	4.94895770778
55	2.7469139683
60	0.4
65	4.58686648312
70	4.04103706951
75	0.4
80	2.76749551417
85	10.9263487629
90	5.83924416299
95	6.7667650907
100	0.4
105	5.54037453652
110	5.31603737001
115	12.51728966
120	0.4
125	5.65297452842
130	4.33086294483
135	5.34305117735
140	5.23821049937
145	5.31758513046
150	8.57810070401
155	1.70143317771
160	9.2929248484
165	5.72964671255
170	4.19443901973
175	2.76544736945
180	5.86404525602
185	4.32075798578
190	4.18243858094
195	4.23325741013
200	5.43840575226
205	5.84998746825
210	10.1840614548
215	9.5495967488
220	5.13711538455
225	5.32313506145
230	4.14510932095
235	4.84394671903
240	0.4
245	3.98126186373
250	7.86846004777
255	1.31806292228
260	4.26324918943
265	3.40276857655
270	8.39958810782
275	3.16070850742
280	4.37483977934
285	0.4
290	0.4
295	6.13821691999
300	0.4
305	12.0678893951
310	5.98460169408
315	4.93362003348
320	0.4
325	5.83015582056
330	6.98619293482
335	9.24955030666
340	5.64755712618
345	6.7586847848
350	3.21742073301
355	5.21943414103
360	11.8662515364
365	4.11552011915
370	14.0230082676
375	3.77703955117
380	10.6589664011
385	4.50398778317
390	10.140500446
395	7.89173482657
400	0.4
405	4.17704397807
410	4.35691959849
415	0.740729505861
420	4.94637529606
425	4.0523052742
430	0.972611006832
435	13.953350364
440	0.4
445	10.2151328945
450	1.98184184494
455	11.2765877577
460	4.80741571517
465	9.52853639438
470	3.11701261691
475	5.54927353292
480	8.7534617123
485	4.50947200521
490	3.31722589927
495	8.2187771454
500	6.42187554672
505	5.55573682525
510	5.15621518824
515	17.2713960118
520	9.91890476848
525	5.56257297429
530	0.4
535	2.27610280034
540	6.71528148496
545	8.33144955904
550	9.38687217275
555	3.7560278426
560	4.08463110308
565	6.7042915951
570	4.56848663052
575	1.57289368774
580	0.963073199481
585	0.4
590	8.06947516855
595	5.3835524016
600	2.40272758252
605	0.4
610	5.59686283878
615	5.67771414173
620	0.4
625	4.96712773325
630	5.05232780294
635	3.29443225407
640	0.4
645	0.4
650	4.60842516611
655	5.01432619503
660	6.11272750402
665	5.14289220579
670	6.87795657314
675	4.64209689774
680	5.26314715042
685	4.08303781208
690	6.24942723065
695	4.45334198174
700	6.93964688972
705	0.757366074603
710	9.7725348415
715	9.23850179864
720	4.86046243571
725	4.6241788215
730	8.04588002337
735	11.5418667226
740	3.89170108837
745	9.62257998173
750	6.81552959458
755	4.3329414665
760	6.24880530854
765	3.0985369237
770	0.4
775	6.08517948204
780	5.15917011577
785	0.4
790	5.65770432682
795	0.4
800	5.09345273954
805	7.46694595169
810	12.0579718402
815	0.4
820	11.866520223
825	16.3980233371
830	5.38450075963
835	2.6800525148
840	5.15548565256
845	7.50445237588
850	8.30600383059
855	5.07357838606
860	11.7854137292
865	0.4
870	4.964354677
875	2.81250061838
880	4.2037866934
885	3.71251816396
890	3.76532836496
895	0.4
900	7.51571914996
905	8.77982762023
910	4.42592805489
915	4.33509381148
920	4.53060375941
925	7.15846560572
930	4.96728520749
935	3.96467675665
940	10.1037291871
945	5.99878007126
950	5.13231534448
955	2.33433144861
960	4.24985282702
965	10.3890152282
970	1.84405737434
975	2.43648750345
980	5.53875502148
985	2.01339269519
990	11.1343644239
995	6.83834624714
1000	10.9727235495
1005	4.55200807043
1010	7.1105302235
1015	6.62625245933
1020	9.87842338106
1025	2.64599877126
1030	6.27409087632
1035	9.67185680616
1040	12.6846743576
1045	12.4123836965
1050	12.7085646341
1055	0.972809697585
1060	1.87230820468
1065	0.4
1070	4.47511711482
1075	8.80567830966
1080	2.69510647241
1085	1.94033754151
1090	5.26192653266
1095	2.79746667753
1100	2.87946245159
1105	4.77286185997
1110	6.41227275635
1115	4.48319987952
1120	5.29407292118
1125	5.97038720088
1130	6.79539573817
1135	5.12905647631
1140	5.81506174489
1145	3.28193422906
1150	13.4255673423
1155	8.41545864813
1160	0.4
1165	4.95898013217
1170	0.4
1175	4.94064735306
1180	1.75255415183
1185	4.58061602186
1190	12.1324919219
1195	2.31072059271
1200	4.1306798163
1205	9.41225188601
1210	1.12700795116
1215	10.2475714161
1220	5.72614654963
1225	11.3949796516
1230	6.52443176816
1235	10.7339969943
1240	5.31229603076
1245	0.4
1250	4.79578559267
1255	6.78136055108
1260	5.3468792943
1265	0.4
1270	4.56606780166
1275	5.67284891558
1280	0.522626033737
1285	2.33496498839
1290	9.96641035629
1295	4.26866594093
1300	3.98085620153
1305	3.69115760342
1310	0.561795012728
1315	4.78157302049
1320	5.41539459033
1325	5.3943117585
1330	0.4
1335	16.3893564474
1340	8.7321420317
1345	0.4
1350	0.4
1355	2.53999149581
1360	9.75813944579
1365	0.4
1370	4.9365476693
1375	8.90085005889
1380	10.4935283958
1385	1.0897795041
1390	5.86777161485
1395	4.07842625818
1400	8.67364445637
1405	4.18991458057
1410	5.19785051157
1415	4.20786712808
1420	6.35895395301
1425	4.19642216257
1430	5.11268289582
1435	4.93811661787
1440	4.57744347798
1445	17.5223782922
1450	12.5452316509
1455	2.87386777911
1460	7.27858811345
1465	9.25241013721
1470	5.76110002907
1475	6.47825877791
1480	1.28548144091
1485	4.11757419541
1490	5.60542833993
1495	5.21290357392
1500	5.12353239267
1505	0.4
1510	0.4
1515	4.3132825223
1520	2.27850562224
1525	4.94885070799
1530	6.6284792749
1535	2.76588292484
1540	7.7087485056
1545	4.75656599832
1550	6.76910199749
