0	9.21971634674
5	6.1824813801
10	7.02407014507
15	7.60546042843
20	3.27195820703
25	8.85619791843
30	9.88378945277
35	0.4
40	3.68807452334
45	13.8546052457
50	9.2041657406
55	0.4
60	19.2542369447
65	6.24646007531
70	20.2221364531
75	9.89851385212
80	0.4
85	6.79152711208
90	10.4243942374
95	2.60095537954
100	10.6351949029
105	13.340202871
110	12.1894700984
115	8.22481014326
120	9.63176208686
125	10.189584185
130	2.53681082551
135	7.15096977882
140	10.8840773626
145	8.7035000529
150	9.66191392411
155	11.0970240157
160	1.01585395038
165	0.4
170	7.24956952854
175	14.6192029467
180	11.9392234027
185	6.6215281257
190	7.70963328193
195	10.9457274031
200	3.7592318137
205	7.46737865622
210	1.73840444694
215	7.8654660257
220	7.83556484485
225	8.32147227896
230	11.1044067257
235	0.4
240	0.4
245	6.71384987998
250	7.67194146679
255	4.10949511695
260	7.32718476617
265	6.95354183587
270	11.0801767818
275	12.6353359288
280	7.2197555997
285	5.44050411374
290	0.510510219264
295	5.1590420465
300	3.09720020879
305	7.07689299335
310	0.4
315	12.9953355141
320	14.0818831351
325	12.0446221975
330	8.11862594602
335	5.03723167743
340	8.26492548567
345	9.86455662994
350	22.9203193022
355	3.31787131246
360	15.8463233395
365	4.46035872991
370	7.98741924487
375	8.75910930077
380	5.84855273446
385	9.56472899973
390	6.9649975911
395	10.9860827753
400	5.36916287493
405	5.15215865994
410	10.9084066562
415	13.3290713149
420	10.3074629021
425	14.3221636627
430	0.4
435	10.0317689967
440	12.5880315867
445	6.99785661042
450	2.9990145142
455	11.5690956648
460	3.81597880893
465	8.35548660934
470	17.9086164458
475	0.994671339186
480	6.3880734051
485	4.94703668655
490	8.29447882029
495	11.285904767
500	4.26983098061
505	8.37716476578
510	6.58350211345
515	4.12391420056
520	8.5020370635
525	7.51556799587
530	10.8302857024
535	11.9176927142
540	7.86293074574
545	7.1808163358
550	6.77102970015
555	0.4
560	0.4
565	11.6644567747
570	9.06101661014
575	12.6887813601
580	16.7030957566
585	10.9749305062
590	8.23973086859
595	7.14332163968
600	11.3037293191
605	10.8297706444
610	10.6141566703
615	8.64215268871
620	7.97050746674
625	17.0050886124
630	4.73064045354
635	7.47043485824
640	7.77309331707
645	5.00485405915
650	7.91651259058
655	6.56478991865
660	15.3533109029
665	6.50649989433
670	4.91513532812
675	17.8038100616
680	7.01084408356
685	2.79542349087
690	8.26098298884
695	10.7586776326
700	2.05037952182
705	13.7083322505
710	2.72910353978
715	0.4
720	11.861269288
725	6.62433170035
730	7.49602603461
735	5.62353372255
740	4.43214337865
745	12.6326250447
750	10.2556980971
755	0.753758676044
760	7.11366386069
765	0.442431952428
770	11.6469130275
775	4.66941192582
780	14.6298122513
785	9.27633193717
790	8.15345780589
795	3.77842942913
800	1.50425526661
805	8.41066540626
810	7.7007242294
815	10.5888071704
820	13.1430138764
825	0.4
830	7.9814324597
835	6.2963022557
840	9.25319721702
845	13.0545910389
850	0.4
855	3.66248364353
860	7.67397263946
865	7.6097237031
870	10.0356838542
875	1.98937566051
880	10.8213634886
885	16.8249739367
890	0.4
895	7.64926954596
900	10.1555562886
905	23.030858144
910	6.76895673207
915	0.4
920	8.14770310017
925	7.185634165
930	3.72256808223
935	12.2721556884
940	7.2037015888
945	8.5825911144
950	1.82373328083
955	8.53476832339
960	6.59466338989
965	4.44094148609
970	9.17246876387
975	5.6577902692
980	20.0170057196
985	5.79314365951
990	3.25903001056
995	8.81672673161
1000	4.21901726589
1005	6.91253569106
1010	5.03517858724
1015	6.38867082212
1020	14.6551393063
1025	8.66201986263
1030	8.27775377904
1035	1.22228168195
1040	6.58495825217
1045	6.38427408535
1050	9.01856287287
1055	0.606513275496
1060	3.77121290757
1065	5.28148621355
1070	13.9666724222
1075	6.39958678096
1080	14.4184836078
1085	7.70190789177
1090	0.4
1095	7.91397861848
1100	0.4
1105	9.5218082148
1110	7.04362324549
1115	12.4556354985
1120	5.05095479395
1125	11.7776873656
1130	6.85276096658
1135	8.06445630925
1140	6.09383126915
1145	6.28026701123
1150	7.75044652589
1155	8.55459692322
1160	14.358409828
1165	8.21002012802
1170	3.82030418662
1175	4.34973222937
1180	11.0240294484
1185	8.28842037258
1190	7.81835713714
1195	10.4054762807
1200	10.759673914
1205	0.4
1210	6.13469865362
1215	5.83494892724
1220	6.56686504697
1225	18.9892324517
1230	10.3073872654
1235	7.77051269096
1240	11.7341277445
1245	6.88773380345
1250	7.81265999414
1255	13.7028802988
1260	11.2801894974
1265	6.56215696654
1270	7.5300412256
1275	1.00249325617
1280	7.06722834113
1285	5.81750134805
1290	6.67323862892
1295	5.68528925001
1300	2.94850515802
1305	9.47399753706
1310	8.14258386156
1315	10.9973513893
1320	5.35879619341
1325	7.29954176856
1330	4.61233028199
1335	11.1177913978
1340	6.89841133893
1345	5.63545803133
1350	7.47242738571
1355	6.90921568452
1360	8.61721315034
1365	0.4
1370	6.63685167488
1375	0.4
1380	1.25094979665
1385	4.68911634024
1390	15.9667813362
1395	6.66237118427
1400	14.920394402
1405	7.5401879666
1410	11.4133643138
1415	1.70735083614
1420	6.31552215478
1425	8.93965621332
1430	14.4554652259
1435	11.955200347
1440	8.58754114927
1445	5.11817922087
1450	11.1791960881
1455	6.05469122291
1460	0.4
1465	10.7145828183
1470	3.4341692639
1475	24.593892635
1480	0.960573975128
1485	15.2702348153
1490	11.2876526518
1495	7.36876285796
1500	15.2842787325
1505	7.34272809082
1510	7.04654256248
