0	2.82892431859
5	3.68269599881
10	7.2885742992
15	3.54492279819
20	7.92315425311
25	3.36593500648
30	3.83374742667
35	3.59206585692
40	4.03262875741
45	6.06261117129
50	3.45913007001
55	4.98859377338
60	4.64331650391
65	1.03562697475
70	6.94431557826
75	4.28550739855
80	4.5254148839
85	3.16990648461
90	4.07343145442
95	4.20884537034
100	5.32232725996
105	2.80480229645
110	4.93190874928
115	1.38664269189
120	5.63674085901
125	1.81319400422
130	3.6634385958
135	3.80061970227
140	3.67794651598
145	4.04565875663
150	4.03683584024
155	2.39317318947
160	2.32403925498
165	3.53745792168
170	5.98448262592
175	3.38110735216
180	2.92591298941
185	4.63851733486
190	4.29025921072
195	0.4
200	3.40550221021
205	1.65000452917
210	11.8765762932
215	2.83884442897
220	5.62997385991
225	3.15473694855
230	3.67059194165
235	5.66644455454
240	2.30865178665
245	5.31517033324
250	4.61807814046
255	3.09500856261
260	7.47503855065
265	12.8201994802
270	0.4
275	3.17205736341
280	4.40964235006
285	5.11873185477
290	2.28033371964
295	4.49597757063
300	2.86138416291
305	1.44779345911
310	3.52695992684
315	3.16958467418
320	4.14339299348
325	3.60259952946
330	2.99908074969
335	3.0906609843
340	9.73929110785
345	2.63140968728
350	3.3475046207
355	1.76291239765
360	3.99330650328
365	2.30476560872
370	6.02953045525
375	4.61717427759
380	3.74465273765
385	3.81000723547
390	4.21644593574
395	3.91189446221
400	3.06000197384
405	4.73948973203
410	3.474237464
415	4.98512141449
420	6.71874581511
425	4.25276607328
430	2.12552235808
435	2.53377013539
440	2.46486712559
445	6.70549149698
450	4.2742133821
455	1.9655323843
460	4.63995114329
465	0.4
470	7.13544992488
475	1.65532284634
480	5.08313536595
485	2.91237019
490	4.6932010248
495	7.85068928931
500	1.69224310147
505	5.87249939131
510	6.34454172346
515	4.42972575981
520	3.59397696099
525	2.3343007588
530	2.83753410171
535	5.70321306604
540	7.43144091028
545	3.31849249241
550	3.68013955371
555	4.29956402968
560	4.9450674048
565	5.11795563099
570	3.14342930263
575	3.94577685699
580	3.79919193618
585	4.79393822823
590	5.23485062032
595	3.87147458825
600	2.65739388021
605	3.79665061181
610	4.43772770425
615	5.12756478666
620	4.38140193107
625	8.92685919383
630	1.87228049483
635	3.30348961078
640	3.94891175808
645	0.875007616783
650	5.79548433908
655	5.49738842975
660	4.17208986517
665	0.4
670	3.77496237033
675	1.97422927684
680	3.72611391865
685	4.01146568222
690	6.17555970768
695	3.97418390773
700	6.1970048456
705	3.04076671273
710	5.48121215977
715	5.55461649044
720	3.90038141234
725	2.48850286511
730	3.28179948724
735	3.9547698597
740	4.34102313485
745	3.95383329195
750	4.27324156142
755	5.05546808556
760	5.10658590653
765	4.20549559682
770	2.33934289763
775	3.8361248996
780	4.74569531475
785	1.93582055058
790	7.66340812607
795	5.81969867717
800	3.01100478949
805	4.2328648884
810	1.5327588676
815	2.53431386158
820	0.89374053651
825	3.62258373894
830	2.13632778632
835	6.88523220897
840	5.91816577215
845	3.14374223838
850	2.53619312538
855	3.40440049474
860	2.54445985442
865	3.506959915
870	3.1965985412
875	3.23085145824
880	3.90232524409
885	3.80782947186
890	9.12115072644
895	0.4
900	3.46501591823
905	6.07723927592
910	3.92773469689
915	3.34205866289
920	1.39489624838
925	3.97331580357
930	0.4
935	4.76592393214
940	3.5467474681
945	0.4
950	2.60342636706
955	4.24185878981
960	2.65839274571
965	1.91306196747
970	5.16579362153
975	4.84810719669
980	6.00878306698
985	5.6669146094
990	1.97149830402
995	5.46877896853
1000	3.80265865529
1005	4.11346249132
1010	3.6058523985
1015	2.98922552262
1020	1.92376584742
1025	3.44535922325
1030	4.61365823274
1035	3.20672236355
1040	4.60293347001
1045	3.22255892884
1050	6.5025880981
1055	5.74293567643
1060	2.83966174311
1065	3.84827190127
1070	2.79241193837
1075	8.41595383754
1080	7.21392912525
1085	3.7921135591
1090	3.52141170033
1095	4.97863893885
1100	5.17284444068
1105	1.48257665002
1110	4.44492304967
1115	4.29198210414
1120	4.75131158384
1125	3.33786993919
1130	3.10782844831
1135	3.54718604677
1140	2.87347660992
1145	4.12527025819
1150	4.34256552636
1155	4.62639249372
1160	2.83169455416
1165	5.15491252614
1170	3.95303125781
1175	3.68489202965
1180	2.08882156112
1185	3.12400501666
1190	2.96198417985
1195	2.88345181001
1200	4.54735385891
1205	3.19895968865
1210	3.63654658421
1215	5.07840378137
1220	3.16745823097
1225	0.590087810875
1230	3.52456385257
1235	0.4
1240	4.78744577761
1245	5.98426341097
1250	5.10337382441
1255	4.9985323666
1260	6.35749440761
1265	5.29411702794
1270	4.20184040198
1275	0.4
1280	4.86806911541
1285	3.20727080346
1290	4.40025025374
1295	9.57601659565
1300	5.65065687399
1305	4.49781021056
1310	4.06788922224
1315	9.49135322034
1320	3.2804619011
1325	2.56473661796
1330	2.07066717831
1335	2.78733305021
1340	4.98056917687
1345	4.61566690041
1350	4.26283446025
1355	1.6996253126
1360	4.08953312641
1365	2.40477340669
1370	2.56269710368
1375	3.73728975853
1380	3.87023448603
1385	0.4
1390	4.67364979244
1395	2.2833597195
1400	3.78201491457
1405	8.28053349611
1410	8.4304372968
1415	4.29554212089
1420	2.47802351192
1425	0.4
1430	3.74807942129
1435	5.8159443683
1440	0.4
1445	4.94019809267
1450	4.21213944863
1455	2.90773628892
1460	2.46958880832
1465	3.88908988014
1470	3.50214428476
1475	4.29662744132
1480	3.52286811059
1485	4.00251125067
1490	4.2215033105
1495	0.4
1500	4.6908724136
1505	1.37376641656
1510	3.78173959139
1515	3.32716263139
