0	0.4
5	14.8056301707
10	1.4239678574
15	3.26782086725
20	0.4
25	17.0589614777
30	9.8276454163
35	12.1136432415
40	10.4292021189
45	3.31380768446
50	5.88110054856
55	12.1595914663
60	4.85383081638
65	14.9923225458
70	5.10899899538
75	22.1410244624
80	0.4
85	9.36492636993
90	0.667211830842
95	8.02943651653
100	0.4
105	1.50941005019
110	7.4047000095
115	3.85788998006
120	13.5300852612
125	7.40787590483
130	12.384994518
135	14.0251986927
140	8.12238175108
145	0.4
150	0.4
155	0.4
160	0.4
165	6.29920226732
170	1.4120364295
175	4.83814037198
180	14.0154767649
185	11.1855489992
190	2.74096155461
195	4.78929118317
200	0.4
205	17.4941932136
210	40.4211570411
215	0.4
220	14.6683827129
225	7.21223043779
230	8.04519472791
235	6.94796321441
240	7.83058933336
245	8.32448816268
250	35.5799119648
255	2.88830132186
260	0.4
265	3.67837257193
270	6.85668959748
275	1.17507726305
280	4.69227060407
285	0.4
290	0.4
295	1.93200346848
300	11.6558303576
305	6.53923014237
310	5.73305959708
315	7.44514287445
320	23.5493881708
325	7.87815073686
330	12.7204056538
335	0.4
340	5.9799352191
345	11.137876133
350	4.1841301772
355	13.1297904563
360	0.4
365	11.7296481379
370	10.0732881759
375	7.82915512797
380	5.25263509611
385	0.4
390	6.3001869571
395	14.0592832998
400	0.4
405	5.01494916055
410	0.4
415	0.429484512846
420	16.3611346029
425	0.4
430	5.14922985435
435	0.4
440	11.3832830416
445	7.57536508218
450	0.4
455	3.77137473193
460	6.01913834407
465	11.6091856624
470	0.4
475	6.80202240723
480	8.26051787945
485	12.7318692698
490	11.8700813725
495	7.50510206963
500	17.3039597766
505	14.0171829131
510	5.31658060704
515	7.98091253222
520	18.7009916212
525	12.6411296396
530	8.48901171971
535	8.50768564474
540	7.54885292895
545	34.3658665119
550	27.761873634
555	4.04676910624
560	8.42525653654
565	0.4
570	0.4
575	0.4
580	0.4
585	0.4
590	17.1637561363
595	8.39437047957
600	4.33426018794
605	7.06454139314
610	0.4
615	27.6517552092
620	7.29133098288
625	2.79082124841
630	16.2953650363
635	7.13077666356
640	5.50644151363
645	15.8523903945
650	1.25135605057
655	21.5111974177
660	9.8124361068
665	6.29691877224
670	7.2529143877
675	8.43282075216
680	0.4
685	0.52174841874
690	1.60920680529
695	8.80865486948
700	6.3145003298
705	9.36926400998
710	0.4
715	6.98649847549
720	11.1557114287
725	1.47314850559
730	7.80185785399
735	13.3440281217
740	8.41695153325
745	8.92832042027
750	0.4
755	7.96717230002
760	0.4
765	0.4
770	6.05405806261
775	0.4
780	0.4
785	7.10456939816
790	1.65582009207
795	4.08872494064
800	7.43870190543
805	8.82610506629
810	4.30642950722
815	9.81354407419
820	1.61060516679
825	0.4
830	11.9989700134
835	11.8731284669
840	12.7940754068
845	3.86862404209
850	23.3352863892
855	18.2093240425
860	1.03711167412
865	9.22721355746
870	7.79768220727
875	0.4
880	9.29684643454
885	8.30012178583
890	7.89543223507
895	4.84552653321
900	2.69599995902
905	8.6092150118
910	30.804601445
915	16.5592751882
920	8.87959465783
925	36.9002651527
930	15.3021866898
935	0.4
940	6.75924989069
945	8.47699509016
950	18.0692653501
955	2.98148666678
960	6.14150293744
965	8.65129844403
970	10.9442723876
975	3.86125608575
980	17.9715579143
985	13.090735835
990	0.465044535311
995	4.12175181091
1000	0.4
1005	5.65581083022
1010	12.9492185763
1015	1.03962612276
1020	8.03745334875
1025	13.248764508
1030	7.37107821757
1035	1.96822985364
1040	26.9912122268
1045	8.03284337886
1050	9.1375395486
1055	8.98650031636
1060	8.43861808769
1065	0.4
1070	0.4
1075	0.4
1080	0.966561292426
1085	21.5008029096
1090	0.4
1095	0.4
1100	13.8861620969
1105	0.820708699333
1110	6.22875036758
1115	6.35793191646
1120	8.3973875399
1125	0.4
1130	17.8639524992
1135	20.269040594
1140	18.3100004847
1145	5.74827510089
1150	8.42961218107
1155	2.29336175469
1160	8.49636636895
1165	6.24367411494
1170	9.35562333741
1175	8.20459166548
1180	7.30685369775
1185	9.30053929141
1190	1.2041728267
1195	27.7907440716
1200	3.81273740459
1205	6.35760059535
1210	7.320878789
1215	8.18374943005
1220	13.499746098
1225	4.81519333274
1230	12.787830821
1235	11.0441638465
1240	2.49279446408
1245	7.41442010882
1250	9.83743620874
1255	11.9412234877
1260	2.05892908532
1265	18.5391317777
1270	0.4
1275	7.14914057618
1280	7.66857441592
1285	7.04024995584
1290	9.64319281812
1295	4.40227430537
1300	0.709544688734
1305	1.93615436384
1310	6.00079210768
1315	5.62566789065
1320	0.4
1325	19.7114511233
1330	6.34749489055
1335	4.34381161907
1340	8.56904202164
1345	0.4
1350	15.3740004062
1355	25.9806163994
1360	6.3498587685
1365	9.64934070008
1370	7.74091857884
1375	15.9185585708
1380	8.75778034058
1385	9.21344798295
1390	12.9345010868
1395	2.85788907224
1400	9.62215690267
1405	7.39303472351
1410	10.7421278953
1415	28.5343489511
1420	4.70135258389
1425	10.9781699153
1430	8.32867956199
1435	0.4
1440	0.4
1445	23.5512195983
1450	2.71916488035
1455	0.4
1460	10.533421063
1465	7.28909750635
1470	17.6581492773
1475	2.44070339809
1480	9.70646466611
1485	12.08341388
1490	18.5365307388
1495	11.6196892142
1500	1.1193997284
1505	4.27948677662
1510	0.4
1515	12.0256931423
1520	6.40491396793
1525	0.409521062865
1530	7.9681222113
1535	0.4
1540	6.74433201993
1545	14.177291325
1550	8.05875933338
1555	20.4790500343
1560	8.62590960663
1565	15.9470466233
1570	11.8539579022
1575	0.4
1580	4.9615601227
1585	4.30591078149
1590	0.991597856819
1595	19.045931567
1600	11.2448669635
1605	18.5264919583
1610	0.931620546763
1615	0.4
1620	9.57657926829
1625	16.9581912601
1630	21.191178711
1635	9.40076332333
1640	19.5989286538
1645	19.5641759981
1650	0.4
1655	16.0560237292
1660	8.34962685324
1665	17.3039005605
1670	4.39179158361
1675	13.430421252
1680	4.62219723724
1685	7.05374780144
1690	7.22147347462
1695	0.4
