0	4.32709826998
5	1.55801583553
10	2.20223702581
15	0.477147824403
20	2.23609765425
25	4.91135542821
30	0.4
35	5.21661796552
40	9.80618955879
45	4.19607497341
50	6.6003510363
55	2.66563732033
60	6.8616943641
65	4.36173333154
70	7.45512015799
75	5.05065417982
80	6.65999444165
85	2.97721034138
90	2.44925654483
95	9.73535330832
100	3.04639179586
105	8.27075185967
110	10.7354225581
115	8.3429734115
120	5.78295515735
125	0.4
130	0.4
135	2.30918487787
140	10.5473996832
145	6.12849801937
150	2.95779895148
155	5.70799067086
160	2.03276882289
165	15.6808276425
170	21.672189745
175	5.30438153868
180	0.4
185	2.75811661513
190	3.9817610235
195	2.9123844165
200	8.23032477869
205	7.44492578416
210	3.63940596475
215	4.66868086184
220	10.6060965864
225	4.65803281144
230	0.4
235	3.7473730614
240	9.27030309287
245	4.11415770908
250	0.4
255	4.24798066373
260	3.53632988676
265	0.4
270	5.86639705977
275	6.96702995068
280	11.0471585309
285	13.2154985749
290	0.4
295	0.4
300	3.15684919072
305	4.29421026282
310	3.76408569608
315	6.82554484865
320	3.81492768004
325	5.98215581678
330	7.94576632022
335	4.57201176015
340	2.27942966025
345	0.4
350	4.93805982615
355	3.28951481527
360	3.5586291385
365	14.8490638608
370	5.23704908818
375	4.47743659785
380	0.971771325155
385	6.35578633833
390	11.0020676023
395	1.6651121876
400	3.65406364403
405	0.4
410	13.8865713097
415	2.42560205304
420	7.12014239834
425	0.4
430	1.8295996275
435	4.60028838438
440	7.54750560045
445	6.03013637532
450	4.62071700034
455	3.34302065544
460	4.11696508012
465	4.32204986859
470	5.05576778469
475	4.50604223579
480	0.4
485	4.57534594542
490	4.2536035642
495	0.516041514058
500	1.33718596029
505	4.5694533566
510	4.05005880489
515	6.66403527834
520	2.64835264185
525	0.4
530	0.4
535	0.4
540	4.21299527283
545	0.816672673862
550	4.41301536378
555	3.58085856702
560	3.51580071035
565	7.82334919097
570	6.43151207141
575	0.860123266877
580	0.4
585	5.33885643219
590	2.83856584801
595	3.74688847478
600	2.81410847349
605	4.33218660917
610	6.88377893388
615	11.2459327888
620	6.57096314855
625	4.82537095278
630	4.60876769405
635	7.17222571655
640	11.3724407587
645	5.09536027353
650	3.11870906392
655	0.4
660	0.4
665	3.92166592257
670	10.3977078061
675	6.14903143271
680	32.4081787057
685	3.97212833888
690	7.943226074
695	0.4
700	11.2325799867
705	2.49107589965
710	12.5778931968
715	1.55361580038
720	1.75180714412
725	3.67177032233
730	0.452808825903
735	9.84925046797
740	0.4
745	3.32616864494
750	2.90900635314
755	7.65180625777
760	13.8927054759
765	6.25190115479
770	7.24301455811
775	5.55788671367
780	6.61021672874
785	6.83835988998
790	4.01733707196
795	3.10399271502
800	0.4
805	0.4
810	4.00275661879
815	3.21811287212
820	3.92244117626
825	3.96365296123
830	10.3489710299
835	0.4
840	6.84004552302
845	0.4
850	2.75476388404
855	0.4
860	9.89437627185
865	7.25464148503
870	5.11943754375
875	3.15853396678
880	4.50078894254
885	12.6221559045
890	6.40230218339
895	0.482662758743
900	4.34107911281
905	2.46554629998
910	7.54740897577
915	3.40540692279
920	10.2367257662
925	5.66816853162
930	0.4
935	6.77430815758
940	0.4
945	6.89280937888
950	6.25443151973
955	6.36343684017
960	0.793991968592
965	6.53351560648
970	1.01463388602
975	4.17402439076
980	6.07691193504
985	0.4
990	6.03994443112
995	0.4
1000	5.36357309111
1005	0.611686281918
1010	2.59150230248
1015	0.4
1020	4.11632995579
1025	9.34705557265
1030	7.15570872129
1035	3.28975103523
1040	8.81610419265
1045	2.69888068343
1050	4.41389625057
1055	3.20048181311
1060	4.13367310826
1065	2.46909187535
1070	3.82310782142
1075	0.4
1080	9.056154017
1085	4.21404530409
1090	7.28921505157
1095	3.31372993674
1100	2.18407243824
1105	0.4
1110	7.91130652814
1115	0.4
1120	4.51376878025
1125	10.8504253266
1130	7.38894764929
1135	6.2814390404
1140	8.10163325325
1145	0.4
1150	12.5706925347
1155	1.93161556848
1160	6.2161059727
1165	1.69823583263
1170	1.22261267629
1175	6.47320313149
1180	7.67476733364
1185	6.11004641288
1190	2.47804267149
1195	2.5025322487
1200	6.45326490119
1205	2.43186663372
1210	7.92322904883
1215	4.89203936737
1220	0.4
1225	0.4
1230	8.04551763903
1235	2.64412024943
1240	8.8748984239
1245	2.2846373304
1250	2.37219937006
1255	2.61056111862
1260	6.43625361214
1265	1.54535137853
1270	6.27617852811
1275	9.19613974055
1280	7.49948627824
1285	6.92873232896
1290	0.4
1295	19.4615679342
1300	4.13431090039
1305	6.48819900788
1310	7.4365696561
1315	0.4
1320	3.71996912267
1325	0.40234448797
1330	7.2311892406
1335	4.22527438114
1340	5.3090749338
1345	4.75653938382
1350	0.4
1355	4.76394431573
1360	0.502961969704
1365	4.41867090091
1370	3.42422562548
1375	0.4
1380	0.4
1385	9.7941792916
1390	13.5226600553
1395	3.73739393123
1400	0.4
1405	0.4
1410	2.51201805593
1415	0.4
1420	5.17512040845
1425	0.4
1430	3.366065005
1435	0.904844453012
1440	8.03971968086
1445	5.88410175795
1450	8.3528882446
1455	6.2733182475
1460	3.93774124052
1465	7.96515343051
1470	3.86915690618
1475	0.4
1480	0.4
1485	12.40270497
1490	6.84392694997
1495	9.3921242885
1500	5.768867118
1505	1.77351320686
1510	5.0724894255
1515	3.79820532644
1520	2.55727924921
1525	0.4
1530	0.4
1535	2.34124530518
1540	0.4
1545	4.8491331795
1550	20.6484601304
1555	0.4
1560	7.0062709351
1565	1.03371275376
1570	6.94996856088
1575	2.03987242414
1580	3.8121749948
1585	5.08794034273
1590	0.4
1595	5.90356211633
1600	6.00586163218
1605	4.08465231436
1610	6.86009317137
1615	3.03827435987
1620	2.8136971171
1625	4.10096777339
1630	3.92904046551
1635	7.99576369817
1640	17.3569448959
1645	3.00243708891
1650	0.4
1655	3.05550170925
1660	1.55796720908
1665	2.1798243529
1670	8.3345310448
1675	4.51760878702
1680	2.51075670781
1685	4.12748756397
1690	5.15283601467
1695	6.12072655287
1700	3.61233245583
1705	9.32388270061
1710	1.92593566901
1715	12.6127770238
1720	7.69408857626
1725	5.36971245526
1730	0.657230494383
