0	0.4
5	6.19392919715
10	3.15998922256
15	12.0093622679
20	5.56276471386
25	4.56159694405
30	5.81606304071
35	1.33382766886
40	0.4
45	9.80226581523
50	5.13989818451
55	0.4
60	0.4
65	0.4
70	18.5234123301
75	1.96225496224
80	23.7765134516
85	0.4
90	8.98190400857
95	0.4
100	13.8109862699
105	28.390548508
110	5.9049198417
115	4.31884863984
120	20.6201635199
125	0.4
130	5.42536761602
135	0.4
140	4.49345759897
145	2.49834548332
150	9.77177503967
155	0.4
160	5.51724017439
165	10.1536117564
170	2.88162639712
175	4.2178798952
180	0.4
185	0.4
190	8.81064739952
195	5.27726364203
200	15.154512435
205	0.4
210	0.4
215	0.97645165159
220	4.97898408202
225	3.46188164787
230	0.4
235	13.7050867085
240	6.59089104354
245	0.4
250	4.31818863658
255	7.90733445087
260	1.95494205355
265	0.4
270	5.82269400936
275	0.4
280	8.7569838576
285	4.46945651792
290	3.34416708985
295	0.4
300	0.4
305	6.92700278033
310	0.4
315	0.4
320	8.98352642775
325	0.4
330	4.44381277175
335	2.74661935707
340	9.16965676224
345	0.4
350	0.4
355	0.4
360	6.19734586466
365	5.91854362009
370	10.0827155508
375	7.89557764344
380	2.9425887442
385	18.0026778078
390	6.12009218664
395	0.4
400	2.15717266475
405	2.8940789649
410	4.01217681531
415	9.37619620467
420	12.0422958322
425	10.6606326151
430	5.28089262059
435	0.4
440	1.21469239938
445	4.26033334032
450	2.61216805826
455	9.22224209565
460	7.29921874635
465	0.530869327359
470	4.88743958598
475	4.25643632516
480	3.53072280554
485	7.6977507559
490	7.57497174906
495	6.65808606822
500	0.4
505	12.4154910429
510	5.59001611509
515	2.70264692556
520	23.5829396416
525	0.4
530	6.06470808927
535	4.09623456205
540	1.98427799923
545	9.75443949195
550	4.79893962091
555	4.10206691714
560	1.81382852502
565	0.4
570	7.45299444674
575	3.89891305364
580	1.56703921786
585	0.516610910041
590	13.5184982551
595	0.4
600	0.4
605	0.4
610	12.0890769544
615	0.4
620	10.2590424454
625	6.79028442702
630	14.1472998116
635	4.03258549505
640	0.511543445138
645	9.88268385688
650	3.57053989986
655	3.94811433334
660	0.4
665	0.4
670	8.87021491859
675	3.65236488999
680	0.4
685	0.4
690	0.4
695	2.64555043108
700	3.81566603411
705	4.99295906569
710	7.96561102597
715	3.14414155741
720	3.81274689881
725	15.558891154
730	2.19683199921
735	5.17556173487
740	10.5527545907
745	1.02321692525
750	3.9896744226
755	0.4
760	4.12032713198
765	14.7642371808
770	0.4
775	9.48090633721
780	10.1574289272
785	0.4
790	0.518939711988
795	13.3447317901
800	0.513502917643
805	6.35829278047
810	7.01747175184
815	7.30277907417
820	0.4
825	10.7750701966
830	0.4
835	10.1511359447
840	0.4
845	0.4
850	3.93075418411
855	5.18482226115
860	13.7227743053
865	0.4
870	0.4
875	7.42401093556
880	10.6064915727
885	0.4
890	4.06449396713
895	4.53699847069
900	20.8251138447
905	7.62333294504
910	8.23355372218
915	0.4
920	1.93233123321
925	7.50178053393
930	3.64264835869
935	8.81930947288
940	0.4
945	18.5488396489
950	8.7546202181
955	6.58929845505
960	2.20583434129
965	9.17112686607
970	0.4
975	7.32078112484
980	12.3533127645
985	5.06601699756
990	1.28544254313
995	0.4
1000	1.44838298666
1005	17.7283345772
1010	11.9442136106
1015	0.4
1020	9.05083231655
1025	5.47023427953
1030	3.16934531283
1035	9.76623432373
1040	4.80547710622
1045	4.1946842928
1050	0.4
1055	0.4
1060	0.4
1065	1.42263234134
1070	0.4
1075	3.75386327485
1080	0.4
1085	0.4
1090	0.4
1095	10.0073208837
1100	6.37826700934
1105	4.30554623296
1110	4.82838873176
1115	2.93564885279
1120	0.4
1125	1.88241516609
1130	4.34965755108
1135	0.4
1140	4.73019479679
1145	3.44080519548
1150	0.4
1155	0.441354982581
1160	3.24927025028
1165	0.4
1170	7.6277528306
1175	3.80791108033
1180	2.78706146013
1185	13.3804691309
1190	14.2021326168
1195	0.50411004262
1200	17.7729600848
1205	20.2588753511
1210	5.61284496739
1215	0.4
1220	0.4
1225	6.59371579572
1230	4.57552529655
1235	0.4
1240	5.99192316712
1245	12.6957950996
1250	4.12069789949
1255	1.44790509601
1260	9.87870788894
1265	3.52943451785
1270	2.93482602052
1275	3.29501813425
1280	3.9075234012
1285	0.4
1290	11.2395723002
1295	5.46084283748
1300	0.663613516778
1305	0.4
1310	5.2422948493
1315	7.17444290855
1320	3.53138249533
1325	8.14338817437
1330	0.40136067423
1335	1.93099137262
1340	0.409651026077
1345	3.58899393616
1350	9.6049094421
1355	0.4
1360	2.76555157054
1365	1.50573066089
1370	0.4
1375	2.95027151886
1380	13.8943396429
1385	7.86709691104
1390	1.12018625782
1395	0.4
1400	0.4
1405	1.30414803174
1410	2.58839219082
1415	2.7550730516
1420	2.01244103951
1425	4.94293592411
1430	4.28910692808
1435	1.01544736403
1440	0.4
1445	0.4
1450	2.67338520409
1455	6.01264075279
1460	9.20226369334
1465	5.9389918064
1470	0.4
1475	15.1944039588
1480	4.87779188376
1485	0.4
1490	3.45151963806
1495	4.17648845008
1500	0.4
1505	1.84664860329
1510	12.566481653
1515	0.4
1520	6.81234995005
1525	6.75095375708
1530	0.4
1535	0.4
1540	4.43871152134
1545	1.02905358176
1550	0.4
1555	0.51802750433
1560	4.42890221067
1565	0.4
1570	0.4
1575	9.77832034887
1580	0.4
1585	6.03207640068
1590	4.65269866299
1595	7.5090606032
1600	4.60896724451
1605	0.4
1610	8.61139571601
1615	3.48106419936
1620	6.26040369448
1625	3.72192941667
1630	0.737547144187
1635	10.5118067877
1640	0.4
1645	6.39950884829
1650	4.27619186317
1655	0.4
1660	9.87588690951
1665	0.635979254553
1670	0.4
1675	7.77284414923
1680	7.50473455232
1685	11.2263704348
1690	4.70505908567
1695	14.9725509581
1700	1.52312731454
1705	0.4
1710	7.49551596516
1715	6.92774647908
1720	7.40793913838
1725	5.91236514626
1730	3.98402149305
1735	3.27587454526
1740	0.794365981583
1745	3.08469966637
1750	3.65844245222
1755	11.0901801531
1760	2.576547982
1765	9.72240695923
1770	1.7870903152
1775	1.05794050756
1780	0.4
1785	0.4
1790	1.43412547071
1795	2.26879445276
1800	9.30175595286
1805	5.45407071527
1810	7.55018105762
1815	4.58129764893
1820	3.57455178532
1825	0.4
1830	0.4
1835	5.34169054125
1840	5.16550119866
1845	0.4
1850	0.4
1855	15.4963141741
