0	4.64340403978
5	4.12029516561
10	1.51529448822
15	3.67193365972
20	2.31035293168
25	1.98354767999
30	0.4
35	2.88024293795
40	2.48955836907
45	4.72752544222
50	10.7300476327
55	5.36246677918
60	2.27818022598
65	0.714933093786
70	0.4
75	2.98251822448
80	0.50290209
85	2.87940985158
90	0.563119138452
95	7.63376629556
100	3.52362257095
105	2.84254203213
110	2.47571759375
115	3.78543871309
120	1.84768416955
125	2.07824737884
130	3.76784812056
135	6.60390299819
140	2.04658706437
145	4.06565082974
150	2.73918860576
155	2.27796002864
160	2.80597544718
165	3.76351001359
170	4.0042756145
175	4.04401307976
180	2.87365576262
185	8.1838203503
190	0.724969627688
195	0.4
200	3.57449025874
205	0.737884435689
210	1.23755748757
215	5.85193428631
220	1.2008724306
225	3.27184984717
230	0.4
235	5.88382493243
240	6.3200791846
245	1.68140101046
250	2.99587238227
255	4.50239468459
260	5.05228049709
265	0.762242595656
270	0.4
275	3.72535699511
280	4.21980244809
285	2.34155074536
290	5.19566796488
295	0.4
300	0.431426319312
305	0.4
310	6.45740489726
315	6.32324372168
320	0.952697041755
325	2.75187147592
330	2.83130452891
335	2.80235845101
340	2.14828374406
345	6.48100623846
350	3.33625667348
355	3.87472250056
360	3.46423304823
365	1.71823239691
370	3.13843687899
375	2.18050886635
380	4.43989233677
385	1.40689964571
390	2.77643620057
395	2.75343749601
400	4.54807031893
405	0.4
410	4.5217541897
415	0.4
420	2.99138575891
425	4.06982243494
430	2.91221482001
435	7.41532737626
440	0.4
445	2.59343150398
450	3.65331126704
455	5.22189825319
460	1.63632059284
465	2.696212232
470	2.15847752295
475	7.91429585175
480	3.64497466641
485	0.4
490	4.44068755173
495	3.28859213883
500	3.9221723716
505	1.64585493064
510	3.52200283397
515	4.6799776999
520	0.4
525	0.4
530	0.4
535	3.47301081008
540	3.03768724084
545	3.56124998043
550	3.49373564071
555	0.4
560	2.65879029184
565	5.71647835672
570	2.07791541595
575	4.37677769045
580	0.4
585	3.15733288117
590	3.7743581819
595	0.4
600	1.43191525848
605	2.65300134054
610	2.63363332772
615	5.67799855595
620	3.45228337604
625	2.8417508107
630	7.18208492884
635	1.21137911296
640	2.24413240038
645	1.45031806217
650	0.4
655	4.61405559483
660	2.84063482907
665	0.4
670	2.15975850619
675	2.90452874919
680	7.51054392105
685	5.65355350869
690	3.85467613878
695	0.4
700	0.556797556434
705	3.27052255226
710	2.92836731578
715	0.4
720	7.66789572153
725	0.4
730	1.44286747243
735	3.01526950442
740	3.37608699997
745	0.4
750	0.4
755	3.42231760702
760	4.51054978575
765	4.58230917402
770	4.29347056283
775	0.748377610599
780	0.806985130749
785	1.64971043892
790	3.23350827367
795	2.18517590925
800	7.7415464759
805	3.23094593615
810	7.05326392734
815	0.4
820	2.38015518614
825	1.54387139572
830	2.96694513656
835	4.43280932911
840	0.4
845	2.64979622471
850	0.4
855	3.41977893744
860	5.30675626651
865	0.4
870	3.3083367893
875	0.4
880	3.80481117394
885	2.36837130162
890	4.2425176802
895	2.21719795849
900	2.90562713147
905	6.7093959709
910	2.28699424563
915	2.5210462343
920	0.4
925	2.06358664768
930	0.4
935	0.4
940	0.4
945	0.4
950	3.72395028881
955	0.4
960	1.29480224896
965	0.4
970	0.973669599063
975	0.4
980	2.45985580261
985	3.28451279987
990	2.48059140618
995	0.8292149223
1000	0.4
1005	1.80731289091
1010	5.48397957508
1015	0.415629171892
1020	2.44422773097
1025	3.30326437812
1030	1.45565349564
1035	6.76423161037
1040	0.4
1045	4.71570122332
1050	4.07223777942
1055	0.4
1060	2.74590417258
1065	3.40572979353
1070	1.94899180264
1075	7.05142299061
1080	3.70050917621
1085	2.87392016241
1090	1.9413055914
1095	4.23677767091
1100	2.29739787308
1105	1.79280154359
1110	0.4
1115	4.46906741188
1120	8.11309178195
1125	0.4
1130	2.90198020415
1135	2.65476735463
1140	0.4
1145	2.66764927719
1150	1.44183417498
1155	0.4
1160	0.915956506841
1165	2.24216242336
1170	2.20443336657
1175	3.53289696757
1180	2.46570706725
1185	2.79279386215
1190	3.43516958252
1195	1.88091326168
1200	0.4
1205	3.45286949632
1210	2.60243697158
1215	2.66052923414
1220	4.63099654848
1225	7.4291682514
1230	4.81642617948
1235	4.92324565478
1240	2.28337245781
1245	3.95662017579
1250	2.86016181395
1255	6.14736297194
1260	4.7789487434
1265	2.60909260541
1270	0.4
1275	3.30158458039
1280	3.20030446396
1285	2.10280759314
1290	1.67797649693
1295	4.30946332659
1300	0.4
1305	0.809116862625
1310	2.1981183766
1315	1.58119988445
1320	3.97516852928
1325	3.67358016492
1330	4.03781851866
1335	0.4
1340	3.12749467094
1345	1.22140114634
1350	2.31974002864
1355	3.454396333
1360	2.93805334868
1365	3.09250763628
1370	2.28083409387
1375	0.410654000901
1380	3.48789908059
1385	2.85132224073
1390	0.4
1395	2.36278154972
1400	2.78758487361
1405	5.26214862207
1410	0.4
1415	2.01460785461
1420	0.520323590558
1425	2.9516625397
1430	2.16945858562
1435	1.29005451393
1440	4.7448430702
1445	2.0942312363
1450	2.72498947593
1455	4.23460308735
1460	2.83397126213
1465	2.63300900994
1470	4.61514492768
1475	2.57717683821
1480	3.85050589213
1485	1.85884043466
1490	1.34693984883
1495	2.7031188018
1500	5.35691914854
1505	4.07266949868
1510	1.78242815112
1515	1.55835160965
1520	4.67195220927
1525	5.29950276229
1530	4.57751752074
1535	4.97339915671
1540	0.4
1545	1.90116138216
1550	2.90818241213
1555	0.4
1560	7.14557257924
1565	2.97893168332
1570	0.479500650236
1575	4.37123822913
1580	8.90671212328
1585	5.17741008357
1590	3.72497565999
1595	2.41394745597
1600	1.70940494839
1605	3.33939373905
1610	4.40115851685
1615	0.4
1620	1.49898509253
1625	4.97884523781
1630	5.03893896576
1635	1.14367108102
1640	0.4
1645	0.571573997861
1650	2.35967421753
1655	1.5543509716
1660	1.32904298871
1665	0.4
1670	4.64811856749
1675	1.04498646346
1680	3.6674549841
1685	3.61288272614
1690	4.48467664848
1695	3.35258808908
1700	2.58048977659
1705	1.40502020294
1710	4.11053590437
1715	7.16390854623
1720	2.95897333882
1725	2.59187031071
1730	2.48399418494
1735	2.10957218578
1740	2.71788835803
1745	0.4
1750	2.73108155186
1755	0.530877705039
1760	3.21976422114
1765	1.88925003263
1770	4.16076135242
1775	2.50025862361
1780	4.14927961958
1785	5.47451335136
1790	4.68192613083
1795	4.08135512625
1800	0.4
1805	1.07496789122
1810	3.63432160587
1815	1.40320055729
1820	0.4
1825	6.57148113252
1830	0.934991684576
1835	0.4
1840	2.14910001702
1845	3.36966612183
1850	7.07692596762
1855	0.412186508085
1860	4.79984979604
1865	1.0922234501
1870	3.689940682
1875	7.39770782829
1880	2.54841190163
1885	2.97730061955
1890	3.05696481665
1895	0.4
1900	2.09727768744
1905	4.79091724173
1910	2.76104754069
1915	2.55291947477
1920	5.13129554346
1925	3.61326980143
1930	0.4
1935	4.69766816823
1940	6.6365766252
1945	3.56703164
1950	1.22470511462
