0	0.4
5	7.03021628298
10	0.638916256241
15	5.48390851652
20	4.84885298952
25	0.885579735641
30	0.4
35	2.79322298502
40	7.74471390802
45	7.29636889004
50	0.4
55	5.62189084918
60	3.03904673078
65	7.4055619908
70	2.98775812618
75	2.39258914805
80	0.4
85	2.04195101562
90	11.5752293159
95	3.39211206992
100	3.94513200193
105	4.09194949548
110	3.14371392081
115	0.4
120	1.25130488613
125	0.4
130	5.01800025334
135	0.4
140	0.4
145	2.05827468108
150	2.61939379323
155	3.52414980827
160	2.95772105443
165	4.00306327917
170	2.98947438508
175	5.40164223323
180	7.30087660753
185	5.58998341265
190	3.63750309372
195	2.2181055612
200	3.93364867235
205	0.4
210	3.75889570264
215	0.4
220	0.4
225	0.4
230	0.4
235	0.4
240	5.12047492841
245	2.21212893662
250	3.18317328007
255	17.7508571857
260	1.83414961508
265	5.44400032755
270	14.4539718224
275	0.4
280	0.4
285	0.4
290	0.4
295	5.24704929285
300	1.69909280977
305	3.18974933236
310	3.94603309205
315	0.4
320	5.36338625983
325	0.876220195709
330	7.32950064921
335	5.88059961413
340	10.4498301368
345	0.83720314593
350	7.05553330981
355	0.815484614824
360	7.25867671121
365	3.78302199004
370	8.9352630643
375	0.4
380	0.4
385	10.8744840145
390	4.57981075047
395	0.4
400	0.4
405	0.4
410	3.35257172135
415	2.85763395927
420	1.30178259898
425	2.76585663165
430	0.802713521489
435	16.8759844474
440	2.12746654454
445	1.85285131384
450	9.04853800457
455	23.7576968726
460	0.4
465	0.4
470	3.46986747804
475	3.85300701437
480	6.73685149785
485	7.5449704126
490	2.78668988811
495	0.4
500	2.81058314806
505	5.17195722404
510	8.00411861401
515	5.69834640056
520	3.20831259843
525	12.3696453747
530	1.77667219922
535	11.7688622832
540	2.61960360655
545	23.7188899676
550	2.35133670308
555	1.96145192921
560	0.4
565	2.18175230152
570	2.11527082281
575	3.91797970511
580	0.979979857986
585	2.31574242138
590	5.72825652757
595	0.4
600	5.07534177805
605	0.4
610	3.04020176703
615	2.51276844238
620	0.4
625	0.4
630	0.4
635	0.4
640	0.900597957878
645	2.4777578541
650	4.91067962845
655	7.04761577717
660	0.4
665	2.93520558213
670	1.75249615098
675	0.773929393004
680	15.2014134483
685	0.4
690	5.93340474526
695	4.69323007572
700	2.43355758574
705	8.08164462513
710	0.4
715	2.11996333404
720	0.775552249544
725	6.49910153415
730	1.32077511315
735	1.13460682214
740	11.6695856809
745	5.14699600632
750	2.33067110461
755	2.6308279266
760	5.95463285532
765	7.33688361926
770	2.30830344022
775	2.08683433291
780	0.950345811671
785	3.45264683359
790	7.17658718616
795	0.4
800	0.4
805	3.89616639853
810	13.5561383683
815	11.164738783
820	2.52457054301
825	0.4
830	1.9560414514
835	0.997496338599
840	0.4
845	0.907618345995
850	8.03123730467
855	0.4
860	9.71928350603
865	0.4
870	0.4
875	0.4
880	2.05538113279
885	2.37067437871
890	0.4
895	0.4
900	0.894788197257
905	8.92781638032
910	4.28426370573
915	0.4
920	10.3026942858
925	1.23136492534
930	0.4
935	8.4514066208
940	2.68283291236
945	3.92214376044
950	5.41371948254
955	4.32882175541
960	4.35398199579
965	2.71799544588
970	2.59947719076
975	2.38136165193
980	0.4
985	0.4
990	0.665078404012
995	3.76717031432
1000	6.01228247849
1005	3.8731391343
1010	9.56227745069
1015	0.4
1020	0.699702223863
1025	3.79848104493
1030	6.32952976443
1035	3.00301384593
1040	10.3524475696
1045	0.4
1050	4.31935662374
1055	0.4
1060	6.98448341656
1065	0.4
1070	0.4
1075	3.5346293637
1080	2.08546104638
1085	1.55225582922
1090	0.4
1095	0.4
1100	6.75633722476
1105	4.68406570234
1110	8.20139601995
1115	1.35265279224
1120	0.4
1125	0.4
1130	0.4
1135	2.96474201
1140	0.606528953444
1145	2.93584554124
1150	0.4
1155	11.1505490457
1160	4.97931716597
1165	6.32060828276
1170	0.4
1175	2.15611860961
1180	0.88916465944
1185	3.44043918879
1190	2.43710242303
1195	2.52388911704
1200	2.91307857462
1205	3.42414211766
1210	0.4
1215	8.78723465545
1220	2.45858072896
1225	0.4
1230	4.35133685601
1235	2.11280232396
1240	0.4
1245	6.70746873283
1250	0.4
1255	3.9990952267
1260	7.35431412788
1265	3.530610495
1270	0.4
1275	1.81735697016
1280	3.52159936487
1285	2.63443142349
1290	2.52975972338
1295	5.57093021952
1300	0.4
1305	1.04502523004
1310	4.51088763635
1315	0.4
1320	10.2969935555
1325	0.711453198252
1330	4.74650595945
1335	10.0128674529
1340	2.73744601172
1345	3.1657152512
1350	2.07605008671
1355	12.0955468149
1360	4.40214287165
1365	0.4
1370	1.89089027755
1375	6.05025041853
1380	0.4
1385	0.4
1390	2.13152546426
1395	0.742806999211
1400	4.81567003893
1405	2.48652370491
1410	0.4
1415	10.489677868
1420	2.5493143654
1425	1.98398962173
1430	0.4
1435	3.43906223923
1440	1.91498756328
1445	5.18374242444
1450	2.79603538424
1455	0.4
1460	0.4
1465	4.81351980111
1470	1.60048692347
1475	6.11171840287
1480	0.993205355767
1485	4.02940662267
1490	2.15903748017
1495	0.4
1500	0.4
1505	10.9612712523
1510	0.4
1515	0.4
1520	3.3100614394
1525	4.99220865796
1530	3.83596377606
1535	0.4
1540	1.01726631582
1545	0.4
1550	1.97937937059
1555	3.38950920354
1560	3.05690073881
1565	0.4
1570	3.89622967796
1575	2.50641627589
1580	0.4
1585	2.46667359928
1590	0.4
1595	4.77854149444
1600	1.4809663428
1605	5.50283309541
1610	0.4
1615	0.4
1620	3.60545444852
1625	1.71011824077
1630	7.77979004504
1635	6.48443882795
1640	0.4
1645	10.8339218465
1650	0.689357409435
1655	0.4
1660	0.793916712888
1665	0.4
1670	0.4
1675	0.4
1680	4.39711643707
1685	3.49320749266
1690	2.60603311824
1695	3.14106501392
1700	3.08619917785
1705	0.4
1710	0.4
1715	3.57309297776
1720	13.7439781986
1725	0.4
1730	4.80570887243
1735	2.20006094539
1740	3.66940002979
1745	8.39101887591
1750	0.4
1755	4.32388103057
1760	4.70881062642
1765	5.1045512626
1770	0.699030383049
1775	0.4
1780	2.25061057698
1785	0.4
1790	3.29809329315
1795	0.4
1800	7.03214136991
