0	3.63950036428
5	0.4
10	7.64175927019
15	24.8546607338
20	5.74144408491
25	5.80176190594
30	7.82520996712
35	10.2327070715
40	2.63338762453
45	7.56880931777
50	7.87421953639
55	13.194554692
60	12.7165342418
65	1.08354089686
70	0.4
75	16.0173697917
80	7.43156464264
85	13.075358321
90	6.08193833901
95	7.4532736549
100	20.3129623082
105	5.40615141936
110	1.84710335937
115	6.85968762823
120	4.3972216312
125	9.0948321889
130	6.14644230095
135	7.48739308914
140	12.1741173138
145	11.3139781294
150	5.99076539126
155	0.4
160	6.84467605993
165	6.75838951209
170	4.87573990664
175	15.7874094893
180	6.42663719882
185	6.43657529834
190	13.3583237418
195	0.4
200	6.430855553
205	6.63182114323
210	6.48323750046
215	11.9120050114
220	6.24086035882
225	8.68891727468
230	7.96887143239
235	15.9494268282
240	8.76912219501
245	2.23556475627
250	9.82270648435
255	10.5910343248
260	5.65725032005
265	6.76420912049
270	7.79679158127
275	11.5319298668
280	8.62575300949
285	2.32259432082
290	2.63705872945
295	1.18923735178
300	7.30103698204
305	3.46371615177
310	5.44899755922
315	0.4
320	0.4
325	1.19748101125
330	7.020962812
335	11.766659825
340	17.0215847118
345	4.47549445898
350	1.72387762426
355	6.16079309608
360	6.86726881179
365	4.19168527948
370	8.5409220862
375	8.31040047964
380	8.11288120601
385	3.21551233692
390	7.01569750368
395	6.35803512075
400	0.4
405	6.13989871742
410	4.274837044
415	0.4
420	8.43206553897
425	8.62686463239
430	20.9207875406
435	1.44606887762
440	2.52092966232
445	7.4760638937
450	15.8150301751
455	11.038671108
460	17.2562148661
465	6.83859517593
470	4.55343745522
475	9.28092636225
480	11.1884606563
485	7.00114845514
490	7.23609105009
495	19.7194430363
500	15.0262205743
505	11.9410910435
510	0.4
515	0.4
520	7.40906090353
525	11.093320803
530	2.07811450703
535	0.849329332837
540	5.92630024155
545	7.48203523776
550	4.47787368975
555	5.19088345728
560	4.4351395378
565	12.6289692918
570	10.4288707351
575	0.4
580	6.86352568909
585	6.766183846
590	16.4500074299
595	14.9632039481
600	13.7681670677
605	0.4
610	1.06097296995
615	11.4631304756
620	12.0302012196
625	12.0888837386
630	9.66925158545
635	15.8647618492
640	0.879839287514
645	20.0116334594
650	1.96425906861
655	6.00475498661
660	6.98236863584
665	0.4
670	9.24354682465
675	7.61580236574
680	7.28910761307
685	0.4
690	4.3394090399
695	2.97938062483
700	11.3033553166
705	8.00114855094
710	11.7831055581
715	8.03818597112
720	2.71477137705
725	6.94674333429
730	11.1170344523
735	7.80090847404
740	7.41965012694
745	0.4
750	11.1286851911
755	9.4614921969
760	7.67981806331
765	7.16173909357
770	6.38930695344
775	6.67639060802
780	3.25816914266
785	12.1694859186
790	4.39770856496
795	3.0316291584
800	1.07976560876
805	8.48308106035
810	0.4
815	8.71742607731
820	7.31374368816
825	0.4
830	0.4
835	15.8852350875
840	9.17800895009
845	3.72348911184
850	8.92873132623
855	5.61231686758
860	11.7123525349
865	6.307167574
870	17.4365003858
875	7.52244518885
880	6.96435316589
885	5.68924873946
890	3.91807162473
895	1.08807555411
900	9.03842602406
905	24.9209020956
910	5.90402921508
915	6.78524020517
920	7.89948776943
925	6.77241374491
930	6.92829592139
935	5.62474199857
940	6.49080318771
945	7.32440925589
950	14.5841125345
955	15.8357917314
960	7.62288835548
965	6.25259010794
970	14.1219859466
975	7.70789962366
980	3.47833955259
985	0.4
990	11.8490425605
995	13.5789733684
1000	5.48972716081
1005	10.1678234451
1010	10.562790986
1015	3.47816659554
1020	0.4
1025	8.79409062562
1030	4.90936653278
1035	13.175727908
1040	7.85068987077
1045	28.5921696582
1050	7.88435418428
1055	2.74154271329
1060	1.70999267081
1065	2.93498570962
1070	0.4
1075	7.63116983399
1080	1.4198873784
1085	7.18155307655
1090	4.11053327427
1095	26.0486272579
1100	8.45731270604
1105	7.48360033133
1110	0.603099589812
1115	19.1219455634
1120	3.47941065817
1125	9.07566648835
1130	3.09323247794
1135	16.5076684195
1140	0.4
1145	5.12146367341
1150	15.3384214445
1155	8.36111059809
1160	5.0796910234
1165	7.89425416687
1170	8.22574196105
1175	2.52288130232
1180	2.46424749557
1185	0.4
1190	6.33317772579
1195	18.3496988432
1200	11.0860305564
1205	11.2169949891
1210	8.36747796791
1215	12.5789729479
1220	9.01383201738
1225	8.76790901066
1230	5.93139521756
1235	8.73484864564
1240	4.85965159954
1245	5.14430293162
1250	6.38874784269
1255	7.96955856989
1260	1.89640514709
1265	0.4
1270	5.95164873884
1275	19.7143525913
1280	7.23225753552
1285	13.2674332437
1290	5.34240373394
1295	12.6039073455
1300	35.7638239357
1305	10.4284021388
1310	7.08661243425
1315	6.83641935143
1320	13.6274872078
1325	6.43880409579
1330	1.11558925435
1335	1.63297687061
1340	5.11925731747
1345	6.79238837253
1350	10.7544672005
1355	23.4756501121
1360	4.67176331911
1365	0.4
1370	5.23163558228
1375	0.4
1380	6.43239672393
1385	3.12361006511
1390	4.74583155548
1395	7.0360593902
1400	11.3028386681
1405	14.1947095186
1410	0.4
1415	10.9887363411
1420	11.4821613376
1425	0.4
1430	11.8219583329
1435	9.55050668367
1440	0.4
1445	4.03491668192
1450	5.99981526244
1455	6.01716626453
1460	7.5620963581
1465	7.83561304245
1470	9.53764069959
1475	3.45116680192
1480	8.57105735608
1485	2.9855235384
1490	7.45420097612
1495	8.50484215129
1500	6.47633095859
1505	4.86583418087
1510	6.96320815465
1515	9.26562374412
1520	7.18291956495
1525	2.62720438617
1530	11.0466999758
1535	29.096013247
1540	3.81286177889
1545	7.45695320495
1550	2.57978059005
1555	9.77247896342
1560	7.5697831022
1565	19.6838238724
1570	7.11472175166
1575	10.7614898493
1580	0.4
1585	1.9943514032
1590	0.4
1595	15.5268813862
1600	13.7446652848
1605	6.86162873563
1610	3.04731012639
1615	5.13597269117
1620	0.4
1625	6.77578897539
1630	1.01594212664
1635	5.31098446713
1640	4.88496492693
1645	5.57901574252
1650	6.04373505904
1655	4.50505121307
1660	18.9155013534
1665	6.08006521681
1670	31.0039416147
1675	6.42598991222
1680	29.7047221031
1685	16.4580759868
1690	13.9566855168
1695	15.6969513194
1700	6.40401735281
1705	5.71378744905
1710	7.19231166695
1715	8.71467762671
1720	0.4
1725	1.90031154643
1730	5.52519403453
1735	6.107388017
1740	13.2286242783
1745	6.49518033222
1750	7.61515513012
1755	0.82528700068
1760	13.09833921
1765	2.42942421746
1770	10.5682052824
1775	0.4
1780	5.55405124623
1785	13.0315614494
1790	10.5218767374
1795	5.06314693484
1800	3.73422672429
1805	3.05207602756
1810	3.31420908312
1815	5.56786798854
1820	0.4
1825	0.4
1830	12.9068362234
1835	18.7938358569
1840	10.4027686254
1845	0.4
1850	0.4
1855	3.22827530417
1860	9.48819837818
1865	9.39836113724
1870	5.49447805435
1875	4.94205345392
1880	0.4
1885	1.17360966098
1890	6.14257840874
1895	8.23385506962
1900	5.6265392742
1905	19.8907306663
1910	12.9976890664
1915	9.288557717
1920	9.80639879554
1925	7.51374980855
1930	10.0464665599
1935	23.1010710497
