0	0.4
5	0.4
10	5.78811877362
15	0.4
20	1.91130973141
25	1.62557358626
30	1.59527976179
35	0.4
40	0.852804013991
45	0.4
50	0.4
55	2.3103292751
60	0.4
65	0.4
70	0.528373814659
75	0.4
80	3.89006850529
85	0.4
90	0.474360051088
95	0.4
100	2.32096358975
105	0.4
110	2.01869951897
115	0.433336856654
120	0.4
125	0.546293935933
130	0.641501176763
135	0.4
140	2.35452449836
145	0.641433868232
150	2.13807348189
155	0.4
160	1.80672486411
165	0.4
170	0.4
175	0.670887122455
180	0.4
185	0.4
190	0.4
195	0.4
200	0.4
205	0.4
210	2.62412408945
215	0.486948472972
220	1.93816820845
225	0.4
230	0.4
235	0.4
240	1.33433744748
245	0.4
250	1.23762434781
255	0.432155473634
260	1.65115768247
265	0.4
270	0.855286588395
275	0.4
280	0.4
285	0.4
290	0.4
295	2.38667327765
300	0.4
305	2.62155013302
310	0.953459331159
315	4.63975350343
320	2.10275685962
325	3.61741126329
330	0.4
335	2.27143289673
340	0.4
345	4.01491775646
350	2.09649880995
355	0.4
360	0.4
365	0.4
370	2.72970798194
375	0.4
380	0.4
385	0.994832893528
390	0.518988724007
395	1.45623019877
400	0.4
405	0.634281776451
410	0.885129416545
415	0.4
420	1.15552238136
425	2.00837691994
430	0.4
435	1.46225647435
440	0.4
445	4.14248223832
450	3.98981996814
455	1.98678196353
460	3.40726301324
465	0.4
470	0.4
475	0.4
480	0.643859709116
485	0.4
490	1.40463842815
495	0.4
500	0.67423801087
505	0.4
510	0.4
515	0.435762626922
520	1.48905182263
525	0.730905690878
530	0.4
535	0.4
540	6.9636230037
545	1.15750601811
550	0.4
555	0.4
560	0.417689688702
565	5.32400144121
570	0.4
575	0.4
580	0.919404962019
585	0.4
590	1.21809299537
595	0.769916895447
600	0.4
605	0.4
610	0.4
615	0.4
620	1.04365500209
625	0.468418100973
630	0.4
635	0.4
640	0.4
645	2.23564120852
650	0.4
655	0.4
660	0.4
665	0.4
670	0.4
675	0.4
680	0.4
685	0.4
690	0.937127022566
695	0.4
700	7.90481244834
705	1.00049294223
710	1.04988151312
715	0.483122790426
720	0.4
725	0.4
730	1.96108473475
735	7.48948500741
740	0.4
745	0.4
750	0.4
755	5.16662491296
760	0.4
765	5.325908018
770	0.4
775	0.4
780	3.25797756465
785	0.4
790	0.4
795	3.29249144488
800	0.718122617807
805	1.21579879172
810	0.4
815	0.717450816271
820	2.62653195248
825	2.78441730279
830	5.55273192376
835	1.04138326601
840	0.4
845	1.44768229401
850	0.4
855	0.4
860	0.4
865	1.08948163587
870	2.64193192355
875	0.4
880	0.4
885	5.50002980482
890	0.86262796737
895	0.4
900	0.4
905	0.4
910	0.4
915	0.4
920	0.4
925	0.608680783489
930	0.609272561596
935	3.01105723942
940	1.32643171596
945	0.4
950	0.4
955	0.4
960	0.4
965	1.00307068062
970	0.430753282037
975	0.879595434145
980	0.4
985	4.053109537
990	0.477974159136
995	0.415493996775
1000	0.4
1005	3.49861568372
1010	0.4
1015	0.4
1020	0.678944874711
1025	2.37350995674
1030	0.4
1035	0.4
1040	0.4
1045	3.86581660643
1050	0.4
1055	7.63392594017
1060	2.05439525497
1065	0.4
1070	0.4
1075	6.04495706113
1080	0.4
1085	0.433005749174
1090	0.4
1095	2.18710408062
1100	0.4
1105	5.09302598041
1110	0.715052284992
1115	0.61024217039
1120	0.4
1125	0.4
1130	4.28912057068
1135	1.71572046223
1140	0.4
1145	0.4
1150	1.46799220322
1155	0.4
1160	0.527208009114
1165	0.4
1170	0.4
1175	0.473977004823
1180	1.20635091151
1185	2.01656764654
1190	0.4
1195	2.58144598831
1200	0.410119724554
1205	0.4
1210	0.4
1215	0.431872134454
1220	0.4
1225	0.873119465266
1230	0.4
1235	2.06194895868
1240	3.0656898914
1245	1.00953755479
1250	0.4
1255	1.19478951341
1260	6.4496252943
1265	0.4
1270	0.4
1275	1.38430818929
1280	0.4
1285	0.4
1290	0.588481442889
1295	0.535829476692
1300	2.62401347919
1305	0.4
1310	0.712603687157
1315	2.99105004826
1320	0.4
1325	0.4
1330	0.641072305719
1335	2.56362083682
1340	0.48798082943
1345	0.575567010112
1350	2.47950505018
1355	0.4
1360	1.91421402074
1365	0.4
1370	1.20279381414
1375	0.4
1380	2.48818499568
1385	1.80786090433
1390	0.4
1395	0.4
1400	0.4
1405	0.4
1410	0.846176510941
1415	0.4
1420	1.14076561983
1425	5.15671814157
1430	3.10459961657
1435	0.4
1440	0.521322955374
1445	4.95568818886
1450	0.4
1455	0.4
1460	0.4
1465	0.4
1470	2.83468158928
1475	0.765020426972
1480	1.42643253949
1485	3.32669462846
1490	2.27545864481
1495	1.70714409983
1500	1.7612637377
1505	4.45598382705
1510	0.4
1515	0.504398531602
1520	0.859603094206
1525	0.4
