0	1.19045317747
5	0.4
10	3.2902811341
15	0.4
20	0.4
25	0.4
30	6.8211978337
35	3.92414844745
40	0.4
45	0.4
50	0.4
55	0.4
60	0.4
65	0.4
70	1.80329500667
75	1.34705026519
80	0.4
85	0.750736264051
90	1.68278968335
95	2.41462626495
100	4.98870605952
105	1.01840177165
110	0.9512377148
115	2.71058840778
120	0.4
125	1.21127885305
130	3.23414185488
135	3.15980401821
140	6.29079675627
145	0.4
150	0.4
155	5.41834788504
160	0.904949145897
165	2.76156443062
170	0.4
175	5.65417449484
180	1.67135573408
185	2.5083740738
190	10.6305081983
195	10.4150798941
200	0.4
205	0.4
210	2.55783556849
215	0.748382292828
220	0.938177565102
225	1.48040957376
230	3.9255043958
235	1.0703592415
240	1.87804964632
245	2.31712320178
250	10.426909726
255	0.4
260	0.4
265	3.24855527633
270	1.89959634232
275	0.4
280	1.55198446313
285	1.28248878906
290	3.3490530043
295	0.4
300	6.37119878321
305	0.4
310	0.4
315	9.60487078494
320	3.38111750113
325	1.49488637714
330	0.631244493822
335	1.50595687884
340	3.00993249619
345	1.9818833594
350	0.4
355	2.60965294987
360	1.48566018387
365	0.4
370	1.51632022468
375	2.74358253081
380	0.4
385	1.63528725803
390	2.64543593753
395	0.4
400	3.81817587634
405	12.8549428148
410	2.84348254524
415	3.76924207692
420	6.59856869911
425	0.4
430	2.2320284007
435	3.4203504669
440	1.85042841018
445	7.60528698402
450	3.38158980805
455	0.4
460	2.91389256178
465	1.78864307977
470	3.95137210592
475	3.48313385604
480	15.6616722519
485	0.4
490	1.71266195899
495	3.89528666839
500	1.3405629267
505	0.4
510	0.4
515	2.75271991383
520	2.44116598865
525	1.5105527721
530	2.63561510747
535	1.10289218187
540	0.4
545	0.4
550	2.30497987038
555	1.40819433523
560	2.77192256076
565	0.4
570	1.13944646292
575	3.7188001719
580	8.57496471258
585	3.38329422424
590	1.97652237063
595	1.98900425309
600	0.4
605	9.36778109244
610	0.832956306135
615	2.75047862003
620	1.82825722532
625	2.16767958738
630	5.15941639372
635	5.57515394596
640	0.77582674269
645	1.98650110499
650	0.416161510596
655	3.45765115938
660	10.056483336
665	5.19832655462
670	3.36549776537
675	2.96942850457
680	0.4
685	3.1165963778
690	2.42885152545
695	1.32113602428
700	0.4
705	7.09181925311
710	1.47987199932
715	1.7592029412
720	0.4
725	0.4
730	1.93457081086
735	5.58717512035
740	0.4
745	1.92396158637
750	5.2501838955
755	0.4
760	1.90293024392
765	3.29292380863
770	0.4
775	0.4
780	0.4
785	0.637736000869
790	2.72218086195
795	1.63921599755
800	1.271521735
805	5.89935631788
810	2.40568709856
815	0.493414636846
820	0.847343314438
825	1.29205207291
830	5.46175429138
835	8.25221717557
840	3.74433993572
845	1.9241957912
850	0.606683707963
855	0.4
860	8.73249922685
865	5.46701592425
870	3.04809947587
875	0.4
880	1.83796551012
885	0.528962385813
890	3.25928741206
895	7.90323589561
900	1.30262999563
905	0.4
910	1.7399020046
915	0.4
920	3.5674680513
925	1.38570377604
930	3.37943512487
935	0.4
940	0.4
945	1.46943736234
950	0.4
955	1.59600667191
960	1.74776838307
965	0.935167132648
970	4.22249339473
975	2.78424330011
980	1.21287472183
985	0.4
990	0.4
995	5.72286389719
1000	3.56478258672
1005	0.4
1010	2.06626327158
1015	0.4
1020	1.22365688729
1025	3.3386047469
1030	0.4
1035	2.17093837996
1040	0.4
1045	1.31073581769
1050	1.8132664342
1055	0.4
1060	0.747207314768
1065	5.28156066706
1070	6.01865456991
1075	3.85222704535
1080	0.4
1085	0.4
1090	0.4
1095	4.93072553757
1100	2.26142905881
1105	10.5348305751
1110	5.51033416265
1115	1.77015737237
1120	3.96490561268
1125	0.956973335517
1130	0.962237386531
1135	1.56176787045
1140	2.24894095414
1145	2.1285908686
1150	4.37193640524
1155	6.07894940765
1160	4.72952280536
1165	0.4
1170	4.23520355441
1175	0.797049785947
1180	3.05777316645
1185	3.49908074457
1190	2.79548889373
1195	0.4
1200	1.99952268012
1205	1.58284783003
1210	3.33744706995
1215	6.81556305728
1220	4.49389944047
1225	0.4
1230	5.06008870946
1235	1.06891488129
1240	0.4
1245	1.85488611898
1250	0.4
1255	2.49188150481
1260	2.68005009177
1265	0.4
1270	1.96048225037
1275	5.39313844561
1280	1.76640252596
1285	0.4
1290	1.34348213174
1295	0.4
1300	2.42471471524
1305	0.4
1310	6.48993219393
1315	5.3224753789
1320	0.4
1325	3.88167218802
1330	2.47829898336
1335	0.4
1340	2.61740298344
1345	3.27576186145
1350	0.4
1355	0.4
1360	5.44982045874
1365	0.4
1370	4.06410005416
1375	0.603949513869
1380	0.4
1385	3.03157125333
1390	4.8697686861
1395	3.5405233648
1400	1.6904240688
1405	4.23243819027
1410	2.30106905257
1415	0.626090866994
1420	3.08180488734
1425	0.4
1430	0.691897239052
1435	6.47077444645
1440	2.71480847792
1445	1.80627718749
1450	4.93073259097
1455	3.29498559883
1460	2.77617519117
1465	0.4
1470	1.07590113098
1475	2.8547921467
1480	5.26788923478
1485	0.4
1490	3.35477558961
1495	3.08398942266
1500	1.93832352222
1505	2.31073402466
1510	2.05970119862
1515	0.4
1520	3.81181637963
1525	5.88851251584
1530	1.99980319273
1535	1.58800682685
1540	1.96444156279
1545	2.63408972785
1550	3.37619261452
1555	0.4
1560	3.21348063548
1565	0.4
1570	1.96822199679
