0	2.79612703876
5	0.4
10	0.4
15	0.768739539485
20	0.4
25	2.81319050361
30	0.4
35	3.24440837487
40	1.12582725267
45	0.4
50	1.72860620866
55	4.52592068237
60	0.4
65	2.27566547209
70	0.4
75	0.959787149878
80	0.4
85	0.4
90	3.7436073054
95	0.4
100	0.4
105	0.4
110	1.80407706503
115	3.56808945282
120	5.16593809433
125	0.4
130	0.4
135	0.4
140	0.4
145	1.06886642648
150	1.58056755116
155	0.4
160	0.586088418866
165	0.4
170	0.4
175	0.4
180	7.20610719089
185	0.4
190	0.629394983907
195	0.4
200	3.32025351378
205	1.2723518052
210	1.17642831473
215	0.4
220	2.18203610044
225	3.12110451069
230	0.995137793487
235	0.4
240	0.4
245	0.4
250	1.15757244965
255	1.77866038934
260	4.14124942199
265	1.34333709558
270	5.73245325065
275	0.4
280	0.4
285	0.4
290	0.4
295	0.4
300	0.604712302797
305	4.90546876289
310	0.4
315	2.72880087509
320	2.04311119553
325	0.949502025469
330	0.4
335	2.13294178692
340	0.665763018841
345	0.4
350	0.4
355	1.41847449554
360	1.13069059919
365	0.665498775585
370	2.83129749279
375	1.74260832941
380	4.30144223121
385	1.19869307012
390	0.4
395	0.8623901701
400	0.4
405	0.4
410	0.4
415	2.64672252263
420	0.4
425	2.44776963719
430	10.7986659184
435	1.03964060359
440	1.32028255524
445	0.4
450	3.29019204255
455	0.4
460	0.4
465	0.4
470	3.20278234738
475	0.4
480	2.26582315231
485	0.4
490	3.30073530168
495	0.4
500	5.22590736863
505	0.4
510	0.84517380792
515	1.21891426377
520	2.80317467496
525	2.67917746904
530	0.836351330402
535	0.478983332999
540	2.58857447815
545	0.4
550	1.67765689752
555	0.4
560	0.4
565	0.4
570	0.4
575	1.51420135691
580	3.31784309203
585	1.47790081914
590	1.10655193616
595	1.16652321983
600	1.80960516987
605	0.4
610	2.27154502413
615	0.898889942847
620	1.31608177934
625	0.4
630	5.30323796775
635	8.56873806849
640	0.603684616268
645	0.4
650	0.4
655	0.4
660	0.4
665	1.86848274509
670	1.39026794492
675	0.4
680	0.430986265357
685	0.4
690	6.0212099003
695	1.37141172372
700	6.73472291381
705	0.4
710	0.4
715	1.01279832727
720	0.4
725	1.58528018698
730	6.43853358554
735	1.25653720676
740	1.48010394115
745	0.4
750	3.66106754041
755	0.4
760	0.4
765	0.4
770	0.4
775	0.4
780	0.4
785	0.644643647932
790	0.4
795	0.4
800	0.4
805	0.4
810	0.821006491772
815	2.98765053939
820	2.138031534
825	2.75250045534
830	0.4
835	1.91534457758
840	0.4
845	3.51965535404
850	4.69307611023
855	1.04465140536
860	2.87421401038
865	1.83482105123
870	0.630326800498
875	0.863548008074
880	1.11588696791
885	0.4
890	0.4
895	0.4
900	1.56977519643
905	1.31991327619
910	0.4
915	0.4
920	1.05545647239
925	0.570745353439
930	1.91268342946
935	1.54632081709
940	0.4
945	0.4
950	2.26231792293
955	0.4
960	0.4
965	0.4
970	0.4
975	3.9465370435
980	5.39887632939
985	6.56078034946
990	2.96759844792
995	3.47700340396
1000	1.26619588729
1005	0.4
1010	0.854223089238
1015	0.4
1020	1.38515382994
1025	2.11057920586
1030	2.31100382901
1035	1.19624403093
1040	3.56828774113
1045	0.4
1050	0.4
1055	0.4
1060	0.4
1065	1.10261118793
1070	0.4
1075	3.61797489413
1080	0.4
1085	0.817635214617
1090	1.02093807224
1095	0.4
1100	7.70920839469
1105	1.23020272151
1110	6.83341492434
1115	1.29457262005
1120	1.48727508759
1125	0.4
1130	0.955444822985
1135	0.4
1140	0.4
1145	5.44769921125
1150	1.54390275911
1155	1.75465473216
1160	3.51988813688
1165	2.01917690959
1170	0.4
1175	0.4
1180	1.4592997317
1185	3.69366237593
1190	2.72088462534
1195	1.0042340473
1200	1.55194520578
1205	3.81927248131
1210	0.631298590742
1215	0.4
1220	1.42340124726
1225	0.4
1230	0.4
1235	1.4554254357
1240	0.4
1245	0.838042094664
1250	0.4
1255	1.78590818449
1260	2.9282880568
1265	1.10457884922
1270	0.4
1275	5.13478330304
1280	0.423155678744
1285	3.23683347073
1290	1.54676212515
1295	0.4
1300	2.20824700634
1305	0.775799728211
1310	0.4
1315	0.4
1320	2.12276632157
1325	2.16546012997
1330	1.81729877769
1335	4.51083486089
1340	0.4
1345	0.996179599776
1350	1.23632271882
1355	2.35602755787
1360	0.4
1365	2.08879077352
1370	0.837523821753
1375	0.4
1380	0.4
1385	0.4
1390	3.91540247795
1395	0.550670701331
1400	1.09011433304
1405	2.63168393131
1410	2.3757404255
1415	5.25872425265
1420	0.4
1425	0.4
1430	2.09271517943
1435	1.57043540696
1440	4.53137801609
1445	0.4
1450	0.4
1455	2.03543641613
1460	1.83362700148
1465	1.53124994824
1470	0.4
1475	3.03287145357
1480	2.24850112592
1485	0.4
1490	0.552914571991
1495	1.88511099512
1500	1.39057781405
1505	0.4
1510	0.4
1515	2.23419536338
1520	0.915080997942
1525	0.439443737948
1530	0.4
1535	1.9502520882
1540	0.614613581499
1545	1.01383222841
1550	1.48861158003
1555	0.622947752701
