0	6.18363513245
5	14.601202008
10	14.4460526013
15	8.55875953995
20	27.3952558846
25	27.3799661016
30	17.5188108092
35	12.0541177441
40	18.7477773534
45	16.3320478425
50	19.4714934585
55	20.0572147369
60	33.2863430906
65	16.0252987871
70	24.2638114294
75	12.188325535
80	0.4
85	8.8896973268
90	23.9775625861
95	22.8319040959
100	13.7528817689
105	3.36725763526
110	8.80395581278
115	16.0326179764
120	18.5126852716
125	25.8971673907
130	27.0351809549
135	22.0963959427
140	9.29198010509
145	22.7408162339
150	20.5477078746
155	17.1359232739
160	24.257325752
165	26.4959555582
170	17.0626501976
175	20.6509427649
180	4.14355733374
185	58.9876906309
190	9.78344149588
195	34.8825368843
200	45.8246261861
205	6.62383104185
210	22.2543869534
215	0.4
220	24.0438569072
225	21.8187570264
230	25.3533962215
235	16.8755995236
240	16.0743065248
245	23.5370871005
250	16.014735287
255	23.2902328681
260	11.1921733835
265	19.9705213844
270	30.7564180395
275	25.2710654653
280	22.4159286669
285	18.8983463589
290	15.1258075106
295	19.0678224406
300	13.8597373225
305	17.1747504802
310	23.8542083514
315	21.2784098279
320	25.5468854916
325	24.1334631819
330	26.6804633893
335	18.609213324
340	9.75045930414
345	20.3968281414
350	1.43945107862
355	23.3673614719
360	18.5975721946
365	14.580836224
370	37.4779397485
375	20.1752751021
380	14.8470443095
385	14.3365862425
390	11.0160901966
395	25.4087300768
400	15.3813599071
405	23.9377666854
410	42.2238921502
415	27.6417535141
420	26.2794040087
425	17.0378868437
430	19.6674486552
435	18.3525414455
440	24.5052195599
445	13.250244147
450	25.1008470132
455	16.2890111561
460	20.099004189
465	23.2028418526
470	26.014091854
475	30.5382433294
480	30.6592999914
485	12.2547826268
490	23.855491402
495	20.3351709782
500	24.4949632156
505	36.3479752526
510	14.7240724089
515	25.1525494715
520	34.9797940833
525	21.7717531781
530	21.507999119
535	18.9955241529
540	17.7896870658
545	18.8379734202
550	17.2538374697
555	8.85326734282
560	19.5649520106
565	18.1431231467
570	27.4986757853
575	18.3368048039
580	15.8919731816
585	21.1999889456
590	14.9081346054
595	31.505722844
600	0.4
605	27.2217338106
610	17.0754097231
615	25.17742742
620	20.8522625858
625	2.75681483739
630	18.6357707976
635	16.8333358267
640	16.7285284023
645	31.7520363635
650	12.177971875
655	10.1474732512
660	1.26344766775
665	20.3801792701
670	16.8435074572
675	18.4371812265
680	49.9882182798
685	23.5159020316
690	8.47583704407
695	22.122380107
700	30.0590809382
705	4.63638189631
710	23.1337625284
715	27.5385543785
720	22.4502886835
725	48.9132278384
730	10.0381161482
735	20.1981306532
740	23.3816330588
745	35.3227949107
750	21.2969171883
755	17.5534916052
760	34.4860140428
765	0.4
770	13.5347118077
775	40.1235747963
780	10.4238921451
785	19.4907468023
790	10.2732972931
795	13.1578337777
800	16.7611444197
805	24.3752711441
810	36.4613594246
815	9.0918864892
820	10.7358208417
825	16.7621765013
830	14.379902427
835	33.9901954684
840	25.7168721171
845	16.7179255735
850	21.8991701101
855	8.55293498626
860	9.90568094253
865	1.86779781147
870	19.7505025037
875	19.3913242204
880	21.6326184725
885	18.4797981534
890	12.2028106253
895	18.9378346845
900	29.3195477213
905	21.0777908602
910	30.1992767929
915	27.2570460642
920	23.218834971
925	20.7821027231
930	32.2192834734
935	19.2994376087
940	17.5791043249
945	20.2362124188
950	20.3820373415
955	24.3799103193
960	1.60970575447
965	32.8577995787
970	28.3694495437
975	2.39593329334
980	21.6130969149
985	0.983111653015
990	20.2815329499
995	28.6663818172
1000	16.4978932904
1005	17.5740114973
1010	7.43782226983
1015	19.131039693
1020	12.5452452474
1025	22.1769952252
1030	7.99170566709
1035	26.8851376119
1040	4.6057262991
1045	17.6256328314
1050	16.189067723
1055	15.797845926
1060	13.627149282
1065	18.0284167033
1070	25.7912500138
1075	13.8811839713
1080	34.4833539177
1085	33.817876725
1090	25.9018924721
1095	19.2267563159
1100	23.2717089494
1105	25.1492329825
1110	1.55773550779
1115	24.2476450253
1120	30.1054596304
1125	21.9093985801
1130	26.2273441957
1135	19.2152083808
1140	12.953885344
1145	24.6088077206
1150	25.7214910891
1155	16.5528718107
1160	0.614687226734
1165	29.2611275469
1170	17.7587861924
1175	22.6387236913
1180	20.973431509
1185	14.4143436584
1190	34.8007413264
1195	20.2923624847
1200	17.6767043419
1205	12.6932595022
1210	35.1478126627
1215	19.9655709173
1220	48.7055555976
1225	13.0928966552
1230	10.848706087
1235	18.9960402233
1240	21.2037296411
1245	18.554803855
1250	19.2621302287
1255	7.90223136212
1260	24.3989508893
1265	18.8266565669
1270	21.2246605877
1275	22.1307134088
1280	23.8305781156
1285	15.808069926
1290	17.9703491929
1295	12.3025675921
1300	26.0463114042
1305	9.18255617127
1310	22.0067582043
1315	27.3783847973
1320	26.8039951377
1325	16.0907073286
1330	11.8555232059
1335	25.9359827456
1340	24.7310221823
1345	23.853458795
1350	18.1342572484
1355	24.5014532009
1360	13.5086601202
1365	30.3155978449
1370	19.8979440084
1375	25.0516064293
1380	2.97110398075
1385	6.9508990477
1390	25.3537363264
1395	17.9152072466
1400	24.6975004456
1405	9.55172409287
1410	13.6971563323
1415	2.68385698499
1420	8.8934702359
1425	12.3688571433
1430	23.5043063302
1435	14.6280115272
1440	20.7786905462
1445	10.7298694657
1450	29.7331186889
1455	20.7273283749
1460	21.9593337144
1465	20.7447317484
1470	18.970674782
1475	19.6413999171
1480	8.42247170456
1485	16.7120373259
1490	34.2137775995
1495	10.9587419969
1500	27.2363923369
1505	27.0805493669
1510	22.444987595
1515	28.8768308244
1520	18.2708469157
1525	58.0422423008
1530	16.6273447523
1535	7.24941976782
1540	18.5294090051
1545	13.4293340322
1550	16.5337314089
1555	28.3778315785
1560	5.07429407676
1565	23.611329939
1570	24.4306751501
1575	23.5688689859
1580	20.0031704535
1585	18.1475496684
1590	0.4
1595	0.4
1600	19.620627289
1605	18.639857458
1610	19.6576440218
1615	18.6352226879
1620	31.8376770041
1625	1.01386234907
1630	17.1560463236
1635	20.5536962094
1640	17.7612126414
1645	14.0010649709
1650	17.0839342653
1655	25.7686796552
1660	29.0292408834
1665	19.1864049227
1670	25.5845978099
1675	17.0067809914
1680	20.4941938544
1685	18.9984420196
1690	26.2113380862
1695	0.4
1700	22.3513538327
1705	17.9401734312
1710	18.5308990878
1715	19.931640882
1720	21.2308086306
1725	19.009101866
1730	16.7738926761
1735	22.6049697949
1740	19.3231327631
1745	18.2996473998
1750	16.7447589595
1755	21.3303751488
1760	18.7686160014
1765	16.4954492517
1770	28.0423935474
1775	0.4
1780	16.4762811712
1785	18.3683482379
1790	18.7873583976
1795	23.2285516616
1800	16.9388590985
1805	14.439277415
1810	32.6371426525
1815	10.7413736511
1820	34.7931029172
1825	7.49247059475
1830	24.857495729
1835	14.9292485407
1840	18.5380897975
1845	16.8080261536
1850	34.5077512432
1855	18.0596822538
1860	15.5827921659
1865	0.4
1870	21.4159727476
1875	36.3649000881
1880	24.4727885177
1885	18.3464759525
1890	20.5251381428
1895	19.8368360542
1900	0.797033799463
1905	31.9795513544
1910	33.0051172679
1915	8.8832802201
1920	22.5961803702
1925	37.8852944881
1930	20.002257966
1935	17.8376896253
1940	2.63433399199
1945	6.88486380986
1950	8.56336753685
1955	13.2424684134
1960	23.7922577102
