0	0.805930951688
5	3.03307754745
10	3.52086339339
15	1.60079594588
20	0.4
25	0.4
30	1.38111538841
35	3.36460459811
40	1.74258523513
45	0.4
50	0.4
55	6.05221315258
60	2.27053412005
65	1.59840417735
70	0.961601488746
75	0.4
80	0.853725848798
85	3.30025028102
90	0.4
95	1.84657153354
100	2.65335880023
105	0.4
110	1.18615189427
115	0.4
120	5.23602816625
125	7.5756618582
130	0.4
135	3.16699148722
140	0.4
145	2.07365091755
150	4.51976067824
155	0.4
160	0.4
165	2.24424191952
170	1.07774433186
175	5.05175004508
180	2.70964433742
185	1.6547331971
190	0.4
195	4.89423870726
200	2.0431545867
205	0.694916293132
210	2.24640889056
215	0.601563705922
220	6.16052771813
225	0.738142751606
230	1.47673860213
235	1.68362912179
240	0.4
245	2.93171812927
250	0.556444089555
255	2.61962453589
260	0.601732140015
265	2.43312400069
270	0.4
275	1.74884813758
280	3.84446591361
285	0.4
290	0.675877739248
295	1.69635130799
300	0.4
305	1.24591103425
310	2.01089046286
315	3.36211232385
320	10.5403849523
325	0.4
330	0.4
335	3.27397701321
340	2.38734499864
345	0.4
350	0.482027103764
355	0.903343604695
360	0.4
365	6.3286352728
370	0.4
375	0.4
380	0.724413313203
385	1.62979345289
390	0.4
395	0.86054617481
400	0.4
405	1.78019802616
410	1.47801091536
415	0.557741012523
420	0.811953150225
425	0.742144415775
430	3.87378219584
435	0.4
440	1.03167807852
445	0.748190887764
450	2.30052541369
455	2.12315663526
460	1.01389606346
465	1.6977465533
470	1.29523044818
475	3.2263073609
480	2.11659690171
485	0.4
490	2.44687219339
495	2.12491085374
500	4.1629611844
505	2.96621602055
510	0.4
515	1.09029799705
520	7.85619053775
525	0.719245136716
530	2.36403647255
535	1.94987682135
540	2.99477340134
545	1.63685239723
550	1.1339258307
555	0.4
560	1.69818397398
565	2.1911957585
570	0.4
575	1.71355468785
580	1.03604676846
585	2.55125635188
590	2.81380071207
595	0.4
600	1.03955271852
605	5.46909655293
610	1.75142973875
615	1.7514600233
620	2.62309306677
625	0.4
630	1.56339919073
635	4.97209450985
640	0.4
645	4.07871993923
650	0.4
655	3.17240759134
660	6.65904368576
665	1.36305526023
670	1.25469715226
675	4.72729026578
680	0.4
685	1.35768132316
690	10.3866417327
695	4.88309205218
700	0.4
705	3.01718838802
710	2.53706783953
715	2.41790037166
720	3.99891236738
725	3.29445538298
730	0.4
735	2.04587984081
740	0.4
745	0.4
750	3.84629105885
755	1.56471670476
760	2.9099871588
765	0.4
770	2.15804600405
775	3.49920320754
780	0.4
785	0.4
790	0.4
795	0.489569294086
800	0.882239602528
805	1.16010311181
810	1.67591213479
815	0.4
820	0.96067843255
825	2.24694024781
830	1.09254562382
835	0.4
840	3.15807328818
845	2.84898992058
850	0.4
855	0.4
860	10.6469036558
865	3.07302466635
870	0.4
875	0.4
880	0.4
885	0.4
890	1.87179325068
895	2.57666474739
900	0.4
905	3.21968891543
910	0.4
915	0.64243046393
920	0.672621332917
925	0.525153548694
930	1.45337435055
935	0.4
940	3.80098107943
945	0.4
950	0.416153842407
955	0.4
960	1.63509071511
965	0.4
970	2.81683744333
975	0.4
980	3.98727790866
985	0.746952617151
990	2.4301435188
995	1.7060333312
1000	0.473753610184
1005	0.4
1010	0.4
1015	0.883954975675
1020	0.4
1025	1.2298992415
1030	2.59575850985
1035	2.21211499151
1040	1.24683578891
1045	1.8832446262
1050	0.84756250701
1055	3.28780689358
1060	2.45119854106
1065	3.11007526229
1070	3.93161093046
1075	4.37611788296
1080	4.71696317652
1085	3.03902471061
1090	2.75454456281
1095	12.1192462525
1100	1.37196841949
1105	0.948134214955
1110	0.916702683159
1115	1.58638587487
1120	2.91463436623
1125	7.78920608514
1130	1.60551314581
1135	5.51015139525
1140	0.4
1145	0.4
1150	0.4
1155	1.58198152354
1160	3.8407313217
1165	0.770668964583
1170	5.10687509104
1175	3.88134206569
1180	2.7288583003
1185	0.423154642769
1190	0.4
1195	0.4
1200	0.4
1205	5.21991345282
1210	0.4
1215	2.25753788633
1220	5.03822819238
1225	0.4
1230	0.4
1235	2.08589996073
1240	4.49204583533
1245	2.73288923797
1250	0.4
1255	4.4909065353
1260	0.4
1265	2.06810385816
1270	3.11354636675
1275	4.24507676678
1280	2.0548627441
1285	1.28851032412
1290	0.4
1295	0.864518504299
1300	0.4
1305	0.4
1310	1.78844664206
1315	0.4
1320	0.947261041944
1325	1.53126343206
1330	1.95282186159
1335	2.903463946
1340	0.886377776865
1345	3.30300915505
1350	2.43403325865
1355	1.17779808865
1360	1.50029714296
1365	0.4
1370	2.05080499018
1375	2.23905170112
1380	1.58356835284
1385	0.419567573006
1390	2.88089826229
1395	1.44049809628
1400	2.26732140775
1405	0.4
1410	1.32816439562
1415	3.06067223707
1420	1.89312658911
1425	1.98667402169
1430	2.30167899738
1435	1.84880238662
1440	0.4
1445	0.4
1450	0.4
1455	5.04017807891
1460	2.23344583186
1465	5.91577261305
1470	1.11428723778
1475	2.01531872093
1480	0.4
1485	1.40447601703
1490	1.16920651191
1495	2.93989144838
1500	0.4
1505	3.22176000588
1510	0.715234595372
1515	0.4
1520	1.40736899684
1525	2.02009068922
1530	0.4
1535	0.4
1540	0.4
1545	1.15705912701
1550	0.4
1555	7.47643270591
1560	0.4
1565	1.59967280049
1570	1.06524575173
1575	1.13544051798
1580	0.877771340003
1585	1.79365792327
1590	0.4
1595	3.12743306103
1600	1.82927350295
1605	2.49425843209
1610	0.891332463349
1615	3.44033409246
1620	2.91104942461
1625	0.4
1630	0.941844943679
1635	0.4
1640	2.45941599179
1645	2.84524201062
1650	1.57812520396
1655	0.4
1660	1.92452273001
1665	0.578664627621
1670	0.4
1675	1.34015176846
1680	2.40941219815
1685	0.666566925524
1690	5.88846477809
1695	5.45021572758
1700	0.522348005177
1705	5.25667778519
1710	1.37620486291
1715	2.83697064907
1720	1.08778131811
1725	0.79032769572
1730	1.27823463773
1735	1.59607294669
1740	4.79022671171
1745	2.71930094631
1750	5.95679278373
1755	0.4
1760	1.30946034712
1765	1.6693313187
