0	18.4729204779
5	2.48932693008
10	0.4
15	1.54013528561
20	3.36688633072
25	1.89434954215
30	0.4
35	8.02541831377
40	0.4
45	3.4500219279
50	3.97559681652
55	0.4
60	0.4
65	4.33501882194
70	3.84830028341
75	3.58694128554
80	3.28861469358
85	4.12285815867
90	2.56564805436
95	6.02410785639
100	8.60667516682
105	6.30327508784
110	2.94410629337
115	1.15221532716
120	2.53285985162
125	5.02770244959
130	4.44864296015
135	0.4
140	1.42932668601
145	1.91385350656
150	6.70149614809
155	3.83315384033
160	0.994365128468
165	2.07381992182
170	4.65308411034
175	0.971437420528
180	1.18974842902
185	0.4
190	0.4
195	11.3316700503
200	4.98783594179
205	0.653246643997
210	4.69236215016
215	6.1191633506
220	2.58631056976
225	1.14335687763
230	4.63340352682
235	2.26471385672
240	2.14874707261
245	4.22354654336
250	0.976815411692
255	0.4
260	0.4
265	2.46611899005
270	6.89281339717
275	3.32272437532
280	2.71658313301
285	2.15773021351
290	5.02971028383
295	5.55220850875
300	0.4
305	1.25395449906
310	3.1824745249
315	8.75473857072
320	11.7165172193
325	2.89010454251
330	3.7116156339
335	2.11822907545
340	5.05522744373
345	1.18826385927
350	5.14475681971
355	10.2440419089
360	2.53543021659
365	2.29577478489
370	0.509546039843
375	2.28187580816
380	0.4
385	2.31373376444
390	9.16385902602
395	0.4
400	2.17541107285
405	2.87290676714
410	7.57367449053
415	2.17632425272
420	0.4
425	3.43933887716
430	3.50410546301
435	1.47322599163
440	2.05368619714
445	0.4
450	3.99491249896
455	3.99805521936
460	0.4
465	0.4
470	6.69459698871
475	7.4080501816
480	0.996918660913
485	2.73830615394
490	0.4
495	0.4
500	14.1728139227
505	3.45672827761
510	13.6500777158
515	4.78709118112
520	13.1628909181
525	4.15885146203
530	0.675179201717
535	3.6867197392
540	0.4
545	9.29176888465
550	2.87723695212
555	0.4
560	10.7930166935
565	11.0056646703
570	2.42259130111
575	2.2089415235
580	0.4
585	11.6228184799
590	4.55937559266
595	3.43530010635
600	3.51478123439
605	4.13689000945
610	3.03297526956
615	1.48793023596
620	0.4
625	3.11296976463
630	2.5085669222
635	0.4
640	2.28454271278
645	2.55276649594
650	3.37954093022
655	7.42397026109
660	4.72112943127
665	1.97096921555
670	4.07642767774
675	4.11398349917
680	2.78103153079
685	4.99746742666
690	3.37692348152
695	12.3098958334
700	0.4
705	0.4
710	6.84867797714
715	4.64165785099
720	3.17276532503
725	3.54057329163
730	0.4
735	0.443884451939
740	0.4
745	10.3645832927
750	2.38659951683
755	1.54973235861
760	7.44863787372
765	3.12531680283
770	0.747138805373
775	3.31373710802
780	2.55682788309
785	6.3377407427
790	2.49176644652
795	8.12417717718
800	1.49196119755
805	3.6528228768
810	14.3243995158
815	2.40441172766
820	3.20721484548
825	0.4
830	4.85212026865
835	0.4
840	3.24444087947
845	0.4
850	9.84040990349
855	2.32401832004
860	4.79581569864
865	0.4
870	2.42390874722
875	0.938389782948
880	0.4
885	6.15455449871
890	5.13665026758
895	5.94019947366
900	3.94656467364
905	7.2300917656
910	2.91048295362
915	0.4
920	0.898549977353
925	4.78655614873
930	0.865192397555
935	6.13549969788
940	0.4
945	0.4
950	5.17124410408
955	4.31358816013
960	1.06266872033
965	2.99898569122
970	2.67086992453
975	1.93061351634
980	0.4
985	0.4
990	2.92205741174
995	6.51551049009
1000	5.55804501642
1005	1.60669566028
1010	7.08653174894
1015	1.4754230359
1020	6.82231812958
1025	0.4
1030	5.98587178343
1035	0.769185039058
1040	6.62013537311
1045	6.1177240172
1050	3.7415189403
1055	0.4
1060	2.5807110967
1065	7.05042155731
1070	0.4
1075	4.88812506228
1080	1.19396847702
1085	8.39030849038
1090	7.93021000155
1095	2.60463720932
1100	4.01331589459
1105	0.4
1110	0.4
1115	0.711155094804
1120	8.84012016621
1125	0.4
1130	0.4
1135	3.24116481739
1140	2.9721637183
1145	2.40146005473
1150	0.527709182814
1155	6.49320112527
1160	1.96258575378
1165	0.4
1170	6.9811989942
1175	2.94830761536
1180	0.4
1185	2.04538472803
1190	12.7486738763
1195	0.4
1200	4.98349337901
1205	3.63794456997
1210	6.61942850428
1215	4.83105307761
1220	2.93404173807
1225	0.4
1230	5.42229114278
1235	5.29171966995
1240	6.45727833284
1245	0.648521170132
1250	4.91572948387
1255	4.62652011123
1260	2.33352950116
1265	4.97018267508
1270	2.40455310622
1275	4.0880545606
1280	0.4
1285	6.68960148917
1290	0.4
1295	3.81079050277
1300	0.4
1305	3.04906362499
1310	0.904001395504
1315	1.44278752475
1320	2.90130194002
1325	4.35447151862
1330	12.1171421694
1335	0.4
1340	3.39335267323
1345	0.767334352332
1350	0.857354655468
1355	4.10310909864
1360	0.4
1365	0.4
1370	0.4
1375	1.84885701934
1380	3.38437229135
1385	1.56803430686
1390	0.4
1395	0.4
1400	1.18694893108
1405	2.83139065559
1410	14.3259565618
1415	4.96728142453
1420	3.16868341099
1425	0.744563179801
1430	5.68052603058
1435	0.4
1440	0.4
1445	1.84535047163
1450	0.4
1455	0.4
1460	0.4
1465	1.85012647308
1470	2.54688296847
1475	0.4
1480	1.30291114658
1485	0.4
1490	0.4
1495	4.76841927925
1500	3.08435817102
1505	0.4
1510	0.762307564878
1515	2.49920553638
1520	5.38888462749
1525	0.4
1530	16.8082465388
1535	0.4
1540	0.4
