0	9.63027236032
5	0.4
10	5.23301269007
15	6.79815039953
20	0.4
25	0.400000029498
30	4.68922012249
35	0.4
40	3.55026380441
45	6.13747594615
50	6.54596750416
55	14.7712319584
60	15.4985644146
65	3.48423143718
70	5.90751387196
75	11.1355725589
80	0.4
85	0.4
90	0.4
95	0.4
100	7.0505976106
105	3.32865321921
110	4.13765031534
115	25.8160958829
120	1.37821721213
125	6.51277993961
130	0.4
135	1.66798994998
140	1.05136543173
145	3.63685012837
150	5.77543580228
155	0.4
160	0.4
165	0.4
170	9.2181775274
175	16.3685316289
180	0.856252724545
185	4.90575266996
190	2.9064432019
195	0.4
200	12.4695285882
205	0.407050768902
210	18.9410705399
215	12.955483508
220	9.88374802085
225	0.4
230	15.430516944
235	8.84405980741
240	3.32336643424
245	7.08614265311
250	4.89524858515
255	0.515378099356
260	0.675832978245
265	13.5197871157
270	10.0464708669
275	20.4005495838
280	5.33068481778
285	4.98317071661
290	5.1804595752
295	0.4
300	0.831137270935
305	1.62148964055
310	2.57267052699
315	5.97904635107
320	0.4
325	2.15868572007
330	0.4
335	0.4
340	0.4
345	6.34462610634
350	3.8391900313
355	12.0914655546
360	0.4
365	3.3177860202
370	5.92777411935
375	0.70178836278
380	0.4
385	6.56778937158
390	2.92290304673
395	11.9798828335
400	0.4
405	10.6013826583
410	4.3637981855
415	1.06598560542
420	3.79688262632
425	0.4
430	7.84648438457
435	6.43549858645
440	8.4991937565
445	7.06965208175
450	7.95754405966
455	6.3102656879
460	1.26632607317
465	4.62741289738
470	2.20005410021
475	2.33238332956
480	0.4
485	4.63173250065
490	8.07041153855
495	6.12151617304
500	0.4
505	0.659158264275
510	0.4
515	8.45461589679
520	7.3749770733
525	2.75565617351
530	1.34135270977
535	1.77964922916
540	2.82627175727
545	0.981656792437
550	7.68626058632
555	0.4
560	0.4
565	3.56780641772
570	11.3031922847
575	4.30881900538
580	0.8772015769
585	5.65557065674
590	0.4
595	1.35343121159
600	0.824962634539
605	0.4
610	5.38805177362
615	6.37586051299
620	0.4
625	5.9749853792
630	2.37439980056
635	0.4
640	3.56402950894
645	5.17673425026
650	4.66355514874
655	8.31732451561
660	2.37824437279
665	5.28533059926
670	3.7940442853
675	5.39544668102
680	0.4
685	1.00261347186
690	8.44894795962
695	1.44660327461
700	1.37286013
705	4.57610494941
710	0.958076892029
715	0.4
720	0.4
725	37.6263915772
730	2.31530926842
735	6.75274812008
740	5.43190191175
745	0.4
750	7.19891886359
755	20.6963247712
760	0.4
765	9.44586517716
770	7.57414738624
775	4.57294442954
780	5.26595503383
785	2.19012819261
790	3.98164603111
795	3.90399400292
800	9.95816999784
805	0.4
810	9.68303148522
815	2.83629985088
820	6.7423898419
825	7.26718593436
830	4.35629835364
835	15.5603219231
840	4.88331662564
845	3.92426427489
850	0.4
855	10.449647965
860	0.4
865	21.479677913
870	3.98377386594
875	2.53763681808
880	2.8020901248
885	2.37854583182
890	4.91794560462
895	0.4
900	3.43334431019
905	0.4
910	4.88535772333
915	10.9137442449
920	5.05097539828
925	3.06637123609
930	6.06819153945
935	5.28469369783
940	5.03589148399
945	0.4
950	4.00641603971
955	5.1793763808
960	7.00240582855
965	4.27719467847
970	2.19148787739
975	5.67091226987
980	5.35204063147
985	0.944545306268
990	13.751338829
995	3.0747220553
1000	0.4
1005	15.9139077428
1010	8.19707276694
1015	4.03249566215
1020	6.89331636881
1025	6.53026390642
1030	5.25888626052
1035	6.63575961083
1040	0.4
1045	0.4
1050	8.60508185903
1055	4.63121373027
1060	7.59250513339
1065	0.4
1070	5.29474671329
1075	6.06914173527
1080	1.78168205539
1085	5.49670613789
1090	2.70634193846
1095	2.46812007252
1100	3.02373338192
1105	1.04949991335
1110	12.7244142085
1115	14.4411599404
1120	4.70761098005
1125	2.69270858202
1130	7.5424599122
1135	3.79929573601
1140	5.0920650436
1145	0.4
1150	0.995753826098
1155	0.4
1160	6.96647602414
1165	5.93767053134
1170	5.11208274782
1175	4.71333704179
1180	10.5681320897
1185	0.4
1190	4.30346393045
1195	0.576718827636
1200	2.81693749298
1205	3.77518777021
1210	6.74894906875
1215	11.9826257849
1220	0.4
1225	0.4
1230	3.79067516556
1235	0.4
1240	10.481864566
1245	3.00201264356
1250	2.22297471138
1255	7.54141717328
1260	0.4
1265	6.60854636941
1270	1.95216463757
1275	12.6193878742
1280	5.49955841897
1285	11.4175363106
1290	8.87530589355
1295	6.54211440299
1300	3.04493377109
1305	11.9703678902
1310	5.78894506917
1315	2.37795961431
1320	0.4
1325	0.4
1330	9.0984163461
1335	11.9121763581
1340	0.4
1345	0.895632063213
1350	5.82005726399
1355	0.979665301932
1360	4.55007168092
1365	3.91058092318
1370	0.4
1375	0.4
1380	13.2121627945
1385	3.35918943763
1390	0.4
1395	9.89190508051
1400	3.17828494108
1405	4.97951370755
1410	4.07118666445
1415	5.17415784758
1420	9.94840598488
1425	4.49844125737
1430	0.4
1435	9.18346185017
1440	4.5356444042
1445	0.4
1450	0.4
1455	8.53639950361
1460	1.64055152645
1465	2.54862128524
1470	4.09273303704
1475	15.0678614034
1480	5.75787205486
1485	4.23003086163
1490	3.38119689762
1495	7.16726201551
1500	8.8843790999
1505	0.4
1510	2.9587409726
1515	8.56337877614
1520	18.76757196
1525	0.4
1530	5.1452619821
