0	0.4
5	0.4
10	1.97629551345
15	2.14510232233
20	3.84925471838
25	2.2112904114
30	4.97939360976
35	2.34235154788
40	5.64754625816
45	5.2230727282
50	1.69088162201
55	6.9847761152
60	5.17532568328
65	2.27123191913
70	2.8290584332
75	2.43644081176
80	3.6687679961
85	3.462769986
90	0.4
95	0.682607210595
100	1.81923904987
105	0.75486094442
110	2.95195984805
115	3.67732386608
120	2.71080166611
125	2.02519666703
130	0.4
135	0.4
140	3.2743746946
145	7.13249795732
150	4.59043586024
155	2.69381816404
160	1.18334527905
165	12.6211993231
170	5.64904654638
175	1.16157333397
180	3.24661360977
185	2.93165406606
190	0.4
195	8.83709450888
200	4.2010659977
205	2.78126104203
210	0.4
215	0.4
220	3.66959172269
225	2.12744812063
230	0.4
235	0.4
240	1.95969744405
245	3.10998814122
250	1.97337570234
255	1.86027934512
260	0.90913674404
265	1.77971256757
270	1.74426163716
275	8.02546275952
280	5.41180738229
285	1.32816296419
290	6.05085174854
295	2.40692467568
300	5.41795668386
305	0.4
310	2.36148941163
315	3.45645816652
320	7.01661948301
325	2.11054202335
330	0.895856283362
335	0.745652367449
340	2.87195434922
345	0.4
350	4.75892241711
355	1.26464551672
360	1.57368412179
365	3.99087557502
370	0.4
375	0.4
380	1.10581711547
385	2.28610104231
390	5.48855945041
395	6.45947835339
400	5.90340413739
405	5.32801707239
410	4.90433184658
415	1.06999203109
420	2.59798719817
425	1.76567039113
430	4.90271654819
435	0.4
440	6.46525643278
445	4.43338229916
450	1.2694151342
455	11.3151243581
460	1.14905353812
465	3.58471265079
470	3.23631328292
475	2.41883752021
480	4.12497796334
485	6.24923578
490	4.70048487986
495	2.11824832634
500	0.4
505	1.34520421756
510	2.74034049164
515	6.23586480025
520	0.4
525	8.84268121782
530	4.17180888329
535	3.33530961164
540	0.4
545	2.57689400194
550	4.07629879508
555	3.07678240997
560	1.28691202076
565	4.57706910819
570	4.78447992866
575	4.01513952024
580	2.00392385588
585	6.01076659314
590	6.17514772532
595	1.40001652792
600	0.4
605	3.36745143232
610	1.70709973441
615	1.71959175989
620	0.4
625	1.2423864167
630	0.4
635	4.11815533879
640	0.4
645	1.89069055813
650	6.42257389949
655	3.43116809625
660	3.1233743648
665	2.9304135347
670	4.61123069836
675	0.4
680	1.51226373497
685	11.8203932645
690	3.08272894587
695	0.561523671496
700	4.13090448069
705	13.060733117
710	0.4
715	5.27662219536
720	1.90330108136
725	1.4710618046
730	4.1436263002
735	2.76083767378
740	7.79235521147
745	2.19105277424
750	0.938621068945
755	0.4
760	2.25954955503
765	0.4
770	1.62351416989
775	2.774208347
780	1.79372085539
785	1.01073455532
790	9.38812736142
795	5.27480672512
800	7.11955094428
805	0.635869930496
810	3.54346705564
815	3.33412569451
820	3.4420479034
825	3.12533796225
830	6.14159693525
835	0.4
840	1.3964150564
845	4.05133686567
850	0.4
855	0.4
860	3.36735637279
865	5.97440389069
870	0.4
875	1.82372627217
880	1.77732243488
885	1.54236094454
890	3.72024709945
895	4.43654499343
900	1.57275114803
905	3.23671907029
910	4.91037216383
915	3.88090398967
920	7.0022149033
925	2.67092003854
930	3.58862361445
935	0.4
940	0.4
945	4.18846443399
950	3.17394939749
955	2.33168290738
960	8.59991286205
965	3.77634293655
970	4.51863812459
975	3.96411058066
980	7.5489152544
985	2.13790741404
990	0.926623125981
995	0.4
1000	8.90588304111
1005	1.68650451907
1010	6.04943197409
1015	3.45014883513
1020	0.4
1025	2.99359802372
1030	1.37230576863
1035	3.28905045079
1040	0.4
1045	0.4
1050	1.27427129492
1055	6.06984613959
1060	5.69512961802
1065	1.83305247293
1070	2.24180740293
1075	1.51560895468
1080	9.18706337489
1085	12.4420828012
1090	1.99298888002
1095	4.01427640893
1100	1.97740617026
1105	8.56357047874
1110	3.65772349578
1115	0.437392298
1120	2.95837728652
1125	11.3321178428
1130	3.57697612072
1135	0.677247745813
1140	1.98088189786
1145	7.92304855518
1150	0.4
1155	6.99102384778
1160	2.30094125483
1165	2.32450468308
1170	0.4
1175	1.245671824
1180	3.82134485004
1185	1.4635739458
1190	0.965861624342
1195	4.15990767426
1200	1.82267566823
1205	5.94807946482
1210	0.402822652196
1215	0.4
1220	0.4
1225	4.48723009988
1230	0.4
1235	3.22895148366
1240	1.60146857976
1245	2.82085687771
1250	3.90429062243
1255	3.36415824913
1260	5.72002671683
1265	3.27928455662
1270	0.961568241045
1275	3.0021162103
1280	0.4
1285	0.4
1290	2.00126495578
1295	2.46511877058
1300	0.4
1305	3.05271328906
1310	2.66821942887
1315	4.65107918901
1320	0.4
1325	4.41978394963
1330	0.4
1335	4.2898572952
1340	1.34351798526
1345	5.44890960412
1350	7.10891747097
1355	6.87673296575
1360	12.3906300919
1365	0.4
1370	1.27123759154
1375	1.91069311617
1380	6.45757693087
1385	2.26234864985
1390	2.03138217414
1395	1.35117201487
1400	1.46841860333
1405	1.5187026118
1410	1.84587356844
1415	2.06672147683
1420	2.54427692139
1425	1.17647677034
1430	3.45662555586
1435	2.31142169898
1440	3.41727148141
1445	0.693613274327
1450	2.04031360037
1455	9.1735336022
1460	3.62997489657
1465	2.07522210025
1470	0.4
1475	2.71968447486
1480	3.71131862222
1485	7.22002621515
1490	2.40066043651
1495	3.21403021535
1500	1.08675759868
1505	2.49040409145
1510	8.24200150772
1515	1.74120352014
1520	1.06785417371
1525	3.64226153256
1530	2.92123341128
1535	2.77431476485
1540	8.02388538936
1545	0.4
1550	11.0214939223
1555	6.28158983102
1560	4.27238294993
1565	3.11971611253
1570	4.28348047618
1575	1.39825476006
1580	2.7895205769
1585	0.4
1590	3.4077332523
1595	1.3399231554
1600	2.21263245588
1605	3.53398105436
1610	0.4
1615	0.744960985838
1620	0.53784993323
1625	3.11394509342
1630	0.951187897782
1635	3.69424115827
1640	0.815902111501
1645	5.05650414678
1650	3.98541303121
1655	4.68658818566
1660	5.85771743894
1665	13.111408696
1670	1.70461338629
1675	0.4
1680	4.61578217725
1685	2.25223874452
1690	0.526001068494
1695	1.27216745949
1700	2.29721320595
1705	3.85119292352
1710	0.4
1715	8.00431391347
1720	5.00913952026
1725	1.08307979053
1730	1.82086881166
1735	3.57299391501
1740	4.2867185392
1745	4.96401753317
1750	2.3479193546
1755	1.74738357765
1760	0.4
1765	1.08532172035
1770	3.78931677956
1775	0.4
1780	5.29321789878
1785	6.06489548399
1790	4.10745232177
1795	2.17841293715
1800	7.18877851941
1805	0.4
1810	3.74044852432
1815	3.82378634724
1820	7.72107685668
1825	2.76781646878
1830	2.22685642369
1835	4.11308893815
1840	3.09923272797
1845	2.27466672024
1850	0.4
1855	1.54852196389
1860	6.47459575974
1865	2.43982533385
1870	2.10993794174
1875	2.88592426391
1880	2.04999979172
1885	3.16420262933
1890	3.67749167044
1895	3.00261223742
1900	3.78808629944
1905	4.50729392754
1910	8.89893866308
1915	3.45411675337
1920	0.4
1925	5.54274078868
1930	4.62727937657
1935	8.29313026311
1940	4.23860110224
1945	5.60422304476
1950	3.27515666385
1955	2.87451482596
1960	2.61423681294
1965	3.45057639491
1970	3.91562779671
1975	3.8402374367
1980	10.1741975181
1985	6.16854635933
1990	2.07143016172
