0	2.97438622011
5	1.28619053176
10	2.06767819866
15	0.808455423508
20	0.4
25	3.77962715726
30	0.4
35	0.4
40	6.13004606842
45	2.695396194
50	4.48963220037
55	0.4
60	1.55641619547
65	0.4
70	1.3718042266
75	0.4
80	0.4
85	0.4
90	2.46986462069
95	3.24352184372
100	0.4
105	0.4
110	0.4
115	0.4
120	0.4
125	0.4
130	1.15831468653
135	4.70967380987
140	1.98659178865
145	0.4
150	0.4
155	1.1326608798
160	0.4
165	0.4
170	4.14135341118
175	0.4
180	3.69140845484
185	0.4
190	0.4
195	2.65162174684
200	0.572645299122
205	0.4
210	0.4
215	0.4
220	3.7322510778
225	1.37925933321
230	0.4
235	0.4
240	1.70191853633
245	0.4
250	0.4
255	1.82818395664
260	0.660402508842
265	0.4
270	0.4
275	0.4
280	0.4
285	0.4
290	0.580791990915
295	0.877432372308
300	0.4
305	1.25214980063
310	0.825426777094
315	4.13787509887
320	0.804738827063
325	1.28321879351
330	0.4
335	3.34051312599
340	0.4
345	3.92400255673
350	0.4
355	0.4
360	0.4
365	0.4
370	0.4
375	0.46884451916
380	0.880232798359
385	0.4
390	0.4
395	1.49208278124
400	1.4213273586
405	1.6067552012
410	0.519859534769
415	1.65621039282
420	1.1889420576
425	1.76578008503
430	0.4
435	10.2006510254
440	0.4
445	4.11262396247
450	2.69757786572
455	2.03136188267
460	2.52275457468
465	1.39863030481
470	3.7634350293
475	0.4
480	0.4
485	0.4
490	0.64730969791
495	1.97663262629
500	0.4
505	0.894770679309
510	0.4
515	1.57231245686
520	1.47797405422
525	0.4
530	0.4
535	1.26400541898
540	0.4
545	0.4
550	0.4
555	0.4
560	0.479278798395
565	2.53154962703
570	0.4
575	0.4
580	0.4
585	2.00639664674
590	0.4
595	0.4
600	5.09247045818
605	4.60706201482
610	3.06306531609
615	2.04796150124
620	3.02446749265
625	0.4
630	0.4
635	0.4
640	0.4
645	0.4
650	2.63587898818
655	1.97589183156
660	0.812221634873
665	0.4
670	3.49200466002
675	0.4
680	0.4
685	1.78999485441
690	1.04146287142
695	0.556728917533
700	0.410356027075
705	0.863759719415
710	4.68738772633
715	0.4
720	0.4
725	1.26667794316
730	0.680593565201
735	0.4
740	0.4
745	0.4
750	3.56673393947
755	2.06597458819
760	1.74776141885
765	1.44664735874
770	8.20669377071
775	1.71837789207
780	0.58247221328
785	0.4
790	2.63783804699
795	0.595152605903
800	0.4
805	0.793293981309
810	0.4
815	0.4
820	0.4
825	0.4
830	1.15631328875
835	1.85736695399
840	2.48488007159
845	0.4
850	1.77412195575
855	0.4
860	3.7528964482
865	3.26965853251
870	1.62158077012
875	0.4
880	1.7814615925
885	2.99209405004
890	0.4
895	0.4
900	0.687964490838
905	0.74927393021
910	0.4
915	0.662165505775
920	6.45921840745
925	0.4
930	0.4
935	1.43044924618
940	1.92745427616
945	1.41934803947
950	0.567544567663
955	0.4
960	1.53280447911
965	0.4
970	2.36961203913
975	0.5797130281
980	0.4
985	0.4
990	1.31720233355
995	0.4
1000	2.41429588477
1005	3.84155508159
1010	0.4
1015	1.2638943984
1020	0.4
1025	1.94869346948
1030	0.4
1035	1.43671103966
1040	0.4
1045	1.64274060597
1050	0.4
1055	4.85382659068
1060	0.4
1065	0.719330827019
1070	2.82331808362
1075	0.4
1080	0.841136437897
1085	0.646773519068
1090	0.4
1095	0.4
1100	2.2794422117
1105	0.434690439919
1110	2.61084562802
1115	0.55647998894
1120	2.98647670371
1125	0.4
1130	2.58667609598
1135	1.46691311318
1140	5.78736120165
1145	0.4
1150	0.4
1155	0.4
1160	2.24284824067
1165	0.780799855154
1170	3.94525574795
1175	1.40648107601
1180	0.716330144456
1185	5.05677398189
1190	0.4
1195	8.59652494506
1200	0.97729543435
1205	0.4
1210	0.4
1215	0.4
1220	0.4
1225	0.4
1230	0.4
1235	4.21441725888
1240	1.32237250989
1245	3.89123841879
1250	0.4
1255	0.719375898465
1260	0.569828555305
1265	2.45990791145
1270	0.765542262693
1275	0.4
1280	0.4
1285	5.28340295237
1290	0.519316028001
1295	4.87595296839
1300	0.4
1305	0.4
1310	1.39092260932
1315	2.06531996659
1320	0.904223664535
1325	0.917599871394
1330	2.31751266465
1335	0.639072804041
1340	0.548269853406
1345	0.4
1350	3.72195937167
1355	0.4
1360	0.4
1365	0.4
1370	0.4
1375	0.4
1380	3.83053920757
1385	0.4
1390	1.99208884084
1395	0.874906507536
1400	0.4
1405	2.09287746877
1410	0.4
1415	1.12517276351
1420	1.01989649726
1425	4.36287331772
1430	0.533962821258
1435	2.10015611704
1440	0.4
1445	0.4
1450	3.08562221383
1455	1.11274007955
1460	0.4
1465	1.11694607986
1470	0.4
1475	0.4
1480	4.61223451308
1485	0.4
1490	3.52771409187
1495	0.526858341168
1500	3.54786036603
1505	0.43179031793
1510	0.4
1515	0.4
1520	0.4
1525	0.4
1530	0.4
1535	1.04468401744
1540	3.11823449786
1545	2.57355788857
1550	0.4
1555	1.60373930966
1560	0.4
1565	1.68104563434
1570	2.82426582318
1575	1.28388378773
1580	1.81613450479
1585	3.15310898863
1590	1.75762434019
1595	0.732433888184
1600	0.4
1605	0.4
1610	8.44320302971
1615	0.4
1620	0.959749800363
1625	0.589479130865
1630	0.4
1635	0.4
1640	4.0303358682
1645	0.4
1650	0.4
1655	1.2698201878
1660	0.4
1665	0.4
1670	1.23004588511
1675	1.79038310573
1680	1.02008927549
1685	0.4
1690	0.4
1695	0.4
1700	0.600647081567
1705	0.4
1710	1.0475583632
1715	0.4
1720	0.530064930282
1725	2.16595394852
1730	0.4
1735	0.4
1740	0.4
1745	3.34780356065
1750	0.4
1755	3.11689764926
1760	2.39106756739
1765	0.464768923006
1770	0.4
1775	1.40176269401
1780	3.94288749511
1785	1.02113507179
1790	0.4
1795	2.51989946509
1800	0.4
1805	0.4
1810	4.48074186169
1815	0.4
1820	2.88772504479
1825	2.23166898179
1830	0.4
1835	6.77931771681
1840	0.866684048546
1845	0.4
1850	2.9098582245
1855	1.03477136832
1860	0.4
1865	2.44682094855
1870	0.4
1875	11.7898072492
1880	0.4
1885	0.490839261247
1890	0.869805832915
1895	1.14254063614
1900	1.04922384116
1905	1.90646324975
1910	0.4
1915	0.4
1920	0.79925216751
1925	0.4
1930	0.63078085335
1935	0.4
1940	0.4
1945	0.4
1950	0.698993801388
