0	2.75605211836
5	0.4
10	5.45255958644
15	4.65518599701
20	7.5845968442
25	2.81217824956
30	2.97570517256
35	2.82344382376
40	9.70872100084
45	8.15524319493
50	7.02061991931
55	8.49841777392
60	1.99314380535
65	6.63569432731
70	11.0678505616
75	9.73607846424
80	7.81291881583
85	5.36365778259
90	3.48230471286
95	7.67016966772
100	5.21891681647
105	7.3466986551
110	6.23663955134
115	4.33357458109
120	1.98365533868
125	4.3833396353
130	3.59748907538
135	5.81210994226
140	1.40561933983
145	6.51718742816
150	0.4
155	4.81681013648
160	0.4
165	0.92246784414
170	6.98269568782
175	9.58667253967
180	0.4
185	5.16375472254
190	0.4
195	5.07426578958
200	5.25741637876
205	0.4
210	5.11562973441
215	5.69801817754
220	4.95098298744
225	6.3940364523
230	0.4
235	6.03329584219
240	11.9324453657
245	0.4
250	1.93314095644
255	5.89323777208
260	2.84003038841
265	0.911788017468
270	0.718603506556
275	3.74184443163
280	6.46825296559
285	0.4
290	5.27910215055
295	0.4
300	7.55480082617
305	0.4
310	3.94242230841
315	3.63777905897
320	9.42838839742
325	9.43476822191
330	0.4
335	4.33452450804
340	1.89667140241
345	0.4
350	6.01603109511
355	0.4
360	1.59654925462
365	4.19484733954
370	4.82167816082
375	4.3090329871
380	0.4
385	3.95627355262
390	6.52705853918
395	6.29719353158
400	11.2472150529
405	2.83607343967
410	2.69382371973
415	12.3112717812
420	4.62772457077
425	8.06701090054
430	1.65356270093
435	3.52956254588
440	4.75003743974
445	7.28120224949
450	0.4
455	0.4
460	5.11745332201
465	4.79348160325
470	3.65940629095
475	4.28778266745
480	3.75783691101
485	4.29227610831
490	6.31276249855
495	0.4
500	3.55294886823
505	6.06508923631
510	0.4
515	23.8766881527
520	4.65052037835
525	1.81871041447
530	0.4
535	6.6744889369
540	6.46177828136
545	5.15548169851
550	0.4
555	8.25711787673
560	6.79283344716
565	1.3107749864
570	0.4
575	6.0686689179
580	4.27784270482
585	0.4
590	0.4
595	9.44180131584
600	6.54314316416
605	4.50852426019
610	12.821668635
615	3.75190948494
620	6.4927443702
625	4.67390813868
630	6.88670144559
635	3.32086313555
640	5.42425011583
645	0.4
650	6.57803917504
655	2.2426216777
660	4.88196027546
665	8.96829147214
670	10.2816701088
675	11.3162669686
680	7.58818266028
685	5.89073731553
690	5.07224739064
695	4.83515663575
700	3.37700413114
705	5.65435251543
710	3.25622981546
715	7.19335717541
720	4.96215866927
725	0.992136160627
730	5.55390496949
735	3.26780165515
740	0.4
745	4.72563825118
750	8.17373318909
755	0.4
760	4.66625850195
765	2.55829715408
770	1.03420020382
775	0.896071932129
780	6.46643266311
785	13.3427430539
790	0.4
795	2.17443403514
800	0.615233342758
805	9.5998092706
810	5.21271060698
815	13.6977861955
820	1.16612180759
825	6.20913480514
830	0.4
835	1.49922741829
840	0.4
845	23.5729161891
850	10.625692381
855	3.9980888035
860	4.71803728255
865	1.0914426327
870	3.41074303699
875	0.946827644624
880	6.31364426979
885	4.76962238534
890	1.91086617856
895	6.19499712172
900	9.65037919459
905	3.06998235261
910	8.06408601666
915	0.4
920	0.67741109768
925	1.00068390209
930	2.41048624305
935	5.13724012868
940	0.4
945	13.2911767848
950	2.96786874138
955	5.38315230333
960	8.59395898223
965	14.4760016501
970	0.4
975	5.58020048911
980	0.4
985	4.71262856409
990	3.54245600103
995	10.0818914391
1000	3.65534258999
1005	8.79289587395
1010	0.4
1015	1.15504551845
1020	7.11862627309
1025	1.49793726565
1030	9.45174903896
1035	13.356681697
1040	1.06149874531
1045	4.47099032273
1050	11.7621590345
1055	2.12001832281
1060	0.886334796721
1065	4.27503634247
1070	6.10683565479
1075	8.46843494356
1080	5.54255050313
1085	1.14609342169
1090	1.98275444947
1095	4.10215282541
1100	3.26334329417
1105	0.4
1110	6.78811006197
1115	6.52952874495
1120	5.53480810784
1125	4.40484314095
1130	4.7171701795
1135	3.43497765355
1140	3.05231501003
1145	2.96613872817
1150	4.97470244867
1155	4.55112008062
1160	13.387887325
1165	5.28094632323
1170	4.63003630453
1175	4.34328214416
1180	8.20986637167
1185	5.7484404124
1190	7.05221975957
1195	4.25099423772
1200	3.18248944433
1205	4.55045413875
1210	0.4
1215	4.19866922661
1220	3.2324895348
1225	4.22227952042
1230	0.4
1235	5.62366226559
1240	4.18656424521
1245	10.5943481814
1250	3.10290160385
1255	10.0945647095
1260	3.98053473909
1265	0.4
1270	13.2721785043
1275	9.02540232199
1280	4.36410397163
1285	5.63826400395
1290	5.77470178476
1295	7.25802389893
1300	5.87760807336
1305	2.7363433524
1310	8.66854342597
1315	6.29463941842
1320	3.70875633857
1325	2.01082283696
1330	7.48822729663
1335	5.59934826623
1340	0.4
1345	0.4
1350	2.95229474047
1355	0.4
1360	5.48018250658
1365	0.4
1370	6.06790231517
1375	0.971755740205
1380	8.25011174288
1385	7.77818615731
1390	0.4
1395	0.4
1400	5.05912469122
1405	6.00352059617
1410	8.29976503663
1415	2.20637774239
1420	5.50851890615
1425	8.84586745821
1430	6.11734348553
1435	0.4
1440	5.2674820161
1445	0.4
1450	0.4
1455	5.29894212972
1460	6.26121190891
1465	0.4
1470	5.04644086568
1475	0.636825362684
1480	15.4498695901
1485	0.4
1490	2.21934404079
1495	7.52223921185
1500	0.683595017717
1505	4.98367347036
1510	5.56320755756
1515	3.92011350365
1520	2.73148354721
1525	0.4
1530	0.783812744557
1535	1.27086117838
1540	7.22652041336
1545	3.55717643831
1550	1.53133191661
1555	7.62718107725
1560	2.30225410225
1565	4.403496426
1570	5.91943754925
1575	1.7124504735
1580	8.07665428245
1585	2.75845683597
1590	6.02731342747
1595	0.4
1600	2.97271966835
1605	0.94987342284
1610	6.29230923329
1615	3.82941716725
1620	20.2192209646
1625	7.72998238703
1630	3.84417924026
1635	0.740066371377
1640	1.40899076876
1645	11.1412599969
1650	0.4
1655	4.77827821358
1660	9.15491810821
1665	0.4
1670	4.41742644494
1675	2.31277303035
1680	0.4
