0	5.84960373827
5	0.4
10	5.5703460383
15	0.4
20	1.5290773649
25	1.49798639904
30	0.907235178085
35	0.814970475329
40	7.28914672249
45	1.3563410988
50	7.47820298155
55	2.5364001503
60	4.75918218939
65	0.761060050664
70	3.8608552058
75	2.89602082494
80	0.4
85	1.80012070115
90	3.08874534654
95	1.63726795344
100	0.4
105	5.43920437641
110	2.66997981316
115	0.4
120	3.20857605623
125	0.650679198625
130	3.17765581229
135	5.24472362219
140	1.96303119643
145	4.36829491372
150	0.4
155	2.82199158451
160	1.60039240562
165	0.4
170	5.11727502231
175	8.1544592378
180	2.01242025744
185	0.4
190	4.68843201497
195	2.10259895978
200	2.93221858937
205	0.4
210	4.24461522491
215	3.73610553376
220	1.95847379897
225	0.4
230	0.4
235	2.55444574329
240	5.78330274478
245	1.85085718898
250	7.53874682012
255	0.4
260	1.28280408748
265	0.4
270	5.24472731499
275	0.4
280	2.50002087123
285	2.1287989736
290	6.78781245356
295	0.4
300	2.34087428698
305	2.11895664588
310	0.4
315	4.60776024423
320	0.780719113378
325	0.859544266597
330	0.460658931126
335	1.8062603772
340	0.4
345	0.4
350	1.91044156772
355	3.73355211069
360	0.4
365	5.98693943148
370	0.4
375	2.94170149939
380	2.1232406726
385	1.88133198896
390	0.4
395	0.4
400	0.4
405	2.23990492881
410	2.81717491971
415	6.88511327566
420	0.4
425	1.86429277704
430	0.4
435	1.64857970691
440	0.4
445	7.62182010809
450	0.4
455	2.69784109194
460	0.4
465	0.4
470	2.49272306711
475	0.4
480	0.4
485	1.37577516012
490	0.4
495	0.4
500	1.02574573064
505	0.4
510	0.4
515	0.831082211875
520	5.53578305164
525	2.34408845452
530	2.30283270888
535	6.06540758067
540	1.60117641953
545	1.20882250952
550	2.25806639468
555	5.07173198936
560	1.35422112997
565	0.4
570	2.40890685659
575	2.60255626162
580	2.73664568099
585	0.4
590	3.61902456541
595	0.4
600	1.90642566315
605	0.4
610	2.5544828311
615	3.43575301833
620	1.8160852161
625	2.09108241609
630	0.4
635	5.63732599293
640	0.4
645	3.51969542349
650	6.08479902106
655	1.60984083281
660	7.94010124764
665	7.44893942701
670	0.4
675	5.54519416196
680	1.08235332566
685	0.528364374986
690	0.4
695	1.65647616746
700	2.49123709119
705	3.90327256136
710	0.4
715	0.4
720	0.4
725	2.89776782084
730	6.73385232906
735	1.32688133801
740	2.41474206181
745	2.55283816494
750	1.20451862921
755	4.45380761639
760	7.10685021811
765	7.17747786914
770	2.54191977289
775	0.4
780	0.4
785	7.17614367093
790	0.958054812142
795	4.83107499878
800	3.36360414633
805	0.564465419459
810	6.43866619982
815	0.4
820	3.54254757123
825	1.34591634139
830	1.48855051006
835	2.20366746175
840	0.4
845	5.25418077151
850	7.08673387914
855	3.25873045771
860	0.4
865	7.44590725993
870	0.4
875	2.73630936668
880	2.55106198567
885	3.26316588761
890	11.1480105789
895	7.14925044193
900	1.85809291178
905	7.83869978445
910	1.09606111411
915	1.04745358465
920	0.4
925	0.4
930	12.6579015273
935	2.62199432074
940	7.03534020705
945	2.31868490812
950	2.37216989656
955	0.4
960	0.4
965	0.4
970	1.64645314401
975	2.58482000703
980	0.4
985	1.76491368232
990	0.740319898686
995	0.4
1000	0.4
1005	1.81387423985
1010	0.4
1015	3.76813489177
1020	2.87017818922
1025	5.60090154062
1030	1.49193852261
1035	5.3679556687
1040	3.98642203257
1045	0.4
1050	0.4
1055	0.4
1060	9.38914270799
1065	4.61806186231
1070	3.80554308025
1075	2.3701757696
1080	0.4
1085	8.8135266821
1090	0.4
1095	4.18942043573
1100	2.6397623487
1105	0.652957631786
1110	1.85698311204
1115	0.4
1120	0.4
1125	0.4
1130	2.57988341471
1135	0.4
1140	10.2930667859
1145	1.76222104363
1150	0.4
1155	2.94401121997
1160	4.60497662015
1165	4.47796605945
1170	0.633889709724
1175	2.83941238482
1180	7.57967927544
1185	4.8148030681
1190	0.4
1195	3.27782520654
1200	1.46012371325
1205	7.40084422375
1210	19.0891411827
1215	4.52682088193
1220	4.68473624012
1225	0.794924738382
1230	2.69808667692
1235	10.9842558882
1240	7.12844258531
1245	2.56043823235
1250	3.55923430127
1255	1.14308997309
1260	1.4066358845
1265	1.80237537752
1270	0.4
1275	1.65912826697
1280	2.18596532301
1285	4.37118045155
1290	4.61279179308
1295	5.95644530962
1300	1.86319642723
1305	0.4
1310	7.34145528309
1315	3.88716511112
1320	2.36618403209
1325	4.77914950293
1330	2.87062413709
1335	2.17187929993
1340	0.4
1345	0.4
1350	0.4
1355	1.77120743078
1360	3.10042683117
1365	8.27074139466
1370	0.784918807081
1375	0.4
1380	2.46105845887
1385	5.44131523687
1390	2.80835750983
1395	9.07451563169
1400	1.45321478933
1405	0.4
1410	0.4
1415	2.19855096261
1420	6.84005900392
1425	0.4
1430	1.80417135362
1435	4.58196125006
1440	2.09378176845
1445	0.4
1450	5.43540345757
1455	0.484352650168
1460	2.98206629927
1465	0.4
1470	3.36663269206
1475	12.7118881375
1480	4.0410989764
1485	3.45158587996
1490	4.85548470748
1495	4.07017626158
1500	2.26055478372
1505	4.73398163807
1510	0.4
1515	3.74275179047
1520	7.36067830179
1525	4.8408766361
1530	2.09736458779
1535	0.4
1540	2.90906159647
1545	0.4
1550	1.1241453108
1555	1.09323619526
1560	4.18606929077
1565	0.4
1570	5.75206211534
1575	0.976142310065
1580	6.90657476503
1585	3.47643135549
1590	0.4
1595	3.53521115956
1600	7.80979769007
1605	7.56943497659
1610	4.52308463518
1615	1.2803917274
