0	5.82804259518
5	8.46748718484
10	6.38764857227
15	1.42360740654
20	1.95951122198
25	3.29207833841
30	7.97670316229
35	7.1587219338
40	3.17765629605
45	8.61587662497
50	5.86955706271
55	5.30948360393
60	9.24485072492
65	6.0858766192
70	0.4
75	8.00486535226
80	5.77208131003
85	12.2896438634
90	6.27643080285
95	7.28588001433
100	3.4740784816
105	5.03653742742
110	3.73380141035
115	5.58691362042
120	0.4
125	4.19103468716
130	2.60683137037
135	8.14526526965
140	6.40669124974
145	2.46397042268
150	4.96397482675
155	4.27132126717
160	7.23588637009
165	7.00919839008
170	3.32813293194
175	10.8558579627
180	5.83086059178
185	2.31110979896
190	5.82756892152
195	3.32165534307
200	4.93706062398
205	2.9575473827
210	1.94277162271
215	2.75145411547
220	5.88168839979
225	6.50726947712
230	7.44365914616
235	5.40961227917
240	11.3001301559
245	7.73515389775
250	11.1808637902
255	7.17928611303
260	6.08971485673
265	6.64961819415
270	12.8555732732
275	4.78584641697
280	7.73603696084
285	4.38128048015
290	1.83541745941
295	3.41879200093
300	3.5230348158
305	5.82788879101
310	8.28140388085
315	0.4
320	6.06879350756
325	3.89028269713
330	5.55791628619
335	4.9422313163
340	3.22497549065
345	5.28387301904
350	4.88308710023
355	5.23492224365
360	5.62799294424
365	2.97562043041
370	11.4203633972
375	4.02086183792
380	6.18050046841
385	0.56549179583
390	7.49273323274
395	1.14374587269
400	0.557611778868
405	4.94746031214
410	3.701573976
415	5.06645450394
420	14.601349403
425	10.5111256152
430	0.500362279085
435	4.67497914814
440	5.44683311897
445	9.39629277071
450	8.34025090714
455	5.69311917486
460	2.34492394436
465	11.6630346443
470	2.4811065175
475	5.28442201453
480	4.27066837735
485	5.88715804769
490	5.92113008549
495	8.36401986246
500	9.67584759489
505	4.02070649244
510	5.59791688277
515	14.7351664726
520	10.6103028667
525	0.411597818869
530	5.95572615465
535	7.84067272095
540	0.4
545	9.38516388138
550	3.88526505396
555	6.32339812774
560	6.76094292717
565	2.13824396011
570	10.3483989853
575	4.54107077328
580	6.15563227182
585	4.79150781801
590	10.8678762459
595	3.16374415774
600	5.12802571401
605	4.90822370199
610	10.1426402767
615	4.10640244629
620	6.32312045282
625	4.98892178339
630	8.01966497806
635	11.3770295556
640	6.21826193756
645	6.33593233736
650	1.03885856155
655	6.17657063883
660	2.67914663765
665	2.94420267176
670	12.0156027897
675	4.99596991225
680	5.72851139779
685	0.4
690	6.29673967582
695	8.05095313478
700	0.66101957216
705	7.17583342264
710	6.90296778558
715	8.16230991524
720	4.93393189028
725	2.8405773153
730	7.80912706657
735	1.58177295859
740	8.96315849459
745	4.64433828663
750	2.06741709249
755	3.20417769669
760	6.81730089831
765	12.8149908936
770	4.96793320492
775	1.0174871855
780	2.68966958644
785	4.78382802651
790	0.409446975517
795	7.07301505518
800	2.42049642121
805	6.10424597115
810	9.57168844902
815	6.18024239536
820	6.55743501176
825	8.40727752078
830	7.06370371857
835	0.4
840	2.60561165905
845	2.1788026367
850	11.7825029331
855	0.4
860	4.3963492963
865	3.56363606339
870	5.69511717444
875	6.92518799237
880	4.59505215027
885	4.92500540073
890	9.08458780844
895	4.6886961201
900	5.37959954626
905	6.75639201554
910	5.72192352075
915	6.30947960768
920	8.28845989119
925	2.48421662404
930	13.3122745651
935	6.18924917858
940	5.6534916231
945	1.74021590806
950	6.65879879587
955	5.73704403294
960	1.23983835665
965	4.55110569688
970	4.25161918811
975	10.3739600333
980	2.81438127616
985	5.556401853
990	5.52415616145
995	9.90535775003
1000	15.2956628186
1005	6.07533663915
1010	6.57219966125
1015	7.28253852178
1020	5.82149294821
1025	0.4
1030	7.71169348482
1035	5.4862635736
1040	4.3917184117
1045	9.77607575814
1050	2.80468337717
1055	6.39657532377
1060	4.90316050064
1065	6.63517764782
1070	8.3957597366
1075	5.29236784723
1080	4.16775827722
1085	4.26620014017
1090	3.19769942204
1095	6.38911401631
1100	7.33062894057
1105	8.53894916063
1110	6.11460347535
1115	5.8043767566
1120	4.75158512136
1125	0.4
1130	3.53045108784
1135	7.03742065651
1140	3.8495748139
1145	1.64338638728
1150	5.40808199247
1155	4.78523832644
1160	3.38051591872
1165	8.51619079815
1170	9.5586606172
1175	12.3046537321
1180	4.69083931644
1185	7.85845336056
1190	3.33063978251
1195	5.95033676423
1200	2.30309190818
1205	6.88698925629
1210	0.4
1215	11.7004680545
1220	5.73794280739
1225	3.43487344178
1230	2.7247771188
1235	7.46425427778
1240	2.04737258084
1245	3.44363625548
1250	6.98364611318
1255	10.7380015653
1260	0.4
1265	5.77263653051
1270	8.60615956615
1275	5.92797807423
1280	1.31104034893
1285	6.17019048449
1290	3.72633548105
1295	6.02021595111
1300	7.48757068065
1305	2.79316008857
1310	7.91516202294
1315	6.79948117601
1320	5.66784873069
1325	0.4
1330	5.08952608923
1335	7.70996482979
1340	7.48378236304
1345	7.78028417527
1350	3.78038174395
1355	0.4
1360	7.09484375051
1365	0.418031205434
1370	5.77379564366
1375	6.34557577379
1380	6.373375226
1385	1.91964334662
1390	5.99034069171
1395	6.97897781804
1400	12.2334053685
1405	10.1388219709
1410	2.84973714928
1415	3.26578936132
1420	11.7406930948
1425	4.64542085561
1430	6.31126989823
1435	9.87588354109
1440	7.49669271996
1445	6.74204904521
1450	2.2420473107
1455	8.34502597006
1460	4.59363037088
1465	1.89374509806
1470	0.761646199546
1475	7.53096568053
1480	3.24183540076
1485	6.89283858053
1490	11.6727950857
1495	5.30589729642
1500	0.40391325793
1505	7.6720146578
1510	0.4
1515	12.1671971418
1520	4.83203276113
1525	8.81641601636
1530	0.4
1535	1.07654296084
1540	12.5831105469
1545	7.90723910527
1550	0.4
1555	8.59427383015
1560	10.3372105606
1565	7.6411502537
1570	6.19734677814
1575	0.772376603159
1580	6.98551218245
1585	9.44651141927
1590	5.80875834294
1595	1.22032052603
1600	0.4
1605	12.5173839752
1610	5.72241707923
1615	10.4001656414
1620	2.20467700901
1625	6.83611294922
1630	0.4
1635	9.72938509492
1640	5.2761651275
1645	7.30157841462
1650	0.4
1655	6.87565473515
1660	4.7910223886
1665	6.70974053519
1670	7.90169761746
1675	1.89299888388
1680	5.34695864037
1685	0.4
1690	0.4
1695	6.16606724347
1700	11.3388214688
1705	4.36594878506
1710	4.83903612539
1715	3.77862050928
1720	7.10349186984
1725	6.279232664
1730	1.71859434526
1735	1.44715801982
1740	2.10308218767
1745	5.71212764952
1750	5.32999994674
1755	8.43038242822
1760	6.78886422703
1765	4.06426644513
1770	4.81478551671
1775	4.11888912076
1780	0.433665416783
1785	3.68330650113
1790	7.51431604158
1795	5.10911235607
1800	0.4
1805	5.96193227372
1810	3.30098293826
1815	5.46082188575
1820	3.88509699919
1825	10.7126901799
1830	2.97742191777
1835	5.67772718041
1840	5.08043027798
1845	11.0340518826
1850	0.4
1855	6.23581363641
1860	2.38101457246
1865	5.19281179462
1870	6.69811496201
1875	0.4
1880	5.78855745613
1885	1.81339155181
1890	4.71653134665
1895	6.24782490003
1900	0.878502614055
1905	8.24350045499
1910	5.45114167384
1915	2.98534706955
1920	7.3030102717
1925	19.8668272086
1930	4.79154031214
1935	2.21728255928
1940	14.2171963884
1945	5.09905389691
1950	1.76220519426
1955	3.48057325023
