0	4.61402298998
5	10.4049132559
10	13.3766085073
15	12.8763715393
20	0.4
25	16.4759027531
30	2.97424510878
35	4.65592995645
40	2.35494312362
45	16.7962726042
50	8.42457969204
55	4.25363140456
60	1.68311785082
65	3.22951300566
70	4.5348397978
75	8.90142669592
80	6.52280327743
85	7.73768927528
90	0.4
95	4.03461661352
100	1.80208392697
105	5.66364086431
110	6.72483591739
115	13.9731810504
120	10.4548813368
125	6.97531993394
130	10.359812894
135	6.23543884923
140	16.1175505613
145	4.10121693441
150	9.97653890382
155	9.33082135218
160	11.9760564969
165	7.15785956193
170	10.1840004358
175	2.19874678137
180	7.3106838143
185	8.42566126203
190	10.4164617628
195	2.06345694004
200	10.410524044
205	2.19716013055
210	14.625824694
215	3.59128279928
220	13.103413476
225	6.57216048301
230	2.73857965746
235	9.47577389301
240	9.44766306687
245	15.8794143707
250	6.93486122632
255	4.22126912299
260	4.75103390547
265	0.4
270	6.75946165535
275	7.57405662023
280	7.1264162864
285	6.1839587642
290	11.0448836845
295	9.07545082032
300	6.40507231266
305	9.44584530351
310	0.4
315	17.6782723451
320	7.48155878103
325	11.5111480629
330	3.37279392702
335	14.1325813239
340	12.5867995007
345	7.79723005363
350	8.37737700161
355	8.12556349826
360	8.80128335119
365	6.71133778522
370	18.776033621
375	19.3765981056
380	0.4
385	0.4
390	0.4
395	13.7606955859
400	4.52775829962
405	4.98654321701
410	5.42548707933
415	4.88033853308
420	6.74794619147
425	7.23877901393
430	21.5388010986
435	2.55784442704
440	1.20331154334
445	7.8396203346
450	10.6813237436
455	24.534546089
460	7.0883270049
465	7.70117566021
470	8.5556263891
475	1.83768187825
480	10.7876958852
485	5.78540464061
490	7.4057418144
495	9.53851856035
500	10.3754350195
505	6.70826370827
510	7.66810992318
515	10.035570948
520	5.06573873927
525	5.66640877791
530	4.60866426069
535	0.540095995907
540	5.59277486384
545	7.17025261257
550	11.3621971373
555	4.30395801269
560	4.67660339568
565	10.3475113598
570	7.1840341041
575	0.4
580	4.72097311888
585	16.0113150595
590	0.4
595	8.56984766563
600	11.817026944
605	6.06089897959
610	5.1480772952
615	9.45044463352
620	7.19908960442
625	13.2850926434
630	4.03408957975
635	1.91730216423
640	9.49599437012
645	8.46756769509
650	7.63348679541
655	3.91213116148
660	2.45992803442
665	18.3292922294
670	1.82889589833
675	6.27379521771
680	7.04912010543
685	0.4
690	9.13414292074
695	2.0848250418
700	11.2710106048
705	7.91274325782
710	1.82675159879
715	11.762837032
720	6.78179023776
725	3.39210687996
730	9.75337544254
735	3.32612185318
740	4.18702267509
745	2.32404671975
750	0.4
755	13.9725343186
760	8.59878495485
765	9.14944291893
770	3.24993581042
775	7.15579232463
780	6.88638529017
785	21.0546298582
790	3.08436728342
795	0.993523474203
800	3.97784411004
805	5.48666488514
810	6.83008434323
815	3.53728695696
820	9.97086224558
825	0.4
830	7.61362738954
835	4.31942700993
840	8.16677233942
845	9.29249921947
850	9.52416172126
855	12.103478458
860	0.4
865	1.02091650819
870	0.4
875	9.11535533612
880	1.26455530016
885	8.81128809485
890	0.4
895	12.4817880903
900	11.4651482709
905	10.8193503535
910	2.47665970035
915	0.4
920	0.4
925	2.07679222597
930	6.16053820863
935	8.79921434499
940	6.64832014375
945	9.30456195107
950	3.39357018939
955	9.49881455451
960	4.33589853982
965	7.7358384409
970	16.9588684507
975	7.19121905298
980	4.88083580177
985	3.67985264366
990	10.1806000232
995	6.32964334206
1000	6.63868643545
1005	5.87663009442
1010	2.34098840401
1015	1.09278645941
1020	25.5427141196
1025	5.61656162101
1030	4.12054614389
1035	7.09066144562
1040	10.6722814068
1045	1.67631151728
1050	8.33831204348
1055	7.64780274835
1060	6.27415782678
1065	10.2019285561
1070	8.9638190737
1075	1.68799798586
1080	1.91450786623
1085	9.16478432466
1090	15.1575754696
1095	7.30675640142
1100	4.0571119648
1105	10.4987789525
1110	13.411158228
1115	21.9473491514
1120	6.21991841342
1125	11.040257248
1130	5.09441771059
1135	3.92360505927
1140	7.48699387918
1145	21.9715530346
1150	7.45655961083
1155	7.32176640599
1160	18.3669926032
1165	4.70789655674
1170	9.10902930856
1175	9.19071861925
1180	1.26216919484
1185	11.8879830556
1190	6.53399134175
1195	4.50174563655
1200	5.51101156563
1205	8.60114326757
1210	8.54651769003
1215	4.28342466539
1220	3.23400955026
1225	2.18250525121
1230	6.1541718469
1235	16.2348593004
1240	3.6642020505
1245	0.4
1250	7.10759340484
1255	1.78298590289
1260	6.50339802184
1265	11.2457835165
1270	18.3207222537
1275	18.2640732521
1280	10.1311804065
1285	8.12929336838
1290	6.13297287512
1295	4.8141533145
1300	6.93005330235
1305	7.07712755934
1310	14.7458522967
1315	10.2332587072
1320	7.21459688907
1325	6.18211010131
1330	7.63818273217
1335	10.861360411
1340	5.02980979787
1345	10.0362843213
1350	2.49566843307
1355	6.72862591149
1360	7.90900866475
1365	0.4
1370	5.3449578936
1375	1.21374231484
1380	1.85828098115
1385	5.53158671078
1390	7.93501765635
1395	0.4
1400	28.2958837019
1405	7.17957104929
1410	17.218447895
1415	10.0994874503
1420	12.5894555406
1425	6.10012222198
1430	6.61113128272
1435	6.84436011848
1440	9.40672833467
1445	7.77110809675
1450	3.60863147819
1455	6.20544465805
1460	7.21319319284
1465	4.17544790714
1470	1.71998927212
1475	35.3486256081
1480	9.79660207985
1485	6.43146861667
1490	0.961166838354
1495	1.62170008192
1500	0.4
1505	7.72380620851
1510	1.97760011071
1515	0.4
1520	7.10594567491
1525	5.33487934969
1530	3.74108472792
1535	2.48633962744
