0	0.4
5	5.94941587874
10	0.4
15	1.97623184107
20	5.444346331
25	1.11120906983
30	3.03998146579
35	2.62925999761
40	1.99798816602
45	0.4
50	1.3801131404
55	0.792992378669
60	0.4
65	2.81187374275
70	5.47956131918
75	2.68469149884
80	0.4
85	4.05926553773
90	6.42933693079
95	3.40415836827
100	0.627559060849
105	3.04898110716
110	0.4
115	0.4
120	0.4
125	2.5210007448
130	0.4
135	0.4
140	1.9283304672
145	0.713328203688
150	0.4
155	0.4
160	0.4
165	4.28304089659
170	3.2412747151
175	2.37747098465
180	0.4
185	1.25930528247
190	0.4
195	0.4
200	1.3189037639
205	7.54979481136
210	4.18327915455
215	1.1578148202
220	3.18094619028
225	0.4
230	0.623979202796
235	6.80032993933
240	2.09127981947
245	0.4
250	0.4
255	1.65840665064
260	1.18034167023
265	2.80202197196
270	3.61675659972
275	0.4
280	6.38678847921
285	4.69929895245
290	8.66037495081
295	4.05679118524
300	3.40892889475
305	0.4
310	5.31392544614
315	0.4
320	5.03877535037
325	1.86987123489
330	0.4
335	0.4
340	2.37908706118
345	4.43016666502
350	3.1491437543
355	3.26143807345
360	2.42587577124
365	1.11142369016
370	1.42698409171
375	0.4
380	0.4
385	1.95559555761
390	1.62682602763
395	0.4
400	2.31387587115
405	3.19638391843
410	0.4
415	2.13653286781
420	6.17708806045
425	3.50831545678
430	2.0606079371
435	0.4
440	10.1512385994
445	5.65095990903
450	1.65690994947
455	0.4
460	3.30291583301
465	1.10533526664
470	0.4
475	0.4
480	4.99848150477
485	0.4
490	1.48614844332
495	2.35400056019
500	2.99555322434
505	0.4
510	5.96232132111
515	0.841173075582
520	5.49941037357
525	1.19411602222
530	2.1022616049
535	1.90998783166
540	2.850939205
545	7.5076996406
550	2.68521286818
555	2.36311737711
560	0.563885617487
565	0.920712872858
570	4.7128043618
575	8.57273329466
580	0.4
585	6.07712842177
590	4.40471918918
595	3.9542872949
600	1.68068936745
605	6.1257085972
610	7.34850886186
615	1.31156314347
620	2.03590275574
625	4.17194389395
630	0.4
635	7.41550281691
640	0.4
645	1.8570426153
650	6.25250174324
655	3.84564073281
660	3.01124703186
665	2.32215319009
670	2.58837074312
675	3.08987532035
680	3.78359930575
685	0.4
690	6.06699991435
695	2.87452094898
700	1.95409386157
705	1.86599217014
710	1.32472418569
715	0.617104950015
720	0.4
725	0.4
730	9.13028946192
735	6.84313803398
740	4.59689711617
745	1.18473030334
750	0.4
755	2.49444680176
760	3.29080116039
765	4.14131149626
770	0.892666357799
775	3.76440166382
780	1.32310691176
785	9.77401684934
790	13.8375643429
795	4.02741209297
800	3.04775048747
805	1.64050210857
810	1.29761185932
815	2.01183005376
820	2.37705587999
825	4.10193704892
830	2.84857551064
835	0.501149109891
840	2.23838813574
845	3.41264380542
850	0.4
855	0.591216732981
860	0.4
865	0.4
870	0.4
875	2.21055535713
880	1.18305250794
885	2.96403426778
890	0.4
895	0.4
900	0.4
905	3.74170195284
910	0.4
915	5.11119016218
920	2.32816253961
925	1.65578864634
930	0.4
935	1.9952572696
940	0.4
945	12.2395758282
950	0.4
955	7.0206208812
960	8.9468574325
965	1.14033575931
970	2.18073555663
975	4.01448074819
980	0.4
985	3.6674691158
990	3.54403520507
995	0.4
1000	10.7196955495
1005	6.71594405243
1010	4.59512861935
1015	1.80114064278
1020	2.94745888738
1025	4.51291432516
1030	1.74689362671
1035	0.4
1040	5.34881896654
1045	2.90709406442
1050	3.30636691465
1055	6.62004882547
1060	3.40314478058
1065	2.36123340456
1070	0.835226215323
1075	7.14946547234
1080	1.13422398682
1085	0.4
1090	0.4
1095	0.4
1100	6.71713050469
1105	3.59207407408
1110	1.84915509977
1115	2.3382304566
1120	10.106845973
1125	6.52174766519
1130	3.1759804824
1135	4.64356869338
1140	3.79771500239
1145	3.52721485549
1150	0.4
1155	0.840320254971
1160	7.27481831676
1165	2.48830445066
1170	0.4
1175	9.78975488594
1180	2.21294570654
1185	0.4
1190	7.60513632163
1195	1.15093867873
1200	11.0471450743
1205	2.28062720535
1210	0.4
1215	12.9023244289
1220	0.518871646906
1225	9.17332010898
1230	0.4
1235	2.61052255894
1240	5.36026306427
1245	2.8419349452
1250	1.92274138269
1255	6.1818369976
1260	6.43396110079
1265	4.27361567582
1270	0.4
1275	2.63439131886
1280	0.872448144157
1285	0.4
1290	4.90861956502
1295	8.95736880548
1300	5.04426048701
1305	0.4
1310	3.25426266042
1315	0.4
1320	8.02762266666
1325	0.4
1330	0.4
1335	5.12388918106
1340	6.30612327763
1345	2.11880596238
1350	4.21920699281
1355	0.4
1360	12.968750602
1365	0.589891420791
1370	0.4
1375	5.7609369441
1380	1.44726818363
1385	0.969850130199
1390	4.5490036087
1395	1.71789148532
1400	2.47962268705
1405	2.3411424467
1410	13.3439122017
1415	2.96755937366
1420	2.08026440753
1425	0.4
1430	0.4
1435	4.46731143919
1440	2.07184521669
1445	0.4
1450	0.4
1455	1.94796630689
1460	0.4
1465	4.44751638824
1470	6.1360951764
1475	5.85375197529
1480	2.56745811443
1485	0.61476828435
1490	1.99007335056
1495	2.6064752374
1500	4.37387713075
1505	9.28118744811
1510	10.0282468797
1515	2.2906197767
1520	2.20174460492
1525	0.4
1530	2.69590138075
1535	6.75924914489
1540	11.6233676577
1545	1.98470989087
1550	1.92516046794
1555	0.437292307856
1560	2.67804996528
1565	1.82880165757
1570	2.42327623398
1575	5.89337363941
1580	2.73045343801
1585	0.4
1590	0.4
1595	0.4
1600	4.204210287
1605	0.858411342977
1610	3.84002735919
1615	0.510413871204
1620	0.4
1625	2.76601290455
1630	6.77146636502
1635	0.4
1640	5.29176800285
1645	0.4
1650	9.54828924592
1655	0.963597195852
1660	0.4
1665	0.536772690086
1670	2.58707364351
1675	2.89777031214
1680	5.48333226511
1685	1.11511916356
1690	1.39380190921
1695	6.06045881959
1700	0.4
1705	4.01256849169
1710	10.0331496786
1715	3.20979939068
1720	2.64014879793
1725	17.6019972655
1730	0.4
1735	2.80733774519
1740	2.27001886048
1745	3.11173111627
1750	1.71265423516
1755	0.4
1760	2.82091542509
1765	0.4
1770	3.69179862092
1775	0.640950525564
1780	2.95973059978
1785	1.21245587323
1790	1.85595227957
1795	3.92480752942
