0	0.914405116528
5	2.67193925254
10	0.4
15	3.42483293708
20	4.89937920362
25	4.96832636959
30	1.38999176912
35	0.4
40	1.74008791735
45	0.700916969359
50	0.486788736002
55	0.4
60	0.4
65	2.70847747026
70	0.4
75	0.805897046371
80	1.79572308339
85	0.4
90	0.4
95	1.04094673275
100	2.03873769341
105	3.34300236716
110	0.502249264072
115	4.48248738854
120	0.4
125	0.4
130	1.3994671019
135	8.32347945708
140	4.77522992055
145	0.4
150	0.4
155	5.82371439291
160	4.13042163545
165	1.05607489152
170	0.4
175	4.30119645724
180	0.4
185	1.53899501199
190	0.583681709569
195	4.27767141691
200	1.40734974856
205	5.00693552636
210	0.4
215	0.4
220	0.857554626672
225	9.45179199718
230	2.09252898039
235	0.4
240	0.4
245	0.4
250	0.4
255	2.0433691018
260	5.83787554769
265	2.43562868697
270	3.97858609717
275	0.4
280	2.27976282276
285	0.4
290	2.84698286153
295	0.550091130103
300	0.4
305	0.4
310	0.972681815667
315	2.30831095611
320	1.28006749815
325	0.991510278778
330	0.751528064441
335	1.27118127841
340	0.4
345	1.28950517294
350	4.05102301437
355	7.16870886072
360	1.10638583248
365	1.31642170362
370	0.543792350565
375	1.40576594102
380	5.05198683314
385	0.4
390	0.4
395	0.901300166119
400	6.09580121928
405	4.18599399906
410	0.760804769952
415	0.4
420	2.97522257933
425	0.4
430	0.4
435	1.55393080472
440	0.4
445	1.25703821507
450	0.4
455	0.4
460	1.88771207345
465	1.31563892256
470	0.4
475	0.765910700066
480	0.4
485	1.90229932403
490	2.65722461346
495	1.74190456553
500	4.36850774976
505	2.43453245538
510	0.4
515	0.932837974109
520	2.01212895127
525	2.5719079069
530	0.4
535	6.79205104575
540	4.33660137244
545	0.4
550	0.4
555	2.17049137206
560	1.83658694039
565	3.11244806424
570	2.23450522764
575	0.4
580	0.4
585	3.15254869807
590	3.91394559479
595	5.06319032455
600	1.50368938194
605	5.71364403011
610	6.13881586734
615	0.4
620	5.97584355961
625	3.50862965119
630	0.4
635	0.4
640	0.4
645	2.42146271695
650	1.07622903538
655	0.4
660	4.60594462659
665	2.66679489834
670	4.17759732163
675	0.4
680	0.4
685	3.94809963223
690	3.16478413961
695	0.4
700	0.4
705	0.4
710	3.04035585979
715	2.89746231367
720	2.53370914845
725	2.31067853018
730	1.05607407788
735	4.12666005013
740	0.4
745	0.4
750	2.78285633555
755	1.68082300285
760	2.37860242286
765	0.4
770	0.4
775	0.4
780	0.4
785	2.30162349245
790	0.4
795	0.4
800	9.6120099393
805	2.61142020026
810	1.58254326715
815	2.23512217198
820	0.591216982274
825	0.685786119948
830	2.21630874867
835	8.72747743027
840	2.90414401234
845	0.870312548664
850	0.4
855	0.4
860	0.4
865	3.77258980608
870	0.4
875	0.4
880	2.16404995506
885	1.08531921928
890	0.4
895	0.477325268322
900	0.4
905	0.4
910	0.4
915	6.46337149752
920	4.73687724939
925	9.98510068161
930	1.40379207906
935	0.4
940	0.4
945	3.86814884568
950	4.39919434371
955	0.4
960	0.4
965	0.68257077627
970	0.753986662291
975	0.854234021556
980	2.19964760516
985	3.36780245875
990	0.682240776536
995	0.783288173443
1000	0.4
1005	0.862246052233
1010	1.97127478679
1015	0.4
1020	1.72702318078
1025	3.3530891073
1030	4.33579396373
1035	2.75157939187
1040	0.929390604909
1045	0.4
1050	1.17206752455
1055	2.84664208666
1060	0.4
1065	0.4
1070	3.38666811546
1075	0.4
1080	0.4
1085	0.4
1090	1.08736208927
1095	0.4
1100	1.72680627416
1105	1.4319255694
1110	0.787517721035
1115	0.4
1120	0.4
1125	0.4
1130	1.5078954025
1135	1.71360137426
1140	3.95619182171
1145	0.661713285959
1150	2.70655135599
1155	0.4
1160	2.8567731162
1165	0.610082801638
1170	1.25732375154
1175	0.4
1180	0.4
1185	0.4
1190	1.24613366814
1195	0.4
1200	0.4
1205	3.61680554965
1210	0.4
1215	5.45831729566
1220	2.22603430786
1225	0.4
1230	1.46015070706
1235	1.69822690243
1240	0.775785805412
1245	1.38056418527
1250	1.02858210034
1255	0.4
1260	1.34711769791
1265	2.12750750466
1270	0.4
1275	2.54194917697
1280	0.4
1285	0.4
1290	0.4
1295	6.95054725561
1300	4.10496053117
1305	2.97147515625
1310	2.82982936393
1315	0.4
1320	1.64777230667
1325	0.4
1330	3.41337572016
1335	0.639212208428
1340	0.4
1345	3.13109189298
1350	1.35081010208
1355	2.70353619776
1360	5.99046556735
1365	0.4
1370	3.00995166812
1375	1.3132244587
1380	0.4
1385	0.4
1390	2.72930141292
1395	1.21683882233
1400	2.42681331081
1405	0.948316911
1410	0.4
1415	2.10022288095
1420	2.52976047125
1425	1.19146174193
1430	1.21106594459
1435	0.4
1440	2.07193780241
1445	5.60972027518
1450	2.27660967606
1455	0.4
1460	0.609752919879
1465	0.4
1470	0.4
1475	1.18069211878
1480	0.4
1485	2.08022976762
1490	1.15531550696
1495	3.43439653701
1500	3.53921722074
1505	1.30649422787
1510	0.617388070569
1515	3.47823153977
1520	2.89644878896
1525	4.36375118513
1530	3.02168951501
1535	2.48392673154
1540	3.87617480753
1545	0.4
1550	2.23550614287
1555	1.78461764275
1560	0.4
1565	1.9317679367
1570	0.790075683549
1575	0.4
1580	1.38212473832
1585	0.643734882531
1590	0.4
1595	3.42861867406
1600	1.28646558295
1605	0.4
1610	0.4
1615	0.925951188769
1620	1.52342131868
1625	0.867046450742
1630	0.741347165161
1635	0.4
1640	1.7249235365
1645	3.218916946
1650	0.4
1655	2.40028654384
1660	1.20959816833
1665	0.4
1670	3.92380091387
1675	0.545197252342
1680	0.44002194922
1685	1.94568918976
1690	2.87384483533
1695	1.42777493353
1700	0.4
1705	1.7153156135
1710	0.4
1715	1.98542138178
1720	1.9864590501
1725	1.7069699903
1730	1.02229453918
1735	0.4
1740	1.54164701859
1745	2.75657037606
1750	3.05255996307
1755	2.90001724099
1760	1.87062102287
1765	4.97120306746
1770	2.65868247381
1775	7.65362853345
1780	0.655895763965
1785	1.84800147611
1790	5.24203464421
1795	0.4
1800	1.66688941967
1805	0.4
1810	3.49513416118
1815	1.26779509207
1820	1.321727714
1825	2.57179358028
1830	1.89261818658
1835	1.32212899478
1840	0.75797736709
1845	7.18616626597
1850	0.747516350803
1855	0.4
1860	0.4
1865	0.4
1870	2.86229003138
1875	0.858500922527
1880	0.4
1885	3.2926368801
1890	1.20748240132
1895	0.4
1900	5.11055444601
1905	1.05170382172
1910	4.40837703527
1915	8.47487014694
1920	0.925812947571
1925	0.967064779938
1930	1.16382537993
1935	1.24704436965
1940	2.10310520867
1945	3.60655846991
1950	0.4
1955	0.4
1960	5.59732869352
1965	4.83976063313
1970	0.4
1975	1.63807452912
1980	0.4
