0	0.4
5	3.17727227151
10	4.99619586438
15	3.66586328982
20	4.57773464266
25	0.546593882209
30	2.79390486135
35	2.71774268304
40	4.66182978184
45	3.05761996257
50	2.47186826712
55	2.71461192133
60	2.6473887777
65	0.4
70	12.0017596511
75	0.4
80	1.67212606301
85	7.64735152956
90	0.4
95	3.61478395865
100	2.95366941256
105	0.4
110	0.4
115	14.1428775742
120	8.72620465147
125	0.4939990064
130	3.91732485722
135	3.76632168679
140	2.39479120688
145	3.13701520658
150	4.83823822429
155	3.20904026999
160	2.04605709872
165	4.57169478113
170	1.45788305376
175	2.79688533067
180	6.75093040126
185	3.88078729343
190	3.83604466894
195	4.7301046943
200	3.72636581287
205	4.3318400552
210	7.0791730633
215	6.38698734814
220	6.15251140185
225	3.56861528088
230	10.7477434892
235	2.38171102273
240	0.4
245	8.70351576552
250	4.44267230223
255	4.79942862889
260	1.19137471138
265	7.76178156175
270	6.93376890411
275	4.34816063266
280	6.86698600791
285	11.2446251618
290	4.62827584439
295	9.11751928145
300	1.96131536443
305	9.10939720103
310	3.56596619844
315	3.568416453
320	0.4
325	0.4
330	7.39469155241
335	0.4
340	3.64056827513
345	4.84790311536
350	0.4
355	0.4
360	5.42122136791
365	3.5776215301
370	8.8305969209
375	11.0598386573
380	6.40889448005
385	8.0108267434
390	2.63758713811
395	2.12140695613
400	0.4
405	2.67767829611
410	4.43558725066
415	3.3163523044
420	6.73536417382
425	7.44640120469
430	3.7226955202
435	4.48762825458
440	7.03564897905
445	1.93290536128
450	4.75756642747
455	2.4222379694
460	3.15040850264
465	3.92102171578
470	3.73805830078
475	2.21004935615
480	2.42010507502
485	2.2388664765
490	3.0072938918
495	0.4
500	5.09528214523
505	1.23525516414
510	2.16976502093
515	6.57819167073
520	1.13216588618
525	0.672697804075
530	0.692437693001
535	0.4
540	15.9727803889
545	3.57943300152
550	2.92188938958
555	5.92926045664
560	1.60612752458
565	0.4
570	3.47958659501
575	3.81700266839
580	0.4
585	2.43657195946
590	2.65271760635
595	9.46649270965
600	4.96705672584
605	5.08915226234
610	5.51801937577
615	3.54124555145
620	4.25524871894
625	3.77764507497
630	5.62101975941
635	3.93436649883
640	5.04802084907
645	2.79389350573
650	5.33613270937
655	0.4
660	2.79508429956
665	4.60210453128
670	14.6021094549
675	5.99430765433
680	6.33035372066
685	4.11069988907
690	4.60307722354
695	3.86954391543
700	2.12556960591
705	3.02783745935
710	0.4
715	2.77869167401
720	1.57260485489
725	0.960009501701
730	4.39244752276
735	4.56970002705
740	10.2666487784
745	4.89676874579
750	0.4
755	3.61667767719
760	0.4
765	0.4
770	0.4
775	2.24802352598
780	5.16092703755
785	0.4
790	5.41095236602
795	0.4
800	3.99180113381
805	7.28879647812
810	3.77486296324
815	6.53532580494
820	8.51600590518
825	2.82481320204
830	4.89803036969
835	1.42414208013
840	4.73794675798
845	1.5366476002
850	11.2547839365
855	2.04916432742
860	0.4
865	4.14144558242
870	5.18828808013
875	7.48838542918
880	6.2138647929
885	8.02355884244
890	10.18836637
895	8.39019774104
900	7.9390213159
905	5.19592591308
910	7.4792180497
915	2.57010807323
920	7.92479181071
925	5.31179796471
930	3.38449132868
935	1.80118032283
940	2.85836034799
945	7.36065012221
950	5.09035350952
955	2.62208561071
960	12.5826802531
965	5.18920493068
970	3.02089909846
975	0.4
980	2.72966509172
985	2.10289509299
990	1.11317198866
995	0.4
1000	5.70966126841
1005	3.09511031825
1010	5.87906945467
1015	2.81885370912
1020	2.41973319312
1025	1.76341932144
1030	6.89788736269
1035	4.11134113945
1040	7.76146711873
1045	0.4
1050	8.51336628928
1055	4.17319751607
1060	5.83632160441
1065	3.53919800081
1070	6.09050265466
1075	4.13283369096
1080	3.20024455751
1085	5.30214085017
1090	2.07936901325
1095	6.27559496618
1100	2.85062532934
1105	3.57515197737
1110	0.4
1115	2.71238773692
1120	9.61070346996
1125	4.21243220761
1130	4.28909900825
1135	0.586175987938
1140	0.4
1145	5.44999527059
1150	1.33516041465
1155	0.4
1160	0.4
1165	3.49903539621
1170	2.02565219771
1175	8.05360476542
1180	1.1374733081
1185	4.50966508949
1190	0.4
1195	2.05712610919
1200	1.9001015326
1205	4.57980528632
1210	6.90712508363
1215	0.483784284647
1220	2.52311526371
1225	5.20241124133
1230	14.0224560381
1235	0.758532751072
1240	0.4
1245	4.89019795629
1250	3.33799432902
1255	5.03116301687
1260	6.57966408176
1265	3.39203686339
1270	0.824081886601
1275	1.12866597933
1280	3.83519491112
1285	1.14828119955
1290	0.4
1295	6.09970832868
1300	2.60739781801
1305	4.4397860808
1310	4.75411514168
1315	1.91120058523
1320	9.28360355889
1325	2.17926069295
1330	0.930997586279
1335	3.78051600947
1340	3.136776001
1345	6.07892230317
1350	2.41807104736
1355	4.70226173727
1360	3.41713622698
1365	2.83938987575
1370	5.75040400988
1375	3.66180928433
1380	1.79997497766
1385	1.35780990303
1390	3.68750377386
1395	0.4
1400	1.35023310022
1405	4.20419916109
1410	0.4
1415	0.4
1420	2.20808174283
1425	0.4
1430	4.09737682319
1435	4.37060462273
1440	2.65653573697
1445	0.4
1450	1.76867670242
1455	2.67121261505
1460	2.13506989714
1465	3.50721931753
1470	0.4
1475	1.06241489076
1480	6.8039712158
1485	3.08208041642
1490	2.01005510097
1495	3.8725304943
1500	5.30480805068
1505	3.32389613535
1510	2.45271172806
1515	5.0524765273
1520	5.27948565217
1525	2.9573696149
1530	7.22275460214
1535	3.34896478921
1540	10.1478038672
1545	5.8394930413
1550	2.87569890976
1555	5.50003448889
1560	3.8665869719
1565	2.60557667514
1570	7.52937259564
1575	2.32175972553
1580	2.11844380808
1585	7.46205245177
1590	3.79915068898
1595	5.55258923312
1600	1.35974237046
1605	0.4
1610	1.10604984666
1615	10.8460774946
1620	5.78906327927
1625	2.48447126616
1630	4.24149785348
1635	9.83602693204
1640	4.1727716383
1645	6.9940032001
1650	7.98351887321
1655	4.59747496467
1660	2.22759979166
1665	6.55047328052
1670	3.12826607379
1675	2.20992436871
1680	2.52682694802
1685	1.81433800598
1690	2.5503204336
1695	3.37592513864
1700	4.2914182889
1705	0.4
1710	8.28482434183
1715	4.7260668792
1720	3.63496801629
1725	2.33544818922
1730	2.83289105675
1735	4.26271564235
1740	3.05278243978
1745	1.39917406679
1750	7.30091290697
1755	6.95187621721
1760	2.68012597648
1765	6.167871919
1770	1.21598578849
1775	1.8709070882
1780	0.4
