0	0.4
5	2.29285038882
10	7.09399009384
15	0.4
20	1.31472492522
25	3.33015633877
30	2.71634986678
35	2.25207696557
40	3.31237085017
45	3.96224483859
50	8.26645280626
55	4.1350855318
60	3.95045861316
65	7.67856270999
70	5.08289723797
75	0.4
80	1.78948020201
85	1.90581109838
90	2.29169071649
95	3.66282081418
100	2.72262484286
105	2.325016446
110	2.54237344228
115	0.4
120	1.52324273
125	4.50465325906
130	2.57261418817
135	0.4
140	4.41540945263
145	4.23719718294
150	0.680736828669
155	3.42024274364
160	2.41938092432
165	2.00889102438
170	4.22562063505
175	2.49388623532
180	1.64260020103
185	0.4
190	3.15174675936
195	0.4
200	1.75102993896
205	2.61512041161
210	0.4
215	4.06704561934
220	3.46671258351
225	3.58122076734
230	5.28956257013
235	0.4
240	0.474182156169
245	2.08313878831
250	3.06033732618
255	4.73633463101
260	3.50008128897
265	0.850525044278
270	1.01732203725
275	0.4
280	4.04061383508
285	1.18647680494
290	4.00600701754
295	3.49561273773
300	2.79026821747
305	2.65006175449
310	1.98797854671
315	3.04186343296
320	0.4
325	0.4
330	3.42030466346
335	1.68044407182
340	5.48066721838
345	1.72515447231
350	3.95367655397
355	2.1978968782
360	3.20482059218
365	1.27716432499
370	0.958047242667
375	2.97447453976
380	3.10882969366
385	4.93318318814
390	3.53275197537
395	0.4
400	2.74253429115
405	2.8495120072
410	0.4
415	4.06091658761
420	4.86766961343
425	3.38670722849
430	0.858463741111
435	0.4
440	1.81661780462
445	3.08395701597
450	2.23564942939
455	4.57570324241
460	0.4
465	1.61997791854
470	6.72658013573
475	1.48694056184
480	2.55201446454
485	4.42543804535
490	3.28270550845
495	5.94050982172
500	1.65928174533
505	2.10452205466
510	0.789225967926
515	3.28139773825
520	3.1804005596
525	2.91923399322
530	0.4
535	0.77347600285
540	2.50083325055
545	0.740760198764
550	5.02395830846
555	0.4
560	4.32393919905
565	2.33341026274
570	2.17296719686
575	4.26696208997
580	2.14899507469
585	3.04833495142
590	1.54348871486
595	4.64717021121
600	5.08693566404
605	2.7598409188
610	2.07790897611
615	8.50118505503
620	3.3330315987
625	3.68536293231
630	1.39224052813
635	2.56976986087
640	2.26408894704
645	0.638026483863
650	0.4
655	0.4
660	0.699195820928
665	2.56259025303
670	1.01511459894
675	1.40669115569
680	2.34421752497
685	5.03691254001
690	3.2792923878
695	2.89570272608
700	4.67648969716
705	2.1766438883
710	4.613411032
715	4.54083356274
720	0.962479193532
725	3.98446506913
730	1.55276597698
735	0.4
740	3.82408709968
745	0.89599813737
750	0.4
755	2.85788822041
760	0.55067115319
765	2.44266544064
770	1.86898868796
775	2.37699950549
780	1.24990965224
785	2.19984730711
790	2.72363490548
795	1.72029700375
800	7.22269721656
805	2.327736566
810	0.4
815	7.38799821175
820	4.01031157344
825	3.2414511857
830	1.85087274478
835	8.14375731859
840	0.88078090983
845	3.83814899709
850	6.26246654256
855	4.42465078418
860	1.70699106596
865	1.48034733585
870	2.21476469492
875	2.41216672676
880	2.08508550999
885	2.5768078003
890	2.87866870303
895	0.4
900	1.75763079803
905	2.39924157548
910	0.4
915	2.83698737444
920	2.56142208179
925	0.4
930	1.30251717984
935	2.58804900022
940	0.4
945	0.467648280333
950	2.9144895637
955	3.74681163723
960	0.517491390729
965	1.68895275972
970	1.88984406142
975	2.97265091532
980	1.69480822549
985	3.56178535869
990	0.69728228753
995	6.9816129797
1000	2.74774062009
1005	0.4
1010	3.0534784295
1015	0.4
1020	2.02002055529
1025	3.43363030729
1030	3.00145439869
1035	1.83947032318
1040	2.41375337952
1045	2.45383959273
1050	1.48416906018
1055	1.47560792557
1060	0.73547977775
1065	0.978773295831
1070	2.2960899786
1075	4.40135134827
1080	2.4048161886
1085	2.14085427455
1090	0.4
1095	2.75751933752
1100	1.79544887011
1105	2.03462689361
1110	4.14993379518
1115	6.38067354377
1120	0.4
1125	2.71090538633
1130	7.24616653621
1135	0.413347161441
1140	9.35054562432
1145	2.0299881622
1150	2.28408820997
1155	2.0460811683
1160	5.96215263802
1165	1.45682350299
1170	2.48099486692
1175	0.4
1180	2.80740481645
1185	4.51961824072
1190	1.63875673012
1195	4.18269057177
1200	3.76449791343
1205	4.30595078627
1210	1.239797334
1215	3.38244200701
1220	2.83098108999
1225	2.6123121891
1230	3.58551854372
1235	0.4
1240	2.01272845158
1245	2.10793657862
1250	0.4
1255	1.47887723499
1260	0.681353122062
1265	2.17900422909
1270	2.8093920971
1275	5.24431836624
1280	6.05480930593
1285	4.82076600115
1290	0.4
1295	0.602171061439
1300	6.1287097472
1305	0.4
1310	3.86209658165
1315	0.4
1320	1.92815828952
1325	4.21056490188
1330	4.35865977078
1335	2.79906571614
1340	5.33412323516
1345	4.41455895005
1350	2.55301872584
1355	0.837940112496
1360	2.22573537216
1365	1.02412516182
1370	2.25218594717
1375	3.77835117644
1380	3.07795448619
1385	6.17916206504
1390	2.24441217615
1395	0.4
1400	6.86261812271
1405	1.87115550129
1410	3.9883407725
1415	1.00397388087
1420	6.49946468236
1425	2.03658721449
1430	5.12730139804
1435	0.4
1440	0.4
1445	0.4
1450	3.01718690666
1455	2.55700394966
1460	3.05456342399
1465	2.86334116649
1470	3.1177834865
1475	3.1143075695
1480	1.85771620067
1485	8.60286858458
1490	3.32918008846
1495	1.75644759842
1500	0.4
1505	3.70264147024
1510	3.90055260468
1515	7.26853436533
1520	10.3103211468
1525	1.76651896549
1530	5.36987407845
1535	0.4
1540	0.4
1545	2.9471523983
1550	1.27815075195
1555	6.53953765416
1560	2.90035913628
1565	1.88937748962
1570	4.00788073418
1575	2.64279116287
1580	2.70366722905
1585	5.2049582706
1590	3.97970940767
1595	2.93160145814
1600	2.81473200384
1605	2.36381019442
1610	3.83994553014
1615	4.83802701307
1620	2.79444021651
1625	0.4
1630	2.9151425246
1635	0.4
1640	4.0988690443
1645	0.830229666928
1650	0.710690892147
1655	0.4
1660	1.39583876489
1665	8.05131770046
1670	0.4
1675	2.30544215172
1680	5.40600584923
1685	2.18287542824
1690	3.11694484241
1695	3.24817272172
1700	2.37819480073
1705	2.34185158195
1710	0.727038818468
1715	5.80619432015
1720	2.91529154023
1725	0.4
1730	0.4
1735	0.4
1740	4.65080855932
1745	1.25685629288
1750	3.9531194284
1755	4.22629426192
1760	4.68966301996
1765	3.10054584682
1770	3.4890375024
1775	2.41130647173
1780	5.03054120018
1785	0.440779005345
1790	2.55062343838
1795	7.01169679652
1800	1.17076844461
1805	0.4
1810	2.54035253343
1815	5.33591913215
1820	3.30866391825
1825	0.4
1830	3.72606096943
1835	3.56439471908
1840	1.65904189405
1845	6.56859505521
1850	2.96892504132
1855	2.06588383062
1860	0.4
1865	2.33021321143
1870	1.96082225305
1875	0.4
1880	2.79450244247
1885	1.5756855619
1890	5.16235479763
1895	1.95226980116
1900	0.4
1905	2.65290169473
1910	2.13504290557
