0	0.4
5	1.59065243563
10	0.4
15	0.628975758326
20	1.47681885917
25	0.658523581614
30	0.4
35	2.44108531802
40	2.28045116139
45	1.00299378183
50	0.4
55	1.16978580221
60	0.922573050684
65	0.4
70	0.4
75	2.5814986935
80	0.4
85	1.62948396646
90	0.4
95	1.81887389547
100	0.915951707385
105	1.09018401622
110	0.4
115	0.680349304836
120	1.29422104542
125	0.4
130	2.17611244048
135	0.4
140	0.672948938082
145	1.19721468146
150	0.71400604589
155	1.43912323347
160	0.820596070594
165	0.4
170	0.4
175	0.4
180	0.731789846414
185	0.4
190	0.604864672652
195	0.741071552206
200	0.4
205	2.29133089179
210	0.4
215	1.03965840458
220	5.05035772816
225	0.4
230	1.49854582308
235	0.4
240	0.4
245	0.4
250	0.4
255	1.64781818541
260	2.66402228137
265	0.755262543222
270	2.3670245738
275	0.464781111953
280	2.36789863547
285	0.4
290	2.02520566342
295	0.768901452869
300	4.48632494491
305	1.60197262388
310	0.569675263665
315	0.4
320	1.72656575359
325	1.94084122952
330	0.4
335	2.23135245263
340	0.764980981433
345	0.744529241801
350	0.4
355	0.877850767359
360	0.4
365	0.4
370	0.4
375	0.4
380	2.65343881657
385	1.00133206125
390	0.4
395	2.32668115413
400	0.406598943609
405	0.4
410	2.25669041996
415	2.8566846565
420	0.484835291569
425	0.4
430	0.4
435	1.21550672022
440	2.88580124411
445	1.17770550544
450	0.516931491207
455	0.817187857298
460	0.4
465	0.4
470	3.57486143646
475	0.4
480	0.4
485	0.4
490	1.49014232658
495	0.540532554792
500	2.53656055204
505	0.423003946057
510	0.878769061127
515	0.4
520	0.782956289943
525	0.4
530	0.4
535	0.715120103501
540	0.478216558999
545	1.13008552495
550	1.57310162107
555	0.85240979878
560	0.585139262784
565	0.405372654862
570	1.132621717
575	0.614887902878
580	0.933811685586
585	0.4
590	6.07137638945
595	0.4
600	0.4
605	2.47312910224
610	4.97945645833
615	1.20735294202
620	1.62821359315
625	0.811766441439
630	0.4
635	0.4
640	1.71286337055
645	0.4
650	0.4
655	0.566529613122
660	0.4
665	1.1508660692
670	0.4
675	0.58084614749
680	0.663198761326
685	2.07300268935
690	0.4
695	1.93014705923
700	0.489952602775
705	0.4
710	2.49446694247
715	2.7508290387
720	3.19156383963
725	2.56738136706
730	0.971657224253
735	1.99350606672
740	0.4
745	0.4
750	5.48218924512
755	0.73445215392
760	0.4
765	3.85424740911
770	0.96569549828
775	1.95916600564
780	1.25699277389
785	1.62245197801
790	0.4
795	0.4
800	0.4
805	0.4
810	0.609783860697
815	2.4266632859
820	0.4
825	0.4
830	3.95320557794
835	1.23711706966
840	0.646750815028
845	3.38554523229
850	2.30677947311
855	1.40729605773
860	2.17197554666
865	0.833475152971
870	1.81683244102
875	0.4
880	2.01262403961
885	2.1861858441
890	0.4
895	3.24231311654
900	1.59909708132
905	0.4
910	1.58774428561
915	0.4
920	2.38006151301
925	0.4
930	0.4
935	1.39128581037
940	0.951599988302
945	0.4
950	1.73431892115
955	1.49238713539
960	0.548647797463
965	0.4
970	0.4
975	0.4
980	2.10235292339
985	1.77896090883
990	3.78716928951
995	0.4
1000	1.30835068032
1005	0.4
1010	1.62470001296
1015	0.4
1020	0.4
1025	0.756385103389
1030	4.15192948261
1035	0.4
1040	0.4
1045	1.06352837405
1050	0.4
1055	0.4
1060	0.4
1065	4.04554321865
1070	0.691422589763
1075	0.4
1080	0.831131263168
1085	1.24603159409
1090	0.4
1095	1.67053406288
1100	0.845746893025
1105	1.85115085606
1110	4.32005795832
1115	1.03541178523
1120	0.4
1125	0.4
1130	0.4
1135	7.25159525399
1140	0.4
1145	0.4
1150	3.27776803538
1155	0.4
1160	0.4
1165	0.4
1170	0.406397050856
1175	0.4
1180	0.4
1185	0.4
1190	0.4
1195	0.919340708649
1200	7.22107030927
1205	2.30319310438
1210	0.4
1215	0.4
1220	1.29951844484
1225	0.4
1230	7.46145602988
1235	0.9063896804
1240	0.4
1245	0.68530705325
1250	0.4
1255	1.94342093996
1260	1.2738702733
1265	0.4
1270	0.4
1275	0.950520856796
1280	0.571067700359
1285	4.09583023749
1290	1.11301749829
1295	1.43448033922
1300	1.49533692928
1305	1.09423808684
1310	0.4
1315	3.18166201135
1320	0.846429562351
1325	0.4
1330	0.517519037594
1335	0.4
1340	0.4
1345	3.45348331208
1350	0.930663281454
1355	1.01173452453
1360	0.524180185996
1365	0.4
1370	1.52106204072
1375	0.4
1380	0.4
1385	2.02513597848
1390	1.35148475297
1395	1.34248927651
1400	0.4
1405	0.4
1410	0.4
1415	0.939815248587
1420	0.4
1425	0.629712262608
1430	0.653130328385
1435	1.05668717616
1440	1.24301420204
1445	0.4
1450	0.711603621848
1455	0.4
1460	0.4
1465	1.82071984855
1470	0.4
1475	2.86409844792
1480	0.4
1485	0.924534551323
1490	0.453396199557
1495	1.49308769024
1500	0.4
1505	0.850511930708
1510	1.53131934843
1515	4.22075598082
1520	0.4
1525	0.4
1530	0.4
1535	0.417706933586
1540	0.4
1545	0.716038919667
1550	2.18873943007
1555	0.4
1560	1.87228507244
1565	0.4
1570	2.46042147874
1575	0.870440322346
1580	0.97181943365
1585	2.52701487084
1590	1.85397198475
1595	0.4
1600	1.70031294541
1605	3.33537739303
1610	0.4
1615	0.790513653288
1620	0.4
1625	0.4
1630	0.4
1635	1.97645488541
1640	2.87327701844
1645	1.76904385459
1650	0.729907579351
1655	1.8503817526
1660	0.4
1665	0.4
1670	0.4
1675	0.4
1680	0.4
1685	5.03884223901
1690	0.945259463187
1695	0.80078160238
1700	1.56773104823
1705	2.70035632602
1710	0.4
1715	0.865660147693
1720	0.812900653191
1725	5.76006440581
