0	1.07971373967
5	0.4
10	0.4
15	1.44790907945
20	2.56489469483
25	6.85602398352
30	4.18931746574
35	6.44411640084
40	6.24735813092
45	3.92062684648
50	0.4
55	3.17392616945
60	2.25447392628
65	2.66718538711
70	0.4
75	0.4
80	1.70101808389
85	2.89767999544
90	3.62892272254
95	4.06838981436
100	0.4
105	6.68661771261
110	4.07611256876
115	8.06586032816
120	6.51735319629
125	3.15676992142
130	4.87671838107
135	0.4
140	1.83324134085
145	3.35004708225
150	1.61108528577
155	2.37618365922
160	0.4
165	0.4
170	0.4
175	0.4
180	2.9803422422
185	3.29185324834
190	2.57586391977
195	0.4
200	0.4
205	10.9110793448
210	1.44015910945
215	3.08468829821
220	1.93607901163
225	4.05926719396
230	2.66049357421
235	3.07884606826
240	4.30930680545
245	2.6186727579
250	6.87366817354
255	0.4
260	3.90818495379
265	1.9518077021
270	0.4
275	1.14280187989
280	0.4
285	0.937435846276
290	0.4
295	5.13911552843
300	0.4
305	1.23397686935
310	3.01014764467
315	9.33852540669
320	4.97906579816
325	0.4
330	17.7613941502
335	3.40431690914
340	1.40007940893
345	1.40724067987
350	0.4
355	1.72100670563
360	4.75277279055
365	0.4
370	8.18491872627
375	0.4
380	4.45642651297
385	0.4
390	3.91128901202
395	3.08691321505
400	1.24907918609
405	7.10811397188
410	15.6604648029
415	0.4
420	0.4
425	3.15301831633
430	3.16907993147
435	1.66822264817
440	8.6729140177
445	0.4
450	1.59143161653
455	1.23772496174
460	0.4
465	6.87569315062
470	0.4
475	4.9475806296
480	15.8006732652
485	5.09024942478
490	3.19782098966
495	4.83314018163
500	1.60800438941
505	10.2297798058
510	0.4
515	2.03009611366
520	3.18703146153
525	4.54834035618
530	0.4
535	0.4
540	4.6944817812
545	6.37815565932
550	3.12610188061
555	0.4
560	3.00408271645
565	0.60766532152
570	0.4
575	5.01561793265
580	6.49313411813
585	5.1901664864
590	1.94579703279
595	0.4
600	4.17353578689
605	5.44801553465
610	1.07208221969
615	1.5047402207
620	7.82832966504
625	0.4
630	7.24218366027
635	0.4
640	4.01287140742
645	1.66962149373
650	0.4
655	0.438983500353
660	1.9825430574
665	2.65809558315
670	0.4
675	0.4
680	5.05992032523
685	5.66225689179
690	3.51573015532
695	0.4
700	3.49902615995
705	2.64479158851
710	0.478619969842
715	2.02222279865
720	4.85084774906
725	13.6188856124
730	3.55252932153
735	6.60578348898
740	2.74466839256
745	7.63403066254
750	1.3759283246
755	3.655469963
760	2.46579936082
765	3.8061944998
770	4.81181204908
775	4.61058593575
780	5.38829910819
785	3.17692319519
790	5.49407047233
795	0.4
800	3.72862632349
805	2.76346113428
810	3.22912138762
815	0.4
820	2.41606929864
825	3.83891942708
830	0.4
835	1.02031656761
840	3.08809464665
845	2.89634440164
850	2.95746302179
855	0.4
860	2.81701412138
865	2.87291677878
870	5.43230093067
875	3.16080262994
880	0.4
885	5.53392426822
890	7.20967412245
895	1.89012074774
900	3.16601320663
905	4.68518394721
910	2.28293550759
915	4.96812871855
920	8.68572780681
925	5.00752462997
930	0.4
935	0.4
940	5.02859276603
945	0.812418747071
950	11.3908040227
955	0.4
960	0.4
965	0.4
970	2.60928290256
975	2.35364312503
980	2.8825630092
985	12.9511328486
990	2.02546352311
995	6.68352751509
1000	2.15158417878
1005	10.2353797746
1010	1.04191437359
1015	3.42149608864
1020	0.544550311019
1025	1.05446641917
1030	3.37459735787
1035	7.54608205895
1040	2.53853690315
1045	2.85326170582
1050	0.4
1055	4.49964564489
1060	4.61469494726
1065	7.09514647143
1070	3.51855367809
1075	2.53547101928
1080	0.4
1085	0.46515990986
1090	3.15029943795
1095	2.67603103626
1100	0.4
1105	1.30113199112
1110	7.67087121144
1115	10.2387104888
1120	0.4
1125	10.7548756496
1130	0.865753699657
1135	9.58313768367
1140	3.83674912944
1145	4.91833595327
1150	2.95183568702
1155	0.4
1160	0.4
1165	0.583918928986
1170	0.4
1175	4.41455442208
1180	27.2755145766
1185	3.73935853503
1190	2.61704334094
1195	3.39907526612
1200	4.43411463787
1205	1.13101679399
1210	3.5705299371
1215	0.4
1220	4.82029063865
1225	1.12643390705
1230	0.4
1235	1.02029724927
1240	1.91885233448
1245	0.4
1250	4.29593368073
1255	1.72947655325
1260	1.18776898952
1265	0.4
1270	0.804309690294
1275	4.79776232121
1280	0.4
1285	0.4
1290	0.4
1295	3.63192363156
1300	11.6089248948
1305	1.84842083734
1310	0.4
1315	5.65674679898
1320	7.1146527169
1325	4.1999968964
1330	0.4
1335	10.2536088102
1340	0.4
1345	13.4897835822
1350	8.57299871403
1355	0.4
1360	1.18239505058
1365	3.39899525164
1370	2.92332179924
1375	0.4
1380	0.4
1385	8.5616433901
1390	7.63549837037
1395	3.22266098757
1400	0.4
1405	2.3333323337
1410	2.82875432769
1415	2.55581328991
1420	0.4
1425	4.36880205452
1430	0.4
1435	3.17767235843
1440	1.65068720151
1445	2.07630837058
1450	10.2172201386
1455	0.722616243393
1460	0.4
1465	0.4
1470	5.62799315442
1475	1.60567233541
1480	6.35896748934
1485	5.09355629116
1490	2.84881794591
1495	1.5236200573
1500	2.04185796463
1505	2.20122127695
1510	0.4
1515	4.05222958797
1520	7.37236005717
1525	0.793697072553
1530	0.4
1535	4.55307531383
1540	0.4
1545	2.64297561243
1550	7.76370865241
1555	3.09435433604
1560	0.4
1565	1.95245507557
1570	3.22818518977
1575	0.583859513204
1580	0.4
1585	6.83581849481
1590	2.60801103481
1595	0.4
1600	0.4
1605	5.98988569063
1610	3.16270013904
1615	0.739221808913
1620	8.72513526075
1625	1.84702605596
1630	2.30295651701
1635	2.91160670929
1640	0.4
1645	1.59571277142
1650	4.85317223964
1655	0.4
1660	3.31011736691
1665	5.34875390658
1670	0.4
1675	0.4
1680	0.4
1685	2.80822248124
1690	4.91009981548
1695	0.4
1700	0.4
1705	1.98655857422
1710	2.64514733694
1715	0.4
1720	3.80297802546
1725	5.55386004304
1730	0.4
1735	1.65930786446
1740	1.00780416215
1745	2.63868574984
1750	0.4
1755	3.68647811029
1760	5.31219950324
1765	2.98086172496
1770	2.91340558771
1775	0.4
1780	0.652194164726
1785	0.4
1790	4.01925595224
1795	3.95689798993
1800	1.91430451155
1805	2.18331635599
1810	0.4
1815	0.4
1820	2.32070344941
1825	10.0135617116
1830	0.4
1835	12.7316309699
1840	4.03873928047
1845	0.633977060267
1850	3.10795415454
1855	3.39302927677
1860	0.4
1865	0.4
1870	4.40681883583
1875	0.4
1880	3.96340838834
1885	6.35612519576
1890	3.26243175495
1895	5.27413944989
1900	6.49788068346
1905	0.4
