0	0.4
5	3.05124191011
10	6.05584833551
15	1.3842844018
20	4.49276936156
25	0.800447880397
30	1.27011221533
35	2.74708355126
40	3.39217208036
45	1.43902910726
50	1.99855546694
55	3.74866599221
60	0.4
65	2.7957705513
70	2.19311150822
75	5.75034559102
80	0.4
85	0.4
90	5.66319773277
95	5.24441557177
100	3.15673222155
105	1.5948784211
110	0.4
115	0.4
120	7.12595399426
125	9.2794159523
130	2.55718290668
135	3.29917878044
140	4.13788398225
145	4.21135044628
150	4.26850487925
155	0.4
160	5.23023261111
165	2.98786952619
170	1.68536953575
175	4.46698712691
180	1.5751708033
185	3.36307978409
190	1.74607445293
195	0.4
200	2.70825715045
205	4.92430626358
210	2.63910980022
215	2.06324561824
220	3.31214635518
225	5.11839763332
230	4.58501503895
235	2.08284712047
240	0.4
245	0.4
250	4.27093288393
255	5.0321143355
260	4.2633647463
265	4.18001052048
270	3.6173161572
275	2.72087523409
280	6.53601159327
285	6.10390174885
290	0.4
295	3.03537990372
300	0.4
305	1.33742790741
310	8.75183709084
315	3.0294678785
320	2.62510758663
325	5.63058782997
330	2.14648213336
335	4.34270713817
340	0.4
345	3.51644100905
350	0.4
355	0.4
360	5.51938204053
365	2.71645176527
370	2.59891627326
375	1.49275740247
380	0.692218529753
385	3.94818577215
390	2.48594903135
395	3.45060828721
400	2.9983654137
405	0.4
410	2.24240222289
415	1.89033863637
420	2.56248654365
425	1.77977570382
430	0.4
435	10.0334134811
440	4.37044731035
445	1.91446596817
450	0.4
455	2.46821547997
460	3.44131088614
465	4.47564998606
470	2.87297211735
475	5.95612746257
480	1.93431665334
485	6.88533065256
490	3.04917689327
495	0.4
500	1.99624415402
505	1.61233820693
510	1.99128000124
515	4.32633289573
520	8.5259355192
525	4.22912518594
530	3.6062134695
535	6.30830074329
540	0.4
545	2.8422460256
550	16.7797348476
555	1.36586209307
560	9.50682450287
565	5.80252853653
570	5.02644265687
575	4.1356979697
580	3.17662228283
585	4.50553090196
590	0.4
595	5.53983474807
600	6.61774996935
605	16.9757716429
610	0.4
615	4.61314169187
620	5.69732200521
625	7.33556808496
630	2.49086813548
635	1.62176194918
640	4.61174756123
645	1.9414752052
650	0.550344056521
655	15.9769304908
660	2.31732703034
665	12.6863691752
670	2.95229736274
675	0.4
680	0.4
685	2.75403176683
690	5.70274754804
695	0.794360622262
700	2.21870543212
705	3.10977897599
710	0.4
715	0.914800932345
720	0.4
725	2.59020101777
730	0.4
735	0.4
740	4.79857291733
745	3.15857657954
750	5.68647650612
755	2.80142401655
760	4.00904481678
765	0.4
770	0.4
775	0.4
780	0.4
785	0.831370526699
790	6.45083606008
795	3.03833345623
800	3.43755795483
805	7.98894837583
810	1.03843043969
815	0.4
820	6.34268681238
825	0.4
830	0.4
835	0.4
840	3.3456282778
845	5.88569540671
850	4.20746589858
855	3.50587031886
860	5.94272069381
865	0.4
870	3.18706214943
875	2.58124140706
880	2.31700309357
885	0.4
890	6.09094245398
895	1.26034556638
900	0.4
905	1.33890363958
910	0.4
915	1.77525475526
920	0.4
925	2.22450812123
930	22.2313467661
935	5.40761379127
940	1.8482728384
945	4.20292488502
950	0.4
955	5.30199347423
960	4.43511739847
965	7.6312500981
970	2.31854065689
975	0.4
980	0.855694944695
985	0.4
990	2.66576805391
995	3.42454253051
1000	0.4
1005	1.80376443043
1010	7.41854951209
1015	4.42617214059
1020	1.7778267408
1025	2.92467688642
1030	0.4
1035	0.4
1040	3.89673097923
1045	1.82064714144
1050	0.588570777786
1055	1.51558600424
1060	7.1328516123
1065	3.00429745309
1070	0.4
1075	0.4
1080	1.71712973785
1085	2.30331011375
1090	0.4
1095	3.50773644147
1100	8.58376511672
1105	9.80561698341
1110	6.31239808755
1115	10.0414494954
1120	0.4
1125	2.51139778809
1130	3.54320696779
1135	4.8065516508
1140	5.28087629954
1145	0.4
1150	0.4
1155	0.4
1160	2.87684054249
1165	0.4
1170	0.4
1175	1.74995753468
1180	3.37285714582
1185	1.05337349687
1190	5.90213498289
1195	2.08625354639
1200	2.48379174997
1205	0.4
1210	8.8597797199
1215	8.11386115569
1220	10.4817842052
1225	0.4
1230	4.62899020879
1235	6.00648159556
1240	2.48955344148
1245	0.4
1250	5.44987111735
1255	0.4
1260	1.56016161773
1265	0.4
1270	0.887954535643
1275	2.75536311223
1280	2.90162963666
1285	2.15819399502
1290	1.1695258588
1295	4.72746823952
1300	4.03922445659
1305	2.34462584968
1310	4.99687567068
1315	1.96512178521
1320	3.10501896068
1325	2.52312179238
1330	7.40628694094
1335	0.4
1340	2.87698414303
1345	1.7155797805
1350	0.760075926464
1355	1.58424790707
1360	2.30572359737
1365	2.55501851097
1370	0.756611797635
1375	8.06943038942
1380	2.20780918114
1385	2.26742420457
1390	2.58806709031
1395	2.43633694436
1400	0.4
1405	0.4
1410	2.54003566982
1415	2.96651166138
1420	0.4
1425	1.70307897733
1430	8.12872104748
1435	0.4
1440	4.48744890944
1445	3.42695997268
1450	1.72326115999
1455	5.78873394892
1460	6.14404073646
1465	15.3704617712
1470	0.4
1475	4.95494640003
1480	7.9447062375
1485	1.58686754653
1490	3.53992388458
1495	1.35428626588
1500	2.2019129077
1505	3.94450679476
1510	0.4
1515	0.4
1520	0.4
1525	2.24812037363
1530	4.5548605284
1535	4.45406308859
1540	4.47320371615
1545	2.99019119858
1550	2.28436759822
1555	1.21727547402
1560	0.4
1565	1.56668596952
1570	10.2358659185
1575	0.4
1580	0.4
1585	13.9822848226
