0	3.03726641779
5	0.4
10	4.72015503181
15	4.39549235691
20	2.10974575796
25	6.45303487088
30	15.8347814764
35	0.570381357041
40	5.10118488685
45	8.93469462398
50	4.00104141328
55	3.12425892885
60	11.2214497646
65	1.93782637802
70	7.633022867
75	6.94609004976
80	5.82901979758
85	0.4
90	0.4
95	5.44460875847
100	7.57397700666
105	3.60229594402
110	6.46864759903
115	7.10828225292
120	2.32582204164
125	10.0369790188
130	17.5695106592
135	0.4
140	5.51679460484
145	11.9432302561
150	5.39848502477
155	0.886572420259
160	0.4
165	11.6466645169
170	5.38462363559
175	6.51663022383
180	2.27445823338
185	2.48303536564
190	10.8282320378
195	12.0881190669
200	4.69477067848
205	12.3508825631
210	9.42350561148
215	1.95247222501
220	1.75174671832
225	0.4
230	6.49439540089
235	1.05272362155
240	5.50964764739
245	6.42066136204
250	2.477521346
255	0.4
260	7.47413456991
265	26.9550079317
270	2.02049265782
275	6.10278869518
280	6.21095953241
285	10.5367943021
290	11.9792946088
295	9.72220645477
300	8.41462932244
305	6.61228604602
310	14.5155948386
315	0.4
320	0.4
325	11.9921295525
330	0.4
335	6.51927345203
340	0.464317333817
345	8.66686549019
350	0.4
355	9.73640675051
360	0.4
365	0.4
370	5.02869218557
375	0.4
380	5.16542054866
385	2.08331506041
390	7.6146377432
395	6.72250083587
400	0.4
405	0.4
410	0.4
415	2.42393994949
420	14.1471335462
425	9.12076538841
430	2.30310848929
435	3.73082488275
440	1.65507441332
445	5.27686930014
450	22.1131528627
455	10.1377367547
460	9.74317898673
465	10.8439626104
470	0.4
475	0.926571359804
480	3.7939629723
485	5.44958097791
490	0.4
495	5.59914776998
500	2.17179906045
505	0.4
510	1.07554031966
515	5.25862230938
520	4.87715074208
525	28.1937258982
530	9.43234384077
535	7.16220544639
540	0.4
545	2.65431016189
550	8.88955528097
555	5.03390125029
560	4.15512712024
565	0.4
570	0.4
575	0.4
580	7.19324041119
585	5.96152337192
590	0.4
595	13.0440962711
600	4.25697881793
605	7.88298685325
610	1.98311820259
615	4.16286043139
620	12.2901084066
625	6.12386413841
630	2.87579519599
635	7.59597888406
640	4.7092249816
645	6.42329881561
650	6.32324277988
655	1.84811700707
660	9.68622084479
665	11.2069465947
670	4.35468436434
675	0.4
680	5.27304804015
685	4.08004068433
690	5.06635404309
695	0.808519146512
700	0.4
705	9.52421997987
710	1.80976125816
715	7.17704387811
720	8.21728345446
725	5.57692403422
730	5.99274130415
735	9.52962262627
740	11.1228098902
745	5.57046741905
750	1.48342792895
755	13.9265729606
760	5.59893403969
765	2.9000903756
770	2.70291515344
775	0.4
780	7.88594484093
785	5.24226874941
790	2.82275726516
795	4.06305628411
800	15.5731944458
805	1.5733439417
810	4.72326141788
815	6.17202478248
820	2.54453193807
825	0.4
830	6.41003346277
835	0.4
840	0.4
845	5.7323258691
850	7.66516783935
855	10.9639883819
860	7.59519696409
865	9.46756123949
870	18.641727109
875	4.91351358339
880	14.069874158
885	3.72387483635
890	4.77906827741
895	4.60411570364
900	0.4
905	3.97298391256
910	8.2248229266
915	0.4
920	11.2722319044
925	8.06671142255
930	15.1672928297
935	7.0346722789
940	1.16304965162
945	8.95017259696
950	0.4
955	9.7891526039
960	9.07427784785
965	3.54076669967
970	5.85051000764
975	15.5003387145
980	4.26859837009
985	15.5963109844
990	5.05024610826
995	0.832092679989
1000	9.41153961722
1005	0.941513913424
1010	7.00016109162
1015	9.54810669149
1020	5.5821870368
1025	7.71417851312
1030	5.98854535303
1035	6.34418057213
1040	13.942088104
1045	11.7122894173
1050	1.82854986497
1055	0.4
1060	7.19300279412
1065	0.4
1070	7.49282738121
1075	7.21563955485
1080	3.86052043998
1085	13.1397590403
1090	0.4
1095	12.7832801397
1100	1.15664890443
1105	6.70017929011
1110	7.20095712647
1115	0.4
1120	7.3158356598
1125	0.4
1130	8.8734461043
1135	3.2769828254
1140	14.2480230739
1145	0.4
1150	2.25432224219
1155	9.03403957945
1160	10.347654454
1165	8.62035577623
1170	5.97309400455
1175	4.03348580847
1180	3.93263212376
1185	3.29279266429
1190	7.61949834558
1195	0.4
1200	4.51216064867
1205	0.539049043733
1210	5.91247615158
1215	12.1225046362
1220	6.0083108219
1225	2.79483649522
1230	0.4
1235	0.4
1240	11.9769941172
1245	4.41079114288
1250	12.83473906
1255	13.1048444922
1260	9.76039112149
1265	13.6071943545
1270	0.4
1275	4.94011639953
1280	7.43206301739
1285	0.4
1290	0.4
1295	7.76346960602
1300	2.85683712101
1305	8.73067809189
1310	1.93605925612
1315	0.511129665784
1320	14.554596647
1325	4.72504130146
1330	0.4
1335	4.19737915964
1340	12.3332203633
1345	5.16800422723
1350	0.4
1355	3.29830227085
1360	1.58838500567
1365	5.78510208247
1370	6.28261523582
1375	3.46832603717
1380	10.6495762157
1385	12.7434441359
1390	6.60085762538
1395	1.60279995139
1400	10.1756766932
1405	4.85435819204
1410	2.98740112629
1415	1.12870888129
1420	7.94295245137
1425	0.4
1430	0.4
1435	0.4
1440	11.8587130945
1445	5.58074403174
1450	6.39197498284
1455	2.98200557874
1460	7.3692224137
1465	2.00756321277
1470	11.4284130592
1475	5.89057741329
1480	10.2533090455
1485	4.71534040726
1490	0.4
1495	5.13555870542
1500	4.81422761703
1505	1.96800143093
1510	6.833309172
1515	10.9677819997
1520	9.07298394217
1525	3.54403531097
1530	1.31389897372
1535	7.44562034215
1540	8.60406598384
1545	5.03789748108
1550	4.13452385164
1555	15.0685722126
1560	15.3360128152
1565	8.16732645191
1570	4.92031562796
1575	4.61514775688
1580	0.4
1585	5.67340575401
1590	7.51508195269
1595	16.0795396821
1600	9.1772936304
1605	12.474427292
1610	0.4
1615	7.43088949793
1620	9.61052512108
1625	12.3566449173
1630	12.224820683
1635	5.15788046903
1640	0.4
1645	13.8791845454
