0	0.4
5	11.5444968773
10	0.4
15	6.02803805127
20	0.4
25	10.128409166
30	2.61125653573
35	0.4
40	0.4
45	0.4
50	0.4
55	0.966400717396
60	1.72015520413
65	1.77966160566
70	0.4
75	0.4
80	0.4
85	0.559312855169
90	2.44104487293
95	0.4
100	4.39543419513
105	0.4
110	0.885993730132
115	0.4
120	7.98660232003
125	1.11516812892
130	0.4
135	0.4
140	1.02940901089
145	2.55182177966
150	0.4
155	5.94708129402
160	1.80174450057
165	3.77380075902
170	0.4
175	0.528878151943
180	3.83777072123
185	1.05717133807
190	5.52793881251
195	0.4
200	3.18938087465
205	3.38433085404
210	0.4
215	7.51437491426
220	0.4
225	1.25071899296
230	1.45610892735
235	0.983929368161
240	1.12161512933
245	1.85629538404
250	0.4
255	3.84666267528
260	0.4
265	8.95683460423
270	0.4
275	2.02833308152
280	0.4
285	0.455735149536
290	0.4
295	1.24550201312
300	2.81492992763
305	4.73604998505
310	5.17961419032
315	4.48292249005
320	0.94921191633
325	4.25465211922
330	1.95897712593
335	1.22999455119
340	2.79786404208
345	3.50918411641
350	3.48940092908
355	1.32091045348
360	0.4
365	0.406073633894
370	7.48872653977
375	2.611950787
380	0.987624352624
385	0.4
390	2.70932884483
395	0.4
400	0.902076547892
405	1.20424925874
410	2.71918205144
415	0.4
420	0.4
425	0.4
430	3.74599713247
435	0.464528753096
440	3.1168736661
445	0.704565878935
450	0.4
455	2.01196931869
460	0.726590751267
465	8.04779641605
470	0.4
475	3.39316075619
480	0.4
485	3.83819999273
490	0.4
495	0.4
500	0.4
505	0.4
510	8.11606652135
515	0.4
520	5.70373571998
525	8.80312877811
530	1.56982678205
535	0.4
540	4.76110644178
545	2.72005737115
550	0.4
555	0.4
560	2.04965367312
565	0.4
570	0.4
575	0.4
580	2.20051714845
585	0.672921751772
590	1.42407734574
595	0.4
600	0.4
605	0.4
610	1.99198377025
615	0.4
620	0.4
625	3.09707903253
630	0.4
635	1.85603280126
640	8.62184773657
645	3.01269733795
650	0.770405414201
655	0.598653822032
660	0.587071848312
665	0.4
670	2.79221732243
675	5.83213597152
680	0.4
685	0.4
690	0.726188651561
695	0.4
700	3.35548503332
705	0.86186529764
710	3.04690517664
715	0.604875148694
720	2.82185709899
725	1.81778712522
730	0.4
735	2.32854017293
740	0.4
745	5.44679948355
750	3.14202494136
755	0.4
760	1.19782010398
765	0.709223690073
770	1.52823787371
775	2.96084034589
780	11.6276829776
785	2.33509486771
790	1.30022209001
795	3.6298180643
800	2.46423072518
805	1.01576516274
810	2.58668841725
815	2.99135388289
820	0.4
825	0.4
830	3.43583263362
835	0.4
840	1.50648734466
845	11.0733706014
850	0.4
855	0.4
860	0.4
865	2.80595922628
870	0.4
875	10.1252323688
880	0.550843186495
885	3.00710567425
890	6.16737175429
895	2.40514000167
900	1.2857248368
905	0.4
910	1.27210948844
915	1.47525563536
920	5.14526115622
925	0.4
930	0.545038981164
935	0.4
940	0.720395375574
945	0.770006972594
950	2.89110752126
955	0.4
960	0.4
965	3.72494153172
970	3.26667243891
975	8.58784811564
980	2.78943338113
985	0.4
990	1.29590315514
995	8.71819712294
1000	2.16061609604
1005	0.661014577943
1010	12.1712782967
1015	4.67096819422
1020	0.4
1025	6.30183807497
1030	2.99362579666
1035	6.75344458118
1040	3.84514261544
1045	1.65826249828
1050	0.4
1055	2.85888933772
1060	1.30052486624
1065	6.88441809448
1070	3.75711770583
1075	1.03266120968
1080	0.4
1085	1.27600566435
1090	0.699895544263
1095	0.722201268953
1100	2.78651948463
1105	0.4
1110	2.65609607887
1115	1.54087580269
1120	0.534305478633
1125	5.11976708436
1130	0.4
1135	0.4
1140	4.74204706839
1145	0.4
1150	0.4
1155	0.4
1160	0.4
1165	7.48787237073
1170	10.8429793549
1175	0.464017651298
1180	0.4
1185	3.78874864286
1190	3.3978967383
1195	1.22763524564
1200	9.081137412
1205	2.09475018323
1210	3.05595203654
1215	0.437388308323
1220	0.4
1225	2.54789168656
1230	3.80856315919
1235	0.4
1240	5.97804695209
1245	1.58251635902
1250	0.4
1255	0.4
1260	2.01963850703
1265	0.4
1270	0.4
1275	1.39463404063
1280	3.19918506519
1285	1.40949952277
1290	0.4
1295	2.09263319785
1300	0.4
1305	6.35832705158
1310	2.18808273813
1315	1.76559854121
1320	1.22090382962
1325	9.1000037276
1330	2.1731391248
1335	2.3960785567
1340	0.4
1345	0.4
1350	0.4
1355	1.62145283198
1360	7.25246164956
1365	0.467704493783
1370	2.92285666072
1375	2.05076147204
1380	1.08245901478
1385	3.06823304249
1390	3.92902566522
1395	5.1183780411
1400	3.02793617805
1405	0.885182084187
1410	0.4
1415	0.4
1420	1.53209583287
1425	0.4
1430	2.38893087433
1435	0.4
1440	8.1261440705
1445	0.4
1450	12.7835957133
1455	1.92626606469
1460	4.10272988649
1465	5.81543698418
1470	0.4
1475	2.68855183714
1480	6.09889783946
1485	0.471384283746
1490	7.78250399636
1495	3.94709067501
1500	0.679470945743
1505	0.4
1510	1.56529276969
1515	0.445560310763
1520	9.26804682382
1525	0.4
1530	3.2821453952
1535	7.34411849301
1540	0.55790601661
1545	3.44001267324
1550	0.4
1555	0.4
1560	2.26174702434
1565	0.4
1570	0.4
1575	1.33368981724
1580	1.90555693999
1585	2.73823320561
1590	6.01549068372
1595	0.4
1600	0.4
1605	9.12925625337
1610	1.45877429093
1615	3.68913762796
1620	0.4
1625	0.4
1630	1.48790358807
1635	5.46733592088
1640	4.63584167225
1645	0.4
1650	0.4
1655	3.94583849611
1660	5.22690565313
1665	0.4
1670	1.31728960789
1675	12.5182579871
1680	0.4
1685	0.4
1690	0.4
1695	0.4
1700	0.4
1705	1.47285556329
1710	1.84993055571
1715	0.4
1720	0.4
1725	0.4
1730	0.4
1735	0.535591146492
1740	0.4
1745	1.5039147818
1750	0.960802091813
1755	1.41960697089
1760	0.4
1765	3.53418367938
1770	0.4
1775	0.4
1780	5.31084126015
1785	2.0889762644
1790	4.88456906896
1795	4.40245002658
1800	3.67435594945
1805	0.4
1810	0.4
1815	0.4
1820	9.32838756041
1825	4.46810344788
1830	0.4
1835	0.4
1840	0.4
1845	3.0958666042
1850	0.963038972054
1855	4.88804055225
1860	0.4
