0	0.4
5	2.29547462784
10	2.0207748657
15	1.55619875481
20	7.0932020281
25	1.57948636563
30	1.81388743285
35	5.77431025933
40	8.91258059901
45	0.4
50	0.4
55	1.47949284551
60	4.05133424322
65	0.4
70	0.764797684056
75	3.37003592051
80	4.31952388763
85	4.61761122177
90	4.07581252736
95	1.97252096613
100	7.54748403615
105	2.91718137457
110	0.890747763949
115	2.77735013499
120	0.4
125	3.01166388196
130	0.4
135	2.41678225081
140	1.86212560394
145	3.67729724553
150	0.787669918477
155	0.4
160	0.4
165	0.4
170	4.73328212303
175	4.8299089157
180	0.93446721213
185	3.41847571068
190	0.4
195	3.9082193021
200	0.4
205	2.2940841847
210	5.25672528253
215	0.854405307645
220	0.753615537468
225	1.14867875867
230	0.4
235	4.76339583945
240	5.98390140589
245	0.747812619674
250	0.4
255	2.96148062856
260	1.13535413245
265	5.81290831366
270	1.45773700521
275	5.9071478804
280	0.711994924566
285	4.02473479537
290	2.27919840108
295	0.893886786647
300	3.3374284324
305	4.10972504897
310	0.4
315	0.722691528498
320	0.474784889486
325	0.4
330	5.11367718169
335	3.29272280792
340	0.529021370673
345	1.43979669097
350	3.5537750392
355	3.09729545942
360	5.28411682881
365	2.80344197072
370	1.02836901156
375	0.4
380	5.90658054112
385	1.94140104644
390	0.4
395	0.4
400	0.4
405	3.7521900028
410	2.08816101575
415	0.4
420	1.59193224622
425	2.09290254242
430	2.6280303351
435	1.61216102633
440	0.4
445	0.4
450	4.52259458899
455	0.4
460	1.08249948938
465	0.635782980503
470	0.4
475	5.3717438427
480	0.4
485	0.4
490	5.60352243938
495	2.47537859435
500	1.56352379657
505	0.4
510	4.8737554814
515	3.64380273553
520	2.18569677602
525	4.14486772783
530	3.1776900455
535	2.14080012009
540	8.14002187812
545	2.46716370164
550	1.96016158511
555	0.636701262371
560	1.7732921856
565	2.51128421969
570	2.34228302485
575	11.5239006978
580	10.935628601
585	2.9711589679
590	1.32478585099
595	2.3434560523
600	1.76313889874
605	2.01234727744
610	3.17699226341
615	2.00286657797
620	0.4
625	0.4
630	1.26564911544
635	8.37709118714
640	1.89751491937
645	3.12875365882
650	0.4
655	2.54560459899
660	2.78759399271
665	2.19713197281
670	7.5736907331
675	2.51838668849
680	0.4
685	3.2367447521
690	0.4
695	0.4
700	2.2600674856
705	7.1371943605
710	2.24531143145
715	0.4
720	0.4
725	4.5754448536
730	3.88103636639
735	0.4
740	0.4
745	10.4297125369
750	0.4
755	1.6778941733
760	3.67207887329
765	11.5523441958
770	3.55501794168
775	3.72935579214
780	2.68477914853
785	0.4
790	2.55014578265
795	0.839855572007
800	2.13516039321
805	0.4
810	1.10034504528
815	0.4
820	8.45783455143
825	0.4
830	0.4
835	0.4
840	0.760100826747
845	5.75275180944
850	0.4
855	0.4
860	0.4
865	2.1956119093
870	0.873397313945
875	2.3405160999
880	13.9605890748
885	8.66401442804
890	4.968183737
895	0.4
900	1.90551646462
905	1.80814322856
910	0.442665585269
915	2.25751213943
920	0.4
925	2.86343571145
930	0.4
935	1.67633612135
940	0.4
945	0.4
950	1.10368712871
955	7.96719240646
960	4.75362358157
965	0.502784584775
970	0.4
975	1.03369957326
980	0.4
985	1.64214533166
990	1.65117175705
995	0.4
1000	3.82471676639
1005	0.4
1010	1.46967366836
1015	0.4
1020	0.4
1025	3.79537599239
1030	2.9986526705
1035	0.4
1040	1.42044336986
1045	4.74431179832
1050	9.30641873221
1055	2.06643075614
1060	10.8648674013
1065	0.4
1070	1.35737263025
1075	2.28964482565
1080	0.4
1085	3.11448794243
1090	4.0668485958
1095	4.44527606846
1100	5.43204369832
1105	4.17084749933
1110	1.37788863022
1115	0.4
1120	4.46630635448
1125	10.5397485804
1130	1.97819913373
1135	3.06002054235
1140	2.00364725997
1145	0.4
1150	6.43475520157
1155	11.8542525044
1160	2.60197470541
1165	1.48649268763
1170	4.73323919145
1175	3.24905869569
1180	1.73449761073
1185	2.1544034508
1190	0.4
1195	4.41224027615
1200	2.31333019206
1205	0.4
1210	4.57937073966
1215	0.565488577228
1220	1.73504917777
1225	2.11584268723
1230	0.4
1235	1.7513759055
1240	4.0883278106
1245	5.46453300906
1250	0.494684508019
1255	2.24375576027
1260	2.02455680393
1265	2.06703634854
1270	5.64727879756
1275	2.99412906028
1280	0.4
1285	1.72279474934
1290	5.12977727293
1295	8.87532585925
1300	1.97290790709
1305	1.62737944031
1310	5.7803677692
1315	0.4
1320	5.33292557923
1325	0.4
1330	2.24397410877
1335	9.83232882649
1340	3.34141179421
1345	5.68133231174
1350	0.4
1355	1.58505217012
1360	6.27088499178
1365	13.5809236759
1370	0.4
1375	0.4
1380	0.4
1385	5.90120501555
1390	4.69580665836
1395	0.4
1400	5.17614430045
1405	9.27242236229
1410	0.4
1415	3.11138997176
1420	0.4
1425	0.4
1430	0.4
1435	0.4
1440	4.61126894575
1445	0.4
1450	2.34798569478
1455	0.4
1460	4.80182774682
1465	0.475476231254
1470	1.35598243381
1475	5.54071511602
1480	5.52809837878
1485	2.02518838561
1490	0.616430592266
1495	2.94966370586
1500	0.4
1505	3.82027724103
1510	3.06691440376
1515	3.10580768033
1520	1.43481154061
1525	0.4
1530	2.08363547162
1535	0.4
1540	0.4
1545	5.19592819097
1550	2.01050651689
1555	0.4
1560	0.4
1565	0.4
1570	2.9615378137
1575	1.10405592489
1580	2.90186411144
1585	5.45542454234
1590	0.4
1595	1.70434340672
1600	2.86869663875
1605	0.4
1610	0.4
1615	0.4
1620	1.61005574535
1625	5.95252446556
1630	1.22225895631
1635	5.29330411463
1640	4.74897681837
1645	2.02053888898
1650	2.91546100644
1655	8.82634754553
1660	0.4
1665	2.97301316166
1670	0.4
1675	4.99024687222
1680	0.4
1685	0.4
1690	3.0074332963
1695	0.593106084598
1700	0.4
1705	0.4
1710	0.4
1715	0.65234906214
1720	0.4
1725	2.97705349986
1730	6.73623812502
1735	4.15610483981
1740	0.4
1745	5.21916628366
1750	2.15521798771
1755	3.51308926503
1760	0.918398742243
1765	0.4
1770	0.689782551188
1775	11.6570429253
1780	1.39998737281
1785	2.57319759955
1790	2.08995737365
1795	3.94804850688
1800	3.35877723983
1805	0.553657525019
1810	0.4
1815	1.70520719618
1820	0.4
1825	1.14415329589
1830	0.4
1835	3.90881867665
1840	8.08233779828
1845	5.24627368732
1850	3.38901771281
1855	1.28708155474
1860	0.4
1865	3.02522815078
1870	1.76559642808
1875	5.61957334948
1880	6.87589552444
1885	2.85639166299
1890	0.4
1895	3.30073077268
1900	0.77328015821
1905	2.49404779779
1910	1.99689472916
1915	0.808772526049
1920	6.607413757
