0	1.75596527257
5	3.95409546782
10	5.68603365759
15	3.32591976663
20	0.594713225592
25	0.4
30	0.4
35	0.785260516688
40	0.4
45	0.4
50	1.55097518974
55	2.60030304469
60	4.0185929603
65	2.83926404561
70	1.54706646973
75	3.01675998416
80	0.4
85	2.4473386651
90	1.23590409065
95	1.39070413941
100	0.4
105	0.4
110	0.4
115	0.4
120	0.966206061264
125	2.02951896477
130	1.12060875273
135	1.08307165139
140	1.26060749854
145	2.2564095195
150	0.4
155	1.53938912021
160	0.45528717709
165	0.4
170	0.4
175	2.13280550331
180	0.4
185	0.4
190	1.81663978478
195	0.4
200	0.617221034386
205	2.96255779543
210	2.44740849121
215	1.36689271182
220	2.5053176592
225	1.62697568367
230	1.43939231578
235	1.54105372018
240	0.4
245	0.944865164223
250	1.46030322831
255	2.13228790286
260	0.4
265	1.71208299901
270	1.05593457718
275	0.4
280	1.04816522831
285	1.07168642717
290	1.15824159414
295	2.92753684736
300	0.4
305	4.88471266229
310	4.20894214597
315	1.06862832052
320	0.4
325	0.9353885844
330	0.488196234023
335	5.23068983466
340	2.54460596441
345	0.4
350	1.39362615819
355	0.4
360	0.4
365	0.4
370	1.56788119141
375	0.699138493753
380	0.4
385	0.4
390	0.977664712932
395	0.4
400	2.71542808341
405	1.92450876233
410	1.39794809304
415	3.09556343528
420	3.79534664302
425	0.4
430	2.94934427561
435	0.4
440	0.97216231398
445	2.65806838018
450	0.4
455	0.4
460	2.17320390433
465	2.37442671919
470	0.828412653682
475	0.896041291764
480	1.9494468413
485	0.4
490	2.3618101061
495	4.1934969934
500	0.544954881729
505	0.817654507439
510	3.52107746401
515	1.71039011084
520	0.906727674596
525	1.24946036471
530	1.92362200878
535	1.16774475874
540	2.7113692438
545	0.4
550	1.16458324179
555	1.52964862583
560	2.54903919089
565	0.4
570	2.59819812702
575	2.16805374598
580	1.21741380104
585	0.99364455232
590	2.06999175352
595	2.30190057653
600	2.08389780493
605	0.982301015604
610	1.70715600981
615	1.89362184335
620	0.924544916188
625	1.4677165723
630	0.4
635	0.422872484619
640	0.4
645	2.17295912132
650	0.4
655	1.80146161443
660	1.66172479606
665	2.32923427865
670	0.4
675	0.4
680	2.38273115832
685	1.26578175539
690	0.4
695	1.66592191295
700	1.26105345335
705	0.4
710	0.4
715	1.71309601078
720	1.31635354349
725	0.526914831139
730	1.90644717457
735	0.4
740	0.412507203188
745	1.41348130628
750	1.06098362683
755	1.02130893316
760	0.4
765	1.21054508498
770	0.690177586754
775	0.4
780	3.80345213933
785	1.31534101351
790	0.4
795	0.591089273454
800	0.4
805	0.997723605626
810	0.4
815	0.80210798893
820	0.4
825	0.96373774862
830	1.82724363908
835	4.77589995694
840	1.39948731404
845	3.06202911254
850	0.4
855	1.5292998331
860	0.405119577574
865	2.73844024975
870	0.4
875	0.4
880	1.50607672795
885	2.03104790992
890	4.77888022341
895	0.4
900	0.4
905	1.78860031951
910	0.4
915	3.32928286317
920	0.4
925	1.84201281911
930	0.4
935	0.4
940	0.4
945	0.4
950	0.4
955	1.88768810526
960	2.81304942123
965	0.4
970	1.80378782589
975	1.778011516
980	0.4
985	0.82199026317
990	3.62876184351
995	1.52190993679
1000	1.05973945795
1005	0.4
1010	2.70016306905
1015	4.35770895637
1020	0.4
1025	3.3021130157
1030	1.36891655399
1035	0.468623866133
1040	0.437108194147
1045	0.4
1050	1.47214404884
1055	0.4
1060	1.8537185085
1065	0.67312289099
1070	1.49044911174
1075	5.64242983653
1080	3.37515090234
1085	0.970278725564
1090	0.4
1095	3.11917633177
1100	0.4
1105	0.879050125557
1110	0.4
1115	1.46114291472
1120	0.834506553542
1125	1.05279465601
1130	1.38250836319
1135	0.667918073202
1140	3.93532098489
1145	0.964286197751
1150	2.98749062035
1155	1.0175143279
1160	0.4
1165	0.4
1170	3.30469907961
1175	1.36484589264
1180	0.835484330047
1185	1.73227547521
1190	4.57680747325
1195	4.26017146104
1200	0.4
1205	2.59166084896
1210	2.74155184312
1215	0.4
1220	1.94344660298
1225	1.45128783932
1230	1.27907652338
1235	0.4
1240	1.93406178873
1245	0.48748195526
1250	8.19831748819
1255	0.4
1260	1.32267955181
1265	0.4968317139
1270	0.630832189619
1275	4.51269519656
1280	2.00805092828
1285	5.83062570505
1290	3.56270171803
1295	1.57729111732
1300	0.4
1305	2.13683500193
1310	2.90695943627
1315	0.4
1320	2.78921406459
1325	0.4
1330	2.50435162826
1335	2.38034841628
1340	1.08694634012
1345	0.701716564812
1350	2.55087463034
1355	0.992247272233
1360	2.29865631111
1365	0.4
1370	1.4314924702
1375	1.34035632736
1380	1.91315827257
1385	2.38685842388
1390	3.12792394809
1395	0.4
1400	1.41906524009
1405	1.2369089482
1410	3.86059094926
1415	0.4
1420	0.4
1425	2.50398196626
1430	0.4
1435	0.4
1440	0.4
1445	0.4
1450	1.91933493825
1455	0.93988435602
1460	1.8500122018
1465	0.570307331552
1470	1.9552919297
1475	0.4
1480	0.4
1485	1.42969541729
1490	0.4
1495	1.32030579595
1500	0.4
1505	0.4
1510	0.816546439722
1515	0.987732205151
1520	0.4
1525	0.4
1530	0.58778338995
1535	0.500721026731
1540	0.4
1545	0.4
1550	0.776269609583
1555	0.4
1560	1.38921975311
1565	1.45909361704
1570	1.76414194223
1575	0.762819719986
1580	0.805478054192
1585	0.4
1590	1.27919437754
1595	1.03776847198
1600	0.553580653974
1605	1.30386627567
1610	3.29201809679
1615	3.73418257381
