0	4.77410766512
5	0.4
10	0.4
15	2.03301613625
20	1.00966485587
25	1.80912893811
30	3.0396014315
35	6.12386392021
40	2.47873017358
45	2.31383296427
50	0.915646932745
55	1.16879796538
60	0.888984299993
65	0.550747509581
70	2.75096311131
75	1.01772577394
80	3.23766028749
85	0.70186683972
90	1.95834014283
95	0.4
100	1.19613968183
105	1.82399815069
110	1.90701092404
115	1.77558087613
120	1.97109496514
125	4.52548607485
130	2.27628656926
135	1.79401216036
140	1.66919668734
145	1.53851433999
150	4.80794667729
155	0.4
160	2.26581661178
165	5.37817423211
170	0.4
175	2.74282789589
180	0.4
185	1.01349002882
190	0.4
195	1.26433385532
200	0.4
205	0.4
210	0.937020636888
215	1.54939952998
220	5.01265005071
225	1.79089155256
230	2.36779719704
235	1.16049167282
240	3.17025414248
245	0.4
250	1.4258012175
255	0.4
260	2.29059909314
265	0.4
270	2.68809386107
275	0.4
280	0.4
285	1.30308941521
290	2.12591229333
295	2.31958261077
300	3.60743355787
305	0.928757662545
310	1.28783025349
315	0.4
320	2.79493952371
325	0.948433457679
330	0.598727548077
335	3.84797477101
340	3.14379123204
345	0.4
350	1.9153585945
355	0.4
360	1.1231424462
365	0.4
370	2.6707383318
375	2.6491771875
380	0.4
385	0.4
390	0.4
395	2.92440070164
400	3.61904731238
405	1.43505889477
410	2.37125288918
415	4.76587861489
420	1.84614724085
425	3.94265505136
430	4.13173720941
435	0.4
440	0.4
445	4.79346051525
450	2.36415591911
455	0.4
460	3.1459020963
465	6.32263721027
470	0.837286000278
475	3.63116554029
480	0.4
485	2.75684228681
490	3.08394894579
495	0.866887351023
500	1.04268242577
505	2.92379440428
510	0.921930967974
515	2.14102244114
520	0.4
525	0.534788312824
530	1.78104529819
535	0.4
540	2.58270138131
545	5.45342220571
550	2.31910580144
555	0.4
560	1.46678307734
565	0.4
570	4.45901546938
575	1.46168686714
580	4.46340870159
585	0.4
590	0.4
595	0.619458593944
600	3.02549979683
605	0.4
610	1.88969105175
615	2.37121335052
620	2.61779547969
625	0.789172973151
630	2.10857074165
635	3.0874607934
640	1.6297044809
645	0.4
650	4.39507012204
655	1.12193004573
660	2.4500492812
665	1.25156213661
670	0.4
675	0.4
680	2.36253159973
685	2.90511655911
690	0.974433785573
695	4.89327847638
700	2.4167693935
705	1.6441043524
710	3.50804314476
715	1.29477985789
720	0.4
725	3.57027265744
730	0.47260230094
735	0.4
740	2.15198760539
745	1.35034130864
750	3.06776548383
755	2.03093043701
760	1.12735008103
765	0.4
770	0.4
775	0.4
780	2.32148402524
785	1.64650398964
790	2.85056879253
795	4.70217728072
800	2.27494703165
805	1.30017460411
810	0.4
815	1.23702184978
820	3.73577986741
825	4.8876589451
830	2.28190444724
835	1.9441601728
840	1.79685996002
845	2.44960077589
850	0.657017597616
855	0.4
860	2.31590371516
865	1.49068540329
870	5.6798552648
875	4.3120062855
880	1.17735150116
885	0.4
890	0.907099449914
895	4.77056437637
900	7.75699357717
905	4.27545167993
910	1.03630217215
915	1.56579009329
920	0.4
925	0.773778057947
930	1.52131545183
935	0.4
940	1.82347817779
945	0.581562513682
950	1.05430290811
955	0.4
960	2.14123359827
965	0.988595804423
970	2.91530389042
975	1.68029420578
980	0.4
985	0.581261637247
990	2.31225187367
995	0.904627612803
1000	0.808983785222
1005	3.69419201311
1010	0.66204748805
1015	1.85940505745
1020	0.866440652933
1025	5.87216501264
1030	0.4
1035	2.60031186192
1040	0.4
1045	3.69764488143
1050	4.04146244201
1055	7.21613283263
1060	0.4
1065	0.462064712079
1070	0.4
1075	4.65444531062
1080	4.39172705087
1085	5.23076247248
1090	2.38638887554
1095	3.07437346
1100	0.857237160116
1105	4.54138535327
1110	0.4
1115	2.34331042915
1120	1.40162212128
1125	0.868891175876
1130	0.4
1135	3.42105994078
1140	0.4
1145	0.4
1150	1.65807731205
1155	0.4
1160	1.19614028198
1165	0.4
1170	3.17586450745
1175	0.975463527489
1180	1.97421429033
1185	1.27919626143
1190	1.38879780943
1195	0.633097462419
1200	2.73943265858
1205	2.25954246988
1210	1.8016683425
1215	1.81390636794
1220	0.4
1225	3.15426262664
1230	0.4
1235	0.4
1240	2.21068906099
1245	3.42053115435
1250	4.13851543109
1255	0.844986304926
1260	2.24002840222
1265	1.72629053975
1270	1.90669877566
1275	2.6212284498
1280	2.24907594603
1285	2.18838065127
1290	0.4
1295	3.69494295546
1300	0.4
1305	3.08256285924
1310	3.79982776429
1315	0.4
1320	2.15939067412
1325	0.4
1330	2.01032298627
1335	1.97485823666
1340	0.4
1345	1.72050531011
1350	2.08776370525
1355	4.71756253628
1360	2.81074600425
1365	0.466177286088
1370	0.4
1375	0.4
1380	2.12081441531
1385	0.4
1390	1.00565558191
1395	0.4
1400	1.51424770599
1405	1.50904660491
1410	0.4
1415	0.4
1420	0.4
1425	5.68305172822
1430	0.961789660892
1435	0.4
1440	0.4
1445	1.07621816
1450	9.2414264423
1455	1.08246208854
1460	0.4
1465	1.70473496986
1470	2.04968188192
1475	0.791460327185
1480	0.4
1485	2.78428328197
1490	0.4
1495	2.90725090396
1500	0.4
1505	4.35541369077
1510	3.24839953049
1515	0.4
1520	0.690767092502
1525	2.39687305135
1530	2.67065594601
1535	0.4
1540	4.42248704779
1545	1.23739288804
1550	2.17231192223
1555	2.85483091773
1560	2.29095594509
1565	4.65282114528
1570	2.7035771177
1575	5.68357374369
1580	0.554196618429
1585	1.53538909649
1590	0.4
1595	1.01940955754
1600	0.86062669277
1605	0.640973980639
1610	2.56434528586
1615	2.64200109747
1620	4.11868724483
1625	1.19909619727
1630	1.89065546628
1635	2.81999016945
1640	0.49596874412
1645	0.4
1650	0.4
1655	0.4
1660	2.59726660608
1665	1.36766541547
1670	0.65261507065
1675	4.50821816107
1680	3.37063838263
1685	3.81362297855
1690	0.4
1695	0.924129870644
1700	1.44811187343
1705	0.4
1710	0.897095085508
1715	0.4
1720	1.1440346502
1725	3.17732755176
1730	1.30409249872
1735	1.4395155837
1740	0.4
1745	2.00509557491
1750	2.99802958536
1755	1.94514958016
1760	2.67566884359
1765	0.4
1770	8.68548409283
1775	0.616494573654
1780	0.653820932498
1785	1.88995971494
