0	0.754712766351
5	1.91935183207
10	1.59211581425
15	1.36888189552
20	12.5192409671
25	1.26373759561
30	5.53034973805
35	0.4
40	1.87954768212
45	7.72773240253
50	0.4
55	0.754149814782
60	0.4
65	0.4
70	1.38769548233
75	0.4
80	0.4
85	2.75889270948
90	6.24388496814
95	2.16803834231
100	0.4
105	0.865112167167
110	0.4
115	0.4
120	0.4
125	1.25539028153
130	0.4
135	0.4
140	1.33908031078
145	3.69193010967
150	3.99245206625
155	2.30725689517
160	0.4
165	0.608013539194
170	0.4
175	1.44042380481
180	0.4
185	0.4
190	0.4
195	0.4
200	0.677121022147
205	4.71431046278
210	0.4
215	0.4
220	0.4
225	0.4
230	0.4
235	4.45246988066
240	0.4
245	7.80019503718
250	0.805411878934
255	0.4
260	0.774808231699
265	0.4
270	0.4
275	0.4
280	0.4
285	0.4
290	1.18951072696
295	0.4
300	1.97577490618
305	2.187464424
310	0.816161053121
315	1.18804768486
320	7.1625677989
325	0.4
330	0.4
335	0.623723225086
340	0.4
345	1.95219127009
350	0.610185908017
355	0.4
360	4.95283553678
365	0.4
370	4.44221009599
375	1.14393598794
380	3.31544559932
385	0.4
390	3.47372753607
395	2.23932121466
400	3.39593456184
405	0.4
410	9.24484622394
415	0.4
420	1.35422979708
425	0.4
430	0.4
435	1.71412300292
440	7.95156204876
445	2.45051024684
450	0.4
455	2.39894932186
460	0.644439768213
465	2.38456072424
470	4.90221629278
475	0.548903223157
480	0.4
485	1.27402462907
490	0.4
495	3.56967133082
500	0.4
505	0.4
510	0.4
515	1.58418316071
520	3.23193954866
525	1.23305162003
530	1.42422346014
535	0.4
540	0.4
545	0.4
550	2.52060451291
555	1.10174300778
560	8.88865260905
565	1.32436402134
570	0.4
575	0.4
580	0.4
585	0.4
590	0.4
595	0.4
600	4.86727641517
605	0.4
610	0.697149668176
615	0.459216860525
620	0.4
625	0.894004745636
630	0.4
635	2.03468047384
640	0.4
645	0.99052079993
650	3.34135294253
655	7.39595988182
660	5.21885607055
665	0.4
670	0.457399467089
675	2.39310810593
680	0.411843567782
685	0.4
690	1.02202036481
695	0.4
700	3.06077182468
705	0.719187456826
710	0.4
715	3.94325595704
720	0.4
725	0.4
730	0.4
735	2.87920944329
740	1.21439632459
745	0.4
750	1.54202497298
755	0.4
760	1.14375081334
765	2.42504769381
770	2.58778556716
775	0.4
780	2.18918889189
785	1.55607392427
790	1.64488638831
795	3.45611280527
800	0.490029626627
805	0.871640337469
810	4.90114760856
815	0.4
820	0.4
825	0.859833308531
830	1.61997795562
835	0.4
840	6.94411624434
845	0.4
850	1.40352876724
855	2.45786894221
860	1.24793900013
865	0.4
870	1.41443676248
875	0.842382206373
880	3.33302162085
885	4.77689527037
890	0.4
895	0.4
900	2.83157589837
905	0.892369361303
910	1.31637261121
915	0.4
920	3.5060256679
925	7.24113799436
930	0.4
935	0.4
940	0.4
945	0.4
950	0.4
955	2.88059178623
960	0.914307039796
965	1.52702254835
970	1.05175512794
975	0.82572060688
980	0.821174576105
985	8.90270766332
990	2.30038897034
995	4.48389868556
1000	0.4
1005	0.4
1010	0.4
1015	0.4
1020	1.36752374271
1025	3.07567714001
1030	0.4
1035	5.95328405923
1040	2.93163149587
1045	0.4
1050	2.52290909696
1055	0.643808544946
1060	3.01816143313
1065	3.2629511724
1070	4.87152752541
1075	5.82545223565
1080	2.14098753469
1085	2.69209082887
1090	1.53246134374
1095	0.566757098614
1100	2.12498016787
1105	6.94567142487
1110	0.4
1115	0.4
1120	7.81331294931
1125	4.12028552428
1130	0.4
1135	3.23285288529
1140	1.45935279176
1145	0.4
1150	1.03515354571
1155	0.579497396784
1160	0.4
1165	0.4
1170	5.86701530583
1175	2.54667257914
1180	0.4
1185	4.21609236596
1190	0.4
1195	0.4
1200	2.06942321318
1205	1.11694362005
1210	0.555700733583
1215	0.4
1220	2.88263589704
1225	3.13354012687
1230	2.96538002184
1235	1.1066636732
1240	0.4
1245	0.4
1250	5.67386246937
1255	4.32413184387
1260	0.4
1265	4.45667303239
1270	0.4
1275	0.4
1280	3.32844426301
1285	2.07736845161
1290	0.4
1295	2.59749552283
1300	0.4
1305	6.13339681151
1310	0.4
1315	5.27970344735
1320	1.74162525449
1325	1.75171682382
1330	0.451255640819
1335	1.12231573382
1340	0.4
1345	5.32548399222
1350	0.4
1355	2.90076595977
1360	1.92918915302
1365	2.73589339795
1370	3.62691909371
1375	3.40859814055
1380	0.4
1385	3.75479451394
1390	6.07930112601
1395	0.4
1400	0.4
1405	8.48379989217
1410	0.4
1415	0.4
1420	0.4
1425	8.54073285717
1430	0.4
1435	2.24894939375
1440	0.4
1445	0.4
1450	2.82684893718
1455	0.4
1460	0.4
1465	1.68807358381
1470	4.43823283292
1475	1.15969511645
1480	4.16876436818
1485	4.35516954837
1490	0.479912763953
1495	2.67615509236
1500	1.08350637755
1505	0.4
1510	0.638295948905
1515	1.52175696148
1520	0.4
1525	0.4
1530	0.4
1535	1.90619751922
1540	8.26638261068
1545	11.3568675795
1550	4.25757527173
1555	3.54983845327
1560	2.24570065389
1565	0.4
1570	0.4
1575	1.46748187102
1580	0.4
1585	0.4
1590	2.06162418869
1595	7.96863841261
1600	3.03382980943
1605	0.4
1610	7.91645389162
1615	0.572676794969
1620	0.4
1625	0.4
