0	1.94711975354
5	0.4
10	4.86375387714
15	3.10401019717
20	5.68911820097
25	3.06514078936
30	6.70935630318
35	4.63214669528
40	7.86326440725
45	4.36018990498
50	3.62722959579
55	4.08809710885
60	4.38894329766
65	2.75897361171
70	8.36011956384
75	3.9594024051
80	8.41862487238
85	0.4
90	5.54734778645
95	1.55668305723
100	5.07344309076
105	0.4
110	7.58606002416
115	6.29658836085
120	3.32018877173
125	1.99394793755
130	3.93514539918
135	5.20002222286
140	2.17319123246
145	2.96929634132
150	3.24965671189
155	4.04012270477
160	5.95572013193
165	0.4
170	5.06415871737
175	1.67134611538
180	4.76730095588
185	1.94779081288
190	2.34627176352
195	3.73373654229
200	1.56338768445
205	2.43332567891
210	0.4
215	4.01836822772
220	3.22837004464
225	3.18864756708
230	5.0878649839
235	2.38550507742
240	8.78236205108
245	3.19820763648
250	2.3015090352
255	3.05741018184
260	5.64287347983
265	7.89086248615
270	6.80100105401
275	0.4
280	7.70889693503
285	0.78301804899
290	8.6650844705
295	0.4
300	3.87594754404
305	1.13917084671
310	6.51825934146
315	1.95035924716
320	0.4
325	5.38362975192
330	4.25210102956
335	0.4
340	4.40997745038
345	4.5696276237
350	3.52722827846
355	5.25442371254
360	5.56094197495
365	4.92694952551
370	0.4
375	2.09211776669
380	3.64186715042
385	3.27646283243
390	3.99464732916
395	0.71411950471
400	3.33244236189
405	3.93406008087
410	3.30947105102
415	3.99222602967
420	5.69491835224
425	6.13403680998
430	2.76258783025
435	4.62157539637
440	6.17476531502
445	1.28651466833
450	3.23662387402
455	3.04148255143
460	7.09706081152
465	4.7122075381
470	4.58649270562
475	1.80209395855
480	4.17737901531
485	6.80076267004
490	8.02056458874
495	7.47678664226
500	3.56399549694
505	6.22096825214
510	2.63104792868
515	3.26487334627
520	12.7296042046
525	3.99679389215
530	1.29387151103
535	4.07320041335
540	5.28333918719
545	2.58237209506
550	4.86796743029
555	3.53925600286
560	5.6798606598
565	3.22576463903
570	4.40503981359
575	3.22370506162
580	2.07917760695
585	3.26290670823
590	0.4
595	3.51288225803
600	0.4
605	5.66696091842
610	6.98440159223
615	3.62476730132
620	1.84391933414
625	4.42610832931
630	3.26982809981
635	3.74881421849
640	4.21072451143
645	0.4
650	7.5146085372
655	4.15756999198
660	3.74300298339
665	2.51946456075
670	3.82774339015
675	3.68926837113
680	3.30596987902
685	10.6889681415
690	3.09080925855
695	1.99618678215
700	10.5468666207
705	1.6074925154
710	1.23708374128
715	4.01379045803
720	8.38044014266
725	2.7307863617
730	7.20386991728
735	3.82766992399
740	5.14611487693
745	2.99226049287
750	4.54743939578
755	2.43693467648
760	5.91241297933
765	4.24668549349
770	5.69064505195
775	5.93757071399
780	4.63393156196
785	5.2334624512
790	5.98729018452
795	6.11556985112
800	9.32865697717
805	4.23705361335
810	6.40335527671
815	2.81593187104
820	2.78075194195
825	4.54582921922
830	6.79510898763
835	4.39778695923
840	3.32094489233
845	3.08832576866
850	3.92778738455
855	4.4444036832
860	1.62163445749
865	4.64715941262
870	5.11231481834
875	3.1603376644
880	0.4
885	1.89484241985
890	4.52791470448
895	0.4
900	2.28632654429
905	3.99900472524
910	4.70674601195
915	4.31988747983
920	4.20903128591
925	5.96917775916
930	3.87037216103
935	1.76161215591
940	4.39656471472
945	0.4
950	1.0967426471
955	0.740822515413
960	6.09963794942
965	0.4
970	3.85439470865
975	0.4
980	3.92599889198
985	5.07653950492
990	9.4509731567
995	5.13331569372
1000	0.4
1005	7.32589584161
1010	2.11378650025
1015	2.60208607105
1020	6.40747149992
1025	3.41490319355
1030	2.18393962919
1035	6.45012776818
1040	3.17097971998
1045	9.31116448767
1050	4.13715228207
1055	7.66257907951
1060	6.13133140794
1065	6.474830635
1070	3.48568783342
1075	6.55542169248
1080	3.94696442506
1085	1.37950450892
1090	4.36825194913
1095	4.10576581056
1100	2.41092584896
1105	3.75185507697
1110	0.4
1115	5.87086350972
1120	0.4
1125	4.36188739717
1130	1.60119178565
1135	0.4
1140	7.15376078722
1145	8.96292315783
1150	0.4
1155	1.54459767424
1160	1.98427845959
1165	3.43065205571
1170	4.0458270093
1175	1.69758312737
1180	3.58651563204
1185	0.4
1190	4.98818888583
1195	2.80878998886
1200	0.762210943449
1205	4.51145634997
1210	4.00563993361
1215	5.43061990119
1220	4.20849133027
1225	3.78878306524
1230	3.59905606822
1235	2.3961425416
1240	3.18101346525
1245	1.70688650426
1250	5.74812390547
1255	5.45839954208
1260	2.27209720473
1265	2.44189211138
1270	2.73729639289
1275	4.10247003266
1280	5.05289560437
1285	0.558333751948
1290	3.18620538855
1295	3.50966995693
1300	8.57452689475
1305	7.4717667427
1310	7.1933188459
1315	9.84758385833
1320	3.58756724563
1325	4.29560378451
1330	4.41353403671
1335	0.4
1340	4.2100132114
1345	5.57460428439
1350	4.96950990686
1355	7.77368000948
1360	13.8136627176
1365	2.59270986204
1370	6.82667046961
1375	3.32198752562
1380	0.4
1385	4.37606566807
1390	3.33400649675
1395	0.4
1400	4.68714409853
1405	3.89378580936
1410	6.17195628695
1415	5.26009710057
1420	3.52410014793
1425	2.59121453753
1430	7.03618703933
1435	5.59221756286
1440	1.35429992373
1445	3.97387424303
1450	0.927828027308
1455	3.87097007483
1460	4.55046645184
1465	3.26811431229
1470	2.90184814732
1475	4.2515537641
1480	7.35888316452
1485	3.03586835974
1490	3.95215082239
1495	1.50241889631
1500	7.92713979444
1505	0.4
1510	0.4
1515	3.53192033392
1520	1.66689140712
1525	6.73821466358
1530	5.98232240868
1535	3.50549151412
1540	6.35389687377
1545	3.06199700734
1550	3.82156774812
1555	0.4
1560	3.16467152255
1565	0.4
1570	4.61911724626
1575	9.39127343911
1580	3.07951689759
1585	3.50363945946
1590	0.4
