0	0.4
5	0.4
10	1.53739377775
15	1.4246497317
20	2.69178925359
25	1.16298760526
30	4.25889096516
35	0.4
40	3.43293687237
45	0.4
50	1.31575943958
55	0.4
60	0.453283399274
65	1.74652774141
70	0.4
75	0.818223793716
80	1.41100814158
85	0.4
90	0.4
95	1.87865532738
100	1.34999668451
105	3.18862950895
110	0.512179955258
115	0.4
120	0.708633525407
125	2.90940190526
130	1.58675470226
135	0.4
140	0.869729938039
145	1.97746264375
150	0.4
155	0.542529512007
160	0.817085135334
165	1.34354317601
170	3.64481415394
175	3.74675182087
180	1.02157438994
185	0.4
190	2.83513661561
195	0.840870387436
200	0.700180513582
205	3.12934710953
210	1.1230186292
215	0.4
220	0.4
225	0.918743678757
230	0.4
235	3.41406376642
240	1.36404184816
245	1.00686663473
250	1.47584274628
255	0.978099106774
260	0.4
265	0.968953114548
270	0.4
275	2.14758153987
280	1.43911987644
285	0.425530194628
290	2.66501791117
295	1.70670588665
300	1.49584381662
305	1.56516222866
310	4.1860525365
315	0.563445018334
320	0.672449389701
325	2.96192471492
330	0.4
335	4.00549803614
340	0.4
345	0.4
350	2.62799570353
355	3.7719899717
360	0.4
365	2.56960633264
370	2.768497493
375	0.767360453504
380	0.4
385	0.458858678605
390	2.262430734
395	1.94675068336
400	5.25406939899
405	5.18375480808
410	2.37715345732
415	0.4
420	0.4
425	3.9452085747
430	1.05421214568
435	0.535509546353
440	1.23683977632
445	1.2780155007
450	0.4
455	0.4
460	1.21072226354
465	0.4
470	11.1080752045
475	0.80465592422
480	6.18499625831
485	3.72740053638
490	0.4
495	0.525125553675
500	0.4
505	0.4
510	0.4
515	1.97680286402
520	0.4
525	0.4
530	0.806460384229
535	2.03728205688
540	0.4
545	0.4
550	1.84578187036
555	0.4
560	0.639751389668
565	8.33808795363
570	0.4
575	1.75547441248
580	0.572129800381
585	0.4
590	1.70318109745
595	0.4
600	0.4
605	1.99178198562
610	0.759201109161
615	3.76395861985
620	0.4
625	0.967970033846
630	0.4
635	3.70096165167
640	0.4
645	0.4
650	3.47503735436
655	1.19620007753
660	3.48665009953
665	1.79877808572
670	1.46439821781
675	0.4
680	1.0936547558
685	0.4
690	0.4
695	2.95140306853
700	2.26875049237
705	4.91352277686
710	0.83099523076
715	1.29433335168
720	0.915901732568
725	1.08928524519
730	6.64977040378
735	3.75817060391
740	0.4
745	0.596867472226
750	1.9331740535
755	2.7055969001
760	2.83417339084
765	0.4
770	0.720769074187
775	1.27645449279
780	6.00305458902
785	0.4
790	0.4
795	2.5402477824
800	0.4
805	0.4
810	0.729489746459
815	3.8862905414
820	0.4
825	1.79490138414
830	0.4
835	0.4
840	1.56650161799
845	3.45617048515
850	1.72425795226
855	1.24993485739
860	2.70112193369
865	0.4
870	1.03306810647
875	1.10752968741
880	0.809334120693
885	3.43410729134
890	2.18904953998
895	1.50039028309
900	0.480809988476
905	0.4
910	0.993344685284
915	0.4
920	5.48625410406
925	0.4
930	0.4
935	0.4
940	0.418237954731
945	4.37992996595
950	2.6484139878
955	0.4
960	0.934591388347
965	2.01650782488
970	3.05066812231
975	0.4
980	0.432068837156
985	0.985945424962
990	5.32479779883
995	0.933706185588
1000	0.80206458998
1005	0.514149970536
1010	0.4
1015	0.4
1020	1.15810585142
1025	1.37756490647
1030	0.400533331735
1035	1.32626602761
1040	0.4
1045	1.34924933974
1050	0.4
1055	0.4
1060	1.47866898441
1065	0.4
1070	0.4
1075	2.06845464335
1080	0.4
1085	6.92069832292
1090	1.73100027806
1095	1.02428779201
1100	0.4
1105	1.66580337501
1110	0.4
1115	0.965700243831
1120	3.20996816712
1125	6.23344041606
1130	0.4
1135	0.4
1140	1.27945591569
1145	1.50357120327
1150	0.4
1155	6.97321372427
1160	5.25917818924
1165	0.4
1170	0.4
1175	1.64334769915
1180	4.63140937715
1185	1.58625041051
1190	3.53794298829
1195	0.4
1200	1.5625114455
1205	0.832878371316
1210	0.4
1215	0.486788522621
1220	1.64516580638
1225	1.2018004516
1230	3.52948423198
1235	3.99715597462
1240	2.06125188615
1245	1.61623207901
1250	2.66424823346
1255	0.4
1260	1.96530178402
1265	0.4
1270	2.72509234101
1275	0.4
1280	0.4
1285	3.90278984455
1290	0.701461614668
1295	0.4
1300	0.449130901352
1305	5.4020551571
1310	1.66593204245
1315	0.4
1320	0.4
1325	0.4
1330	1.86133371427
1335	1.93756861099
1340	0.4
1345	1.80636027078
1350	4.12144430268
1355	4.56738346431
1360	0.714928461877
1365	6.67974210875
1370	0.4
1375	2.46320393559
1380	2.46087824422
1385	3.53286610852
1390	0.4
1395	0.4
1400	0.4
1405	1.13243927193
1410	0.4
1415	5.76034360224
1420	2.07863501578
1425	0.4
1430	0.4
1435	0.4
1440	1.40138290406
1445	0.4
1450	3.69859541347
1455	0.4
1460	0.4
1465	1.66939964304
1470	0.4
1475	1.97625010863
1480	0.4
1485	4.26942597587
1490	0.4
1495	0.4
1500	0.44779825791
1505	0.4
1510	2.69183496114
1515	0.817036637889
1520	2.48849762251
1525	0.484861325077
1530	1.05682287574
1535	0.4
1540	2.45986787227
1545	0.986520420083
1550	0.883236455069
1555	1.32752111108
1560	0.651702008409
1565	5.31263526951
1570	0.4
1575	0.4
1580	2.24527632162
1585	3.2474880506
1590	0.588101298542
1595	0.883988408947
1600	2.39181118937
1605	0.802327472655
1610	1.47348091908
1615	0.4
1620	0.540389543718
1625	0.873132463187
1630	1.4950930422
1635	0.4
1640	0.4
1645	1.02845811984
1650	0.751738992578
1655	1.85832765897
1660	2.40128773127
1665	3.13410626758
