0	8.06179380341
5	1.22510079578
10	5.82838861942
15	8.60211004673
20	3.23347613316
25	5.18596920068
30	4.54653898697
35	5.01292157882
40	2.34887483454
45	2.37855589058
50	4.67300627744
55	4.42332559418
60	3.71445014043
65	6.36917704204
70	5.06737953342
75	5.9987268974
80	1.94768913246
85	6.36827790374
90	6.64106122603
95	4.27515486911
100	4.55287020058
105	1.60345969478
110	3.7578622078
115	5.06960116321
120	5.09495446849
125	1.98078464836
130	4.9326142981
135	4.19082406272
140	0.622024552838
145	5.01635918109
150	6.37795981968
155	6.09001933337
160	2.47098552872
165	6.84760023592
170	1.41092383075
175	5.29802918044
180	5.82105592262
185	5.38239144379
190	5.14516988212
195	7.16389648479
200	4.07747535575
205	2.55753035028
210	7.64825485096
215	2.58343878777
220	11.1352068983
225	6.46972981578
230	5.85397050372
235	7.69080751674
240	6.09697758002
245	3.92977076198
250	0.4
255	4.55562195724
260	1.42373044059
265	4.73086680769
270	4.65676053227
275	2.49962674899
280	1.4972623299
285	8.22536938094
290	8.20282528678
295	4.60708683911
300	13.804521984
305	5.33282491022
310	2.2110340458
315	6.24507931606
320	7.82584295285
325	5.24524525809
330	2.93694389945
335	4.81201926927
340	3.94298312683
345	3.71200804228
350	5.04720958018
355	4.43014709521
360	4.76384270815
365	5.50840511838
370	5.19848164931
375	4.35031280803
380	3.1226425769
385	4.26167875644
390	3.15839248248
395	6.57440444418
400	0.4
405	4.09907235898
410	4.54445434367
415	3.13812172052
420	3.33549389705
425	4.20670557759
430	6.62102685093
435	1.1053410777
440	4.94712591355
445	4.96029382247
450	6.93401226405
455	4.29804349725
460	3.54846717172
465	6.52411752773
470	4.21430097599
475	3.63031740976
480	0.4
485	4.7172939121
490	4.1198563317
495	4.60605632321
500	5.8961790565
505	6.56617850614
510	5.18766908116
515	5.04604464157
520	1.27196103188
525	5.57751711898
530	1.67235684504
535	3.08715301917
540	4.70639958015
545	0.4
550	6.23542050896
555	5.67368751188
560	5.75005888178
565	7.14819014834
570	2.41594609319
575	3.90440526722
580	8.5097400086
585	5.06576995661
590	0.56668467314
595	7.77363160461
600	2.23023798801
605	8.10700307889
610	10.0224167368
615	3.63218441331
620	5.53623681168
625	5.80211503418
630	6.04131956388
635	4.52455921482
640	4.16146227459
645	1.35329441261
650	5.99436263759
655	3.85295520458
660	4.9481226806
665	1.37538533716
670	2.53788709078
675	2.24500830929
680	1.34089562147
685	3.6937908266
690	4.18022225885
695	0.4
700	3.02974550517
705	3.92580157544
710	6.11089127358
715	4.61451783616
720	2.7610023205
725	1.39723677741
730	4.8752815351
735	5.40133841612
740	5.3928301753
745	4.70026376407
750	3.25717677959
755	1.2844433916
760	3.08125916224
765	4.69709352347
770	4.74996997217
775	5.38255158967
780	4.98260664591
785	2.81531004419
790	4.74450534629
795	4.82137591123
800	2.56019003343
805	5.31309409144
810	0.601975134585
815	7.50040686577
820	3.96340965842
825	2.86352006666
830	5.37609515184
835	4.52474805196
840	5.44235200776
845	4.95500730584
850	1.26893248366
855	4.29432563427
860	6.16292272633
865	3.9751481575
870	4.42832352071
875	6.79749089572
880	4.42240929305
885	8.31817956706
890	3.91129849253
895	8.15112793048
900	4.81383983108
905	5.02458970216
910	4.7581491658
915	8.55268410082
920	5.44055746495
925	6.89487192584
930	5.92871880181
935	4.72575773341
940	5.24450580764
945	3.37302878942
950	5.36510022051
955	5.20147370485
960	3.84808081398
965	5.34036837788
970	6.12521877927
975	4.2505744758
980	1.60638381698
985	1.51522772066
990	5.49874338996
995	3.90496128897
1000	5.49277822509
1005	4.21960814755
1010	4.79517322284
1015	4.47817634198
1020	3.19828954567
1025	4.66987784613
1030	4.51676467884
1035	7.60077867774
1040	4.68960365249
1045	3.20525978618
1050	6.04800900399
1055	3.57133871604
1060	9.32944885654
1065	4.56871870688
1070	8.35678359629
1075	4.75699266527
1080	6.44433550484
1085	4.130627107
1090	4.85424311537
1095	4.11318215467
1100	10.6585107751
1105	2.37765960055
1110	4.59664729609
1115	2.38370629738
1120	8.04698354657
1125	3.12158198305
1130	10.0806930015
1135	5.2793771817
1140	6.33860691856
1145	3.95034601813
1150	4.77989463816
1155	6.29443612591
1160	3.19037981376
1165	6.98872899228
1170	4.57959199162
1175	4.88690815808
1180	4.11644278391
1185	5.8185882519
1190	6.14775048584
1195	4.66607428775
1200	4.13706274736
1205	8.65022985397
1210	5.56042897727
1215	7.63022799173
1220	3.84831559751
1225	4.86674066499
1230	3.66710293655
1235	5.09737910379
1240	7.73038620274
1245	8.57266806696
1250	4.38005633777
1255	5.73257306558
1260	6.44365143744
1265	2.06124135239
1270	4.58353670418
1275	6.67652062406
1280	2.33095618739
1285	5.71164242938
1290	9.21070814154
1295	6.4729305708
1300	0.4
1305	4.72709188088
1310	5.78366276034
1315	4.00787777508
1320	5.87191148779
1325	4.73635102708
1330	4.93652047819
1335	6.00067964214
1340	2.90222542557
1345	4.47789757723
1350	9.86989674191
1355	6.28568577055
1360	6.68422461899
1365	7.11009715154
1370	4.89011393614
1375	3.34620641831
1380	4.78144170352
1385	5.21989296016
1390	4.89124050757
1395	4.61800695465
1400	8.16134652644
1405	5.4339702759
1410	4.87284031182
1415	6.63754691961
1420	6.27525859627
1425	3.0742867643
1430	6.06339722247
1435	4.56073967549
1440	2.32687587186
1445	5.75097157596
1450	5.26002027498
1455	9.10905548331
1460	3.94741302592
1465	5.47644727845
1470	4.43001107801
1475	5.21573633749
1480	8.23235257138
1485	6.26832384538
1490	4.59064073262
1495	3.32126722548
1500	3.42524528652
1505	5.98780001933
1510	6.93145657808
1515	4.17989473036
1520	6.1708113415
1525	6.59895197898
1530	4.92594381237
1535	4.40498647048
1540	5.591719474
1545	4.08881144189
1550	5.28733751997
1555	5.25650396863
1560	5.14338696869
1565	3.69842343646
1570	4.61939657986
1575	3.30445596949
1580	5.05738904075
1585	4.48144359135
1590	2.78621668273
1595	6.20321286554
