0	5.71113234119
5	3.50366164149
10	4.90954976801
15	0.4
20	10.6992261333
25	4.11437792685
30	12.1428998936
35	0.4
40	3.45750288769
45	6.81000937255
50	0.4
55	2.13559730694
60	0.4
65	9.28831255531
70	8.74843660289
75	7.54664249133
80	4.95471221332
85	0.4
90	4.32487830303
95	2.69131231857
100	0.4
105	3.92639822655
110	0.4
115	0.736272110133
120	7.00725813689
125	5.48225748282
130	4.43065965371
135	3.28763421274
140	1.75380252582
145	4.88772919631
150	5.64383773269
155	3.28332923243
160	5.11810907083
165	6.39030018848
170	0.4
175	0.4
180	3.78140995126
185	0.4
190	2.03464187956
195	2.15242899977
200	11.4104700697
205	8.60512724931
210	4.11126010177
215	6.42965818185
220	8.03999861016
225	2.63544645255
230	3.55785783985
235	2.70187168094
240	0.4
245	9.51317608346
250	10.3205751496
255	9.17822371281
260	4.33122378495
265	6.46079246542
270	5.2012529943
275	4.61197010694
280	4.50436160198
285	7.80569668577
290	6.78022866469
295	8.66549451046
300	7.70594390954
305	0.4
310	9.35126620217
315	0.4
320	5.16273749368
325	12.607556051
330	5.45285096525
335	4.65487609951
340	0.4
345	0.4
350	3.1582760464
355	0.4
360	0.941778443023
365	0.4
370	0.4
375	0.4
380	1.72901172585
385	0.618200584709
390	0.4
395	4.4271083221
400	0.590330120142
405	0.4
410	3.61233630113
415	1.81991760578
420	4.76655372238
425	4.25245506033
430	0.4
435	4.63148015366
440	0.4
445	6.0432649243
450	0.4
455	10.9708489082
460	0.963760159857
465	0.4
470	5.98716490062
475	6.09609331823
480	1.93875792723
485	6.99226831883
490	1.14557974623
495	2.1145767665
500	3.61292037138
505	8.86937023252
510	3.71090770612
515	3.24169976126
520	2.40966443094
525	3.59173470887
530	1.48367070841
535	10.0000466954
540	2.36350912318
545	4.49472690884
550	0.4
555	4.47201150847
560	11.404537903
565	5.23027609632
570	3.91687361393
575	3.56846229568
580	6.28570751412
585	1.87590494222
590	6.76868222698
595	3.20790570123
600	0.4
605	11.1502170025
610	3.06024183993
615	5.06436878626
620	1.36760771204
625	6.87662165813
630	4.67502262407
635	3.58657968494
640	3.64491327413
645	2.53926103673
650	6.34561479054
655	2.71074330602
660	5.7407273835
665	3.60886445576
670	9.37411908045
675	6.15787506395
680	0.772554504201
685	5.72023510056
690	3.33906554972
695	1.73235275615
700	12.6328605426
705	13.4452442734
710	4.6471742614
715	3.74514971554
720	4.93717265885
725	4.38284971368
730	2.17602594802
735	0.4
740	2.46848631564
745	14.8980689884
750	6.86795440788
755	2.45717721801
760	10.0540952999
765	5.91559837079
770	4.33021449517
775	3.04693300329
780	1.22741384558
785	1.38152256243
790	3.90709563678
795	5.38681099116
800	3.19835219538
805	1.71975360076
810	2.46974849659
815	0.4
820	10.0505252211
825	12.4007951508
830	2.70882572441
835	4.69895164218
840	4.76932221625
845	5.53335828011
850	1.34686045027
855	5.66598712564
860	11.4366643652
865	3.21080015081
870	0.4
875	4.9451438047
880	8.59480447394
885	3.85405903245
890	4.12115080435
895	0.900984276351
900	6.08511148479
905	0.8877470292
910	5.51867932451
915	7.56861542579
920	12.3712630051
925	3.59154846709
930	1.45555736479
935	1.28143896749
940	0.4
945	3.91613539679
950	2.95685200566
955	7.18476223409
960	3.61700785689
965	0.4
970	2.41065657975
975	3.75320947453
980	1.76537581596
985	0.4
990	8.38656896348
995	8.73005013531
1000	7.70574451242
1005	1.85939022895
1010	2.44064399489
1015	4.08370096586
1020	0.4
1025	0.4
1030	9.44587697486
1035	11.4030441324
1040	0.4
1045	1.89737300785
1050	0.4
1055	2.39516198957
1060	5.32263947488
1065	7.99401094558
1070	5.41344015956
1075	4.15432735079
1080	4.80199552324
1085	4.50479030889
1090	2.91390544027
1095	0.4
1100	3.88902614931
1105	14.0225249971
1110	0.4
1115	9.08669172328
1120	0.90592689361
1125	2.15652609879
1130	2.95464020781
1135	6.47108113842
1140	4.98793285032
1145	0.4
1150	3.96384072987
1155	5.34418366829
1160	6.72720731452
1165	13.8767082013
1170	3.95835086845
1175	12.704736758
1180	6.39200240726
1185	0.4
1190	8.76118394652
1195	6.327181802
1200	4.68760198944
1205	4.68610841973
1210	0.4
1215	23.0233248396
1220	0.439447506012
1225	0.4
1230	6.750367591
1235	2.40547860238
1240	4.49128109299
1245	5.39619394281
1250	3.02839542641
1255	15.5480873036
1260	3.33187051798
1265	0.4
1270	0.836838583712
1275	2.33304802653
1280	8.08588263722
1285	0.4
1290	0.4
1295	6.95619946814
1300	3.0162647442
1305	10.2945246547
1310	5.33506281536
1315	5.24141785542
1320	4.06013035786
1325	7.11088763842
1330	4.99821854889
1335	0.4
1340	0.4
1345	0.4
1350	5.55839785885
1355	6.0137701061
1360	3.04217236966
1365	9.62047214664
1370	6.49086097121
1375	3.12377048885
1380	5.73377101914
1385	0.4
1390	4.69176037012
1395	1.11170514391
1400	0.4
1405	3.04935699952
1410	0.848173031757
1415	3.29433182613
1420	1.00588086189
1425	13.9761697047
1430	0.4
1435	2.655070513
1440	5.21251485498
1445	3.56212207853
1450	6.11209603572
1455	1.73755769749
1460	1.03360476549
1465	0.706635763382
1470	17.1895314234
1475	5.55219515642
1480	2.54751519319
1485	6.44225169701
1490	2.79365414426
1495	5.3488096514
1500	4.01679690648
1505	4.40079373225
1510	2.01368872333
1515	4.97563337175
1520	3.93818482249
1525	7.22896560628
1530	4.00568819944
1535	3.81193243846
1540	4.30889307049
1545	5.77765921674
1550	3.68844694841
1555	3.95036363276
1560	4.98269043265
1565	0.4
1570	4.80702871058
1575	0.4
1580	11.8238796893
1585	4.35739837446
1590	2.33324668536
1595	10.6272355658
1600	0.4
1605	1.4159673723
1610	0.4
1615	17.2358740116
1620	2.84158964702
