0	0.4
5	0.4
10	1.1004233302
15	0.4
20	2.8912371629
25	0.4
30	13.1305667519
35	0.4
40	2.24978715192
45	0.4
50	3.29630030713
55	2.36569194007
60	5.10607120917
65	4.08533489341
70	9.04643739545
75	1.8740006437
80	0.4
85	1.47559865465
90	5.78854167003
95	1.05946574566
100	2.41689778282
105	4.26844750734
110	7.17685237141
115	3.67616891013
120	1.55993994462
125	2.7400054179
130	2.92060238345
135	1.45107927203
140	0.925062981288
145	0.4
150	6.08150411309
155	2.73379954383
160	3.47092047605
165	0.496359170664
170	0.4
175	4.46911117809
180	3.38763132282
185	3.16859548051
190	6.27904166222
195	1.38395508229
200	3.59354403054
205	0.469210830937
210	0.4
215	8.08123802143
220	3.53792777661
225	1.13318886147
230	0.4
235	4.67343570833
240	3.31689583729
245	0.4
250	0.473950935685
255	8.28878411045
260	4.19024062544
265	0.771748899529
270	0.4
275	5.57909280012
280	5.71170680862
285	0.4
290	2.34986703707
295	6.19731124202
300	2.85073018633
305	6.28403128699
310	0.4
315	2.45671658471
320	4.16106906241
325	4.83922303095
330	0.4
335	10.2798188943
340	1.6879393303
345	0.4
350	0.4
355	0.4
360	0.4
365	4.22027961865
370	6.07359392109
375	2.85991127842
380	3.72237797956
385	3.17248896587
390	6.28644913358
395	0.4
400	0.4
405	2.47494136295
410	0.4
415	0.4
420	0.4
425	10.6638116006
430	2.90753080141
435	0.4
440	4.20408923787
445	1.55944119913
450	1.45217854013
455	0.4
460	3.31164245544
465	5.00845603792
470	0.425271263525
475	0.693440880199
480	0.4
485	0.4
490	4.95174497517
495	5.00162943378
500	5.02902616239
505	1.17483518189
510	0.4
515	5.60206048609
520	11.2472638986
525	0.4
530	0.4
535	4.78137525238
540	0.819356755648
545	2.07164613102
550	1.5252767409
555	7.32108699853
560	4.63254577532
565	0.4
570	0.4
575	1.50552189292
580	1.53608261314
585	4.50780096639
590	4.35090705279
595	5.18435908337
600	6.54823941607
605	11.0859901933
610	3.25129506626
615	0.4
620	0.4
625	3.44918866789
630	0.4
635	0.4
640	3.98431788861
645	4.88332354719
650	0.4
655	5.13145660368
660	4.9618855491
665	2.21842647569
670	4.54986190441
675	0.4
680	0.771416846915
685	0.4
690	4.34633930056
695	6.14289030305
700	0.4
705	0.4
710	0.4
715	3.07553055405
720	0.4
725	8.19646711045
730	0.4
735	18.5959694987
740	1.42374611201
745	0.4
750	2.03460097978
755	2.30691269637
760	7.54491270065
765	1.33849183953
770	1.75408483847
775	0.4
780	0.4
785	5.36650605863
790	0.4
795	1.18323609596
800	4.33058357894
805	11.1608849194
810	2.56290553919
815	0.4
820	3.88500565385
825	1.51033151882
830	1.75224835323
835	2.36245954785
840	0.833717771531
845	6.59884154825
850	2.14064167963
855	13.0737023719
860	1.08623489638
865	1.86346322631
870	0.4
875	1.52019975968
880	3.81142857073
885	1.69470300691
890	0.4
895	12.8408057547
900	1.51538870976
905	0.42512937853
910	3.41484283381
915	2.06127536976
920	6.02903899891
925	4.78794166193
930	3.50057563417
935	12.1770138072
940	1.95869730316
945	2.53602223619
950	0.4
955	0.4
960	0.4
965	0.4
970	0.4
975	5.89790266246
980	1.76672825279
985	1.34870440103
990	2.09920581446
995	2.81696022965
1000	4.01070433366
1005	5.11707757149
1010	0.4
1015	1.73335579903
1020	0.4
1025	0.4
1030	7.93646616792
1035	0.4
1040	5.74799409373
1045	0.4
1050	7.28090285538
1055	0.4
1060	2.053035809
1065	18.153047515
1070	0.4
1075	0.4
1080	3.84708551288
1085	7.29057028955
1090	4.6471839034
1095	3.22258190441
1100	0.4
1105	3.52319369091
1110	2.01228281864
1115	2.7548154918
1120	4.5369209463
1125	0.4
1130	0.4
1135	0.4
1140	0.4
1145	1.89025132081
1150	0.4
1155	0.4
1160	1.30088025425
1165	2.25612269452
1170	0.714539700249
1175	0.4
1180	0.907032867074
1185	8.20116158644
1190	3.87918559918
1195	3.35380699163
1200	0.4
1205	0.4
1210	1.7909682634
1215	0.4
1220	3.0249635469
1225	2.27870782789
1230	3.44948941362
1235	0.4
1240	2.29364084552
1245	0.4
1250	0.4
1255	0.809553066128
1260	4.6937979174
1265	0.4
1270	0.4
1275	2.51300461662
1280	0.4
1285	4.58903343915
1290	1.29737430827
1295	0.4
1300	8.28685382794
1305	0.4
1310	4.40476079694
1315	4.71848849377
1320	0.4
1325	0.4
1330	4.76503822868
1335	0.982476663243
1340	5.90546069915
1345	2.57081852569
1350	9.68039878065
1355	7.86085537852
1360	4.02036295754
1365	6.36406546153
1370	1.25251733115
1375	6.27972016117
1380	1.97522498348
1385	5.94977112349
1390	2.22522814694
1395	0.940746995325
1400	2.05171226995
1405	3.63529949535
1410	4.65387090204
1415	0.4
1420	0.4
1425	0.4
1430	0.4
1435	1.88156871544
1440	3.35297357679
1445	0.4
1450	1.98570849564
1455	4.60915798409
1460	2.61540242687
1465	0.634848115018
1470	1.91991289039
1475	1.53591244079
1480	0.4
1485	2.26721438224
1490	3.07940400924
1495	5.60965077965
1500	1.40025485091
1505	2.26817233975
1510	0.566949107273
1515	5.12645592954
1520	3.36083022202
1525	6.28768919351
1530	3.45783783974
1535	6.37185050406
1540	1.05360197378
1545	1.31575631302
1550	0.4
1555	3.51633847884
1560	0.4
1565	0.4
1570	2.20066853286
1575	2.74611637076
1580	11.8450541946
1585	3.26281746611
1590	4.11088739978
1595	0.4
1600	0.4
1605	9.68930206685
1610	0.64489715558
1615	0.4
1620	2.38808028499
1625	0.4
1630	0.4
1635	3.71241436784
1640	1.98485346837
1645	0.4
1650	0.4
1655	0.4
1660	2.0979572633
1665	2.12131691064
1670	3.21605413704
1675	5.04817788993
1680	2.0577957908
1685	1.66088049088
1690	8.87415123813
1695	0.4
1700	1.08551078066
1705	0.4
1710	0.4
1715	3.13345891098
1720	2.34531931606
1725	0.4
1730	0.4
1735	0.4
1740	2.69419806677
1745	9.33739408036
1750	7.72904170341
1755	4.14971324507
1760	5.60585360096
1765	0.81705704286
1770	3.59653866988
1775	0.4
1780	1.15610797262
1785	0.4
1790	11.2864193448
1795	3.99987836016
1800	9.4217346526
1805	1.26960401028
1810	2.7106337591
1815	6.34553116858
1820	6.59899920942
1825	0.4
1830	1.63327914487
1835	0.458130357535
1840	0.4
1845	0.4
1850	3.66057904098
1855	5.65817068729
1860	0.4
1865	2.17029104677
1870	1.55379366864
1875	10.3841016115
1880	0.996477224865
1885	3.45298932715
1890	1.79873840775
1895	1.1790567598
1900	4.65569490796
1905	4.63292789071
1910	7.56572149676
1915	0.4
1920	2.40983625246
