0	1.12598543941
5	0.910988782662
10	0.4
15	0.434499567874
20	0.699798202158
25	3.43052508982
30	0.4
35	0.4
40	0.500979067124
45	3.98388739007
50	2.26136289669
55	1.65445008055
60	2.55934321811
65	1.92575867729
70	2.61617214543
75	0.657250741495
80	0.4
85	0.4
90	2.3763456452
95	0.4
100	2.11803768673
105	1.91255537664
110	0.4
115	1.11105151795
120	0.4
125	1.34823307732
130	2.21765880043
135	0.4
140	1.81021581261
145	0.4
150	1.39840608189
155	0.4
160	2.17632063055
165	4.96345328923
170	0.4
175	1.97400247568
180	0.4
185	0.4
190	0.624958269895
195	0.4
200	0.4
205	2.04419830217
210	0.4
215	0.4
220	1.27458585274
225	0.813840804954
230	3.1317441635
235	0.4
240	2.57528924312
245	0.4
250	0.4
255	3.42539927075
260	0.615606549313
265	1.4900601984
270	1.06713378588
275	0.4
280	0.4
285	0.4
290	0.4
295	1.01801160729
300	0.581823245349
305	0.4
310	0.4
315	1.74491560928
320	0.4
325	0.4
330	0.4
335	3.76382755037
340	1.30058300254
345	4.49796932862
350	1.28022539108
355	7.40123415746
360	1.84041225904
365	1.86941566355
370	0.4
375	1.80912166685
380	0.4
385	3.3183124504
390	1.47192116954
395	0.708082658762
400	5.60698813122
405	1.2924145412
410	2.58741927838
415	1.52043718738
420	0.516164976187
425	0.4
430	0.4
435	4.31113466382
440	0.4
445	0.668943559988
450	0.4
455	3.15895085631
460	1.38156173741
465	2.6025005838
470	0.816614062206
475	1.69012303201
480	2.67239924935
485	2.26885408089
490	2.71059073595
495	0.4
500	2.34998170603
505	4.14902340293
510	4.10696041921
515	3.97653731624
520	0.4
525	2.79308062923
530	2.33237774993
535	0.4
540	0.4
545	2.14901700615
550	0.4
555	4.55298324761
560	0.599407945888
565	2.58804678819
570	1.6136627809
575	0.790955282936
580	1.48196820229
585	0.4
590	1.86409025837
595	1.12215907571
600	0.802010590964
605	0.4
610	0.4
615	2.34884463419
620	4.63314754335
625	2.39945388428
630	0.4
635	3.02799855172
640	0.92442121187
645	1.33297485479
650	0.4
655	2.57181910304
660	1.72799659546
665	3.16072836899
670	1.52037025025
675	1.16468008727
680	3.7438228906
685	3.16155591867
690	4.86204309116
695	1.18778072668
700	1.31586405343
705	2.51586550148
710	1.53617079244
715	5.38113694536
720	0.878049187944
725	1.30324697729
730	0.4
735	3.03236712149
740	1.9007358415
745	6.06895648969
750	0.4
755	1.08691767408
760	1.95950402197
765	2.71934239001
770	2.00739532259
775	0.4
780	6.61692341715
785	2.0500281341
790	0.4
795	0.522940403324
800	5.72647943938
805	1.78323720495
810	5.60777814216
815	3.24483746583
820	1.13260882141
825	0.4
830	0.4
835	0.4
840	0.4
845	4.38055640955
850	2.75041221752
855	0.687556700869
860	1.83373011372
865	1.48788744628
870	0.4
875	1.27181064437
880	0.4
885	0.4
890	0.4
895	3.48316367646
900	0.4
905	0.59933225582
910	0.4
915	4.24606362651
920	2.19909778679
925	1.84539391528
930	0.4
935	1.36095203868
940	1.74588158729
945	0.848313989047
950	0.4
955	0.4
960	0.996666154082
965	2.60600733623
970	0.4
975	1.73982165223
980	1.5871328622
985	1.03606643042
990	0.4
995	2.41480746809
1000	0.4
1005	0.4
1010	0.96335739482
1015	0.802314662524
1020	1.66648599836
1025	0.4
1030	3.13232714402
1035	2.5110648963
1040	0.4
1045	0.4
1050	0.851087144572
1055	0.4
1060	0.4
1065	0.606890406081
1070	0.4
1075	1.26000754737
1080	0.4
1085	0.4
1090	3.97620706464
1095	1.64525889208
1100	0.697737374417
1105	0.719812836889
1110	0.4
1115	1.58894999743
1120	0.4
1125	0.4
1130	0.4
1135	1.25193111323
1140	3.59820152297
1145	1.26713524795
1150	1.30507327219
1155	0.4
1160	2.55650696268
1165	0.4
1170	0.4
1175	0.4
1180	0.4
1185	2.46990662563
1190	3.10856122562
1195	1.88658408982
1200	0.4
1205	4.0764294658
1210	0.4
1215	4.05077269768
1220	3.09089034561
1225	3.22944336754
1230	0.4
1235	0.4
1240	0.4
1245	3.98194178704
1250	2.17091258925
1255	2.89035516835
1260	0.4
1265	0.4
1270	0.75692023648
1275	0.945452931117
1280	0.4
1285	3.01310691416
1290	0.700049335932
1295	0.4
1300	0.4
1305	8.60208912456
1310	1.21433964783
1315	1.6273373442
1320	0.626403077923
1325	0.4
1330	1.34075984891
1335	0.4
1340	0.4
1345	0.4
1350	1.7450196388
1355	3.43468220803
1360	3.09698303702
1365	0.710146472329
1370	1.70091546289
1375	0.4
1380	0.4
1385	10.785730461
1390	1.29508003313
1395	4.06209725181
1400	2.63767717564
1405	0.51972232928
1410	1.96940565141
1415	0.4
1420	1.65684442461
1425	2.35554235991
1430	0.4
1435	3.63863259667
1440	0.4
1445	2.25580952075
1450	0.4
1455	1.00172141674
1460	3.33619257757
1465	0.4
1470	1.79509744532
1475	2.44297553712
1480	0.4
1485	2.34967565587
1490	1.63268417467
1495	2.48749503013
1500	1.16294183473
1505	0.677198848217
1510	1.36257679698
1515	0.497343147254
1520	1.9907960152
1525	0.605580439038
1530	1.40823789885
1535	1.51292946248
1540	1.29738592427
1545	3.04472935799
1550	0.4
1555	3.15227143135
1560	1.12961063402
1565	0.4
1570	0.4577968161
1575	0.4
1580	0.4
1585	3.21948503548
1590	0.617604889387
1595	0.981415857273
1600	1.20484452527
1605	2.96597542035
1610	0.4
1615	1.49389543521
1620	1.50025008029
1625	2.79184056653
1630	4.28448648956
1635	0.4
1640	2.7913836359
1645	4.3742730559
1650	4.72291249983
1655	3.23070511807
1660	0.950556664968
1665	1.1363890994
1670	2.41812649887
1675	0.4
1680	0.4
1685	0.87884021289
1690	1.35875174624
1695	2.54768550361
1700	2.90122462098
1705	1.04180861701
1710	0.466240465156
1715	2.64163457884
1720	0.4
1725	0.4
1730	2.56951782559
1735	0.966281351769
1740	1.77971280369
