0	0.4
5	3.51291333133
10	10.9029016451
15	0.786041605394
20	1.65939127956
25	0.4
30	1.95447375936
35	1.32066440696
40	2.24353570263
45	12.1224396102
50	9.65355275375
55	0.4
60	3.85761193523
65	4.67380024338
70	0.4
75	3.95939201408
80	0.959755696887
85	0.4
90	0.4
95	0.4
100	6.46208159324
105	3.06667205222
110	2.15364918976
115	4.61765163391
120	1.97305977857
125	5.66012035687
130	4.58279561204
135	9.39517916174
140	8.09059199482
145	2.28585944618
150	3.02252870503
155	2.54483980329
160	3.32265090861
165	5.55932288666
170	2.73287665927
175	1.88951549621
180	0.4
185	1.26831652844
190	0.4
195	4.24171689602
200	1.23122457603
205	0.4
210	7.69939697541
215	11.4281170747
220	3.15498750004
225	4.06004139999
230	3.63941522907
235	0.4
240	1.31991681877
245	5.26522937749
250	14.1024500199
255	2.78087891572
260	0.4
265	4.34490309645
270	12.0653681419
275	2.06834785083
280	2.95827276855
285	0.4
290	1.17598381012
295	7.52366765618
300	8.16371835369
305	0.4
310	0.4
315	2.61350828947
320	4.69393998803
325	3.87779170377
330	0.792746054232
335	0.4
340	2.10908996821
345	2.463566127
350	0.4
355	3.00902593097
360	4.07148573526
365	4.29548364536
370	1.84521908403
375	0.598913037313
380	2.73624865511
385	0.4
390	3.88926077203
395	1.6759208504
400	0.856691670235
405	7.46504166238
410	0.4
415	6.48248120582
420	2.36170242264
425	3.10889732578
430	4.39533754332
435	4.48685938308
440	5.50975181597
445	2.26549133689
450	1.05243654291
455	6.54682660778
460	4.04147390875
465	1.95164700194
470	2.79747024767
475	6.45779863619
480	1.58901854725
485	1.91155672155
490	0.4
495	2.06797566125
500	14.4977166955
505	2.29000491283
510	4.24925467527
515	3.92264735811
520	0.998437669577
525	5.27064368536
530	0.4
535	4.1351099074
540	0.4
545	2.78908479917
550	0.609199051666
555	2.97653921579
560	3.59707877615
565	0.4
570	3.78950774414
575	0.4
580	0.4
585	1.55978227547
590	7.14617146508
595	3.25576670429
600	7.32720139319
605	2.82915482005
610	0.4
615	1.29783144304
620	4.24710387325
625	6.184891291
630	4.02636595999
635	0.4
640	5.54672384748
645	5.65500781031
650	1.75930004372
655	1.34321994099
660	4.90012085057
665	2.12770179872
670	4.99552375422
675	5.61189248045
680	0.4
685	9.76023813299
690	0.4
695	2.9440458898
700	8.91655466606
705	0.4
710	0.4
715	0.4
720	0.4
725	0.4
730	3.76859505182
735	2.40347212255
740	2.06612458571
745	8.58327063691
750	6.73082643448
755	4.34393319858
760	2.5014747367
765	0.4
770	3.95086499079
775	0.81550526364
780	2.60361477096
785	4.12419670193
790	0.4
795	4.85149889351
800	7.95875019424
805	2.26993134738
810	0.4
815	0.4
820	6.52279583477
825	1.97495379416
830	1.65554246691
835	6.38924199352
840	1.8114312934
845	1.50268684696
850	1.8609781312
855	0.620537490924
860	0.818188242751
865	3.54083986478
870	2.44744214466
875	3.70438250556
880	0.4
885	6.69114898107
890	7.31727588318
895	0.4
900	0.4
905	5.31779247459
910	1.14586585504
915	3.80127973962
920	12.6200183993
925	4.86794739962
930	7.99441366462
935	12.1483137143
940	7.97402192249
945	10.0056513142
950	3.24407640004
955	0.4
960	10.1077306441
965	4.83341327235
970	4.08429187353
975	1.2228912763
980	0.4
985	3.19018600307
990	0.4
995	0.721675858657
1000	0.4
1005	0.4
1010	11.5133275462
1015	5.85511402738
1020	2.65278600045
1025	2.35720675237
1030	0.4
1035	7.2472829896
1040	7.80127152306
1045	0.4
1050	3.5642869297
1055	3.31845542369
1060	0.4
1065	0.4
1070	5.39181682213
1075	3.49061158786
1080	6.69502674697
1085	3.32403263913
1090	4.44428981076
1095	0.4
1100	2.96272852375
1105	5.02219886811
1110	0.4
1115	0.4
1120	0.4
1125	5.61424179466
1130	1.4317132233
1135	8.769035156
1140	14.1666634398
1145	1.12401908089
1150	2.69341501711
1155	0.4
1160	1.80210769353
1165	1.83301434481
1170	2.47882048546
1175	2.20971473443
1180	4.16404245286
1185	3.83010797299
1190	3.58493471736
1195	3.8695375883
1200	6.43161277022
1205	0.4
1210	9.69663534389
1215	0.4
1220	9.86490463354
1225	4.64867570915
1230	3.02776946622
1235	2.67637953296
1240	2.80596589699
1245	4.89341242693
1250	10.2321463043
1255	1.18123001803
1260	5.78501584483
1265	6.20586413962
1270	0.4
1275	10.6723998416
1280	0.4
1285	2.05955457978
1290	0.4
1295	2.81742198943
1300	0.4
1305	0.4
1310	7.27328731698
1315	3.24856254064
1320	0.682251016895
1325	0.85324454216
1330	3.50810884703
1335	3.81152884239
1340	3.05304163936
1345	12.1402705251
1350	2.43069488995
1355	3.36447292341
1360	1.29950396493
1365	2.23863518791
1370	1.38917631026
1375	6.03566244258
1380	3.71451550828
1385	2.53719512049
1390	0.4
1395	4.53297475598
1400	9.06743353877
1405	0.4
1410	7.54688191617
1415	2.08209181003
1420	0.984437998563
1425	5.64756997444
1430	3.13158130653
1435	0.4
1440	0.4
1445	3.96978060607
1450	5.44280354453
1455	0.4
1460	2.77299901511
1465	5.74610526491
1470	4.59787335412
1475	7.750204528
1480	4.42985783226
1485	2.48386089926
1490	5.51093645854
1495	0.4
1500	0.4
1505	4.72795261322
1510	4.75391753408
1515	2.97670807035
1520	0.4
1525	1.7245720152
1530	8.34162814245
1535	5.10416272844
1540	3.51659857534
1545	0.4
1550	0.89416939057
1555	2.70382376061
1560	6.2843675002
1565	1.59866643054
1570	4.42051211048
1575	0.4
1580	0.4
1585	2.35482589963
1590	10.3192576323
1595	0.4
1600	3.47642864957
1605	0.4
1610	3.28009978479
1615	3.05230238526
1620	7.94144679071
1625	0.4
1630	0.4
1635	2.8213886918
1640	4.44584454952
1645	7.65893295781
1650	3.9053072076
1655	0.549814145946
1660	0.4
1665	4.78116005366
1670	7.86774198312
1675	5.73127593347
1680	4.55245659601
1685	3.66163032165
1690	3.44052801266
1695	3.49927536507
1700	3.33183677797
1705	9.02856612667
1710	9.8492851978
1715	0.4
1720	0.4
1725	1.65255876022
1730	1.57450455543
1735	13.1684772934
1740	3.01229718231
1745	2.18508518534
1750	2.19737172969
1755	2.67580291396
1760	8.25162487578
1765	0.4
1770	10.5954221367
1775	1.60296670907
1780	9.52830281635
1785	1.36747163422
1790	24.2278378514
1795	0.4
1800	10.6650047344
1805	0.4
1810	1.6922332743
1815	3.80703058032
1820	0.4
1825	0.924110590606
1830	2.70901245595
1835	0.4
1840	3.71033607389
1845	0.689021582071
1850	11.6505183209
1855	3.56811869395
1860	7.14627842422
1865	0.4
1870	3.96337212623
1875	6.78794642074
