0	0.4
5	4.72224654633
10	3.96555242399
15	4.59231754259
20	1.5922222319
25	0.4
30	5.87056556231
35	1.82222516283
40	2.35184752459
45	1.21632592616
50	3.16967226266
55	1.0955180559
60	2.49863090037
65	1.09560798824
70	0.4
75	1.77593742909
80	4.97642635894
85	1.20970344013
90	1.79693504632
95	1.73311803347
100	2.67985833346
105	2.19849701616
110	2.1840245952
115	2.05921294379
120	2.45313333652
125	0.4
130	2.6984799225
135	0.4
140	12.3292499723
145	3.536398954
150	2.30155771472
155	1.18371176541
160	3.86132754042
165	0.4
170	0.4
175	0.4
180	2.07994058025
185	4.05565134129
190	0.4
195	0.4
200	2.00986895658
205	4.46251928152
210	5.06595215988
215	1.47117490508
220	3.03091823045
225	0.605342202019
230	8.64709005775
235	0.4
240	0.4
245	2.54403539125
250	2.17354160884
255	4.44051838886
260	0.4
265	6.51408073672
270	1.755330492
275	2.62112949757
280	1.341316413
285	1.46707629398
290	0.730360750785
295	6.61530105585
300	0.4
305	4.56242635535
310	0.4
315	3.64070641947
320	2.92665301155
325	3.44607026558
330	2.52483602624
335	2.31123247422
340	3.58430874881
345	0.4
350	2.88701508728
355	3.10776945093
360	0.4
365	0.4
370	8.11586122589
375	0.4
380	0.4
385	2.664689109
390	2.92402445421
395	1.59294440391
400	3.75311093629
405	0.4
410	1.04799868363
415	1.34810840602
420	6.85586863499
425	4.88446167294
430	2.24146389908
435	3.8108563183
440	0.4
445	0.4
450	6.52772704511
455	3.78456645958
460	2.21612112446
465	2.45972407345
470	2.28915853229
475	2.7652361632
480	0.4
485	5.47966193323
490	1.96595485002
495	5.64085480278
500	3.19761398471
505	2.00812847898
510	0.4
515	2.67177380681
520	2.50240543643
525	2.42954102738
530	2.94244978249
535	1.28717267985
540	2.75861281604
545	3.50788707549
550	4.40567562635
555	0.944887686494
560	2.06373080086
565	4.42317417419
570	1.63843932214
575	1.70585469986
580	1.64917656572
585	3.40044028849
590	2.5081605474
595	3.05740135226
600	0.638846147198
605	0.4
610	1.86099254017
615	2.59362505521
620	0.4
625	2.38787825879
630	1.43477362539
635	8.16650778737
640	3.5977583712
645	0.4
650	2.91724124048
655	1.3021566691
660	3.63017621517
665	1.33424255962
670	0.666132947743
675	3.37591113685
680	2.3468996148
685	5.57400750511
690	1.7503762317
695	3.45741643679
700	4.93880866779
705	0.761158638281
710	2.99523742248
715	0.4
720	0.4
725	4.65132488697
730	3.88272840489
735	0.4
740	1.37852302459
745	3.8234707025
750	0.4
755	2.1837572348
760	3.27427604753
765	3.50262615947
770	3.9810656788
775	3.07443614989
780	0.4
785	4.54344203755
790	2.42100267001
795	3.08591125476
800	1.81969827937
805	1.13426675674
810	4.35642569442
815	1.0899387259
820	0.761747329062
825	4.96117740892
830	2.17071161549
835	2.05180132438
840	3.7762496603
845	0.4
850	2.63725475347
855	1.9676782242
860	2.6616835805
865	0.4
870	2.52526343675
875	2.93142956561
880	2.16078090957
885	8.10770307148
890	2.19073767262
895	4.06755005443
900	3.40879568135
905	0.486429723858
910	8.01627676531
915	2.18950822801
920	3.69890762347
925	0.585198260924
930	3.05134929054
935	4.23248781976
940	2.747220263
945	2.3461485065
950	2.99955118136
955	2.97963946773
960	4.47079877404
965	4.21487951129
970	4.57028530225
975	0.4
980	6.80745423701
985	0.571737761738
990	5.83465643095
995	1.79324514276
1000	1.08922839188
1005	2.28645234695
1010	0.4
1015	6.75263287951
1020	0.4
1025	1.20141933756
1030	3.81905038409
1035	0.4
1040	4.09429230756
1045	3.45409397972
1050	1.23347569429
1055	3.19090942646
1060	2.96167329771
1065	1.96151337187
1070	1.18915395596
1075	3.47983702279
1080	0.708867836861
1085	6.38875155152
1090	2.28847635438
1095	4.43794828655
1100	1.58870021208
1105	1.49711714299
1110	1.68059508085
1115	3.78247329303
1120	3.02625727934
1125	0.71164596083
1130	2.03295920606
1135	3.92185657273
1140	1.69334861501
1145	2.76086861803
1150	1.8554936123
1155	4.61071662976
1160	2.51773302687
1165	2.51837984998
1170	0.4
1175	2.03800209637
1180	4.74540828338
1185	2.97767046992
1190	3.86442894295
1195	1.26102582624
1200	3.80374195538
1205	2.22821420325
1210	2.76672499353
1215	3.16799424248
1220	3.92197129908
1225	2.06937585877
1230	2.33829524192
1235	2.90214050638
1240	0.4
1245	2.52596425894
1250	2.03917505572
1255	2.42714564069
1260	4.78006455061
1265	2.6338012109
1270	2.3624360231
1275	0.4
1280	0.4
1285	1.02201147819
1290	2.64100466047
1295	5.90254768953
1300	0.4
1305	1.51323870445
1310	1.25987799642
1315	4.13971990698
1320	6.97405805639
1325	1.95609870999
1330	2.50874097717
1335	0.654732970123
1340	2.43034983502
1345	3.10023339451
1350	3.14728696892
1355	0.4
1360	2.19598546999
1365	4.5812742931
1370	1.27820291178
1375	1.99261805267
1380	0.4
1385	2.40169011726
1390	3.0837180701
1395	6.96190925648
1400	3.43467027955
1405	1.70035158725
1410	2.86063405272
1415	3.01743260906
1420	3.07405464631
1425	7.29033615177
1430	3.40724810603
1435	15.1586667648
1440	5.08377516881
1445	3.52256137922
1450	1.72342835891
1455	2.48769316221
1460	0.4
1465	2.25336796526
1470	1.465995162
1475	3.8890915313
1480	0.527442083401
1485	3.0932872875
1490	2.40606943808
1495	1.47391047705
1500	1.77440529451
1505	3.38047437239
1510	2.1410251126
1515	2.62612449669
1520	3.09560221407
1525	2.27287002438
1530	5.32664595563
1535	2.34498841359
1540	3.16132293769
1545	3.41031615899
1550	3.89281504928
1555	0.73184916595
1560	4.15917042789
1565	4.1529932858
1570	5.23177753033
1575	0.4
1580	2.70964695313
1585	0.4
1590	3.34537283066
1595	3.53870208271
1600	3.44566138527
1605	2.23312765271
1610	1.00683041225
1615	0.4
1620	3.81412939734
1625	7.79142104697
1630	0.4
1635	0.657395457701
1640	4.439836418
1645	1.40977161872
1650	2.04545092118
1655	1.251789005
1660	2.79333273847
1665	0.823593562011
1670	1.39961371545
1675	1.72531920533
1680	1.7759274202
1685	0.969376251061
1690	2.79599320885
1695	1.63990888087
1700	2.83098465358
1705	3.03687097683
1710	1.37767885095
1715	1.39138428343
1720	5.39746206373
1725	1.74615425201
1730	3.14928520581
1735	2.66881951907
1740	2.66509572293
1745	2.05412718527
1750	2.55395469845
1755	0.4
1760	1.74750315484
1765	7.28683726224
1770	0.4
1775	2.32154817188
1780	1.94353813554
1785	4.24683603285
1790	0.4
1795	3.50472038927
1800	4.83013669553
1805	2.59729167783
1810	2.30797838892
1815	0.4
1820	0.4
1825	2.96169898194
1830	2.29273130582
1835	2.68890263581
1840	1.87734264826
1845	1.07304213221
1850	4.2043051465
1855	1.04288293843
1860	3.78947321258
1865	2.60845350807
1870	1.98299317302
1875	5.52136292722
1880	1.29005674142
1885	2.28130004508
1890	0.4
1895	1.30949436599
1900	5.35084298951
