0	4.02030749163
5	6.28749971859
10	1.88445059602
15	6.41997493199
20	8.65286073181
25	3.26733603876
30	0.4
35	1.94208885119
40	9.74800905504
45	2.93739093725
50	0.4
55	0.4
60	5.10264375822
65	4.8628020339
70	3.94284890558
75	2.24449893205
80	0.4
85	5.43578752169
90	0.4
95	1.78051850934
100	1.89906130108
105	6.17702199221
110	7.617386851
115	11.630727474
120	3.89506820138
125	21.6726761443
130	10.054765018
135	0.4
140	0.4
145	4.96499041774
150	0.4
155	0.4
160	4.07534169528
165	5.37061587512
170	10.5806628623
175	6.2285821469
180	2.76807177049
185	0.4
190	13.5919770254
195	0.4
200	3.69899918144
205	2.5329174116
210	3.57456704793
215	8.87329022549
220	4.77050079406
225	3.62975154164
230	7.23141794801
235	0.4
240	9.96680065335
245	6.08583738628
250	24.2580505636
255	3.64550982665
260	3.76961696531
265	0.4
270	6.71492742159
275	11.3163308638
280	4.57884929961
285	9.93070605308
290	4.88529894852
295	0.608208686901
300	4.43735455119
305	17.0869772931
310	4.46025127755
315	5.17278494139
320	4.12186603605
325	0.4
330	0.4
335	0.4
340	7.10552632954
345	12.3653412339
350	0.452359443232
355	2.77281617959
360	0.4
365	5.12536540883
370	7.97145721584
375	0.4
380	12.5369745828
385	6.76144300426
390	20.5531994495
395	1.14350356753
400	0.4
405	17.6165076889
410	10.0070014059
415	10.2058480344
420	0.4
425	9.09651313136
430	3.62253607316
435	2.4869164022
440	2.5059328445
445	0.4
450	0.4
455	0.4
460	5.44307442923
465	2.28880708773
470	9.07736580643
475	13.2226054591
480	6.07568388932
485	1.67822572683
490	8.70982349047
495	9.05731752905
500	10.7427631952
505	5.68111716266
510	0.4
515	0.4
520	3.43505483098
525	2.1506665253
530	1.48699892278
535	0.4
540	26.2482136579
545	10.4751065031
550	0.4
555	7.17734675152
560	6.61035918325
565	5.50405194206
570	3.10218014748
575	9.38727548115
580	6.57218428637
585	5.62901425194
590	4.31392753535
595	10.8717828948
600	7.85409661877
605	5.16242374009
610	0.4
615	2.14899705311
620	1.7232233975
625	2.30714345092
630	4.83703900273
635	5.61500105917
640	0.4
645	6.25024029103
650	1.05221977162
655	5.74530949006
660	17.0707018875
665	0.4
670	4.30484008672
675	5.94306462324
680	4.25177990105
685	3.11881494229
690	2.01226198814
695	2.74328211489
700	7.77780140066
705	6.82215109926
710	7.37466535874
715	4.20934313634
720	7.88854053751
725	3.83791279876
730	5.19319828812
735	1.78083729046
740	25.6091879658
745	6.43631169572
750	0.4
755	0.4
760	9.30826121947
765	4.80313177877
770	3.40308271319
775	0.4
780	4.98535405464
785	5.15739651793
790	3.26253304565
795	4.30744630093
800	0.837233181628
805	0.4
810	2.86983605809
815	3.03069163058
820	4.46681375703
825	8.8721074781
830	5.67729090939
835	3.55481710242
840	7.92520304395
845	6.6023596394
850	6.19081062294
855	6.76740487772
860	3.41618271988
865	2.79708038799
870	1.62945181366
875	2.17255084319
880	7.00521741589
885	4.53079283715
890	5.64334866915
895	4.71444227629
900	4.6519915509
905	2.23123704813
910	0.4
915	0.85943493912
920	1.76942673079
925	2.32273474563
930	3.88657536566
935	4.8533917879
940	7.69269404324
945	3.64025364914
950	5.96986644722
955	0.4
960	8.78367124516
965	0.891550638614
970	1.10671750857
975	12.6157215977
980	10.8522961613
985	8.7664622348
990	0.4
995	11.4097942358
1000	8.01657421764
1005	5.10992066612
1010	4.14835510925
1015	3.30450706278
1020	4.49569323662
1025	2.92347707818
1030	11.605860435
1035	5.17155419546
1040	3.74002793383
1045	0.4
1050	1.78892931836
1055	4.44003843067
1060	1.8282298254
1065	6.44365169188
1070	2.17568519513
1075	12.3389052221
1080	0.4
1085	3.64800770475
1090	1.70076728962
1095	6.45159822693
1100	0.882013504616
1105	6.17781187018
1110	7.45668217875
1115	0.936419255286
1120	0.4
1125	4.29274139431
1130	2.5882186071
1135	3.44448528957
1140	0.4
1145	10.4361267967
1150	1.67493794911
1155	2.37070546704
1160	2.30935846324
1165	3.16327807858
1170	0.4
1175	4.85905299739
1180	8.70209664176
1185	0.4
1190	1.82145864763
1195	13.8414863917
1200	0.4
1205	5.79711255546
1210	6.39603971983
1215	10.2540070904
1220	4.32634056242
1225	8.54273434133
1230	8.30224581802
1235	5.38119988963
1240	2.27062622726
1245	3.35824726895
1250	7.26632337354
1255	7.83529949077
1260	3.20570716639
1265	0.4
1270	0.4
1275	0.4
1280	0.463547581443
1285	8.98804449747
1290	2.12037324324
1295	2.33702856982
1300	15.045558151
1305	5.772603465
1310	0.4
1315	0.4
1320	5.57019771282
1325	3.98189182971
1330	2.14592471745
1335	0.4
1340	0.4
1345	0.4
1350	8.88290119634
1355	7.68009659118
1360	0.4
1365	0.531223987249
1370	3.97825128213
1375	0.4
1380	1.0491611677
1385	5.2624784024
1390	5.7075278528
1395	4.647247914
1400	6.34765227198
1405	0.699213786794
1410	0.4
1415	7.54115513713
1420	2.76884384731
1425	2.12877621631
1430	5.31853218982
1435	2.45083095058
1440	6.98771634253
1445	9.89291858013
1450	0.4
1455	7.16272190681
1460	0.4
1465	6.22522634492
1470	0.4
1475	5.1202427302
1480	4.89063459857
1485	4.01492735943
1490	9.91339794698
1495	4.53457226212
1500	3.07510369137
1505	9.93575109269
1510	4.83124200136
1515	5.26719816104
1520	6.24004877268
1525	6.39399286036
1530	5.36869072116
1535	0.4
1540	1.55756700031
1545	5.48420366394
1550	2.66292541671
1555	0.4
1560	4.1235144059
1565	0.985501754549
1570	7.69071291028
1575	0.4
1580	0.896432378955
1585	3.72414279151
1590	3.38898180382
1595	7.93298089131
1600	6.31502424929
1605	0.4
1610	2.60780323531
1615	0.4
1620	11.1626529832
1625	2.04906135036
1630	2.52701111309
1635	4.78676407771
1640	3.05070114694
1645	0.4
1650	2.67466556732
1655	3.78202085021
1660	5.81183422232
1665	5.17194425624
1670	0.4
1675	8.16683195735
1680	1.68141394923
1685	0.4
1690	6.26176758774
1695	0.4
1700	3.92100485619
1705	0.4
1710	4.71267855237
1715	7.58415480455
1720	16.4627189911
1725	3.75545764264
1730	2.21677353398
1735	3.14192458896
1740	1.49220442689
1745	10.9281799706
1750	5.20007330148
1755	3.19780262158
1760	3.23391238661
1765	0.530090686625
1770	5.83594090991
1775	7.13794021685
1780	8.8968077869
1785	15.2219544994
1790	0.4
1795	0.4
1800	4.15017812257
1805	4.87419946652
1810	4.8149575933
1815	0.4
1820	10.306324963
1825	2.30724301313
1830	2.18005457875
1835	11.1083666436
1840	3.82967534335
1845	1.62306736349
1850	4.74241100997
1855	8.70464124694
1860	3.91640085173
