0	21.8945956554
5	12.2637466797
10	32.1742502812
15	18.3000765176
20	31.3079468515
25	23.5761060979
30	7.13173702333
35	0.4
40	6.02823444036
45	3.43512595839
50	20.9793310394
55	8.98283243561
60	9.48851259782
65	20.0086868937
70	19.9867555007
75	14.5019476247
80	0.4
85	6.1275209361
90	11.7489483054
95	14.5575140929
100	11.0160108069
105	9.59042640764
110	5.97353240364
115	12.4190245607
120	16.9068832693
125	10.1116689075
130	13.8129140847
135	11.1784554861
140	13.3461652429
145	6.95782860372
150	0.4
155	0.4
160	2.05219630615
165	22.0140833599
170	15.7349477737
175	3.53508528094
180	15.4254051289
185	12.43813062
190	11.6216812018
195	18.2146030025
200	31.0842275634
205	12.4335750173
210	10.4063036943
215	17.6974665738
220	20.1756113291
225	5.00492975051
230	14.8817692523
235	23.9050564746
240	25.0002587509
245	23.1810645087
250	15.3327410411
255	11.0214681401
260	3.05097230779
265	25.0190627855
270	15.3206056765
275	12.2898472948
280	7.72523305072
285	18.8832609321
290	19.4978619963
295	17.1013702433
300	16.6217107246
305	30.7076249182
310	23.4055237807
315	15.6753196484
320	19.8735763884
325	5.94680993899
330	18.165507044
335	18.0405772379
340	4.59469365873
345	18.1867932644
350	2.72892514718
355	10.4077427024
360	24.3709542395
365	21.1359686094
370	16.8598224102
375	2.90020390367
380	33.1556371372
385	19.4323472878
390	18.8279065824
395	15.1339196458
400	15.3572955027
405	17.3415521919
410	18.3510588011
415	27.2623730062
420	10.6651286335
425	24.1396475681
430	15.0094628615
435	13.2400950863
440	38.2125515459
445	4.85656850627
450	15.0586645181
455	19.9831264761
460	9.90600286417
465	14.9253299322
470	38.9710220865
475	13.6434470438
480	12.7195567328
485	21.4158338954
490	23.8505748248
495	35.0702246134
500	0.4
505	28.8092340987
510	0.4
515	26.2974600814
520	23.8858340632
525	0.4
530	0.4
535	28.769090648
540	3.47304005683
545	14.3217735767
550	10.7974381038
555	12.7488906836
560	10.6565889259
565	3.30976370296
570	16.4923453434
575	14.6281407199
580	9.07282586635
585	0.4
590	0.4
595	12.2138924122
600	13.4574360033
605	18.3010880163
610	8.42225406534
615	0.798908799264
620	11.5586859282
625	12.4207934193
630	13.77229913
635	0.4
640	21.1293371216
645	17.6158836353
650	16.6668109434
655	8.3611350915
660	14.6748289996
665	12.8933885735
670	14.9342748936
675	10.2951312826
680	28.2612952663
685	19.6624254963
690	4.02406020345
695	7.18191272729
700	17.7832877922
705	18.6469361822
710	12.0139080362
715	17.9589208594
720	0.520839566673
725	14.7463876125
730	12.8627456115
735	7.94637964382
740	27.3091141986
745	12.1649012223
750	15.0054748863
755	17.842526316
760	15.5015398642
765	14.2756990441
770	30.5530408094
775	18.2332855117
780	19.0774425131
785	12.5031709062
790	8.59880388669
795	13.2456365662
800	21.9096036275
805	21.0939271778
810	17.2618796588
815	22.0528891244
820	2.79441446899
825	0.4
830	19.0004858567
835	11.6507085552
840	0.4
845	0.4
850	13.073055116
855	22.8359896643
860	12.1760783683
865	0.4
870	25.0887234989
875	19.9939217376
880	12.5387336791
885	5.68013784593
890	22.6232817616
895	10.6581592643
900	21.1867341172
905	33.6311988147
910	11.1939008505
915	9.40422536263
920	27.1037349109
925	4.63380421232
930	0.4
935	40.5299157454
940	12.0574460161
945	19.2659062026
950	14.314753824
955	18.0469833765
960	3.44428005577
965	14.6810736209
970	0.4
975	17.5452844833
980	14.0504103841
985	8.62094091499
990	12.7211287197
995	13.8275009263
1000	12.5732124763
1005	47.5543061007
1010	14.1670538052
1015	14.7382712146
1020	18.6534208924
1025	19.6758187157
1030	16.0970008927
1035	4.08295637781
1040	16.0499282773
1045	20.8821358035
1050	24.1974701102
1055	17.6066442202
1060	3.39655142823
1065	17.2214332143
1070	30.1269836915
1075	4.20973538927
1080	11.189558406
1085	14.7305110111
1090	19.7622189132
1095	8.6527566853
1100	16.2588801513
1105	0.4
1110	12.8242893321
1115	4.53290696569
1120	23.9536026102
1125	20.9588329145
1130	17.0981813175
1135	15.8655893281
1140	27.1628816376
1145	11.5502737802
1150	19.2810735079
1155	24.630091612
1160	29.8825559465
1165	12.8725997559
1170	10.3404562734
1175	13.1867890006
1180	22.6033435081
1185	15.9380459766
1190	16.2450600408
1195	22.4836233009
1200	18.376574627
1205	17.6158499383
1210	12.4196146486
1215	5.71144599659
1220	14.8618628431
1225	14.9339957112
1230	19.0301444244
1235	13.8445056112
1240	20.6804656659
1245	34.0806192474
1250	0.4
1255	14.1865604247
1260	6.77422569801
1265	13.5203986888
1270	13.436893127
1275	12.6942740496
1280	12.0421374171
1285	11.3141329411
1290	32.8251995916
1295	0.4
1300	0.4
1305	1.73464761399
1310	14.5432378656
1315	0.4
1320	10.2484853688
1325	28.0097945735
1330	16.8294792599
1335	20.430887063
1340	9.06921896975
1345	11.8506873632
1350	4.45353062024
1355	10.9352852672
1360	0.4
1365	18.4465033273
1370	9.97926780564
1375	11.3764193041
1380	19.5831669936
1385	26.1525727932
1390	11.3919580578
1395	13.0065609094
1400	16.8462319796
1405	14.5348777849
1410	0.4
1415	13.2868431899
1420	20.3234287079
1425	47.4233875622
1430	14.3960246372
1435	16.5788469173
1440	23.2707863082
1445	9.8491092345
1450	26.131601423
1455	0.4
1460	10.452348656
1465	13.2774626514
1470	20.7312526997
1475	20.2337562189
1480	25.3485017635
1485	0.4
1490	21.8848236333
1495	0.4
1500	26.9301034649
1505	26.4868913107
1510	15.2518543969
1515	0.4
1520	6.27485213086
1525	6.3482487258
1530	7.12617673797
1535	20.546159038
1540	13.4889298623
1545	11.3341422222
1550	9.72846429836
1555	40.2079301561
1560	20.2581665585
1565	20.523882696
1570	16.7206215621
1575	7.20493427536
1580	0.4
1585	14.9739652282
1590	11.4082948052
1595	11.9984609399
1600	20.6781559499
1605	17.8692198726
1610	14.7506502604
1615	11.8900550695
1620	10.3941841122
1625	10.7922809126
1630	20.619245347
1635	24.4260803672
1640	12.4030597249
1645	17.0793642208
1650	16.1866852928
1655	15.2241273074
1660	0.4
1665	10.8938821467
1670	17.1548119569
1675	16.0432998666
1680	7.16496154307
1685	13.8645851492
1690	42.0722945013
1695	9.24006681256
1700	18.9409855387
1705	0.4
1710	36.730998057
1715	20.3172286303
1720	8.77464610452
1725	19.5404975302
1730	15.4756317736
1735	17.8053498616
1740	27.8258796706
1745	14.4415611046
1750	8.2664702632
1755	21.1358949425
1760	15.8354655622
1765	9.33289203593
1770	7.9596259261
1775	21.5430866936
1780	0.4
1785	13.261291458
1790	16.2593461416
1795	12.1289127217
1800	23.3823982573
1805	0.4
1810	17.0131997862
1815	0.4
1820	4.34230114266
1825	24.2893981466
1830	2.03443869214
1835	18.5191716813
1840	11.8827677845
1845	0.4
1850	19.4315145096
1855	13.4780796824
1860	9.87262065156
1865	21.0431991574
1870	26.2096006631
1875	17.2554846245
1880	22.3095887505
1885	18.9922409215
1890	13.2152014227
