0	0.4
5	1.36642959097
10	2.68034281787
15	2.17122629583
20	0.436664817163
25	0.4
30	0.995929701526
35	0.4
40	0.4
45	1.66490200229
50	0.935860002166
55	0.527791340421
60	0.646059146797
65	1.49592311137
70	0.4
75	0.680942898068
80	1.56922303874
85	0.4
90	1.53907385056
95	1.28499580048
100	1.439064873
105	1.07039342803
110	0.4
115	1.70351367852
120	0.886544551573
125	0.4
130	1.42011687372
135	0.4
140	0.964559965483
145	0.516738085228
150	0.4
155	0.4
160	1.89826271878
165	0.4
170	0.59069111115
175	1.07983548217
180	0.802002641767
185	0.4
190	0.4
195	0.4
200	1.2734308649
205	1.31607394547
210	1.48726487917
215	0.539255959578
220	0.449602813808
225	0.4
230	0.781863313509
235	0.4
240	0.4
245	0.795269549176
250	0.524415554027
255	0.4
260	0.4
265	1.30913749058
270	0.4
275	0.4
280	1.00481426539
285	0.535991214246
290	2.93037277693
295	0.4
300	0.4
305	0.726793333726
310	0.803380515492
315	0.628537133165
320	0.4
325	0.806773035543
330	0.4
335	0.4
340	1.58043000382
345	0.4
350	2.43765695524
355	0.959654772166
360	0.4
365	0.4
370	0.4
375	0.4
380	0.4
385	0.434195768109
390	2.87824666248
395	1.12937094216
400	0.770584801358
405	0.889414688072
410	1.06252118612
415	2.24081622924
420	1.96542730361
425	0.4
430	1.23308221031
435	1.18522959864
440	1.31317725211
445	1.23782597664
450	1.44623514557
455	0.464755737696
460	0.4
465	0.97917135115
470	1.15582388062
475	1.10768998145
480	0.928684653713
485	1.00916655797
490	0.808200165974
495	0.842205532022
500	1.26630015266
505	1.6893965652
510	1.26411785931
515	0.759636137985
520	0.468830422895
525	0.4
530	0.666135900039
535	2.06796407374
540	0.4
545	1.19398367606
550	0.4
555	0.4
560	0.4
565	0.469390579536
570	0.4
575	0.428214637823
580	0.4
585	0.571578763551
590	0.4
595	0.573252662958
600	1.29844606848
605	0.720013046762
610	0.722596644512
615	0.529315002565
620	1.03119764794
625	0.4
630	0.4
635	0.984575317725
640	0.4
645	0.928648125824
650	0.649127990879
655	0.4
660	0.4
665	0.4
670	0.4
675	0.4
680	0.841341519239
685	0.4
690	0.4
695	0.64836154503
700	2.48409945839
705	0.4
710	1.10074841748
715	0.693721518548
720	1.66086016205
725	1.71003952253
730	2.73373838623
735	0.907503152266
740	1.44816114377
745	0.852827557908
750	0.70217824589
755	0.754773150147
760	0.4
765	1.26148840657
770	0.4
775	1.08455863067
780	1.22280421338
785	0.4
790	0.417358594705
795	0.4
800	0.709401525513
805	0.507114794029
810	0.4
815	0.4
820	0.4
825	0.4
830	0.800498233273
835	0.4
840	0.4
845	2.36831255737
850	0.838664380674
855	0.4
860	0.4
865	1.05042553609
870	0.4
875	1.1854911847
880	1.44658776962
885	0.54984037238
890	0.4
895	1.43852432841
900	0.4
905	0.77406359368
910	1.05348367942
915	0.4
920	0.653218490317
925	0.4
930	0.861384106257
935	0.4
940	1.1036921266
945	3.24851895138
950	0.465587012966
955	0.4
960	0.4
965	0.608924056082
970	2.70080532212
975	0.725967415212
980	0.4
985	1.04082633017
990	0.4
995	0.920517279595
1000	0.4
1005	0.4
1010	0.6516973292
1015	0.4
1020	2.05919100305
1025	0.666476666756
1030	0.896304014071
1035	0.4
1040	1.74067586408
1045	0.793439150466
1050	0.53050342822
1055	0.4
1060	0.544008758075
1065	0.4
1070	0.449632209067
1075	0.466492578772
1080	0.814801840833
1085	0.4
1090	0.4
1095	2.16538602124
1100	0.62007218659
1105	0.645001031401
1110	0.532911159935
1115	0.4
1120	3.20525789995
1125	0.893584678768
1130	0.4
1135	0.4
1140	0.4
1145	0.477350007597
1150	0.438605598988
1155	0.695576038857
1160	0.823245437626
1165	0.4
1170	0.4
1175	0.4
1180	0.4
1185	1.05894578552
1190	0.4
1195	4.36052918381
1200	0.701594524296
1205	0.628500149998
1210	2.44591612287
1215	1.09371877176
1220	1.75929346892
1225	1.49578156134
1230	0.4
1235	0.4
1240	0.4
1245	1.26046313822
1250	1.18332979262
1255	0.4
1260	0.606150762218
1265	1.25101826776
1270	0.4
1275	0.763137539136
1280	0.4
1285	2.85388625778
1290	0.840256094439
1295	0.4
1300	2.13389984673
1305	0.4
1310	1.46991877108
1315	2.08063882609
1320	2.07830754288
1325	0.561367741815
1330	2.53693906448
1335	0.823788697018
1340	0.743087589447
1345	1.39071131442
1350	0.4
1355	0.725750525459
1360	0.474735348727
1365	1.43390842635
1370	0.693353938612
1375	0.619037080593
1380	0.777751251078
1385	0.704053060781
1390	0.813026953111
1395	0.4
1400	0.711607484663
1405	0.4
1410	0.4
1415	1.54280326586
1420	0.479077672618
1425	0.4
1430	0.462686062038
1435	0.654606961269
1440	3.25358281445
1445	0.4
1450	0.616827915184
1455	0.4
1460	0.4
1465	0.411301242561
1470	0.514375802371
1475	1.73654419119
1480	1.87683178623
1485	0.640439302075
1490	1.50921272189
1495	1.13617791652
1500	0.450888533572
1505	0.4
1510	0.4
1515	0.4
1520	0.4
1525	0.976067860764
1530	1.39039718609
1535	0.677164391961
1540	0.526252438484
1545	0.4
1550	0.458144460418
1555	1.3515536933
1560	0.4
1565	0.4
1570	0.4
1575	0.781635809753
1580	1.24881521531
1585	1.57785859396
1590	1.11844135233
1595	1.18340800747
1600	0.483170225816
1605	0.4
1610	2.20909641558
1615	0.584153170508
1620	1.0977417467
1625	1.23612453905
1630	0.833381238394
1635	0.565634618968
1640	0.70797153838
1645	0.4
1650	0.781222238911
1655	1.06849562006
1660	0.961207301103
1665	0.583723209994
1670	0.613556874086
1675	0.4
1680	0.4
1685	1.44346616865
1690	1.1675184994
1695	0.447043450356
1700	0.4
1705	1.02800877594
1710	0.568306948344
1715	0.4
1720	0.4
1725	1.98261787035
1730	0.4
1735	0.660607425632
1740	0.570498363861
1745	0.564732006688
1750	0.570686314297
1755	1.32337994096
1760	0.4
1765	1.08793410301
1770	0.578986162783
1775	3.37212346341
1780	0.976227545103
1785	0.933241264323
1790	4.37196256462
1795	0.4
1800	1.12160867974
1805	0.665906717241
1810	0.409670744973
1815	0.765318726957
1820	0.660654090507
1825	0.771875774073
1830	0.4
1835	1.70917374144
1840	1.28811126234
1845	0.4
1850	0.565745487864
1855	0.788059727957
1860	0.640230490508
1865	0.642132701412
1870	0.4
1875	1.52645283011
1880	0.788967555942
1885	0.482951394487
1890	0.662601669396
1895	0.4
1900	1.06798415252
1905	0.976799203707
1910	2.30355554331
1915	0.4
1920	0.4
