0	0.78972
5	0.8022
10	0.928256
15	0.855744
20	0.828112
25	0.864336
30	0.787528
35	0.770248
40	0.836184
45	0.792
50	0.417248
55	0.841312
60	0.78288
65	0.777664
70	0.841216
75	0.794184
80	0.814136
85	0.797064
90	0.749944
95	0.8752
100	0.793176
105	0.763
110	0.805968
115	0.411944
120	2.932472
125	2.420784
130	2.988264
135	2.738744
140	2.937112
145	2.973568
150	2.720824
155	2.75536
160	2.937816
165	2.876328
170	2.677256
175	2.725112
180	2.36588
185	3.122776
190	2.430288
195	2.738168
200	2.7324
205	2.732944
210	2.692208
215	1.791664
220	2.747352
225	2.654264
230	2.735376
235	2.551904
240	0.875168
245	2.324256
250	2.936752
255	2.745024
260	2.99556
265	1.8236
270	2.747128
275	2.545232
280	2.707536
285	2.372488
290	2.758232
295	2.607368
300	2.464056
305	2.791976
310	2.926552
