0	4.003776
5	4.558128
10	4.501656
15	3.996864
20	5.140312
25	4.004088
30	4.24888
35	4.575224
40	4.415312
45	4.28912
50	2.645664
55	4.908296
60	4.957088
65	2.49724
70	4.99392
75	4.436056
80	0.821568
85	1.155784
90	5.03168
95	5.10024
100	4.995456
105	5.021792
110	4.837704
115	3.628792
120	3.843
125	4.999232
130	4.663456
135	3.455488
140	4.033744
145	4.800248
150	4.172488
155	4.890696
160	4.315832
165	4.130248
170	3.243704
175	4.703168
180	4.689008
185	5.04188
190	2.888352
195	1.34492
200	2.918352
205	3.292176
210	2.312312
215	2.652368
220	3.56876
225	2.538792
230	4.102304
235	1.366216
240	3.2698
245	5.028688
250	4.71496
255	5.018672
260	4.797808
265	4.858528
270	4.485496
275	3.10104
280	2.702152
285	1.736288
290	4.138136
295	4.613352
300	4.890816
305	3.936304
310	4.671664
