0	11.643296
5	10.81332
10	3.612408
15	10.569648
20	5.90212
25	6.78616
30	7.97136
35	3.44088
40	9.012432
45	10.083216
50	10.017856
55	9.564864
60	15.175624
65	8.718448
70	9.328608
75	4.152816
80	14.3318
85	15.217296
90	10.041824
95	8.902808
100	10.288128
105	8.182688
110	9.67864
115	10.330624
120	16.107112
125	8.319536
130	16.550536
135	8.504304
140	3.722872
145	9.042072
150	10.058856
155	3.794488
160	17.846624
165	9.607152
170	10.478992
175	3.83204
180	13.557976
185	3.816312
190	13.412984
195	15.137544
200	2.906424
205	3.920904
210	3.032936
215	9.381432
220	9.778144
225	3.758096
230	1.618
235	13.50008
240	9.318008
245	9.461504
250	3.817624
255	9.903752
260	5.761832
265	9.40884
270	10.489424
275	3.058344
280	8.854912
285	3.237024
290	9.726384
295	9.843704
300	3.766768
305	10.84672
310	10.302896
