0	22.073408
5	24.321728
10	23.190384
15	21.63432
20	24.52944
25	24.556232
30	24.087592
35	22.444328
40	25.055336
45	23.435248
50	24.758568
55	23.989312
60	24.250952
65	23.68984
70	24.60216
75	24.476704
80	24.850552
85	23.966384
90	23.445784
95	23.977264
100	24.507464
105	24.566392
110	24.518552
115	25.389288
120	23.799256
125	24.68576
130	24.19032
135	24.960048
140	24.63564
145	23.381848
150	21.949848
155	25.120904
160	22.731736
165	24.122944
170	23.776808
175	23.33568
180	21.512152
185	21.130008
190	21.881208
195	24.27372
200	21.187464
205	25.276184
210	22.227824
215	23.110512
220	25.091432
225	21.862888
230	23.557216
235	15.677992
240	23.640752
245	23.787768
250	25.181752
255	24.866904
260	24.684152
265	24.287816
270	23.679048
275	25.100568
280	24.930136
285	24.490912
290	23.968016
295	24.078192
300	24.230088
305	23.744504
310	24.113008
