0	15.863728
5	17.291184
10	17.113248
15	17.121144
20	17.0952
25	17.239336
30	17.03088
35	17.349464
40	17.401384
45	17.155048
50	17.488
55	17.58948
60	16.980336
65	17.700312
70	17.455112
75	17.466832
80	17.236816
85	16.92672
90	17.65892
95	17.183672
100	16.904056
105	17.064416
110	16.873616
115	17.35956
120	17.401088
125	14.6998
130	2.347128
135	17.369536
140	17.175824
145	17.71128
150	16.706656
155	16.749304
160	17.0036
165	17.457824
170	17.581896
175	17.212776
180	16.336424
185	17.275928
190	17.310096
195	17.46048
200	17.36764
205	17.401032
210	17.525832
215	17.205904
220	17.112272
225	17.036952
230	17.10848
235	16.789768
240	17.32968
245	14.919952
250	16.937512
255	17.717336
260	17.653816
265	17.233832
270	17.667184
275	15.001552
280	16.561648
285	17.344416
290	17.239552
295	17.388568
300	16.947072
305	17.488944
310	17.853872
