0	3.710024
5	3.913008
10	3.750512
15	4.059424
20	3.27608
25	2.990712
30	3.705496
35	3.197904
40	2.581736
45	2.628576
50	3.428816
55	3.303752
60	3.730808
65	3.205616
70	3.404088
75	3.39808
80	3.357304
85	3.11716
90	3.307456
95	3.47664
100	3.07868
105	2.909544
110	3.135096
115	3.561592
120	3.098528
125	3.107248
130	2.979432
135	2.897864
140	3.253912
145	2.90196
150	2.90704
155	4.057056
160	3.895496
165	3.42016
170	2.787728
175	2.852936
180	2.66696
185	2.816896
190	3.258008
195	3.532376
200	3.139168
205	3.075568
210	3.532992
215	3.461352
220	3.747376
225	2.88264
230	3.166424
235	2.859464
240	2.123504
245	2.831688
250	2.885528
255	2.69
260	2.94604
265	2.786312
270	2.913296
275	3.025144
280	2.646976
285	3.156976
290	2.661688
295	3.176928
300	2.926144
305	2.930032
310	3.298144
