0	2.322512
5	2.049208
10	1.612256
15	2.140832
20	2.1842
25	1.841648
30	1.912296
35	2.034256
40	2.079752
45	3.753832
50	2.009248
55	2.349032
60	2.66628
65	3.08364
70	2.080016
75	2.475032
80	2.0416
85	2.306608
90	1.938504
95	1.882712
100	2.694168
105	1.882784
110	1.615696
115	1.803888
120	2.027592
125	2.011896
130	1.975752
135	2.318088
140	2.428312
145	2.204448
150	2.068496
155	1.695944
160	2.170632
165	2.113728
170	1.96868
175	2.344096
180	2.163176
185	2.485496
190	1.921288
195	2.105672
200	1.99164
205	1.688008
210	1.470984
215	2.054792
220	1.755088
225	2.010304
230	1.5812
235	2.272032
240	2.204056
245	2.074088
250	2.372728
255	1.856352
260	2.300344
265	1.784136
270	1.878424
275	1.684192
280	1.96732
285	1.954448
290	1.890488
295	1.70404
300	1.66576
305	1.892432
310	1.987064
