0	1.949168
5	1.848592
10	1.843936
15	1.91616
20	1.737472
25	1.912592
30	1.854896
35	1.823968
40	1.894008
45	1.755
50	1.914704
55	1.870632
60	1.919576
65	1.70148
70	1.923904
75	1.945192
80	1.889824
85	1.866808
90	1.925184
95	1.870544
100	1.905168
105	1.646608
110	1.772184
115	1.894512
120	1.74652
125	1.850104
130	1.90244
135	1.973944
140	1.711616
145	1.95064
150	1.971848
155	1.963312
160	1.717592
165	1.660752
170	1.93752
175	1.93668
180	1.860208
185	1.981392
190	1.913056
195	1.96372
200	1.954176
205	1.942944
210	1.943
215	1.929424
220	1.950256
225	1.970064
230	1.857728
235	1.869952
240	1.427112
245	1.957176
250	1.933192
255	1.865264
260	1.950384
265	1.891808
270	1.831832
275	1.810696
280	1.936528
285	0.910544
290	2.489208
295	2.190224
300	2.191112
305	2.362704
310	2.464104
