0	1.34136
5	1.396512
10	1.41632
15	1.417448
20	1.406688
25	1.342736
30	1.405248
35	1.342512
40	1.405176
45	1.39984
50	1.403696
55	1.413
60	1.385928
65	1.343248
70	1.414768
75	1.41708
80	1.347752
85	1.405848
90	1.40952
95	1.417888
100	1.403072
105	1.33984
110	1.414728
115	1.405232
120	0.975456
125	1.342784
130	1.372792
135	1.432864
140	1.384032
145	1.405816
150	1.411496
155	1.414088
160	1.398624
165	1.42996
170	1.409704
175	1.4046
180	0.916544
185	1.4138
190	1.430928
195	1.403888
200	1.403904
205	1.405496
210	1.40392
215	1.4178
220	1.409808
225	1.411816
230	1.422928
235	1.337448
240	1.420144
245	1.411896
250	1.405528
255	1.414056
260	1.415048
265	1.417112
270	1.419472
275	1.398832
280	1.414536
285	1.41664
290	1.389328
295	1.411112
300	1.361336
305	1.34416
310	1.413384
