0	6.941264
5	6.800712
10	5.3798
15	5.29828
20	6.939824
25	5.583616
30	6.589808
35	5.711272
40	5.30536
45	3.619672
50	3.47692
55	6.167152
60	4.535424
65	6.715736
70	6.270248
75	7.031864
80	5.530824
85	5.321568
90	7.150272
95	5.806744
100	6.807392
105	5.47976
110	7.308216
115	3.372512
120	6.540384
125	5.639312
130	5.975592
135	5.233328
140	6.379408
145	7.001856
150	7.314184
155	5.363264
160	5.375184
165	2.24204
170	6.319496
175	7.154888
180	5.411496
185	5.674968
190	6.807024
195	5.294712
200	5.72028
205	6.362384
210	6.847096
215	7.353736
220	6.639728
225	5.271912
230	7.109632
235	5.747816
240	6.369424
245	5.414728
250	5.333752
255	6.02128
260	5.831496
265	6.376216
270	5.826776
275	5.415648
280	5.386368
285	6.16616
290	4.538048
295	5.565024
300	7.450736
305	5.704896
310	6.338856
