0	5.337792
5	5.275944
10	5.100608
15	4.297496
20	4.831272
25	4.230216
30	3.684992
35	0.0
40	5.98584
45	4.49972
50	4.609432
55	5.172384
60	4.342128
65	4.788704
70	5.328872
75	5.08836
80	5.147176
85	4.766816
90	5.870848
95	4.469872
100	5.43648
105	4.26804
110	4.48052
115	4.633792
120	3.940632
125	3.940952
130	4.720312
135	5.895992
140	6.116912
145	6.163272
150	4.702464
155	5.028704
160	4.170416
165	2.965032
170	3.596512
175	4.253112
180	4.62556
185	4.76208
190	5.071968
195	4.292256
200	3.549176
205	4.048072
210	4.001936
215	3.853688
220	4.502608
225	3.936592
230	3.899888
235	4.449728
240	2.980928
245	3.650464
250	2.816688
255	4.190472
260	3.474216
265	4.025896
270	3.731872
275	3.46308
280	3.508176
285	3.641264
290	4.180776
295	4.358056
300	4.78896
305	4.091632
310	3.841984
