0	2.431904
5	2.39404
10	0.809232
15	2.438072
20	2.437032
25	2.41396
30	2.392056
35	2.439272
40	2.435264
45	2.432416
50	2.347584
55	2.398024
60	2.373304
65	2.443736
70	2.396312
75	2.402328
80	2.41464
85	2.460936
90	2.459008
95	2.406776
100	2.444568
105	2.158176
110	2.500848
115	2.376248
120	2.384528
125	2.467344
130	2.383344
135	2.443096
140	2.43356
145	2.380408
150	2.406824
155	2.36748
160	0.69088
165	0.448768
170	0.596712
175	2.368568
180	2.297432
185	2.3772
190	2.447768
195	2.4136
200	2.349888
205	2.528184
210	2.511688
215	2.421712
220	2.391088
225	1.910152
230	2.441384
235	2.413352
240	2.14252
245	2.387544
250	2.523448
255	2.420448
260	2.429456
265	2.539336
270	2.37572
275	2.558304
280	2.485336
285	2.599304
290	2.429256
295	2.561312
300	2.412472
305	2.46456
310	2.39952
