0	28.176784
5	31.282352
10	34.416544
15	31.454728
20	33.767176
25	29.918416
30	23.630112
35	29.915136
40	33.743248
45	36.80336
50	31.554376
55	36.765688
60	32.342528
65	35.299352
70	30.108936
75	25.54496
80	34.65472
85	36.346624
90	24.397056
95	30.930984
100	35.805528
105	31.866232
110	35.837704
115	35.47124
120	33.9452
125	19.961072
130	29.58392
135	35.07684
140	37.093872
145	20.352296
150	33.101424
155	29.21292
160	20.19944
165	37.75236
170	34.65112
175	36.206072
180	34.596344
185	38.303264
190	37.327248
195	33.96336
200	36.80468
205	36.800912
210	36.657752
215	36.235224
220	38.036768
225	33.834336
230	18.428424
235	37.04732
240	35.245944
245	36.834488
250	29.083008
255	36.253808
260	37.943832
265	37.25484
270	34.96188
275	34.877048
280	36.272592
285	37.63772
290	36.43408
295	37.691848
300	34.110272
305	36.073704
310	37.046192
