0	1.255896
5	1.299888
10	1.314352
15	1.285208
20	1.293096
25	1.294832
30	1.312504
35	1.281056
40	1.301328
45	1.292016
50	1.255488
55	1.29348
60	1.243024
65	1.31644
70	1.275648
75	1.220008
80	1.308432
85	1.299384
90	1.281304
95	1.181536
100	1.3116
105	1.311344
110	1.298
115	1.309864
120	1.296176
125	1.05484
130	1.307424
135	1.291592
140	0.122552
145	0.884464
150	1.36284
155	1.365896
160	1.36388
165	1.3658
170	1.363984
175	1.36776
180	1.362016
185	1.360728
190	1.361472
195	1.357576
200	1.363176
205	1.300104
210	1.360296
215	1.312264
220	1.262584
225	1.368176
230	1.34428
235	1.315352
240	1.36612
245	1.306784
250	1.307824
255	1.319136
260	1.359152
265	1.347488
270	1.317136
275	0.143384
280	0.569416
285	0.608752
290	0.57932
295	0.582968
300	0.58276
305	0.586
310	0.501352
