0	11.393112
5	7.839104
10	11.394224
15	13.081208
20	13.38764
25	12.104664
30	9.290664
35	10.619328
40	9.678648
45	10.33148
50	12.686104
55	10.229496
60	5.7724
65	4.197728
70	2.999008
75	12.973904
80	11.834216
85	12.040568
90	12.005752
95	11.389296
100	10.373776
105	12.389648
110	12.976184
115	9.086736
120	11.986512
125	11.648928
130	12.830264
135	12.36624
140	10.8974
145	11.52124
150	11.764808
155	11.193912
160	9.704032
165	5.987208
170	12.829552
175	9.69792
180	8.779248
185	11.350392
190	10.727576
195	11.267432
200	13.263784
205	10.417928
210	8.457568
215	7.88796
220	6.993144
225	6.873952
230	8.7372
235	9.928432
240	9.05424
245	8.41952
250	10.353952
255	10.512448
260	6.023296
265	8.735216
270	9.893176
275	7.768232
280	9.652568
285	10.727832
290	9.753984
295	11.116944
300	10.60512
305	10.385392
310	10.878352
