0	13.151312
5	13.33368
10	13.24664
15	13.22636
20	12.908816
25	13.664624
30	12.791528
35	13.256184
40	20.116224
45	13.140712
50	12.520808
55	12.551232
60	12.558368
65	13.502024
70	13.44408
75	14.209616
80	13.709096
85	13.373352
90	13.092544
95	14.251976
100	13.183128
105	13.224064
110	12.935728
115	13.13372
120	13.975216
125	13.335424
130	13.49268
135	13.201792
140	14.494952
145	12.934704
150	13.691648
155	13.179144
160	13.150568
165	20.147792
170	12.865632
175	12.68156
180	13.150816
185	13.853304
190	12.14124
195	12.604488
200	13.302128
205	13.473288
210	13.196848
215	12.997776
220	13.740584
225	12.918312
230	12.966136
235	16.03396
240	13.427352
245	13.514352
250	13.32796
255	12.67428
260	14.354784
265	14.1628
270	13.39516
275	14.267256
280	12.455352
285	12.989336
290	13.957848
295	14.703136
300	12.993944
305	11.032832
310	12.588136
