0	8.485088
5	5.164224
10	8.781424
15	10.4244
20	13.308744
25	12.595408
30	10.656272
35	12.339288
40	9.750152
45	5.818192
50	3.893448
55	17.323296
60	6.66748
65	5.15412
70	11.530672
75	10.816144
80	13.363216
85	12.594
90	16.071296
95	8.968928
100	14.157648
105	10.8056
110	8.79428
115	3.857912
120	10.03528
125	6.763336
130	6.623256
135	11.608864
140	12.416776
145	9.274208
150	8.841336
155	11.88472
160	6.12472
165	10.283672
170	8.850368
175	9.053888
180	12.300616
185	4.792512
190	13.229352
195	11.358464
200	15.328776
205	8.064384
210	11.76156
215	12.676144
220	10.560448
225	12.051008
230	8.87308
235	10.5814
240	6.972912
245	11.07952
250	17.271736
255	11.78556
260	13.453776
265	16.965616
270	6.090456
275	8.942328
280	8.202064
285	11.047784
290	11.936496
295	9.071936
300	15.18932
305	10.200928
310	9.92588
