0	16.290896
5	16.373088
10	16.150816
15	12.821512
20	16.53504
25	17.732848
30	14.11608
35	16.979824
40	15.692104
45	15.3106
50	13.857512
55	14.912656
60	16.290512
65	17.525776
70	17.0864
75	17.567184
80	18.069776
85	16.627376
90	18.059992
95	15.508896
100	15.7756
105	15.137136
110	17.510896
115	15.385616
120	17.322824
125	15.47484
130	14.757112
135	16.332208
140	15.932128
145	17.069992
150	17.520728
155	17.215008
160	18.985248
165	18.392392
170	16.860376
175	17.346224
180	16.031656
185	16.647904
190	17.464048
195	17.358424
200	17.351784
205	18.937784
210	17.223296
215	17.466544
220	14.257232
225	19.292936
230	18.678584
235	19.093192
240	18.618416
245	16.618584
250	17.49732
255	13.695976
260	16.818336
265	17.273224
270	16.329616
275	17.19988
280	17.205128
285	17.494928
290	16.986528
295	16.897928
300	15.870776
305	16.168976
310	10.376104
