0	4.615912
5	4.52264
10	3.727768
15	4.371888
20	3.507072
25	3.718056
30	3.742176
35	3.928376
40	3.272776
45	3.740432
50	3.82052
55	4.199112
60	4.736008
65	4.00212
70	3.463056
75	4.1254
80	3.112776
85	4.341656
90	4.430912
95	4.274728
100	4.350096
105	3.85372
110	4.682072
115	4.00888
120	4.363824
125	4.8676
130	3.598496
135	4.478872
140	5.02948
145	3.452192
150	5.42812
155	4.348
160	4.242888
165	4.171344
170	4.045712
175	3.652024
180	4.572504
185	3.809896
190	3.775312
195	4.207032
200	3.98116
205	3.586016
210	4.055472
215	3.719384
220	3.95924
225	3.54092
230	4.70708
235	4.499776
240	3.97596
245	3.585344
250	3.477104
255	2.775544
260	3.826944
265	3.725728
270	3.517936
275	4.017928
280	4.086928
285	4.31396
290	4.111912
295	3.360128
300	3.487472
305	3.704688
310	3.443488
