0	54.974008
5	36.9252
10	56.233312
15	56.378312
20	58.046248
25	49.264624
30	55.855504
35	32.42796
40	36.81688
45	50.605656
50	56.534648
55	55.308144
60	53.230944
65	38.701016
70	58.087424
75	57.12964
80	51.128552
85	55.853168
90	49.711448
95	55.22788
100	31.010424
105	33.095288
110	48.2112
115	51.619704
120	33.650544
125	35.424328
130	55.139872
135	49.089264
140	50.401048
145	37.050936
150	56.487976
155	59.906952
160	54.949536
165	47.302256
170	55.7396
175	30.920152
180	55.492024
185	33.78664
190	30.063656
195	32.333592
200	58.207864
205	55.881936
210	32.847576
215	14.219648
220	45.929088
225	35.306632
230	41.8994
235	30.10576
240	28.39388
245	28.736768
250	26.092
255	29.252536
260	35.227208
265	31.242384
270	33.467696
275	32.084576
280	34.798024
285	28.352352
290	30.056384
295	29.829472
300	34.014536
305	33.565464
310	37.338896
