0	1.17284
5	1.192216
10	1.171928
15	1.223576
20	1.171792
25	1.17396
30	1.214992
35	1.1758
40	1.133712
45	1.193472
50	1.224112
55	1.178584
60	1.21984
65	1.222056
70	1.168688
75	1.160024
80	1.184168
85	1.12356
90	1.121152
95	1.189424
100	4.105032
105	4.163648
110	4.014648
115	4.211808
120	2.373608
125	2.334792
130	4.002416
135	3.849296
140	3.897656
145	4.036584
150	3.90472
155	4.064072
160	3.948512
165	4.174888
170	3.669544
175	3.761808
180	3.402304
185	3.702496
190	3.609368
195	3.68404
200	4.095152
205	4.113504
210	4.136
215	4.098704
220	4.16528
225	4.107152
230	4.267824
235	3.982832
240	3.607144
245	4.15232
250	3.603912
255	4.117536
260	4.150608
265	4.194184
270	3.634336
275	0.773664
280	0.745816
285	0.757904
290	0.782672
295	0.784888
300	0.743872
305	0.763184
310	0.764632
