0	0.663384
5	1.057104
10	1.163336
15	1.058072
20	1.098576
25	0.779856
30	1.230168
35	1.111296
40	1.13532
45	1.066024
50	1.070976
55	1.028048
60	1.053528
65	1.111936
70	1.088232
75	1.087296
80	1.113344
85	1.085448
90	1.08448
95	1.017848
100	1.088712
105	1.091528
110	1.052392
115	1.079864
120	1.013848
125	1.104024
130	1.100104
135	1.108744
140	1.111984
145	1.101272
150	1.124488
155	1.121336
160	0.0
165	1.08276
170	1.097168
175	1.129008
180	1.044008
185	1.104144
190	1.082128
195	1.125024
200	1.093496
205	0.97012
210	1.095128
215	1.11992
220	0.952952
225	1.100512
230	1.090656
235	1.010104
240	1.090464
245	1.069648
250	1.092512
255	1.1286
260	1.073888
265	1.109032
270	1.082304
275	1.040144
280	1.094432
285	1.087568
290	1.057536
295	0.975024
300	1.084864
305	1.0518
310	1.127096
