0	6.681288
5	7.51576
10	7.70684
15	7.168232
20	7.080832
25	5.668712
30	6.218392
35	7.041616
40	7.250784
45	6.811512
50	7.546824
55	6.567024
60	6.774544
65	6.501032
70	6.883584
75	6.625688
80	7.35792
85	6.708616
90	6.65728
95	7.476448
100	8.023488
105	8.033712
110	8.05356
115	7.021672
120	8.489728
125	2.829704
130	4.165312
135	6.290664
140	5.858472
145	5.520344
150	6.406456
155	9.977032
160	9.676224
165	8.536112
170	6.146744
175	7.172312
180	6.438176
185	6.959256
190	6.7934
195	7.575672
200	6.064904
205	6.183712
210	8.016464
215	7.469544
220	6.525744
225	6.40972
230	6.160192
235	5.888352
240	6.506696
245	6.6022
250	6.296744
255	7.139512
260	6.72324
265	6.314848
270	5.145744
275	6.828832
280	7.94612
285	6.454824
290	7.619272
295	7.301192
300	6.052344
305	5.086016
310	5.594016
