0	8.425448
5	6.997216
10	7.82188
15	6.861528
20	6.387072
25	5.462656
30	6.593456
35	6.70924
40	5.83276
45	7.09604
50	6.6618
55	6.645912
60	9.470608
65	9.254168
70	6.382352
75	3.265448
80	6.305232
85	7.217528
90	6.774536
95	7.4526
100	7.439152
105	6.281128
110	7.5528
115	4.35628
120	7.627208
125	8.176112
130	6.564496
135	7.0596
140	7.56876
145	5.752216
150	6.880184
155	8.422208
160	6.937616
165	6.1038
170	7.44516
175	6.784744
180	6.84088
185	6.465952
190	6.374688
195	7.128088
200	6.809568
205	6.311088
210	6.853104
215	5.936376
220	6.942752
225	6.514376
230	6.3322
235	6.359848
240	7.733672
245	7.415256
250	6.6762
255	5.74828
260	6.96236
265	7.70068
270	6.765024
275	7.43764
280	7.344176
285	6.869648
290	5.612624
295	6.43072
300	5.921544
305	6.21036
310	6.747496
