0	26.235888
5	19.385792
10	27.659848
15	22.058904
20	28.182216
25	32.21112
30	11.671616
35	30.590896
40	27.267928
45	22.827376
50	29.589824
55	14.633
60	13.03892
65	13.063824
70	26.301288
75	22.364112
80	12.660848
85	30.467024
90	13.4656
95	28.820712
100	29.055688
105	26.563664
110	23.810632
115	29.450008
120	31.593696
125	25.655624
130	32.712696
135	12.059128
140	20.623736
145	16.269672
150	30.56176
155	0.0
160	30.8356
165	13.291256
170	24.267456
175	15.213232
180	14.973784
185	16.15028
190	24.424152
195	12.879688
200	30.028472
205	27.0102
210	15.743536
215	3.0092
220	16.057696
225	13.723904
230	32.207376
235	15.917296
240	14.268448
245	1.021576
250	28.767384
255	0.0
260	30.913304
265	28.168472
270	17.112864
275	32.2806
280	11.700336
285	30.787864
290	20.38552
295	32.713464
300	10.97604
305	31.278496
310	32.53172
