0	6.45152
5	6.437024
10	7.153096
15	6.875328
20	6.729216
25	7.804208
30	5.715872
35	5.46128
40	5.619512
45	5.242016
50	6.54004
55	5.995064
60	7.414376
65	6.111952
70	5.613856
75	5.399336
80	6.57088
85	6.045224
90	6.156152
95	7.007824
100	6.002808
105	4.941944
110	6.42216
115	6.03016
120	7.647752
125	6.546368
130	6.55572
135	6.482024
140	5.566424
145	5.52176
150	6.33276
155	8.156928
160	6.294232
165	6.60124
170	6.663648
175	6.491408
180	5.736152
185	4.905488
190	7.125768
195	4.909144
200	5.474272
205	4.458288
210	6.07216
215	5.75208
220	6.339328
225	6.207432
230	7.366848
235	5.838592
240	6.562648
245	5.9876
250	4.960112
255	5.144272
260	6.290304
265	6.778656
270	6.547752
275	6.88884
280	6.636344
285	6.908208
290	3.76156
295	5.89456
300	5.054248
305	6.821712
310	6.299376
