0	0.920552
5	0.89724
10	0.858888
15	0.889848
20	0.93384
25	0.894512
30	0.905128
35	0.914784
40	0.841312
45	0.873544
50	0.883536
55	0.920016
60	0.898984
65	0.879848
70	0.881216
75	0.888712
80	0.902664
85	0.877816
90	0.905784
95	0.918488
100	0.9146
105	0.904648
110	4.166992
115	4.253736
120	4.2994
125	4.177008
130	4.260872
135	4.20012
140	4.25588
145	4.446856
150	4.379952
155	4.129144
160	4.371008
165	4.236072
170	4.3546
175	4.286504
180	4.145392
185	4.326608
190	4.18536
195	4.206152
200	4.177272
205	4.22256
210	4.19608
215	4.298136
220	4.16232
225	4.355552
230	4.2324
235	0.88956
240	4.409376
245	4.29848
250	4.179656
255	4.18696
260	4.298448
265	4.307248
270	4.087912
275	4.217952
280	4.414824
285	4.21204
290	4.228776
295	4.198224
300	3.999048
305	4.353832
310	4.09432
