0	1.055648
5	1.127512
10	1.061416
15	1.202672
20	1.137192
25	1.174904
30	1.008928
35	1.086312
40	0.958016
45	1.159768
50	1.174792
55	1.191832
60	1.114
65	1.061968
70	1.191736
75	1.15952
80	1.151592
85	1.171968
90	1.131392
95	1.127168
100	1.11408
105	1.176384
110	1.193992
115	1.089016
120	4.10192
125	4.643424
130	4.69824
135	4.57124
140	1.667024
145	4.523184
150	4.611776
155	4.278456
160	4.534616
165	4.562296
170	4.607832
175	4.570816
180	4.5238
185	4.695216
190	4.06584
195	4.569616
200	4.657224
205	4.66556
210	4.664568
215	4.64956
220	4.004928
225	4.612768
230	4.539944
235	4.592368
240	4.542888
245	4.61912
250	3.548544
255	4.63352
260	4.081032
265	4.094424
270	4.665152
275	4.565744
280	4.625656
285	4.531688
290	4.62732
295	4.569328
300	4.60588
305	4.54312
310	4.678992
