0	1.060592
5	0.997216
10	1.031872
15	1.023232
20	1.04104
25	1.037328
30	1.031976
35	1.011168
40	1.006016
45	1.046264
50	0.994616
55	1.030568
60	1.005912
65	1.023272
70	1.016832
75	1.019816
80	1.016256
85	1.023448
90	1.015496
95	1.019888
100	1.057792
105	1.00792
110	1.023056
115	1.05572
120	3.62268
125	3.647464
130	3.693392
135	3.372896
140	3.365032
145	2.881872
150	3.753488
155	3.777608
160	3.532848
165	3.65104
170	3.377048
175	3.367712
180	3.273648
185	3.296152
190	3.640696
195	3.38692
200	3.387056
205	3.685008
210	3.714064
215	3.696448
220	3.619656
225	1.836104
230	3.373832
235	3.350376
240	3.360752
245	1.045144
250	3.394576
255	3.369352
260	3.369
265	3.376832
270	3.70976
275	3.366016
280	3.33104
285	3.355952
290	3.33192
295	3.689704
300	3.352632
305	3.35768
310	3.33976
