0	6.789264
5	5.150072
10	6.140632
15	6.784648
20	6.112144
25	5.47904
30	5.91188
35	5.093792
40	6.339704
45	5.90384
50	8.126504
55	5.780208
60	3.941904
65	6.265952
70	5.91292
75	5.564144
80	5.470664
85	6.106152
90	6.665688
95	4.90924
100	5.328
105	5.252232
110	4.897832
115	6.420112
120	7.314272
125	6.872904
130	6.289128
135	6.302512
140	5.456064
145	7.58376
150	5.759472
155	8.061056
160	7.202648
165	6.403288
170	4.617824
175	6.940032
180	6.847552
185	5.993496
190	5.063416
195	6.288056
200	5.69856
205	5.232128
210	6.470776
215	6.51112
220	5.484624
225	7.291736
230	6.239328
235	5.463864
240	5.68436
245	5.032704
250	6.297408
255	6.010912
260	6.357104
265	6.528312
270	5.779136
275	4.975864
280	5.133392
285	4.970904
290	5.637632
295	6.054104
300	5.52192
305	5.848632
310	4.975048
