0	0.982664
5	1.051784
10	1.016672
15	1.095376
20	1.016176
25	1.082432
30	1.064616
35	0.57356
40	1.111608
45	1.11648
50	1.050104
55	1.200256
60	0.984696
65	1.040608
70	1.1672
75	1.134008
80	1.131088
85	1.136544
90	1.148008
95	1.178448
100	1.024464
105	1.029984
110	1.064464
115	1.045992
120	1.0282
125	1.116408
130	1.037032
135	0.981248
140	1.059128
145	1.084136
150	1.097464
155	0.98932
160	0.969392
165	1.104168
170	1.159768
175	1.189816
180	1.134104
185	1.016376
190	1.073632
195	1.10032
200	1.101216
205	1.069752
210	1.056768
215	1.190752
220	1.026904
225	0.955288
230	1.070264
235	1.13348
240	1.021256
245	1.038856
250	1.070944
255	1.064024
260	1.064592
265	1.132392
270	1.010128
275	1.101456
280	1.131544
285	1.13428
290	1.105672
295	1.152136
300	1.13164
305	1.046464
310	1.210048
