0	6.138808
5	13.22852
10	11.278616
15	13.217152
20	14.781056
25	12.69692
30	13.464136
35	14.00352
40	12.362056
45	12.372456
50	13.40944
55	12.182408
60	9.930736
65	11.306592
70	13.373824
75	12.701472
80	13.136768
85	9.538104
90	13.70716
95	14.575632
100	8.890888
105	10.183344
110	14.715728
115	14.110984
120	7.81148
125	3.881784
130	7.931232
135	12.481616
140	3.337736
145	3.61232
150	1.029488
155	9.414736
160	6.269536
165	13.905696
170	13.436288
175	13.667352
180	10.9158
185	13.82712
190	8.018024
195	5.368808
200	4.977216
205	9.717032
210	13.6874
215	10.758792
220	14.924032
225	13.359256
230	15.947408
235	15.247872
240	10.294576
245	5.750272
250	15.764456
255	5.899312
260	8.194032
265	12.103992
270	14.099616
275	10.563512
280	15.190872
285	13.690864
290	14.154056
295	15.866248
300	13.273472
305	16.146288
310	1.737752
