0	4.21496
5	3.201544
10	3.598976
15	4.222216
20	4.016096
25	3.916608
30	2.7994
35	3.590408
40	3.62792
45	4.338656
50	1.675856
55	3.94924
60	3.457584
65	2.436144
70	3.054848
75	2.63696
80	3.424864
85	4.137176
90	3.65152
95	4.267512
100	5.20636
105	3.19132
110	3.571704
115	3.579552
120	3.404256
125	3.799128
130	3.465232
135	3.821504
140	4.791848
145	4.04108
150	3.812944
155	1.770552
160	3.72932
165	2.996592
170	4.43604
175	2.595288
180	3.498944
185	2.862448
190	3.07268
195	4.041576
200	4.64276
205	1.577824
210	3.102856
215	3.236648
220	3.743056
225	4.976592
230	4.974064
235	4.441448
240	3.511624
245	4.212808
250	5.176
255	3.56232
260	3.183688
265	3.744328
270	4.629936
275	5.207832
280	4.932128
285	3.744152
290	4.207408
295	3.669136
300	4.118
305	3.119008
310	4.391584
