0	3.478136
5	3.544648
10	3.051992
15	3.563584
20	3.358544
25	2.855872
30	3.748104
35	3.514232
40	3.545928
45	3.67312
50	2.562504
55	2.682448
60	2.999584
65	3.764936
70	3.560312
75	3.696504
80	3.71416
85	3.566224
90	2.778096
95	2.967832
100	3.633144
105	3.69824
110	3.594928
115	3.079832
120	3.681184
125	3.03016
130	3.376416
135	3.622624
140	3.4292
145	3.46428
150	3.619504
155	2.7346
160	3.649344
165	3.732216
170	3.761496
175	3.30516
180	2.820848
185	2.295312
190	3.238136
195	2.526704
200	2.435688
205	3.140112
210	0.437384
215	3.466592
220	3.218152
225	3.099888
230	1.07424
235	1.316256
240	3.051328
245	3.421656
250	3.083456
255	3.679568
260	3.648896
265	3.520272
270	2.374432
275	2.795832
280	0.0
285	2.48864
290	3.511992
295	1.978416
300	3.424136
305	3.234576
310	3.631344
