0	29.812256
5	29.760224
10	27.537544
15	33.325064
20	22.755928
25	18.512824
30	32.209896
35	35.078808
40	31.036536
45	21.879848
50	33.403064
55	23.959288
60	26.1908
65	22.708592
70	24.753464
75	23.729472
80	35.181696
85	22.997112
90	22.979312
95	24.588248
100	22.28308
105	24.17024
110	22.425288
115	25.807304
120	25.402336
125	22.286816
130	24.376912
135	30.05892
140	22.68356
145	25.889776
150	23.899824
155	30.82944
160	23.05704
165	24.413864
170	24.461472
175	31.603896
180	25.715512
185	31.139984
190	25.74304
195	29.022712
200	34.420808
205	24.597832
210	29.605984
215	21.121656
220	24.788768
225	27.423496
230	32.140224
235	34.759256
240	31.856688
245	33.565704
250	31.69204
255	35.217488
260	35.000672
265	34.425056
270	33.233376
275	32.349632
280	30.958936
285	32.06312
290	32.086512
295	33.330496
300	35.855168
305	36.18268
310	33.72592
