0	0.16356
5	0.921544
10	0.850328
15	0.908568
20	1.090376
25	0.952216
30	0.374768
35	1.204064
40	0.88944
45	0.884384
50	0.875568
55	0.87244
60	0.895616
65	0.87236
70	1.075128
75	1.015752
80	0.903688
85	0.908416
90	0.901248
95	0.952064
100	1.068528
105	1.089664
110	0.82472
115	0.570456
120	0.906128
125	0.961624
130	0.921952
135	0.93616
140	1.234696
145	1.34768
150	1.006128
155	0.950616
160	1.014552
165	0.985216
170	1.307
175	1.314208
180	0.90216
185	1.216624
190	1.105896
195	1.036424
200	1.029088
205	1.234752
210	1.326632
215	1.211416
220	1.235336
225	1.33104
230	1.205344
235	0.891376
240	1.235392
245	1.095552
250	1.060728
255	1.01252
260	1.347968
265	1.116192
270	1.016128
275	1.324152
280	1.021032
285	1.353504
290	0.506344
295	1.3298
300	1.33304
305	1.21504
310	1.22388
