0	2.943816
5	3.073264
10	2.849232
15	2.931328
20	2.901608
25	2.883296
30	3.059608
35	2.503
40	2.505408
45	2.703696
50	3.004032
55	2.45484
60	2.848456
65	2.355576
70	2.709424
75	3.265392
80	3.131704
85	3.143536
90	2.936312
95	2.516264
100	2.282
105	2.713288
110	2.448768
115	2.588848
120	2.992496
125	2.939272
130	2.962392
135	1.60452
140	2.475744
145	2.532912
150	2.419784
155	2.794792
160	2.773768
165	2.677992
170	2.682848
175	2.416928
180	3.096624
185	2.764304
190	3.128376
195	2.747744
200	2.564816
205	2.61552
210	2.180248
215	2.530848
220	2.978592
225	2.726184
230	2.46892
235	2.708328
240	2.713312
245	2.726888
250	2.574888
255	3.17048
260	2.640304
265	2.881448
270	2.984872
275	3.02944
280	2.545024
285	2.475352
290	2.786136
295	2.788248
300	3.094296
305	2.767648
310	2.623
