0	12.185936
5	14.498232
10	12.7546
15	10.38624
20	12.105528
25	16.424008
30	9.771872
35	9.898016
40	11.791376
45	10.086512
50	9.877208
55	14.346168
60	11.045232
65	8.565
70	10.531512
75	14.792368
80	10.7576
85	12.785744
90	9.993992
95	10.931512
100	9.789936
105	9.54932
110	8.883056
115	5.88804
120	7.634904
125	9.786944
130	13.302848
135	14.051408
140	11.775112
145	10.736712
150	12.312304
155	12.193528
160	10.254784
165	10.651624
170	8.974696
175	9.018528
180	9.405072
185	11.177712
190	13.546528
195	10.621656
200	13.6492
205	11.317584
210	7.937256
215	10.554408
220	14.215896
225	10.14348
230	10.421704
235	4.498392
240	11.632488
245	9.68736
250	13.538096
255	10.902728
260	11.585192
265	5.521008
270	10.889024
275	11.137584
280	10.105944
285	10.268968
290	10.199024
295	8.74456
300	13.505712
305	9.83976
310	11.784768
