0	7.355232
5	8.005824
10	8.244368
15	8.560376
20	9.262776
25	7.126176
30	9.749248
35	9.548688
40	8.578512
45	7.92192
50	7.5086
55	7.492568
60	4.903576
65	10.390128
70	10.206328
75	8.355392
80	8.623456
85	8.04456
90	7.837776
95	7.54548
100	8.5386
105	9.212488
110	7.066072
115	10.229712
120	9.396632
125	8.522712
130	8.742624
135	8.128464
140	10.028184
145	10.579648
150	7.846464
155	7.878936
160	8.28308
165	8.659944
170	9.646992
175	8.567888
180	11.449768
185	10.644752
190	10.19036
195	9.512408
200	10.32356
205	7.580752
210	7.906304
215	8.161864
220	7.68716
225	9.786424
230	10.496872
235	10.275288
240	8.897392
245	10.073704
250	7.757952
255	8.366096
260	6.528776
265	9.473544
270	8.641704
275	8.388968
280	10.869008
285	10.703856
290	10.32568
295	10.656664
300	7.7208
305	7.893392
310	9.668872
