0	4.084256
5	3.70512
10	4.323768
15	2.010128
20	2.330856
25	4.388752
30	4.143216
35	3.489072
40	4.042976
45	3.918128
50	3.372704
55	3.445128
60	2.273992
65	4.040288
70	3.991088
75	4.16164
80	4.018048
85	3.734376
90	4.321272
95	2.803472
100	4.424888
105	5.298768
110	3.843672
115	3.553536
120	3.63436
125	3.397944
130	3.335096
135	3.896264
140	3.649288
145	4.117152
150	4.576232
155	3.7118
160	3.505392
165	4.197592
170	4.438832
175	4.27332
180	4.037968
185	4.32464
190	3.163784
195	3.422584
200	3.697472
205	4.335456
210	4.688104
215	3.918464
220	3.355616
225	3.835176
230	4.413072
235	4.559024
240	4.309656
245	4.006952
250	4.432472
255	3.694104
260	3.615616
265	3.506256
270	3.341536
275	3.24424
280	3.585736
285	4.230952
290	3.765992
295	4.676112
300	4.202152
305	3.69368
310	4.236864
