0	7.259008
5	8.726064
10	9.490976
15	9.957632
20	9.851176
25	8.55524
30	10.365912
35	8.890856
40	7.6354
45	9.268624
50	7.995144
55	10.210176
60	7.931752
65	9.38588
70	11.175272
75	10.522832
80	9.552192
85	9.803648
90	8.073672
95	10.810688
100	9.693712
105	8.847376
110	10.32264
115	10.71512
120	11.591248
125	10.041024
130	9.7416
135	9.106552
140	11.003704
145	10.18216
150	10.259544
155	11.933544
160	9.2496
165	9.793112
170	10.5296
175	6.2278
180	4.732888
185	4.209536
190	4.384368
195	6.36932
200	6.233688
205	6.657312
210	6.678544
215	6.858456
220	6.919152
225	7.021416
230	6.582144
235	6.313608
240	4.456136
245	6.769656
250	6.30716
255	6.855592
260	6.270112
265	6.437552
270	6.521712
275	6.289304
280	4.479904
285	6.729608
290	6.375328
295	6.88528
300	5.670448
305	6.520488
310	4.946944
