0	0.0
5	0.938432
10	1.561616
15	1.07432
20	1.481624
25	1.703824
30	1.358408
35	1.470616
40	1.625936
45	1.155728
50	1.728512
55	1.26552
60	1.227304
65	1.482656
70	1.534296
75	1.908712
80	1.075024
85	1.534064
90	1.724528
95	1.25592
100	1.73656
105	1.691376
110	1.68088
115	1.5524
120	1.49284
125	1.512368
130	0.869512
135	1.376936
140	1.84564
145	1.77176
150	1.458872
155	1.523048
160	1.728576
165	1.44672
170	1.47716
175	1.48808
180	1.021376
185	1.562616
190	1.0194
195	1.45728
200	1.126048
205	1.640416
210	1.457608
215	1.495632
220	1.66432
225	1.487648
230	1.43684
235	1.657064
240	1.161416
245	1.52308
250	1.46296
255	1.398744
260	1.014416
265	1.937592
270	1.614936
275	1.296512
280	1.785856
285	1.637144
290	1.657312
295	1.956304
300	1.601504
305	1.776192
310	3.194432
