0	2.996152
5	3.163976
10	3.18436
15	3.032152
20	3.109464
25	3.071896
30	3.025976
35	3.18348
40	3.151536
45	3.116216
50	3.178424
55	3.015736
60	2.941536
65	3.177592
70	2.083736
75	3.18348
80	3.203416
85	3.194824
90	3.180264
95	3.047288
100	3.048264
105	2.999048
110	3.082992
115	1.678856
120	3.179152
125	3.181496
130	3.094704
135	3.187464
140	2.537536
145	2.944104
150	3.073248
155	3.166848
160	3.078056
165	3.175584
170	3.027104
175	3.08784
180	3.103824
185	3.056176
190	2.750472
195	3.19052
200	3.187168
205	2.862632
210	3.189368
215	3.193248
220	3.18468
225	3.029072
230	3.06932
235	3.050864
240	3.112952
245	3.182744
250	3.194336
255	2.8946
260	3.105848
265	3.175624
270	3.029136
275	3.027208
280	3.001592
285	3.009408
290	2.892912
295	3.029784
300	3.1158
305	3.110544
310	2.996576
