0	1.05248
5	1.020272
10	1.037224
15	1.021992
20	1.068576
25	1.026456
30	1.060992
35	0.8992
40	0.8878
45	0.956072
50	1.052792
55	1.012096
60	0.976
65	1.05312
70	1.052656
75	1.021072
80	1.125376
85	1.053776
90	1.034568
95	1.03812
100	0.951968
105	0.889592
110	1.052592
115	1.00796
120	1.084568
125	1.02332
130	0.963016
135	1.053928
140	1.05808
145	1.054576
150	1.069944
155	1.000096
160	0.987448
165	0.880816
170	1.005
175	1.019016
180	1.05228
185	1.09012
190	1.037216
195	1.03124
200	1.039136
205	0.837328
210	0.966336
215	0.878992
220	0.840032
225	1.069944
230	0.903384
235	1.035488
240	0.906672
245	0.845352
250	1.067368
255	1.008952
260	1.044584
265	1.030952
270	1.013528
275	1.00128
280	1.054472
285	1.017384
290	1.007096
295	1.038208
300	0.989568
305	1.060424
310	1.050168
