0	5.020048
5	4.137968
10	4.323648
15	4.121632
20	4.397176
25	4.941912
30	4.74444
35	4.914688
40	4.41896
45	4.289744
50	4.080376
55	4.825728
60	4.849016
65	4.827952
70	4.199992
75	4.241296
80	4.357424
85	4.901912
90	4.94244
95	4.194136
100	4.73208
105	3.91548
110	4.234688
115	4.758672
120	4.069888
125	4.192968
130	2.21556
135	4.313992
140	4.951432
145	4.529096
150	4.90656
155	4.314088
160	5.003216
165	4.210136
170	4.891264
175	4.566792
180	4.333952
185	4.903552
190	4.211088
195	4.34416
200	5.226352
205	4.200448
210	5.09336
215	4.543128
220	3.670104
225	3.938536
230	4.417832
235	4.93216
240	5.013016
245	5.09472
250	4.396976
255	4.47236
260	4.259768
265	4.101984
270	4.810496
275	4.289368
280	4.9292
285	4.836592
290	4.995448
295	4.03024
300	4.23108
305	4.98104
310	3.824984
