0	8.705672
5	9.100048
10	9.005744
15	5.93532
20	9.136888
25	7.337048
30	6.081584
35	2.059504
40	8.60516
45	8.836168
50	8.59216
55	8.621
60	9.052968
65	7.938424
70	1.135936
75	1.870952
80	9.020648
85	7.597968
90	8.66456
95	6.722824
100	7.373736
105	8.945712
110	8.255192
115	2.750144
120	7.913152
125	7.619536
130	2.575008
135	8.128656
140	5.577872
145	9.33324
150	9.227752
155	9.182288
160	9.079632
165	5.801448
170	9.150136
175	8.650392
180	9.212872
185	8.820952
190	1.89284
195	6.886016
200	5.517664
205	7.772576
210	8.412112
215	9.588528
220	9.532176
225	9.355048
230	9.218456
235	8.81928
240	8.350384
245	3.24644
250	1.681232
255	6.936864
260	7.30148
265	8.438128
270	6.114968
275	5.751944
280	7.983816
285	3.553424
290	8.535304
295	6.64424
300	5.243312
305	1.584424
310	7.454712
