0	0.859136
5	0.954744
10	0.985672
15	1.401048
20	0.836248
25	1.038688
30	1.364632
35	1.144568
40	1.142864
45	1.315312
50	1.487984
55	1.491368
60	1.486712
65	1.401088
70	1.483352
75	1.47664
80	1.424784
85	1.402072
90	1.425192
95	1.444176
100	1.491552
105	1.466768
110	1.15684
115	1.197944
120	1.510288
125	1.5102
130	1.523496
135	1.465144
140	1.539776
145	1.379568
150	1.48444
155	1.509984
160	1.031768
165	1.210224
170	1.446816
175	0.9792
180	1.52608
185	0.741536
190	0.752376
195	1.294544
200	1.530016
205	1.49748
210	1.406928
215	1.535464
220	1.492448
225	1.301344
230	1.426296
235	1.47788
240	1.534552
245	1.547176
250	1.5112
255	1.536624
260	1.3728
265	1.525032
270	1.405848
275	1.506992
280	1.405392
285	1.496136
290	1.486424
295	1.506192
300	1.50208
305	1.53516
310	1.522584
