0	22.315
5	21.35012
10	23.41584
15	24.923776
20	24.345224
25	23.244008
30	24.345064
35	23.903896
40	24.046824
45	22.039928
50	23.202896
55	22.720728
60	23.458688
65	21.960928
70	24.77572
75	23.950336
80	23.15884
85	24.205856
90	23.228208
95	21.57776
100	22.354344
105	20.714496
110	22.937336
115	21.867592
120	22.075744
125	24.247944
130	23.13948
135	23.673872
140	23.08488
145	23.566128
150	21.36204
155	22.279968
160	24.153272
165	23.127248
170	24.328992
175	20.654368
180	23.335824
185	22.286184
190	22.424344
195	28.688864
200	29.002624
205	27.887848
210	27.8382
215	29.780648
220	29.384064
225	26.947192
230	31.927672
235	27.507328
240	32.111584
245	28.635952
250	28.725392
255	28.764712
260	30.37
265	29.695088
270	30.519624
275	27.338344
280	30.41168
285	25.356688
290	29.973912
295	22.868328
300	27.846832
305	21.147088
310	18.650272
