0	14.45524
5	14.439824
10	14.457848
15	14.077088
20	14.936168
25	13.557248
30	14.886152
35	15.08596
40	14.639752
45	14.564128
50	14.355976
55	14.36896
60	13.71908
65	14.478232
70	14.428736
75	13.710776
80	14.43584
85	14.040496
90	14.262656
95	7.197168
100	14.740536
105	11.497752
110	13.54052
115	14.507424
120	13.719392
125	13.538384
130	13.673208
135	13.959536
140	14.438896
145	13.895448
150	13.17408
155	14.82476
160	14.672144
165	14.557192
170	14.782
175	14.078696
180	14.960008
185	13.54436
190	14.880808
195	13.645784
200	12.0716
205	10.390192
210	14.94008
215	9.043744
220	13.001056
225	9.37348
230	11.671376
235	9.04728
240	14.580312
245	15.027784
250	15.071416
255	14.74852
260	13.880136
265	14.088896
270	14.883504
275	15.392208
280	14.50736
285	15.711384
290	13.978192
295	14.823256
300	15.173544
305	14.106848
310	15.175216
