0	12.157584
5	13.250336
10	11.724888
15	12.57596
20	10.209792
25	12.987032
30	10.715952
35	11.443928
40	11.30316
45	10.873904
50	12.799312
55	11.806768
60	11.926752
65	12.648832
70	12.704496
75	11.7854
80	13.254432
85	12.581784
90	10.884976
95	11.434176
100	11.168976
105	10.337488
110	11.665
115	11.982528
120	11.281984
125	12.137664
130	12.716448
135	9.746432
140	13.234216
145	12.580912
150	12.732784
155	11.24716
160	13.63668
165	11.648112
170	11.952392
175	13.0784
180	4.495824
185	12.488992
190	10.741928
195	11.537184
200	11.733432
205	12.246696
210	12.759416
215	12.243248
220	13.636104
225	11.307336
230	11.226776
235	9.211144
240	10.745936
245	11.475536
250	11.218984
255	12.667304
260	12.189952
265	11.836736
270	12.932464
275	11.22788
280	10.915352
285	13.25812
290	9.899792
295	11.848408
300	10.024136
305	10.550432
310	11.353176
