0	1.17004
5	0.947336
10	1.071712
15	1.0252
20	1.15716
25	1.082496
30	1.135488
35	1.073768
40	0.999344
45	1.091048
50	0.96412
55	1.15048
60	1.0534
65	1.019376
70	1.119992
75	1.205616
80	1.251568
85	1.088688
90	1.108544
95	1.041
100	1.065912
105	1.217632
110	1.049168
115	1.190088
120	1.095472
125	1.151512
130	1.094032
135	1.238056
140	1.256224
145	1.163224
150	1.09168
155	1.136632
160	1.210928
165	0.022904
170	1.136128
175	1.166272
180	1.157136
185	1.239432
190	1.188688
195	1.181984
200	1.152336
205	1.011216
210	1.15648
215	1.094456
220	1.116352
225	1.204384
230	0.944528
235	1.195976
240	1.161976
245	1.179264
250	1.069016
255	1.138008
260	1.180416
265	1.2242
270	1.151184
275	1.081528
280	0.900312
285	0.986264
290	1.008776
295	1.152128
300	1.145544
305	1.081824
310	1.150952
