0	4.068104
5	1.807224
10	4.05856
15	3.978552
20	3.719456
25	4.117096
30	4.037472
35	4.044952
40	3.717928
45	4.07716
50	3.852672
55	3.896896
60	3.725712
65	4.123184
70	4.10108
75	2.626656
80	3.956536
85	3.595352
90	4.124776
95	3.250792
100	3.446896
105	2.829712
110	2.58404
115	3.801264
120	3.940944
125	1.621056
130	3.724832
135	4.06
140	3.58588
145	3.457312
150	3.769936
155	3.823584
160	3.982592
165	3.408064
170	4.096176
175	4.115624
180	2.94556
185	4.118416
190	1.372448
195	3.534552
200	4.071096
205	4.098832
210	3.264024
215	3.471792
220	2.343528
225	3.49052
230	4.125984
235	4.133536
240	3.6012
245	3.791688
250	4.115696
255	4.047416
260	4.11384
265	3.99548
270	4.102264
275	3.7192
280	3.480856
285	3.53052
290	2.4634
295	3.817776
300	4.010944
305	4.029024
310	4.052304
