0	14.18064
5	8.380792
10	26.417728
15	8.447624
20	28.08772
25	31.078
30	16.286264
35	33.584168
40	38.439184
45	20.983072
50	28.754296
55	27.108464
60	28.9474
65	34.822224
70	20.411224
75	32.046456
80	20.722392
85	33.310816
90	37.826544
95	24.6474
100	26.5908
105	11.257368
110	36.252808
115	27.520384
120	27.57536
125	23.147856
130	19.897072
135	18.21944
140	29.322856
145	12.213968
150	13.311616
155	10.914328
160	39.839712
165	29.464928
170	17.834888
175	18.131232
180	29.341904
185	31.094184
190	24.769416
195	17.483608
200	12.83044
205	13.330608
210	36.312648
215	21.422064
220	29.488664
225	36.342392
230	18.195016
235	30.523968
240	18.21692
245	36.9004
250	13.429464
255	9.590352
260	22.001264
265	16.514632
270	10.08384
275	26.73752
280	44.015216
285	11.062312
290	22.450728
295	24.386992
300	24.449872
305	25.82956
310	32.639552
