0	9.862032
5	3.725952
10	9.652088
15	9.744264
20	8.497152
25	12.840856
30	10.120416
35	8.068136
40	7.423384
45	5.026088
50	11.752736
55	10.789808
60	12.619512
65	11.373216
70	12.278544
75	6.00204
80	5.621032
85	10.820312
90	5.60824
95	7.540304
100	9.073192
105	8.522328
110	7.428704
115	11.58272
120	14.22988
125	13.7498
130	11.4854
135	5.540776
140	5.505168
145	5.386392
150	5.78264
155	7.919456
160	5.919568
165	6.037392
170	7.144704
175	7.195416
180	12.424624
185	11.682344
190	11.900256
195	12.541752
200	5.516488
205	5.19004
210	5.609088
215	12.258432
220	9.0248
225	5.414656
230	9.318656
235	7.50404
240	10.804936
245	12.015624
250	10.062208
255	11.800272
260	5.240064
265	5.038328
270	10.035208
275	8.826856
280	8.875128
285	11.006808
290	11.431096
295	10.470896
300	9.024048
305	9.066504
310	11.083728
