0	2.374712
5	2.499376
10	2.42244
15	2.456752
20	2.629632
25	2.483936
30	2.60952
35	2.38144
40	2.858144
45	3.000048
50	2.77152
55	2.478816
60	2.669416
65	2.667424
70	2.613104
75	3.037248
80	2.340632
85	2.463136
90	2.4808
95	2.580808
100	2.855384
105	2.401928
110	2.356144
115	2.386024
120	2.457464
125	2.43292
130	2.197688
135	2.411192
140	2.983616
145	2.478216
150	2.24268
155	2.916752
160	2.459064
165	2.278568
170	2.949424
175	2.434848
180	2.422656
185	2.859032
190	2.795024
195	2.532728
200	2.51616
205	2.490712
210	2.324888
215	2.660464
220	2.973104
225	2.401832
230	2.566032
235	2.420536
240	2.805024
245	2.131776
250	2.766528
255	2.348968
260	2.509568
265	2.635392
270	2.38076
275	2.535488
280	2.256944
285	2.299072
290	1.734256
295	3.415936
300	3.606256
305	3.495664
310	3.22684
