0	7.910192
5	11.56932
10	15.45856
15	16.21132
20	16.556832
25	13.39832
30	13.34152
35	11.49008
40	12.317432
45	15.429736
50	15.671472
55	12.98108
60	14.325632
65	11.888152
70	17.134584
75	16.28144
80	14.844008
85	12.95648
90	12.342272
95	13.057944
100	12.876184
105	11.383792
110	12.272416
115	12.585712
120	12.203984
125	13.075592
130	12.38696
135	14.692168
140	5.719344
145	12.224152
150	12.5098
155	13.826176
160	11.200416
165	11.697288
170	12.554008
175	12.411912
180	7.612832
185	10.866312
190	11.579624
195	13.938664
200	15.35888
205	16.26708
210	12.226056
215	12.58244
220	13.35312
225	8.336992
230	11.171552
235	13.054544
240	12.551368
245	12.473872
250	12.678816
255	17.765128
260	14.415744
265	14.209232
270	9.132296
275	9.623576
280	11.7004
285	11.381376
290	11.539696
295	11.262912
300	10.616248
305	8.301016
310	11.211592
