0	0.771136
5	0.798352
10	0.823024
15	0.679896
20	0.798472
25	0.806024
30	0.798464
35	0.80492
40	0.841392
45	0.858248
50	0.887288
55	0.823568
60	0.907512
65	0.615464
70	0.8548
75	0.90096
80	0.941104
85	0.8922
90	0.879368
95	0.891088
100	0.865448
105	0.99304
110	0.856984
115	0.919768
120	0.920952
125	0.943064
130	0.476736
135	0.875184
140	0.906976
145	1.334792
150	0.863528
155	0.881936
160	0.728768
165	0.485576
170	0.914536
175	1.086528
180	0.889264
185	0.942288
190	0.897576
195	0.93188
200	1.437872
205	0.956336
210	0.927672
215	0.829232
220	0.886056
225	1.005616
230	0.948184
235	1.058176
240	1.054944
245	1.020224
250	1.100344
255	0.8834
260	0.607104
265	1.175352
270	1.110368
275	0.812128
280	0.992816
285	1.05572
290	0.871352
295	1.33584
300	1.19412
305	1.21952
310	1.675296
