0	1.10192000906
5	0.931250304261
10	2.21454134244
15	0.713512546713
20	2.37247552624
25	1.87591995501
30	1.57578360729
35	1.18202360218
40	3.52357155118
45	0.5700910437
50	1.89622280018
55	0.659572853709
60	4.1226550267
65	0.4
70	8.68312100447
75	0.557132835178
80	1.87121838228
85	5.47220288326
90	2.20347934424
95	0.839499595692
100	0.445208115063
105	7.94492899815
110	2.8356854579
115	0.603864813853
120	0.4
125	2.90668110779
130	1.7311622481
135	0.532407000724
140	3.22160274943
145	0.732554626976
150	3.42824942122
155	0.534643330866
160	1.25165336573
165	1.61651904024
170	1.40573745828
175	1.20456204809
180	0.670381620158
185	3.34969502176
190	4.96319540215
195	1.63067304535
200	0.875635427658
205	2.16542469534
210	3.56356991408
215	2.47047551602
220	3.75165565916
225	0.4
230	2.35062480238
235	0.413015316773
240	3.89889793546
245	2.73147533008
250	0.995862971475
255	0.946384462512
260	5.23177615242
265	2.10688136467
270	0.559353572689
275	1.35778772937
280	3.12354686879
285	2.81284761117
290	0.4
295	1.6274858421
300	3.57096092816
305	0.567258488819
310	0.4
315	0.4
320	0.4
325	1.53190472422
330	3.82245112454
335	0.414913448436
340	0.856375646932
345	0.4
350	1.26900741498
355	0.4
360	1.47560232184
365	0.4
370	2.29602578035
375	0.455077743372
380	1.09077884202
385	3.93419658171
390	3.27617072022
395	3.69801980839
400	0.4
405	0.481436566118
410	0.987392965797
415	1.77062713972
420	2.75097291185
425	1.47680407127
430	1.97953995164
435	1.18651826606
440	2.70481521916
445	1.33176150287
450	4.50502033454
455	0.4
460	2.88303468098
465	4.6518125441
470	1.75430155186
475	4.83095584667
480	2.78317201585
485	2.94264182436
490	0.4
495	2.68428646275
500	5.91608865792
505	11.5948839093
510	10.2587054621
515	2.84444467541
520	0.677236863476
525	1.80929427335
530	2.47611196761
535	3.86000049825
540	2.21894099335
545	3.10784979692
550	5.4575860617
555	1.08527457385
560	0.745969336016
565	4.47263426096
570	1.91928995495
575	1.27406791011
580	0.704729429038
585	3.56718536592
590	8.64662994047
595	0.4
600	2.15148289237
605	0.512420754897
610	0.4
615	1.66543481105
620	3.12833313923
625	1.01627757548
630	0.95971427076
635	3.75751472134
640	2.11560299217
645	2.26821691262
650	0.4
655	5.34665096059
660	2.40898321136
665	0.4
670	3.875586667
675	8.91804272771
680	2.05105350025
685	3.68103727677
690	0.4
695	1.66945372642
700	2.59117519864
705	0.4
710	2.49369438111
715	1.59263867684
720	0.4
725	0.720444548566
730	8.38791551446
735	0.4
740	6.9516901418
745	0.413011263663
750	0.4
755	0.628416544674
760	6.14706105112
765	2.40576182805
770	0.4
775	2.20694226403
780	1.55421414152
785	1.57896242376
790	2.4547602962
795	1.75858207623
800	1.31850205381
805	4.29508833087
810	1.17793136415
815	1.23542554799
820	0.4
825	6.83946810754
830	6.59361488032
835	3.14682255178
840	2.97267130595
845	1.60593384832
850	11.6036143079
855	6.8305056991
860	2.72493762109
865	0.725619024566
870	0.45124071901
875	7.57099234852
880	3.12925545144
885	3.27961063377
890	2.02058029472
895	0.4
900	3.03167221552
905	6.04269664371
910	14.4280280135
915	3.98822309081
920	8.82768976091
925	0.4
930	0.65458754787
935	5.46022385082
940	0.4
945	0.835769115014
950	3.98754608586
955	4.7320551248
960	1.15709376826
965	0.659230815133
970	0.802096485791
975	0.905703444293
980	3.00867395503
985	1.55876081596
990	8.72417670889
995	0.891961305701
1000	2.65957989206
1005	4.76614590021
1010	0.469342957763
1015	6.00413528107
1020	6.13664961922
1025	8.05045860121
1030	5.07241872973
1035	2.51899156148
1040	1.45491375971
1045	1.06014255874
1050	0.770181702497
1055	4.01880361014
1060	1.44047311248
1065	2.43664115172
1070	4.89293662436
1075	0.4
1080	2.97888950561
1085	0.4
1090	2.53518842181
1095	0.4
1100	3.19823736694
1105	3.43682546686
1110	1.68496504401
1115	1.79670031081
1120	3.24327257164
1125	1.46143627927
1130	7.14607012703
1135	0.630552941573
1140	2.80617855967
1145	8.70477915151
1150	5.37209559398
1155	0.4
1160	1.76733298814
1165	0.400543296157
1170	0.4
1175	3.67575200079
1180	2.2117316445
1185	2.09190289725
1190	1.54608320911
1195	5.08180548219
1200	1.76992971366
1205	2.86319686526
1210	5.34780076147
1215	5.85545188393
1220	2.38932547205
1225	1.20479817455
1230	1.03634251342
1235	0.409808763928
1240	1.69326964825
1245	1.4252612925
1250	2.04054926044
1255	1.73063495497
1260	4.00542538877
1265	0.76619397589
1270	0.4
1275	2.65253521677
1280	3.54365690509
1285	6.88503787998
1290	6.85481424052
1295	5.62371112273
1300	1.94775494444
1305	10.2357525247
1310	0.4
1315	10.4155749906
1320	0.933436568484
1325	1.72055176246
1330	14.6082601512
1335	1.65303955572
1340	0.498560898443
1345	0.776887732436
1350	0.4
1355	0.4
1360	2.42471220673
1365	1.41731464574
1370	2.47302168088
1375	0.452777782612
1380	3.76071884124
1385	11.385080925
1390	0.844910666954
1395	3.07147670464
1400	5.75762435275
1405	0.4
1410	10.423513841
1415	0.92523386099
1420	1.33310135508
1425	1.086799637
1430	0.4
1435	2.2586532314
1440	9.20979862633
1445	1.91516353344
1450	1.07271212197
1455	0.510926642954
1460	1.61536673359
1465	5.88663413071
1470	1.84286870695
1475	1.72851303434
1480	3.25860124287
1485	3.37843683129
1490	0.4
1495	0.580081631267
1500	2.7917167286
1505	5.31457108209
1510	6.18162666541
1515	3.50531637908
1520	0.572742482065
1525	4.20331979598
1530	2.46341269372
1535	0.633384152757
1540	0.800606482996
1545	9.67715596853
1550	0.421324671694
1555	1.39466315765
1560	1.12278502096
1565	4.48173865664
1570	2.06271187785
1575	0.4
1580	1.20395520993
1585	2.17668411445
1590	0.797526209643
1595	1.28404605458
1600	2.06953273644
1605	1.38636004953
1610	6.97812861703
1615	0.4
1620	0.892086497257
1625	0.4
1630	0.4
1635	0.4
1640	2.63996154429
1645	0.4
1650	4.4313706948
1655	1.08498819451
1660	1.80854623594
1665	0.919558985928
1670	5.10085685953
1675	2.79798522482
