0	0.4
5	0.809249428382
10	0.4
15	0.4
20	2.01209936356
25	0.4
30	0.4
35	1.25014268295
40	1.53603493457
45	0.4
50	1.8516648978
55	5.07166063141
60	0.631944783476
65	0.548771483803
70	2.91974973772
75	1.65325813193
80	2.36674854939
85	1.44037055055
90	1.24815016879
95	0.4
100	0.4
105	0.4
110	1.54289200897
115	0.4
120	0.4
125	1.39823580666
130	1.31366657305
135	4.06045097061
140	2.01149793017
145	0.816675988867
150	0.449141690343
155	0.4
160	0.4
165	1.08690845747
170	0.804448955608
175	1.19073776288
180	0.4
185	0.4
190	0.659786999721
195	0.700525861771
200	0.507316419961
205	1.60549160551
210	0.477347983821
215	0.4
220	0.4
225	0.773702222535
230	3.72879540453
235	0.656184130544
240	1.20527814488
245	0.4
250	0.4
255	0.50384617897
260	0.634400088093
265	1.6507474788
270	0.4
275	4.80548109793
280	0.785684958268
285	1.96097275815
290	0.923262384626
295	0.4
300	1.13259751849
305	0.520781236868
310	0.4
315	0.449720796522
320	0.889261739194
325	2.24678168411
330	1.42345637337
335	2.994059788
340	0.4
345	0.449354690086
350	0.896552406055
355	0.551946013369
360	1.91815822435
365	1.15229067189
370	1.92596988035
375	2.60948757636
380	0.575917078032
385	0.4
390	0.736586939239
395	0.426182980768
400	1.00000200461
405	0.4
410	3.15260380249
415	0.9954010602
420	2.14910273074
425	1.25644107028
430	0.799324499641
435	0.53460899412
440	5.38174412092
445	0.4
450	2.36782181267
455	1.93007242452
460	1.30640679848
465	3.84026955222
470	1.14546167079
475	0.753365441431
480	1.00958945687
485	2.33335918196
490	0.4
495	2.83084030898
500	0.4
505	1.25347127081
510	0.4
515	0.564224108789
520	2.49229442683
525	0.4
530	0.4
535	0.4
540	0.4
545	0.445675112946
550	0.4
555	0.95844446446
560	0.535113638859
565	0.517474224271
570	0.78982071636
575	0.4
580	2.24553347178
585	0.641244683391
590	0.4
595	0.402064792545
600	0.4
605	1.11769729678
610	0.768804346874
615	2.00765598175
620	1.12515328625
625	0.954875218725
630	0.759791755714
635	1.05382839987
640	0.4
645	0.4
650	0.514901214582
655	0.620066688857
660	2.32522911281
665	3.51496606051
670	0.573357035623
675	0.4
680	1.9926163257
685	3.46605047454
690	2.29170677028
695	0.4
700	0.746115257831
705	0.783644520582
710	2.24120412126
715	1.3405097123
720	0.539168626942
725	0.595169946152
730	2.32956153875
735	0.905016020257
740	0.746070549906
745	0.4
750	1.16099817154
755	0.4
760	1.44114662212
765	0.4
770	0.4
775	2.5157238638
780	1.40052891163
785	0.4
790	1.04887947029
795	3.04649611862
800	2.84068256972
805	0.862503098137
810	0.709795199353
815	0.70670565571
820	0.461120648802
825	0.4
830	0.4
835	0.4
840	0.434588847367
845	0.718183719052
850	1.20122227583
855	0.4
860	1.23130196904
865	1.88829187838
870	4.03026461506
875	1.39180353798
880	0.64306509102
885	0.855567620985
890	0.4
895	0.453787549911
900	1.06061002837
905	0.4
910	2.69279633182
915	0.4
920	0.418223058631
925	0.4
930	0.4
935	4.54572075585
940	1.39561728138
945	0.4
950	0.4
955	2.77467943016
960	2.46111164919
965	0.4
970	0.4
975	2.8529545878
980	1.63605313434
985	1.21680442415
990	0.936807739809
995	0.4
1000	1.05025374138
1005	1.04054686442
1010	0.4
1015	1.11139883463
1020	1.14658541597
1025	0.4
1030	0.4
1035	1.504791922
1040	1.14854875238
1045	0.411751313869
1050	0.944104664765
1055	0.4
1060	0.877736352245
1065	0.921640428419
1070	1.66905542829
1075	5.61477055281
1080	1.62540366454
1085	0.919693722108
1090	0.4
1095	1.10047250193
1100	0.461808672182
1105	1.50382549764
1110	0.4
1115	1.01590132934
1120	0.4
1125	0.4
1130	2.37688991714
1135	0.4
1140	1.60088336266
1145	0.4
1150	0.4
1155	0.672146270809
1160	1.48421977543
1165	1.18831152387
1170	2.07319093162
1175	1.90073215793
1180	0.4
1185	0.4
1190	0.605854640218
1195	1.15122621249
1200	3.80074797227
1205	2.41133772399
1210	0.663630066308
1215	0.4
1220	0.4
1225	2.13585162096
1230	0.4
1235	0.567265236198
1240	2.51605013243
1245	0.4
1250	0.639083057811
1255	1.16485260193
1260	0.521475718373
1265	0.4
1270	1.18259065107
1275	0.4
1280	1.00867323118
1285	1.69057652061
1290	1.2258032144
1295	0.4
1300	1.80503399202
1305	2.72188081642
1310	0.4
1315	0.953788828903
1320	2.97714709351
1325	2.07676387264
1330	1.53569080489
1335	0.425912643757
1340	0.4
1345	0.4
1350	0.580806670625
1355	0.4
1360	0.729450169776
1365	1.71226203812
1370	1.86558993292
1375	0.4
1380	0.4
1385	0.847919834817
1390	2.8541470287
1395	1.67245347265
1400	1.22383804121
1405	2.45648821732
1410	0.783684278054
1415	0.4
1420	0.412130355629
1425	0.942009328491
1430	0.4
1435	0.4
1440	0.4
1445	0.4
1450	0.4
1455	0.680416161416
1460	1.91692679147
1465	0.4
1470	0.4
1475	0.481305066933
1480	0.50653896935
1485	2.67148555251
1490	2.23728083252
1495	0.56887324797
1500	0.4
1505	0.4
1510	2.00510968327
1515	0.92404090168
1520	1.40989218063
1525	1.19616618976
1530	1.17953157624
1535	0.958393333219
1540	2.68570296552
1545	0.4
1550	1.2128191202
1555	0.4
1560	0.683307577707
1565	0.4421298393
1570	0.4
1575	0.784820255669
1580	0.4
1585	1.22920249485
1590	0.494670060407
1595	0.4
1600	0.4
1605	2.3073412029
1610	0.4
1615	0.4
1620	0.840598806152
1625	0.4
1630	0.4
1635	2.22321235445
1640	0.410270240404
1645	0.508647507931
1650	0.607875504788
1655	0.4
1660	1.25066848536
1665	0.506660478513
1670	2.40310817413
