0	0.4
5	0.805969120122
10	0.4
15	0.746639313903
20	0.4
25	0.4
30	0.423646678268
35	0.575222690179
40	0.459831222055
45	0.4
50	0.4
55	1.38972650543
60	0.4
65	1.364758109
70	0.401699503358
75	0.4
80	0.641127611637
85	0.552835489232
90	0.4
95	0.4
100	0.4
105	0.4
110	0.4
115	1.57187032635
120	0.4
125	0.4
130	0.4
135	0.4
140	0.4
145	0.4
150	0.94572632458
155	0.73647441746
160	0.4
165	0.413689489844
170	0.851426599123
175	0.821662760187
180	0.4
185	2.18490262651
190	1.22052394609
195	0.4128774055
200	0.461125883558
205	0.4
210	0.4
215	0.426403930157
220	0.895288077973
225	0.4
230	0.4
235	0.4
240	0.4
245	0.587367461803
250	0.4
255	0.861966873334
260	0.535515349125
265	0.4
270	0.884201789426
275	0.419201500406
280	0.4
285	0.4
290	0.69973272144
295	0.770389139986
300	0.4
305	0.4
310	1.18616152283
315	0.4
320	0.600784287186
325	0.866411526529
330	0.40058444636
335	0.4
340	1.41946675028
345	1.25979561476
350	0.4
355	0.853588013638
360	0.4
365	1.06413024426
370	1.59240121952
375	0.687609745224
380	0.4
385	0.997533050473
390	0.486248662653
395	0.835186538658
400	0.954020238962
405	1.85038394341
410	1.28036552616
415	0.4
420	2.09293756744
425	0.4
430	0.704720352403
435	0.437696462522
440	0.67496446757
445	1.09272789057
450	0.413268267173
455	0.519809946762
460	1.1053831346
465	1.2899093257
470	0.942665231044
475	0.4
480	0.404157785176
485	0.4
490	0.759802942501
495	0.4
500	1.29435112515
505	0.4
510	0.4
515	0.4
520	0.4
525	0.4
530	0.745252137363
535	0.840445765756
540	0.621567337782
545	1.57174021209
550	0.457892402692
555	0.4
560	0.806808059252
565	0.50101622697
570	1.06490095178
575	0.4
580	0.448094451758
585	1.27670805933
590	0.4
595	0.4
600	0.4
605	1.05055097319
610	0.4
615	0.658486452085
620	0.505193416561
625	2.02125120937
630	0.4
635	0.885367406319
640	0.4
645	0.4
650	0.491417162685
655	0.4
660	0.781854482757
665	1.09386123106
670	0.4
675	0.4
680	0.691161232096
685	0.4
690	0.4
695	0.935378207102
700	0.4
705	0.4
710	0.4
715	0.4
720	0.4
725	0.4
730	0.4
735	0.4
740	0.517823737928
745	0.4
750	0.794445003661
755	1.07826961154
760	0.4
765	0.4
770	0.4
775	0.4
780	0.4
785	0.4
790	0.922453355594
795	0.403322361581
800	0.4
805	1.60846722697
810	1.06184304313
815	0.45613520746
820	0.478958725867
825	0.4
830	2.2503819214
835	1.26446116344
840	0.4
845	0.485384403248
850	0.4
855	1.11576041456
860	0.973035999936
865	2.10041681649
870	0.580936232694
875	0.773848419711
880	1.35531176788
885	0.555129603059
890	0.4
895	0.4
900	0.801744345939
905	0.618982387346
910	0.4
915	0.667595685124
920	0.715300234287
925	0.4
930	0.4
935	1.08037199549
940	0.4
945	1.81557967131
950	0.720427807418
955	0.4
960	0.4
965	0.4
970	0.4
975	0.4
980	0.4
985	0.604582120658
990	0.4
995	0.435982404053
1000	0.4
1005	0.4
1010	0.4
1015	0.4
1020	0.4
1025	0.691750682976
1030	0.4
1035	0.4
1040	0.4
1045	0.4
1050	0.473320269007
1055	0.606318876359
1060	0.4
1065	0.4
1070	0.4
1075	0.4
1080	0.4
1085	0.4
1090	0.6838758617
1095	0.772743586385
1100	0.4
1105	0.4
1110	1.11431455372
1115	0.4
1120	0.4
1125	0.4
1130	0.684609439645
1135	0.459115423262
1140	0.4
1145	1.35195579423
1150	0.4
1155	0.4
1160	2.29971033374
1165	0.4
1170	0.4
1175	0.433266984406
1180	1.12138441223
1185	0.4
1190	0.4
1195	0.4
1200	0.4
1205	1.42520892657
1210	0.478124370322
1215	0.462589377061
1220	0.4
1225	0.4
1230	0.4
1235	0.4
1240	0.501112775243
1245	0.473715947677
1250	0.4
1255	0.4
1260	0.71472921667
1265	0.4
1270	0.742810678984
1275	0.4
1280	0.4
1285	0.433468454606
1290	0.4
1295	0.4
1300	0.4
1305	0.4
1310	0.695114935371
1315	0.481078363828
1320	0.4
1325	0.4
1330	0.519323104711
1335	0.4
1340	0.4
1345	0.4
1350	1.53031504157
1355	0.4
1360	0.414960157452
1365	0.608040965263
1370	0.759795265067
1375	0.4
1380	0.4
1385	1.5559328519
1390	0.4
1395	0.4
1400	0.4
1405	0.4
1410	1.52399565585
1415	0.4
1420	0.463299200303
1425	0.4
1430	0.467932969686
1435	0.949291131896
1440	0.4
1445	1.4712608486
1450	0.4
1455	0.858859781222
1460	0.621648952038
1465	0.4
1470	0.4
1475	1.24979306392
1480	0.4
1485	0.692020939595
1490	0.4
1495	0.4
1500	0.598709473594
1505	0.532553427633
1510	0.4
1515	0.4
1520	1.8783161932
1525	1.15424055935
1530	2.31042830727
1535	0.4
1540	0.4
1545	0.4
1550	0.4
1555	0.666910424287
1560	0.4
1565	0.4
1570	0.909224465827
1575	0.4
1580	0.4
1585	0.4
1590	0.622209017942
1595	0.4
1600	0.419055085795
1605	0.806794532786
1610	1.07544200605
1615	0.479402251218
1620	0.671535510178
1625	0.4
1630	0.4
1635	0.4
1640	2.7434073808
1645	1.42106540294
1650	1.34031094871
1655	0.4
1660	1.54151147367
1665	1.94686849818
1670	0.4
1675	0.69403787227
1680	1.30772108621
1685	0.462981485392
1690	0.4
1695	1.9011189237
1700	0.646291880568
1705	0.606077108222
1710	0.443346550341
1715	0.933998912997
1720	0.511555354869
1725	1.19296512331
1730	0.422530915257
1735	0.526391516289
1740	0.4
1745	1.27013243804
1750	0.4
1755	0.4
1760	0.4
1765	0.4
1770	1.82909955391
1775	0.4
