0	10.4221287154
5	3.32951960362
10	1.30990625339
15	5.71869427078
20	1.97170686453
25	6.16622923817
30	19.2033132881
35	7.33119305392
40	6.12672335296
45	3.44612943931
50	0.4
55	1.79238662954
60	2.05620000382
65	0.861350322556
70	3.00807985142
75	15.2534149541
80	0.716857079987
85	1.76402572355
90	5.73682909601
95	1.67766864693
100	2.64850473679
105	2.46315906136
110	7.21020609001
115	1.50971147072
120	3.03771488401
125	2.71340810732
130	11.7783013387
135	2.10490712728
140	5.49886065912
145	4.04700618018
150	4.00714722266
155	1.43608401395
160	11.263119111
165	1.34784532904
170	4.04311181117
175	1.92652386313
180	4.2908606909
185	0.409958209117
190	4.50613918277
195	1.76630255973
200	3.7968232936
205	19.2520478236
210	2.98321493782
215	1.75936086958
220	5.27911010703
225	12.3125484341
230	1.83007033325
235	2.45825190254
240	2.0411919476
245	4.13760892703
250	3.91538527882
255	8.98135748507
260	5.61024133282
265	1.91830091197
270	4.4080812265
275	6.94902381188
280	2.75678328622
285	2.53353398558
290	0.919668727639
295	1.97055225832
300	1.50039696922
305	0.4
310	41.8010698001
315	0.558431627519
320	15.5984788652
325	2.62597441118
330	3.61744240067
335	1.39087437956
340	1.26739824585
345	5.4529435612
350	0.476147305646
355	6.61810515953
360	1.0489723256
365	10.4568790478
370	15.2058953375
375	4.61283581514
380	3.17639528553
385	5.3781451624
390	1.4826184169
395	23.8065195491
400	2.21597616978
405	3.29873938011
410	1.74883909093
415	1.49719190643
420	0.507841604018
425	3.02157529045
430	2.63723386377
435	7.68741215122
440	9.31719763766
445	3.24714285825
450	3.78754069889
455	0.866684644119
460	18.3371239195
465	12.924289744
470	1.57984230625
475	0.522734829665
480	2.86353992668
485	3.65429715291
490	6.94564673284
495	10.8751976006
500	1.03941686432
505	0.4
510	0.874051240884
515	7.34207290525
520	2.41045607359
525	2.70439786335
530	9.80619766098
535	1.66496868561
540	2.89915137447
545	9.3935064974
550	1.73720727033
555	4.44643553041
560	20.0771174024
565	0.506095013302
570	11.4682745097
575	2.15390029696
580	0.4
585	4.9506808638
590	0.596599345392
595	0.727147257664
600	2.89081765032
605	3.77077923523
610	10.3608612114
615	11.0718263774
620	4.87218509409
625	2.98930562263
630	4.02754957698
635	16.9158449014
640	5.92905333458
645	1.65264561945
650	1.32252731947
655	20.2547473912
660	0.661784827966
665	1.65454890115
670	2.30860463258
675	1.97264824191
680	9.09952531538
685	12.1980881953
690	11.6317182538
695	3.91540877997
700	4.06585918119
705	5.26036872746
710	5.6961888771
715	3.38581360154
720	9.06094353681
725	2.84011236167
730	4.911975281
735	3.74316828419
740	10.1270635352
745	5.21449272135
750	2.33595192029
755	0.4
760	1.09933264854
765	14.7007959317
770	1.70076031499
775	0.4
780	2.83184107611
785	4.57794214077
790	0.8401755725
795	1.05231489481
800	3.98336664903
805	1.54265168194
810	17.803440706
815	1.45322706521
820	0.4
825	1.67164055021
830	2.42731076663
835	11.1474855185
840	3.08572223234
845	4.41539824899
850	5.01595083717
855	13.5232406564
860	0.4
865	5.86403981856
870	4.70517768778
875	6.87109051034
880	6.38811163168
885	3.15784472184
890	3.41584351964
895	4.70517575455
900	2.83364857872
905	2.84551720154
910	1.99494851819
915	0.4
920	0.4
925	4.89966453771
930	7.0827571987
935	0.444550216096
940	17.4884699055
945	3.18507189196
950	6.37245911553
955	0.59135876072
960	4.16686623367
965	14.3187166973
970	3.14999613396
975	0.577440661492
980	4.44049098546
985	5.56207869089
990	18.8035429406
995	7.41343209236
1000	9.20808582019
1005	3.74023662745
1010	2.07162082122
1015	6.62195803507
1020	13.9668354146
1025	2.12170048657
1030	9.36517655587
1035	3.71580552282
1040	0.4
1045	3.28017670236
1050	2.03687152669
1055	11.6420050978
1060	0.436029247756
1065	0.650020358902
1070	15.3971496923
1075	20.7150496234
1080	1.15483533325
1085	1.38626712818
1090	0.661507659252
1095	0.626983094697
1100	3.19042721427
1105	1.73216235655
1110	5.99679384428
1115	0.4
1120	3.12372132581
1125	2.52341193608
1130	6.12930458048
1135	14.5426838319
1140	16.8513892827
1145	12.8121887292
1150	6.81829842584
1155	1.34049665806
1160	2.83409848298
1165	7.04786314782
1170	2.24796179232
1175	0.566584348235
1180	6.34940687689
1185	4.40107324081
1190	4.23191732376
1195	0.533327208432
1200	0.471192731351
1205	11.7066805704
1210	29.4828881496
1215	0.4
1220	3.45875531527
1225	3.53257160321
1230	4.48905520441
1235	2.50902943062
1240	0.999146156429
1245	0.798733685433
1250	5.12028034869
1255	0.76088769585
1260	2.30019915724
1265	3.54810274668
1270	2.1038334728
1275	24.162922151
1280	8.71117132971
1285	2.30812366294
1290	4.63964007077
1295	0.889742655677
1300	1.63812827583
1305	5.30129572659
1310	0.789749809054
1315	1.6054637295
1320	4.7534008562
1325	9.0424011695
1330	2.80291496741
1335	0.4
1340	5.88217256249
1345	1.43861692331
1350	4.57765323984
1355	23.1379300845
1360	5.21705217838
1365	11.5804766755
1370	1.64110975544
1375	1.05829763312
1380	1.75233408179
1385	1.29792445037
1390	3.60743048219
1395	6.89721008235
1400	1.76761864693
1405	11.9110472433
1410	0.822253697246
1415	3.88972017105
1420	0.811890972772
1425	0.4
1430	3.36266791506
1435	6.58477734873
1440	1.24173189724
1445	3.90519325344
1450	16.4678236235
1455	2.43077048918
1460	3.76719559261
1465	7.08734156091
1470	1.14041283727
1475	7.09975439086
1480	10.4790471932
1485	8.05502321273
1490	2.40284598027
1495	17.2194685958
1500	5.89272814537
1505	4.11433253539
1510	0.563029486937
1515	0.845711882196
1520	17.2519403857
1525	1.05660819589
1530	7.23481877394
