0	9.07915707225
5	9.97894409845
10	0.844512456458
15	9.43282724335
20	2.24463952334
25	6.41683343069
30	2.62018242223
35	6.54689683155
40	1.86389983533
45	3.56327901716
50	3.16091223574
55	2.69510993299
60	0.4
65	5.04374125804
70	0.4
75	9.6415906553
80	0.407813838255
85	2.31541908566
90	1.65987540099
95	1.10302558337
100	5.90574999033
105	17.7048273036
110	1.39740965018
115	0.55055353553
120	2.31988534769
125	14.9859889818
130	12.2874855501
135	2.09492703967
140	1.32463333361
145	0.968304802861
150	11.8774630703
155	7.39028078757
160	9.520837503
165	0.4
170	1.43388519165
175	1.84516237652
180	4.49547421329
185	1.20064925735
190	1.67480502262
195	0.4
200	7.27487187827
205	3.18975444667
210	1.95031960814
215	1.10261059886
220	0.560330731372
225	4.4843582738
230	1.26417166849
235	10.0561417619
240	7.20046654672
245	6.84459165586
250	0.742757196273
255	0.868734094457
260	5.40003090272
265	5.70910191525
270	3.48207924824
275	6.66532228091
280	4.77980800709
285	1.09530419123
290	10.1881067694
295	4.67238198647
300	2.19507839376
305	0.4
310	0.809082337187
315	0.4
320	2.40065072434
325	4.93701575866
330	12.0095043593
335	5.32456658151
340	8.73586695655
345	1.4291624686
350	0.938174198205
355	6.24848986116
360	1.43770337119
365	1.87009370117
370	1.72647835464
375	2.14887324577
380	2.10815233952
385	10.1122559533
390	2.03537639198
395	1.24938425345
400	0.873280729741
405	0.4
410	2.10433442023
415	0.867299246819
420	6.11403033871
425	5.99883551329
430	3.50557944779
435	1.38379312353
440	0.4
445	4.34252498197
450	6.39864251171
455	0.4
460	10.9883258524
465	7.24632164368
470	12.4215981495
475	2.84868856038
480	4.84302239661
485	1.0597723418
490	4.6798718964
495	5.05027572649
500	0.41197477109
505	16.8871235397
510	0.4
515	0.535850195993
520	8.25198397423
525	1.89440187184
530	6.77353053453
535	2.96923993975
540	11.5027481015
545	4.21294242667
550	6.61572316766
555	4.69602994586
560	3.00217580207
565	2.0085001402
570	1.3911731597
575	1.12338674298
580	15.8122206614
585	0.919668420002
590	0.603929567882
595	0.4
600	7.21964232967
605	9.89347010614
610	3.70380633837
615	11.1599041091
620	0.715899861939
625	1.00417254465
630	8.28065952773
635	4.18095521482
640	3.07832176489
645	6.14703696437
650	10.9524722797
655	1.92462599138
660	4.91907853541
665	19.5210375218
670	0.4
675	2.21366629386
680	2.45298481019
685	7.80612130315
690	0.4
695	3.74804847312
700	4.92175041653
705	4.78813907629
710	5.20391261021
715	2.00850087446
720	2.53066854181
725	0.750626561223
730	10.4418745905
735	0.630997997868
740	12.5636316818
745	1.92107698304
750	16.1543648991
755	6.21150668839
760	23.3755150894
765	0.4
770	7.65266673931
775	2.59608665661
780	6.13920152182
785	5.08517073213
790	16.0905855286
795	1.01623191395
800	15.402693332
805	0.4
810	9.34738193519
815	13.6732811352
820	1.76063679605
825	6.88567673801
830	3.80338018528
835	1.35047115684
840	8.40559647579
845	2.36963374529
850	3.90070724808
855	2.478962132
860	4.48357051334
865	0.421612707287
870	3.37250530596
875	1.31476917446
880	0.4
885	5.59564805451
890	2.0816584738
895	2.79049267157
900	0.990952872015
905	3.18342719246
910	7.24102213286
915	2.94913000874
920	0.4
925	0.4
930	5.50718475183
935	7.11379545407
940	24.2545951467
945	19.1876627781
950	4.14771731432
955	16.1958397317
960	2.44919192418
965	15.7845902791
970	2.24265530255
975	1.2846231542
980	0.693390052999
985	2.50241942242
990	12.4887717101
995	2.02885610176
1000	4.20084653147
1005	18.6616704283
1010	1.44213912929
1015	7.33039070677
1020	3.64588065453
1025	4.27637952299
1030	6.26168784291
1035	0.533105230249
1040	7.25867328875
1045	0.955636622528
1050	22.7223155617
1055	3.64300910727
1060	1.69400949981
1065	0.4
1070	0.574587487915
1075	1.40284082098
1080	3.51074159542
1085	0.652365839216
1090	4.62254938904
1095	3.98360569522
1100	10.1435635127
1105	1.3557369582
1110	8.85739504604
1115	22.3483969501
1120	0.764713831963
1125	10.5664811782
1130	11.7534756804
1135	13.4922390625
1140	0.895151670721
1145	0.4
1150	11.2978781579
1155	1.24347428666
1160	2.77158546405
1165	0.877803317984
1170	0.4
1175	15.101768734
1180	2.13153513384
1185	0.4
1190	11.3190899707
1195	7.33184717331
1200	2.73493455323
1205	7.247670315
1210	1.11579940362
1215	3.92980856315
1220	7.02055424723
1225	18.0769351288
1230	10.0209758875
1235	17.9359900266
1240	1.90802531798
1245	0.4
1250	5.42936290547
1255	1.93793630812
1260	5.09126213925
1265	4.42560403141
1270	0.462360807285
1275	1.04762034428
1280	0.4
1285	3.45710383306
1290	1.93810110071
1295	0.894897077063
1300	2.09459062269
1305	1.07749614343
1310	6.00740959828
1315	1.45164428894
1320	3.93206903886
1325	0.925852096349
1330	7.61326676599
1335	3.18903491317
1340	5.27940573337
1345	4.40697939686
1350	16.5205879808
1355	1.14056244583
1360	6.64937224378
1365	2.84754519484
1370	0.573017214884
1375	12.6381670601
1380	2.22313700269
1385	5.01022373402
1390	0.984860439838
1395	5.52067250061
1400	6.64445665376
1405	1.49754545144
1410	2.46932112249
1415	0.731982292058
1420	3.25546597985
1425	0.442798003329
1430	3.90906619328
1435	6.17476764498
1440	2.61239548524
1445	2.13194512418
1450	1.13813848508
1455	4.16470385552
1460	1.35170226417
1465	4.73120922264
1470	4.91416950466
1475	0.538297889918
1480	4.86762421497
1485	13.7005303236
1490	1.78428148665
1495	7.37737970413
1500	10.1303015382
1505	5.64412534826
1510	9.78179849545
1515	0.4
1520	0.621258384464
1525	0.409886008579
1530	9.08219074754
1535	1.71076241381
1540	4.57827357209
1545	15.990314074
1550	10.3570105315
1555	23.4432869455
1560	1.59139132664
1565	4.90973557504
1570	2.09270708742
1575	16.7085589467
1580	3.09229526874
1585	11.6198655915
1590	0.533120295408
1595	1.17898975335
1600	4.6582770062
1605	10.7102939242
1610	1.21728302845
1615	6.9812605701
1620	8.6513721078
1625	2.54326738549
1630	0.4
1635	1.73477507406
1640	1.21986222082
1645	12.4089195925
1650	1.24968040389
1655	5.90215611706
1660	11.0097925858
1665	1.4006668139
1670	7.30609837045
1675	3.54600325495
1680	22.3122860571
1685	8.58576038426
1690	0.662192559397
1695	5.20732192112
1700	8.40936489892
1705	7.10296067557
1710	9.60724581115
1715	11.3518279626
1720	3.58949051979
1725	13.8073997691
1730	3.22118988193
1735	4.77002101034
1740	10.064903847
1745	4.39483916983
1750	0.4
1755	19.9128794537
1760	14.4399333366
1765	5.20465738289
1770	3.48880476807
1775	4.96332978978
1780	0.578262835234
1785	8.49362691797
1790	2.3898723169
1795	2.16584940657
1800	7.45696463434
1805	1.02331573888
1810	3.81983781675
1815	0.590193084336
1820	10.1450029125
1825	2.09976984604
1830	2.95813649861
1835	13.0137558209
1840	8.7582573605
1845	0.824707419477
1850	12.7232626401
1855	2.27990316115
1860	7.14698723159
1865	10.1828807711
1870	1.28121118517
1875	4.99573565763
1880	4.52329564867
1885	0.4
1890	0.4
1895	2.04936207013
1900	13.3773630058
1905	31.7987819071
1910	4.1881481034
1915	3.39037219067
1920	23.1421577518
1925	13.2138310339
1930	6.143183944
1935	2.02146579026
