0	0.4
5	0.674493682898
10	0.735241147458
15	1.05191220646
20	1.11580304354
25	2.41212345842
30	4.20595791594
35	17.0590058264
40	1.16720752282
45	0.579493519261
50	10.0903434666
55	1.88802923124
60	15.8126273929
65	1.56058767757
70	1.44164757948
75	16.4494091836
80	2.59876608331
85	17.5332272923
90	5.47219517103
95	2.42629732654
100	3.29555892794
105	8.69815999345
110	1.3729532369
115	0.470783472612
120	0.4
125	11.2317721534
130	5.14884463216
135	1.35242524256
140	2.83681276842
145	2.96646899275
150	2.11899242892
155	1.78017928304
160	1.95895783103
165	12.6883205671
170	2.67546702134
175	12.5302251996
180	7.94629858604
185	3.14102500829
190	3.62633904236
195	0.4
200	5.09658036829
205	11.2985891807
210	3.90165080066
215	5.57891404018
220	3.04616051882
225	5.46579548345
230	13.3362129499
235	9.25351038454
240	9.28460551705
245	4.6847332323
250	6.5094318747
255	1.15448675502
260	4.16672706781
265	1.23960026686
270	4.03474961528
275	0.4
280	0.498617061238
285	0.41038123342
290	9.95619042075
295	0.584583282151
300	5.05754667525
305	15.711935138
310	4.83355782068
315	12.7227540533
320	2.3982190748
325	5.98719412262
330	1.53202058454
335	9.65898004003
340	0.4
345	6.17283940534
350	7.40993802392
355	3.36768555135
360	8.84857921609
365	3.8947365113
370	0.941521409339
375	0.4
380	0.4
385	3.23378528596
390	10.8227609156
395	4.53876893229
400	5.73049448004
405	2.26281990334
410	2.48453358388
415	13.5770358417
420	2.74654000331
425	4.60006300817
430	4.45688315243
435	6.19920262874
440	27.5106458516
445	4.25194893672
450	3.5880279672
455	3.96944675917
460	1.56854865114
465	6.99995611453
470	4.70799244177
475	2.89278324885
480	1.00549957526
485	4.75445921318
490	5.03767362658
495	1.61569912884
500	2.57248508301
505	7.2224564687
510	9.27674240237
515	6.65598851197
520	8.45383917778
525	6.97327634332
530	2.82682929946
535	3.30102182008
540	2.95385339028
545	2.95375755263
550	7.17565757666
555	0.4
560	22.911053499
565	4.38320231923
570	4.56281834247
575	6.04902231447
580	0.4
585	3.01193408068
590	0.994604394928
595	1.55161719216
600	10.2232351916
605	16.9494498228
610	7.57273163358
615	4.40232844042
620	2.29506723198
625	2.898909907
630	0.4
635	0.628400122441
640	24.4202321675
645	2.43940205609
650	1.01479086496
655	0.718150315554
660	2.27961344381
665	4.7704108109
670	1.36134881441
675	0.4
680	0.408485749899
685	5.33736959986
690	3.15275445602
695	3.82354097806
700	3.56315063715
705	8.28249076452
710	5.24293417962
715	4.39562049261
720	2.11130696303
725	0.437549235065
730	5.56779902446
735	3.27588755391
740	0.4
745	2.87174180169
750	2.09875861152
755	2.78137709004
760	3.301286652
765	2.37476535943
770	2.51534510189
775	0.4
780	17.9634472287
785	3.85602453158
790	11.0158371198
795	9.61309501883
800	4.30637983806
805	1.9339186285
810	1.38171351187
815	0.4
820	4.64280261972
825	3.68269505935
830	0.4
835	0.4
840	2.23733737812
845	6.47801132092
850	1.15557172928
855	5.68484595976
860	8.83938610347
865	3.2346387772
870	5.91598263691
875	0.871524505261
880	0.646047054586
885	3.10988273025
890	0.4
895	9.41195317367
900	0.405425589981
905	5.91466309403
910	6.40333708226
915	1.02351968064
920	0.4
925	16.5021726297
930	3.00470760809
935	3.60671022094
940	13.2738889226
945	9.34743031817
950	0.4
955	4.34137898093
960	14.2422132279
965	1.09038149981
970	1.09299149595
975	7.24140338204
980	0.738590694899
985	0.69746706633
990	0.4
995	1.23948039269
1000	0.982533480378
1005	10.5922243177
1010	1.20765093066
1015	1.14054330237
1020	7.55985994563
1025	3.44514922783
1030	3.32480557739
1035	4.65746626723
1040	5.20342846731
1045	2.05460914255
1050	0.4
1055	0.4
1060	1.37631925195
1065	6.42513256193
1070	1.26053800493
1075	0.4
1080	0.4
1085	0.92542619689
1090	2.98304501141
1095	5.39684076724
1100	1.29153713941
1105	2.97226982293
1110	2.07946310133
1115	12.9484249297
1120	5.0180843226
1125	2.69433160895
1130	5.37434946664
1135	2.04046148457
1140	3.23901810494
1145	5.55818502515
1150	1.91437911187
1155	11.3553711192
1160	0.617484321521
1165	6.19213522264
1170	2.46828733321
1175	6.32208780133
1180	2.44573301791
1185	4.39465027854
1190	0.4
1195	0.714065853235
1200	24.0471457884
1205	15.6986725362
1210	15.3164048884
1215	15.6352158663
1220	4.89476754879
1225	0.626797665827
1230	7.5646303412
1235	1.93288664105
1240	4.94081998954
1245	1.02811160213
1250	3.77612150303
1255	6.67587685465
1260	0.46390158264
1265	3.73139256237
1270	5.62311901065
1275	7.97767742857
1280	8.64928771947
1285	6.9605245501
1290	7.59260852978
1295	7.49669306404
1300	5.95699401117
1305	1.50248246882
1310	0.799493413344
1315	3.21159656243
1320	7.72535006275
1325	1.8221284462
1330	4.63942032058
1335	4.49462466994
1340	12.1847355338
1345	0.4
1350	1.37096649995
1355	0.4
1360	2.18486139139
1365	3.71939973278
1370	7.44107031261
1375	0.4
1380	2.08220302757
1385	4.53045575686
1390	0.4
1395	1.15551423005
1400	3.3658510347
1405	18.1996605864
1410	4.62524066038
1415	2.42841834825
1420	11.5055864225
1425	1.6884074131
1430	5.9187896157
1435	7.87116583706
1440	1.05666663507
1445	1.51696767561
1450	12.5082966779
1455	3.59622532898
1460	7.68064708504
1465	13.2927669924
1470	4.28064319381
1475	1.26277604696
1480	2.70977655531
1485	3.41250019078
1490	7.39880781691
1495	3.10806352084
1500	4.98070853344
1505	5.19925131678
1510	0.4
1515	8.81771972837
1520	3.6454841185
1525	3.81916582526
1530	5.38638893051
1535	11.4693472319
1540	2.21682684019
1545	7.92789243988
1550	24.8402050695
1555	3.13399688562
1560	3.50025655871
1565	10.5496317098
1570	4.35368321721
1575	24.9664472071
1580	0.4
1585	0.69002357899
1590	2.20340172321
1595	5.73120131526
1600	11.0754162407
1605	5.3588356909
1610	0.784635191273
1615	4.11843397376
1620	4.40701635708
1625	5.58090081595
1630	7.04952662794
1635	1.24923162166
1640	2.9610499071
1645	1.93382550253
1650	0.4
1655	4.51296946059
1660	2.86984247412
1665	1.77511702075
1670	5.45955562751
1675	12.2198936919
1680	3.22313367119
1685	3.70860956024
1690	2.15299854503
1695	8.21941551874
1700	15.7807686612
1705	0.6616071208
1710	2.98492895092
1715	0.730868997081
1720	5.11035536296
1725	5.69212204131
1730	3.28046494409
1735	0.4
1740	4.51934521142
1745	4.01122274479
1750	8.98920051336
1755	5.22921654664
1760	1.26601309811
1765	4.65480863525
1770	6.03941248048
1775	2.47986033841
1780	6.17832123664
1785	10.3845493189
1790	0.4
1795	1.25593609973
1800	7.62061953489
1805	4.68130836059
1810	14.3009497176
1815	2.41396988434
1820	0.820539615027
1825	3.70201501079
1830	4.12588422732
1835	4.39342473018
1840	0.4
1845	5.25672070567
1850	1.93695048322
1855	0.4
1860	0.430202799141
1865	2.4779773981
1870	1.05381666815
1875	8.22905984962
1880	0.966519585068
1885	0.487677641058
1890	14.7096156416
1895	1.11868079314
1900	0.862767241748
1905	2.34945297379
1910	0.4
1915	0.64368047521
1920	1.90335345769
1925	0.811723784361
1930	13.1869300496
1935	1.22939022764
1940	1.47093323099
1945	3.08283050807
1950	19.2994376199
1955	18.7149370745
