0	0.54983337492
5	1.42186771414
10	6.15719284148
15	4.23920182063
20	0.4
25	0.612180741313
30	0.784198953821
35	5.22472443388
40	3.04092844937
45	2.66043042829
50	5.09083633988
55	0.540276481794
60	7.21173815088
65	2.98568099777
70	1.91105979463
75	14.9890700216
80	1.4411896663
85	2.74691483877
90	3.68804392541
95	1.22025090912
100	10.5951763702
105	0.907203435969
110	3.7429726535
115	2.4138862559
120	0.4
125	2.54746417531
130	1.69226063331
135	7.18043211078
140	2.44132917773
145	4.48359689461
150	0.4
155	6.29547505009
160	2.56245664499
165	7.74292624299
170	8.09112430401
175	2.94445031294
180	7.03625300983
185	0.666259063398
190	0.4
195	1.28965236447
200	5.49328300744
205	0.40198809326
210	2.73861291927
215	3.02243709152
220	8.53900381228
225	8.97954996928
230	0.962195774645
235	3.1338442598
240	2.81649737419
245	6.70768823678
250	1.31710563554
255	1.72576524856
260	5.278107687
265	0.480553481934
270	11.4005220106
275	2.6137376813
280	4.21553431396
285	7.24440875749
290	6.01784564286
295	4.19959681568
300	6.91844240294
305	1.20172816688
310	0.913615190915
315	1.23176276661
320	1.1724512134
325	2.19084205141
330	0.4
335	5.6216374626
340	0.652598187214
345	3.14857645382
350	0.4
355	0.476619812724
360	4.89668441084
365	1.86414426381
370	0.435028279639
375	0.717339272314
380	2.16478701474
385	2.55344484227
390	7.80406293474
395	0.4
400	12.4107578822
405	0.963399737317
410	0.518951877289
415	0.835676491883
420	3.91400642873
425	1.66864669852
430	10.8916164284
435	0.4
440	1.13523714975
445	2.6962601249
450	1.96532411625
455	6.85580612321
460	6.27170572524
465	4.99370328726
470	1.40568838627
475	1.02562092791
480	11.048164759
485	0.4
490	2.60433151326
495	4.2659566218
500	6.70044196379
505	2.55621171974
510	3.18584825046
515	4.3567405568
520	2.24437861473
525	1.56661046603
530	11.1121650166
535	2.53219726087
540	11.4463521672
545	10.7383439624
550	1.12131463416
555	5.97667727656
560	0.796620412061
565	6.35551750555
570	6.72706501493
575	5.36234892637
580	1.02071739033
585	0.669532265514
590	4.66091761237
595	1.91766061364
600	8.909974222
605	9.61761677701
610	18.2357393012
615	0.791369630359
620	11.9350089169
625	0.4
630	3.02984217445
635	2.16343914441
640	0.657779769538
645	1.89407538466
650	9.97577915011
655	12.4656970156
660	3.98508701165
665	3.59731708818
670	1.58364109595
675	7.31651821854
680	2.72269422762
685	1.54076591673
690	1.3500895555
695	1.07876630169
700	0.413238816736
705	2.17663910011
710	1.19396268826
715	10.4353113596
720	1.35565288359
725	0.4
730	2.31455810291
735	3.01442719907
740	2.83688151044
745	4.71389715174
750	1.33937648606
755	2.82638834414
760	3.44308082454
765	0.63581340365
770	6.35114355034
775	4.13234750729
780	0.783471775084
785	0.4
790	2.56189381526
795	8.0833291815
800	0.4
805	1.31698104707
810	1.76731320334
815	1.95870503777
820	0.4
825	0.997259970936
830	4.14727370665
835	11.6916830013
840	18.9511356403
845	10.2809956579
850	3.52401032514
855	6.6442714962
860	6.71903342683
865	2.7658015901
870	4.22105288129
875	8.18539137464
880	15.480741559
885	5.83511173366
890	1.26900233876
895	2.21468029433
900	2.2390663891
905	3.22078262097
910	1.23480625228
915	4.8731341574
920	3.99200112817
925	1.75214164183
930	5.46742330389
935	0.4
940	4.27824724384
945	1.90639450048
950	1.89119615021
955	2.66926544252
960	1.3963483204
965	2.92302944265
970	0.916963888491
975	8.42075723086
980	2.78794729314
985	3.71452008392
990	3.33836560338
995	10.3740282729
1000	1.0807890336
1005	1.31529154674
1010	2.52183014881
1015	2.1630730459
1020	4.67606388275
1025	0.4
1030	0.8737353556
1035	0.4
1040	0.4
1045	0.4
1050	6.30542375923
1055	0.434161234427
1060	6.25130357183
1065	12.363132664
1070	0.800315016627
1075	0.859783218667
1080	0.4
1085	7.40640405399
1090	12.0616871808
1095	3.32025700731
1100	0.771633512301
1105	0.4
1110	5.9061491036
1115	0.640543668615
1120	5.18489108729
1125	1.18534526555
1130	6.01310967664
1135	4.3689112722
1140	2.65383307186
1145	0.746862198497
1150	3.91752798112
1155	1.72112564634
1160	1.24878420506
1165	1.00314721605
1170	1.82782620525
1175	2.2551510051
1180	9.88343387524
1185	3.90148774019
1190	0.4
1195	20.7804852974
1200	2.73882893952
1205	9.75284772114
1210	0.775328116466
1215	6.49922217474
1220	1.91346993598
1225	10.4146675196
1230	0.447319936237
1235	1.60041147615
1240	0.4
1245	0.4
1250	1.11294278828
1255	10.3674545505
1260	0.741945709992
1265	1.73333845072
1270	0.4
1275	0.454106156209
1280	3.54962665928
1285	6.93413008343
1290	0.942223462448
1295	3.68479851559
1300	0.755923798721
1305	8.56374623656
1310	1.21290716865
1315	0.857284968794
1320	1.76147893015
1325	11.7562949501
1330	1.62761910829
1335	12.0392795899
1340	4.32535692137
1345	1.7627536886
1350	1.30945020105
1355	5.34368476874
1360	1.76124939503
1365	0.4
1370	1.38082680729
1375	5.23622207088
1380	4.56816684379
1385	1.359053934
1390	2.18754559831
1395	0.474515008018
1400	2.19316136441
1405	4.86459820729
1410	0.601797091896
1415	11.1509209494
1420	6.56806156652
1425	0.4
1430	1.48695132352
1435	0.430675589639
1440	8.34499255747
1445	7.56039405161
1450	0.4
1455	3.20934450177
1460	0.907596775725
1465	0.542907616824
1470	1.65875043262
1475	6.68543581711
1480	0.4
1485	1.48424609947
1490	10.0522121706
1495	4.77825861655
1500	1.61319990853
1505	0.4
1510	1.31348006067
1515	1.98781821429
1520	1.08911671804
1525	3.65829635024
1530	1.88184638006
1535	0.826477840266
1540	7.30699635796
1545	0.444592142044
1550	3.03237209244
1555	1.06528646277
1560	1.10892389817
1565	4.24767677896
1570	2.18663895778
1575	2.55501395054
1580	3.33166073345
1585	1.67323430003
1590	2.63088015645
1595	0.4
1600	2.12047509045
1605	0.55136831678
1610	1.30081286683
1615	6.11919344046
1620	3.26013141113
1625	12.8970230825
1630	15.954200946
1635	0.439414404826
1640	3.22495700586
1645	3.37004317083
1650	4.12473039942
1655	1.6855497335
1660	6.75931513845
1665	5.87246430965
1670	2.36898226283
1675	0.4
1680	1.17694512271
1685	1.88837002073
1690	1.89810891202
1695	17.2101507223
1700	2.09047473758
1705	8.36756180395
1710	1.72203748145
1715	0.4
1720	3.1795700995
1725	1.1167074858
1730	4.64946552341
1735	8.62272160054
1740	8.97147047386
1745	0.918348585086
1750	2.31111369543
1755	1.42910505697
1760	0.401414450313
1765	0.80827206372
1770	3.47493469024
1775	5.58089283128
1780	0.4
1785	4.62051590143
1790	5.67439047204
1795	0.4
1800	5.20714746631
1805	1.76841127388
1810	2.56986892887
1815	2.80025237416
1820	9.63709810818
1825	1.75789420175
1830	2.54328217737
1835	1.79470699022
1840	0.4
