0	2.69887510908
5	0.915479033997
10	0.50301979003
15	6.60135136119
20	0.4
25	2.27036571507
30	0.901494916905
35	0.4
40	1.66076851445
45	0.918651306494
50	1.44869363937
55	0.798916760191
60	0.433039759192
65	1.00296082505
70	0.4
75	0.4
80	1.4728874778
85	4.27074097082
90	3.49110444127
95	2.90353685634
100	4.679124883
105	3.40780111296
110	1.83761271276
115	0.4
120	0.4
125	1.85035959807
130	0.668788507392
135	1.36759664047
140	0.4
145	0.4
150	0.507542842131
155	0.656686472968
160	1.62272728548
165	0.641147013944
170	0.4
175	4.83679126171
180	0.532718494629
185	0.490177409201
190	1.49500508182
195	0.4
200	0.862381194158
205	0.4
210	3.07175513528
215	0.4
220	3.44390582803
225	5.92216396716
230	5.23073394175
235	0.927997144666
240	0.4
245	1.3166791983
250	0.406366147247
255	0.4
260	1.18689211136
265	2.85193080072
270	0.432529504601
275	4.28707039191
280	0.567158078986
285	1.44946352926
290	1.83576064736
295	0.4
300	0.692153898172
305	0.745423749971
310	4.4231769769
315	0.607602176269
320	2.01164888944
325	0.566099450605
330	11.3753835509
335	1.17178957941
340	0.559475209417
345	1.26701663287
350	0.492514760122
355	0.707237029798
360	0.4
365	0.4
370	2.27004582312
375	3.01255558886
380	1.05731894138
385	0.989278442469
390	1.51046420665
395	2.80695963599
400	0.950457059213
405	0.576411927868
410	4.25310348112
415	1.26314724075
420	1.90592891553
425	0.775175865331
430	10.7811613878
435	1.03932640369
440	0.716707963476
445	0.488286372181
450	1.58610588484
455	2.92614757606
460	2.62367954509
465	0.409317472189
470	0.855787604212
475	4.89998553849
480	0.4
485	2.24249109195
490	3.76964012977
495	0.724815806737
500	0.497966825579
505	3.69826835001
510	1.60271159162
515	6.60276092876
520	2.0055372276
525	5.89876587976
530	0.4
535	1.00617834252
540	0.472852361668
545	0.4
550	1.18043454041
555	4.0907068309
560	0.442136637863
565	0.4
570	1.57242769799
575	1.8209397899
580	0.461983556056
585	3.78981171263
590	4.25858917679
595	0.4
600	0.664143922549
605	1.17754307701
610	2.65221956803
615	0.560688766501
620	1.0606354675
625	1.15941507555
630	0.4
635	2.59315773417
640	1.2230371968
645	0.700423828087
650	7.59378081959
655	4.05056095492
660	0.487523630789
665	0.4
670	0.4
675	2.27803036057
680	4.40016358604
685	5.68329691304
690	2.1878169187
695	2.13994085253
700	0.4
705	4.03377363928
710	0.62335833055
715	2.61994077217
720	0.4
725	0.580048214103
730	0.667276274335
735	7.91021210542
740	1.03688599237
745	0.695419553718
750	5.1273428165
755	9.18017701344
760	0.908037230065
765	1.06101829949
770	0.4
775	1.53309449362
780	1.09826044277
785	1.5663836434
790	0.498507545806
795	2.31186421788
800	3.04030638306
805	2.47464695111
810	1.29001824837
815	0.4
820	0.677494547455
825	1.18111737083
830	1.36416981802
835	0.4
840	0.4
845	0.4
850	1.17477502927
855	3.17351266911
860	3.13000809014
865	0.4
870	1.2159239057
875	1.8989198662
880	1.18653659686
885	1.82789193792
890	0.4
895	4.16658451499
900	1.53624462203
905	3.24311800886
910	0.682164380849
915	1.58592333653
920	2.31482783601
925	0.424250815039
930	2.75328026535
935	0.4
940	1.88971807755
945	1.22408799654
950	1.04931859769
955	9.08035704245
960	5.25557704169
965	1.73941103102
970	0.4
975	4.76241238997
980	0.826462756497
985	2.24808112833
990	0.671070429723
995	2.00742008433
1000	0.594918437615
1005	0.719498589022
1010	7.46985729508
1015	4.45999844734
1020	4.00924586048
1025	5.07196566688
1030	1.43960641737
1035	1.11778747289
1040	0.823999842351
1045	0.430513191622
1050	0.937189207765
1055	1.26097124333
1060	0.886767722949
1065	5.75802557089
1070	2.34630467843
1075	0.4
1080	2.75805355968
1085	0.4
1090	0.4
1095	1.05314167584
1100	1.05106820848
1105	7.97505397885
1110	5.71647205955
1115	2.77296372817
1120	0.4
1125	0.4
1130	0.415088054452
1135	0.4
1140	2.45128638352
1145	2.20249221609
1150	0.4
1155	0.4
1160	6.93145140933
1165	0.726597762035
1170	1.35574964769
1175	0.4
1180	0.84964150385
1185	8.39590753076
1190	1.90399069343
1195	1.79494059766
1200	0.650225790279
1205	5.52623462789
1210	0.4
1215	0.518424626241
1220	2.37490566651
1225	2.11977049934
1230	0.4
1235	1.75484301489
1240	1.6136846436
1245	2.25649904795
1250	1.39748810223
1255	1.60249597569
1260	0.552531699801
1265	7.22808329914
1270	0.77825588618
1275	2.24519925883
1280	0.4
1285	0.977943027723
1290	1.11336515246
1295	5.57547939534
1300	2.23788159186
1305	2.39267161529
1310	2.14596399361
1315	1.26504946306
1320	1.60897514119
1325	1.30571212644
1330	4.43484263132
1335	0.4
1340	11.6057332595
1345	9.34368585783
1350	0.4
1355	2.18969613967
1360	3.57722177704
1365	1.97232992803
1370	0.541130700431
1375	8.19847953197
1380	0.903708372687
1385	0.790109415471
1390	0.4
1395	6.22182456183
1400	2.26132690209
1405	0.695812596741
1410	0.711790984355
1415	1.74692265086
1420	1.90466547387
1425	3.62755932828
1430	0.627918413497
1435	0.4
1440	0.661699471149
1445	1.45741136985
1450	0.544754670394
1455	3.00217722108
1460	1.28172770176
1465	2.05244542593
1470	3.13778743404
1475	2.7624892046
1480	1.83695891904
1485	4.45170167186
1490	0.762030065683
1495	1.10698285734
1500	0.4
1505	0.572002709982
1510	2.75879246737
1515	3.64066259135
1520	0.84779296701
1525	4.53706058403
1530	1.60843667264
1535	0.641309296977
1540	0.982158617713
1545	1.3203809986
1550	2.90965320014
1555	4.11512949537
1560	2.19437643828
1565	3.38941872709
1570	6.02461002949
1575	2.05066932996
1580	0.4
1585	1.03336682096
1590	4.76845956753
1595	2.01759385669
1600	6.28748736675
1605	2.83462190844
1610	1.1857541585
1615	2.92004694197
1620	1.68183412033
1625	0.4
1630	1.04752849438
1635	1.68064372779
1640	2.59689638135
1645	0.402591750211
1650	3.33553038728
1655	0.4
1660	0.4
1665	4.58115537522
1670	4.43447161196
1675	0.797675708671
1680	6.14929408458
1685	0.4
1690	1.79384422518
1695	3.97125586149
1700	0.903677049312
1705	1.29090782117
1710	0.677563630861
1715	0.781433906884
1720	0.844003150362
1725	2.71101195189
1730	0.693398869427
1735	0.4
1740	0.4
1745	0.4
1750	5.72872564385
1755	1.00292661144
1760	1.05325657709
1765	4.33545880288
1770	0.4
