0	2.611916192
5	0.760079659395
10	0.4
15	1.71287018787
20	3.21821116406
25	1.89855129389
30	1.04080551137
35	0.4
40	0.40303021484
45	0.796423138562
50	0.750654657556
55	1.66568951789
60	0.4
65	6.3846293302
70	1.76871284321
75	1.04600592715
80	3.16044160549
85	3.12028357746
90	4.05380868946
95	3.61043564003
100	0.4
105	1.67505411839
110	7.89367509181
115	1.96212759216
120	0.709884169219
125	2.24096338442
130	7.07500537532
135	3.33500379585
140	1.39581792317
145	3.10360658969
150	5.53444778438
155	1.09345801481
160	0.983189286332
165	2.50059828897
170	0.539686974696
175	0.557364737679
180	1.89001741794
185	0.542316405699
190	1.28807068947
195	5.36194591376
200	2.05035278997
205	0.860201517233
210	0.4
215	0.4
220	4.50909391279
225	0.4
230	0.4
235	1.91736918379
240	0.4
245	6.88208350935
250	5.54236351734
255	1.47251429006
260	2.04114879423
265	6.2644271006
270	0.4
275	3.60392880559
280	5.52691582248
285	2.53477857321
290	0.4
295	1.24012015009
300	0.4
305	0.4
310	0.4
315	0.4
320	0.4
325	3.47444369537
330	0.411932969103
335	1.60852415533
340	1.60881939897
345	0.4
350	5.11055560325
355	3.39341268224
360	1.81059017001
365	1.65238979631
370	1.00664659763
375	2.59148741063
380	1.12857450065
385	2.77261811278
390	1.07315646422
395	0.4
400	2.4060252423
405	0.4
410	5.46548602781
415	1.19283914218
420	1.85803818024
425	5.86179959614
430	3.20970845076
435	1.14884631525
440	4.74956930981
445	1.34450470514
450	1.31967726232
455	0.4
460	0.4
465	1.2786111092
470	0.490976257489
475	0.4
480	7.37714919636
485	6.35747892659
490	1.25138777601
495	0.828592230315
500	4.48528340704
505	4.62710401832
510	0.509906669095
515	0.529367697869
520	0.4
525	1.70988891638
530	2.26854563198
535	2.07268917253
540	2.38779765204
545	1.22238716197
550	1.15282705754
555	1.27585796558
560	1.78621733205
565	0.458040988044
570	0.4
575	0.616040493639
580	2.48514359248
585	3.86612392154
590	4.43341758162
595	2.47538839314
600	4.27942005532
605	1.04309854241
610	1.91436011914
615	2.76491469661
620	0.611781050923
625	2.13221143706
630	0.745652975974
635	0.976269532217
640	2.15029436426
645	1.43244217852
650	1.79005346808
655	3.07244937221
660	3.49897849924
665	3.03813409317
670	7.26867719664
675	1.65053996755
680	0.4
685	0.451539157692
690	3.70838381633
695	1.38091396567
700	0.4
705	0.817972151405
710	3.55974936316
715	2.66373218176
720	1.04702242125
725	1.40342077767
730	5.36218349656
735	0.566494228801
740	5.72045376269
745	9.8238396999
750	1.80180634767
755	3.59284588274
760	3.81194694123
765	1.64203781857
770	1.24723134482
775	1.26495294214
780	13.2932430271
785	1.49626011115
790	0.428806240309
795	2.04115246209
800	0.4
805	0.4
810	0.723809651795
815	2.15869475267
820	1.38600260114
825	0.491053430927
830	0.590929574231
835	1.22170450489
840	5.71557816085
845	5.21521424874
850	5.94076053272
855	9.01397095937
860	1.05638416852
865	3.96219183134
870	0.635025825051
875	2.53882856242
880	0.4
885	0.4
890	0.4
895	1.3134177473
900	4.25552382514
905	5.80291122526
910	9.28891825227
915	5.51453205724
920	0.4
925	1.23352712964
930	2.00350056135
935	5.97154225298
940	10.8881852797
945	12.6689551178
950	3.1396994074
955	0.4
960	0.4
965	0.65490929465
970	0.4
975	3.84788461261
980	3.3829656262
985	7.80530218767
990	2.2920008123
995	8.15718280235
1000	2.58521948002
1005	1.24503415123
1010	0.926081422042
1015	0.73350382755
1020	3.12899801427
1025	0.799726223625
1030	5.12118594155
1035	2.04072531199
1040	1.36838310264
1045	0.523531329299
1050	5.44239301394
1055	0.479819489736
1060	0.837314247644
1065	1.42181313018
1070	2.29067489663
1075	0.4
1080	0.4
1085	1.38215468275
1090	1.15171716974
1095	4.31658759647
1100	0.408331999676
1105	0.4
1110	0.547393192516
1115	1.50358500164
1120	2.49010381396
1125	5.98208890304
1130	14.8942087002
1135	0.868978875165
1140	7.40987878106
1145	3.879805943
1150	1.57882371862
1155	13.8173857909
1160	3.48236566072
1165	5.07921405886
1170	1.28106199493
1175	0.4
1180	2.66894354117
1185	0.640140682862
1190	3.31276823944
1195	1.47749563284
1200	5.08361119653
1205	1.31879049264
1210	2.38546095805
1215	10.9800583736
1220	3.31375256854
1225	3.40014454574
1230	0.4
1235	0.72009354815
1240	2.14872606738
1245	1.97667593236
1250	1.53949046066
1255	3.64299639825
1260	0.772291454711
1265	2.06307946251
1270	6.09394375396
1275	0.4
1280	4.08042712106
1285	0.4
1290	3.79347113567
1295	0.4
1300	1.95401144325
1305	1.39323299436
1310	2.39989420204
1315	1.61363509106
1320	2.91332595715
1325	1.85514927591
1330	0.472532421668
1335	0.4
1340	0.4
1345	5.91597433126
1350	0.667073876533
1355	1.05922761754
1360	0.4
1365	0.4
1370	2.79043101675
1375	1.68155708571
1380	3.59574174769
1385	0.792395374103
1390	1.69321626465
1395	1.99639100053
1400	2.40093865226
1405	1.8849613816
1410	0.887300585085
1415	0.837122479902
1420	0.663551257976
1425	0.4
1430	1.11888313246
1435	0.416209310773
1440	1.64623434894
1445	4.29025592319
1450	1.90125569876
1455	0.784908092484
1460	12.9752544715
1465	1.13708054361
1470	1.11749288065
1475	3.25294257325
1480	6.87985470629
1485	1.73423629705
1490	2.21174124873
1495	3.42505867465
1500	3.16071294336
1505	1.06160699204
1510	1.72840646796
1515	3.39135571772
1520	5.13370243112
1525	2.03537187109
1530	0.4
1535	0.482610426128
1540	4.48462884255
1545	0.975114085342
1550	0.769845745958
1555	1.45314804307
1560	2.88242747948
1565	5.10531153123
1570	7.74747094412
1575	9.8359582924
1580	1.403288259
1585	1.67998019288
1590	3.63459830787
1595	2.19962724794
1600	3.13375507839
1605	0.614535776583
1610	3.63197729463
1615	8.5102105905
1620	3.22627307216
1625	1.48912314929
1630	2.43957581348
1635	3.51527682364
1640	5.32307184905
1645	3.54632863251
1650	0.4
1655	11.338290298
1660	7.85212143411
1665	2.78280124129
1670	0.4
1675	0.66369543094
1680	2.94636534274
1685	4.50141486574
1690	1.84484184131
1695	1.6698479695
1700	2.67379300697
1705	1.27931355338
1710	0.613080313903
1715	4.44881006974
1720	1.98186030157
1725	2.40449094826
1730	6.48341438261
1735	3.78154777442
1740	0.941162840523
1745	1.90772774469
1750	3.20766172896
1755	3.28646757491
1760	0.527516382805
1765	1.66445080502
1770	1.06819780925
1775	0.656021757498
1780	1.65315107373
1785	0.921634438828
1790	1.10446056152
1795	1.13349663819
1800	0.537264340116
1805	0.4
1810	2.33897194241
1815	1.19402758067
