0	1.40938917001
5	1.58010458717
10	0.516010082388
15	1.54698603398
20	0.621968910222
25	0.4
30	2.00046659951
35	0.669022017517
40	0.91383641663
45	0.4
50	0.4
55	0.848221073831
60	1.47897681402
65	0.4
70	5.08997657808
75	2.74996636005
80	0.411020569385
85	0.4
90	1.528458318
95	1.86799386056
100	0.564673584327
105	1.39718410139
110	0.4
115	0.4
120	1.31006454485
125	0.875191016559
130	0.598834708195
135	1.3262247534
140	0.4
145	0.780661180651
150	0.726180945484
155	0.47828277538
160	0.4
165	0.467782543946
170	0.4
175	0.712627051917
180	1.18871320316
185	3.03352601558
190	0.550965002474
195	0.4
200	2.75635050211
205	1.45410386863
210	1.01625600115
215	0.4
220	0.985971751396
225	1.06346908287
230	1.15462017636
235	1.508210717
240	0.4
245	0.596956254826
250	0.4
255	0.70254079845
260	0.425841585682
265	0.952778183401
270	1.06691577867
275	0.683802838345
280	0.522289930256
285	1.19567710581
290	0.4
295	2.68173019976
300	0.823058241622
305	0.4
310	3.45707093737
315	0.4
320	0.713839279219
325	0.980922854707
330	2.00211673118
335	1.52837740791
340	4.12436500423
345	0.4
350	0.4
355	0.4
360	1.14736505514
365	0.412342125533
370	0.4
375	0.4
380	0.868647508603
385	0.869450364137
390	0.4
395	0.4
400	0.4
405	0.4
410	0.4
415	0.723508910928
420	1.40637622297
425	0.4
430	0.665271684822
435	1.04690128712
440	0.485433543831
445	0.428159861264
450	0.4
455	0.755537666398
460	0.4
465	0.879551196322
470	0.718225242015
475	0.4
480	1.50740878956
485	0.4
490	0.43959897506
495	2.14285688063
500	0.4
505	0.720194297895
510	0.4
515	0.674565932879
520	3.23296144419
525	3.22615343038
530	0.4
535	0.557317676641
540	0.4
545	1.36824797234
550	1.93013904029
555	1.96901654978
560	0.4
565	8.06095695516
570	0.4
575	0.4
580	0.861162132961
585	0.4
590	0.4
595	0.671899612571
600	0.4
605	1.05278100275
610	0.898646448898
615	2.63570960338
620	1.56069000125
625	0.460665528316
630	0.4
635	4.82301433381
640	0.4
645	2.13292356836
650	0.4
655	1.52161884465
660	0.4
665	4.55649231966
670	0.661077723649
675	1.01404306298
680	0.4
685	0.641123112797
690	0.528786903971
695	0.4
700	0.4
705	0.652018389923
710	0.4
715	0.4
720	0.4
725	0.400035986903
730	0.4
735	0.4
740	0.961843773362
745	3.88838785496
750	0.424288157696
755	1.07705247475
760	2.17864994402
765	0.4
770	0.662831138699
775	0.462993762975
780	0.4
785	1.29084936105
790	0.4
795	1.49342290282
800	0.44493519145
805	1.91287812316
810	0.4
815	0.862131639868
820	3.20044625121
825	0.796461490034
830	0.4
835	0.4
840	0.46635779891
845	0.4
850	1.48391024819
855	0.4
860	0.4
865	1.33353196221
870	2.88144536107
875	0.413499707297
880	2.60041630898
885	5.71480190528
890	1.57060304758
895	0.4
900	2.09272364735
905	0.4
910	1.27799699578
915	1.06651663463
920	0.860099611037
925	0.4
930	0.600713581653
935	1.76726669938
940	1.48062435786
945	1.57387835711
950	1.66894251632
955	0.4
960	2.21273222643
965	3.29831383672
970	0.4
975	0.4
980	0.493110531965
985	3.54236615324
990	0.672136030658
995	3.84883685749
1000	1.60725209899
1005	0.4
1010	0.633845942973
1015	0.4
1020	0.4
1025	0.4
1030	0.645321085376
1035	1.28117800069
1040	0.4
1045	0.447750527283
1050	0.716002319388
1055	0.533080061441
1060	1.66156350755
1065	0.4
1070	0.723144269876
1075	0.829276712179
1080	0.494226053829
1085	3.37965073728
1090	0.445803657258
1095	1.41661233959
1100	2.01177287483
1105	2.31057607002
1110	0.4
1115	5.04943695185
1120	0.929243329664
1125	0.641421452038
1130	0.4
1135	0.681229513379
1140	0.98559336434
1145	1.26270962059
1150	0.40668167033
1155	2.18841019311
1160	2.72494719588
1165	0.637379119676
1170	0.4
1175	0.4
1180	0.4
1185	0.4
1190	0.4
1195	0.561206345001
1200	0.491213946257
1205	0.4
1210	0.9658835832
1215	2.64407171181
1220	1.28393963822
1225	6.47837305427
1230	1.00248473424
1235	0.403869986283
1240	0.824667893257
1245	1.1436861946
1250	0.4
1255	0.4
1260	0.4
1265	0.4
1270	0.697569687114
1275	0.4
1280	1.73447995871
1285	0.997745260249
1290	1.08346928203
1295	2.52070028707
1300	0.581777041631
1305	3.69514393191
1310	0.403842026394
1315	0.981721306348
1320	0.472754229744
1325	1.15685472941
1330	0.4
1335	2.94920491812
1340	6.85434849074
1345	2.45424023816
1350	0.988971494475
1355	0.4
1360	0.4
1365	1.24145776239
1370	0.4
1375	3.80636353411
1380	0.615918556983
1385	1.33628601648
1390	0.4
1395	2.5120800108
1400	2.4691095268
1405	0.501696081328
1410	0.957005587825
1415	2.4308117072
1420	1.18535454124
1425	0.44267911362
1430	1.80616539114
1435	1.2868279864
1440	0.4
1445	0.441195317628
1450	0.4
1455	0.4
1460	0.807368137615
1465	0.769760915455
1470	2.91991662715
1475	0.965692406512
1480	0.4
1485	0.4
1490	0.461434882344
1495	0.531653639262
1500	0.4
1505	0.494910239575
1510	0.4
1515	0.900227631619
1520	0.53121371515
1525	0.4
1530	0.762244890709
1535	1.87937201075
1540	0.4
1545	6.34551054146
1550	0.4
1555	5.7775627334
1560	0.4
1565	2.78783276322
1570	0.4
1575	0.404025800332
1580	3.44635429454
1585	2.1300667959
1590	0.4
1595	4.18683937513
1600	0.4
1605	0.854523514402
1610	0.649515723584
1615	0.4
1620	0.4
1625	0.657336226253
1630	0.4
1635	0.523942883246
1640	0.4
1645	0.706793175419
1650	2.0446308746
1655	0.971100358799
1660	0.862413691757
1665	0.512662889904
1670	0.4
1675	1.75180861617
1680	1.12599702147
1685	0.878984577033
1690	0.4
1695	0.4
1700	1.95725595764
1705	3.00539563828
1710	0.537414519285
1715	1.73184004229
1720	0.4
1725	0.4
1730	0.4
1735	0.417164570976
1740	0.4
1745	0.740374753182
1750	0.901291336213
1755	2.35845012989
1760	1.6161329761
1765	0.934808769709
1770	1.1198042961
1775	0.4
1780	1.6600668864
1785	2.22170933738
1790	1.27343741292
1795	0.403413006784
1800	0.944803333419
1805	0.4
1810	0.783971183987
1815	0.4
1820	0.784434917064
1825	0.4
1830	0.757360137049
1835	0.4
1840	1.09502909171
1845	1.25317815344
1850	0.4
1855	0.4
1860	0.601713577671
1865	0.899417252968
1870	1.67538807637
1875	0.498698068451
1880	0.674362320955
1885	0.4
1890	2.51484411721
1895	1.13929318731
1900	0.4
1905	0.544401046948
1910	1.50612701423
1915	0.4
1920	0.4
1925	0.4
