0	1.47083217912
5	1.44008313351
10	6.54928036817
15	1.58658418349
20	0.82938522594
25	2.19785929493
30	0.681968414856
35	0.4
40	1.25627164069
45	1.23936501406
50	1.01355584445
55	7.09346132557
60	1.05765051861
65	0.4
70	1.89604743383
75	1.61709624239
80	0.4
85	3.87960790914
90	0.990932334012
95	0.4
100	0.768298355853
105	2.69688605781
110	1.47832713343
115	1.42817252358
120	3.37718989323
125	1.81647759504
130	4.87088205792
135	0.4
140	0.4
145	1.81207659483
150	0.4
155	0.514449710765
160	2.04312822666
165	0.748540731414
170	0.4
175	2.75162622305
180	0.876613577147
185	1.67008069499
190	3.12632430242
195	0.4
200	2.87937453763
205	0.60012119699
210	0.531666472777
215	1.29134204649
220	3.09473631052
225	0.4
230	0.551690446631
235	0.4
240	0.496907748672
245	0.669970902037
250	0.4
255	0.894552117643
260	0.831928844458
265	0.4
270	6.12927997453
275	0.4
280	0.4
285	0.4
290	0.4
295	3.99940974858
300	0.955947312323
305	0.4
310	0.4
315	2.60365893871
320	0.42260466202
325	2.21577674615
330	2.6215578383
335	2.67255364458
340	0.765811959854
345	1.6366726204
350	0.789686891647
355	0.440097337502
360	1.06068750492
365	0.4
370	1.5751124203
375	1.19186690162
380	0.4
385	1.38290838398
390	0.4
395	0.857285437124
400	0.4
405	2.36159595726
410	0.476152648923
415	4.44529958549
420	1.09772433663
425	0.680708453925
430	0.947092296106
435	0.963328034172
440	1.09590505198
445	1.33085904512
450	1.49090990798
455	0.4
460	0.4
465	0.4
470	0.596785023342
475	0.4
480	0.4
485	0.4
490	2.53280328938
495	2.60396479414
500	1.33414159396
505	3.92719272315
510	0.638889068528
515	0.4
520	0.4
525	5.38727691144
530	0.4
535	1.57147086335
540	0.4
545	1.85302929287
550	2.37176034385
555	1.38104907059
560	0.4
565	2.28361686487
570	1.60518565497
575	0.784156631926
580	0.4
585	0.911524868863
590	3.11123394733
595	1.89609397411
600	1.33031094847
605	0.4
610	0.645363588988
615	0.4
620	0.4
625	2.97137158351
630	0.670161741802
635	1.02438576487
640	3.67981397649
645	1.31201662086
650	0.593419032996
655	1.11705445952
660	0.4
665	0.4
670	2.7430051612
675	0.450130707742
680	0.4
685	0.4
690	0.4
695	4.51659362121
700	0.4
705	1.17264997812
710	1.46312001202
715	1.38551165362
720	0.4
725	0.4
730	1.41700651727
735	1.28583010934
740	3.68236366453
745	1.86857286602
750	0.4
755	2.89657402228
760	0.804867195181
765	0.4
770	0.787287875351
775	1.04846303124
780	0.4
785	2.71471657062
790	1.87372434009
795	0.4
800	0.4
805	0.436831246008
810	0.963745697447
815	0.4
820	0.857111502663
825	0.885979177922
830	0.998221830019
835	0.502650628127
840	2.36692802206
845	2.62138878233
850	0.4
855	1.56808312701
860	1.39584351875
865	0.4
870	0.4
875	1.32058602008
880	0.548716650214
885	1.99944910516
890	0.940484454517
895	0.4
900	1.56920669715
905	2.0374230736
910	0.4
915	0.4
920	2.7374675456
925	0.69757455266
930	2.01866805568
935	0.4
940	1.46303384073
945	0.54057521563
950	0.494184737176
955	3.3677525719
960	2.48674849603
965	0.537407482947
970	1.6011620846
975	0.698500830847
980	2.01437372537
985	0.975780835044
990	1.33031948454
995	0.449428948403
1000	0.998156478075
1005	0.488254400491
1010	2.70066789783
1015	1.46859078692
1020	0.4
1025	1.88948385016
1030	0.4
1035	2.06640608871
1040	1.50919723314
1045	0.4
1050	0.4
1055	1.75148740289
1060	0.881689112615
1065	0.4
1070	1.6944883499
1075	0.701981802942
1080	1.1764960984
1085	0.839842442127
1090	0.586568178045
1095	0.620436081191
1100	0.850502051817
1105	1.55971344088
1110	1.52288889828
1115	1.56925864337
1120	2.63114546792
1125	0.4
1130	0.4
1135	0.630349195373
1140	0.608366679388
1145	3.95718013917
1150	0.4
1155	1.77611857685
1160	2.02202268056
1165	0.468175157138
1170	4.34939225685
1175	5.2560165493
1180	0.4
1185	0.682121727222
1190	1.26544868921
1195	0.847085320083
1200	0.4
1205	1.96808224431
1210	1.75825998938
1215	0.968130608195
1220	0.532471230848
1225	0.988329330713
1230	0.4
1235	0.4
1240	2.15553264197
1245	0.836244220866
1250	4.18923264841
1255	1.88614824081
1260	1.02413840904
1265	0.4
1270	3.52906985624
1275	1.01164510559
1280	0.892787896219
1285	0.4
1290	3.27211998956
1295	0.4
1300	0.4
1305	0.4
1310	4.17673531127
1315	1.02045744575
1320	0.571551887957
1325	0.992132547547
1330	3.72550550706
1335	0.459440837134
1340	4.54275329042
1345	0.4
1350	0.556523825519
1355	2.88145093512
1360	3.62551310621
1365	0.4
1370	2.76227138803
1375	1.14012361575
1380	1.20961326634
1385	1.11021148947
1390	0.700138281139
1395	2.41998403821
1400	0.4
1405	0.968407328328
1410	1.71161089859
1415	0.4
1420	2.23716564431
1425	1.02495824555
1430	3.19262188931
1435	1.87607650283
1440	2.66951649107
1445	0.8222249492
1450	1.69588034135
1455	0.4
1460	1.24756341402
1465	0.4
1470	2.90342400849
1475	0.4
1480	0.4
1485	0.4
1490	0.4
1495	0.506851819653
1500	0.4
1505	1.57383197685
1510	0.850296522542
1515	5.12603597945
1520	0.4
1525	1.44574253779
1530	1.36023241088
1535	1.25575661712
1540	2.21784224432
1545	0.4
1550	0.532773880109
1555	0.91921048418
1560	0.4
1565	0.4
1570	0.878168275337
1575	1.18346118431
1580	0.909597540386
1585	2.43541176914
1590	0.611364305734
1595	4.32455656646
1600	2.68302303992
1605	0.848509712949
1610	3.91951792767
1615	0.443771384415
1620	2.40861034098
1625	0.4
1630	1.40658007134
1635	0.580171376899
1640	1.46612275138
1645	7.47674376878
1650	0.465058624766
1655	1.48706273274
1660	0.4
1665	0.4
1670	0.422368718517
1675	0.410616087134
1680	0.4
1685	0.886880626401
1690	2.90158700167
1695	1.01951241525
