0	0.97668677251
5	0.4
10	1.56594069756
15	4.94047683972
20	1.60109204454
25	3.98076019854
30	1.2164546361
35	1.72340285726
40	10.1279505116
45	1.64668435848
50	0.56334466884
55	3.78298659906
60	7.30356571591
65	1.1390531324
70	2.59728962572
75	3.4907401291
80	0.4
85	4.63595946422
90	6.3869727066
95	1.80161747086
100	1.82787965784
105	1.06309773398
110	15.3041505915
115	1.78589176087
120	1.09593193228
125	8.94890910141
130	2.15040392926
135	6.40109919171
140	0.421194230067
145	6.16112184333
150	0.416927725945
155	2.05205660395
160	0.422994460389
165	3.97372878106
170	0.634207025441
175	0.4
180	1.17030490332
185	0.4
190	1.77406847089
195	10.9628059419
200	0.4
205	1.52437594736
210	0.4
215	2.03964094349
220	3.62223928106
225	0.754440813672
230	2.65379489291
235	2.26338898433
240	2.94279187896
245	1.9755045923
250	3.10995737997
255	6.02644956535
260	1.73326030561
265	0.4
270	3.23094704315
275	0.667795807816
280	2.71187456925
285	12.8074569321
290	0.722241372216
295	3.46839420647
300	2.68908852626
305	0.4
310	0.4
315	0.909979657872
320	1.2494366054
325	0.938987521559
330	4.14227428721
335	0.4
340	3.71123297564
345	0.4
350	0.806765035911
355	2.69240730048
360	3.0545927317
365	2.91095176424
370	2.02902421498
375	3.63780357235
380	1.34676905998
385	8.15311217518
390	4.88340966876
395	0.4
400	3.72087380448
405	5.34294870389
410	3.42749617534
415	3.37294425431
420	3.67124681453
425	0.748890275909
430	0.739858895816
435	0.844616105891
440	2.73009632567
445	2.63173359061
450	6.68166560684
455	1.18962143668
460	0.4
465	5.52117067393
470	7.98100109009
475	0.4
480	1.67373224265
485	8.23709217272
490	1.04768238859
495	2.51729349828
500	0.822493280723
505	1.1030011548
510	0.4
515	0.4
520	3.49662898099
525	1.71843203649
530	1.68742586415
535	1.76891629993
540	3.71683550549
545	0.4
550	4.16504535489
555	0.568242697523
560	0.701350259105
565	3.01372570217
570	3.42046565408
575	7.05288509417
580	1.94461278576
585	5.85803607078
590	1.20660645136
595	1.64362354088
600	3.2698843325
605	1.45058033607
610	6.21506377919
615	1.62098116671
620	1.39208074894
625	0.4
630	1.21653943969
635	1.15390631657
640	3.11173465709
645	0.76889044417
650	2.17490918151
655	4.54877221329
660	1.77833526682
665	0.4
670	3.08017472555
675	0.4
680	1.27833657846
685	1.36825446697
690	4.44019986455
695	5.05393977005
700	1.17755534225
705	0.4
710	1.09290883955
715	4.69977541719
720	4.37702006409
725	3.08525647441
730	2.00772624501
735	3.00760773859
740	0.568723475602
745	3.53007473183
750	1.28561238747
755	8.48822151207
760	13.8698157836
765	1.2952664354
770	4.29397660507
775	1.0596362317
780	2.55571830763
785	1.99959250873
790	1.61962017435
795	5.4550552736
800	2.80932430079
805	0.410652991668
810	0.4
815	13.6357561386
820	2.95478206849
825	0.4
830	4.64306057996
835	1.23133546076
840	1.62877690447
845	2.15097963556
850	0.61579986548
855	0.4
860	6.85975371347
865	2.64501612203
870	2.54807144635
875	0.4
880	2.08316279999
885	0.4
890	3.56340759468
895	2.22135306605
900	1.32005095486
905	4.32814257233
910	5.84160725985
915	0.4
920	2.89865118469
925	0.724710845956
930	2.54730778339
935	1.26370167562
940	3.40269336724
945	0.4
950	0.997369119884
955	0.4
960	5.12685943424
965	4.63361632518
970	1.1143445031
975	0.996371640965
980	0.864663533232
985	1.36752212146
990	3.40722969599
995	0.4
1000	1.22804575967
1005	2.38844443899
1010	2.50061298913
1015	2.92210346873
1020	0.480649979009
1025	5.22616412365
1030	3.67888935004
1035	0.4
1040	0.524582283271
1045	3.04470757397
1050	3.37210369232
1055	0.707236631185
1060	3.69420194374
1065	5.37555718897
1070	7.48405646087
1075	0.4
1080	6.99483619331
1085	0.4
1090	4.42449254346
1095	7.00750064837
1100	3.02517316029
1105	3.61854604687
1110	0.4
1115	1.87372344304
1120	7.28247876092
1125	0.4
1130	1.62874385988
1135	0.4
1140	12.0449768155
1145	2.02467276976
1150	1.59745152027
1155	1.70276674135
1160	2.68139164829
1165	1.27201313597
1170	5.9002851372
1175	0.4
1180	0.733868943247
1185	0.524210073303
1190	0.895449971664
1195	0.400024655237
1200	7.57337334595
1205	0.602687151771
1210	0.602042880531
1215	0.991595301811
1220	0.820019365748
1225	1.63515362571
1230	1.57864244214
1235	2.31114652062
1240	0.809856736466
1245	0.817546676745
1250	0.4
1255	1.61495147681
1260	2.11295552125
1265	0.924734729337
1270	0.4
1275	4.32510769446
1280	2.11849667776
1285	5.85529472635
1290	2.48228083975
1295	4.33348689456
1300	0.687024266641
1305	4.76159295171
1310	0.44900526009
1315	2.50476281442
1320	0.4
1325	1.2478525185
1330	0.4
1335	2.82756843628
1340	4.98267765389
1345	1.70123752085
1350	5.36864439545
1355	5.21094881931
1360	1.49110114863
1365	1.03450646799
1370	5.20389093888
1375	1.02234366559
1380	1.7021911008
1385	0.429271244739
1390	4.8198279672
1395	3.15823760664
1400	0.410444175596
1405	7.06685254266
1410	1.75656470774
1415	4.7654538134
1420	1.49532799247
1425	6.74998181195
1430	3.62902062447
1435	0.420473167036
1440	1.36027458724
1445	1.15979737489
1450	2.41575936169
1455	1.21352241638
1460	0.402409584866
1465	1.10681568325
1470	0.4
1475	4.42703057257
1480	0.899273235067
1485	1.96657913295
1490	1.10759265132
1495	2.73447761634
1500	2.76307426777
1505	0.4
1510	3.56898121819
1515	4.25560185814
1520	0.4
1525	1.42789336985
1530	0.4
1535	3.5010461972
1540	1.44027429585
1545	0.807580769617
1550	0.817521550135
1555	0.4
1560	1.12286176754
1565	10.9246271238
1570	1.92233998028
1575	2.1705875891
1580	11.9888322531
1585	0.435092150309
1590	2.96422181626
1595	1.51796427662
1600	1.74085020431
1605	0.5772261432
1610	3.80693041911
1615	1.18033096464
1620	0.4
1625	1.82610450209
1630	1.26418165259
1635	0.4
1640	4.74133058679
1645	1.46179598109
1650	2.79421298458
1655	2.00692212691
1660	7.60997515084
1665	11.4843995222
1670	4.44417880619
1675	0.4
1680	4.59146679567
1685	0.782962125122
1690	7.5517344653
1695	0.418120576172
1700	6.17360276423
1705	3.69559151459
1710	1.3674298748
1715	1.68368899591
1720	4.01726121449
1725	0.553862163922
1730	2.51517183147
1735	2.20820260781
1740	1.06725833949
1745	4.48975921396
1750	0.535813992198
1755	5.89832163708
1760	0.58610608301
1765	0.734344817351
1770	4.66653666977
1775	12.1078410194
1780	0.491750636214
1785	7.30397981037
1790	4.11158308757
1795	1.02943354947
1800	0.482069018224
1805	1.2565004923
1810	2.74244998542
1815	0.870247164939
1820	5.24365264893
1825	0.5860615636
1830	2.63282734601
1835	4.24870165847
1840	0.806532803437
1845	2.97677190641
1850	0.508906223508
1855	2.57376913601
1860	2.19099901416
1865	5.68899540216
1870	1.56383346398
1875	0.4
1880	2.46516625599
1885	2.61397710704
1890	0.471160679696
1895	2.69391165025
1900	0.4
1905	0.496728391758
1910	0.4
1915	2.25769725519
1920	0.550218773768
1925	1.93876450248
1930	2.60601009031
1935	0.702248349248
1940	4.53673505121
1945	8.28261184019
1950	0.4
1955	2.31688526092
1960	3.60808490284
1965	1.27774943836
1970	2.74318145842
1975	1.32547463252
1980	8.0314926554
1985	0.4
