0	1.18733602022
5	1.14890854349
10	0.4
15	0.4
20	0.432499020125
25	0.670467509848
30	0.434438530549
35	0.829282828559
40	1.59937095924
45	0.894004684417
50	0.939915631559
55	1.95116746835
60	0.422138689276
65	1.83711648711
70	1.48655902045
75	0.4
80	3.98714385999
85	0.4
90	0.719343396172
95	0.4
100	3.41941432444
105	3.61105472563
110	1.61027400878
115	4.40742449772
120	1.4812066451
125	0.715478448255
130	0.4
135	0.4
140	1.41702643808
145	0.661728679481
150	1.3978304894
155	1.3925777514
160	0.816632704003
165	0.787315567885
170	0.847991160163
175	0.4
180	1.39233833753
185	0.4
190	0.4
195	1.26012568419
200	0.4
205	1.495030001
210	2.64267526215
215	0.904867148399
220	0.936088878694
225	2.01482258302
230	2.33883746132
235	1.50624637773
240	2.35103361691
245	3.233106006
250	1.20287338066
255	0.4
260	0.61637713671
265	0.548391812744
270	0.4
275	1.47385600757
280	1.66306576771
285	3.57748827955
290	0.4
295	0.4
300	1.02007816648
305	1.51809957058
310	1.40190435014
315	0.974689979563
320	1.47804850559
325	1.29552259063
330	0.4
335	0.4
340	0.4
345	0.4
350	0.4
355	0.795451555075
360	2.41272106653
365	0.743379100961
370	0.4
375	0.560250193691
380	3.19135815913
385	0.4
390	1.21846784762
395	0.4
400	0.546349526202
405	0.4
410	0.4
415	3.90603334827
420	2.19227388333
425	0.712268019839
430	1.66806544256
435	0.4
440	0.69297094
445	1.92788414957
450	0.4
455	0.4
460	0.4
465	0.902634549428
470	0.4
475	0.4
480	2.5134716748
485	0.714221796517
490	0.770836231321
495	0.4
500	1.09655662585
505	1.77810828518
510	0.4
515	0.4
520	0.70438138125
525	1.39616851863
530	0.55055901014
535	4.46564359703
540	0.931078046608
545	2.5619041889
550	1.14635380038
555	0.503040430576
560	5.00046517088
565	1.30348416604
570	1.72050209024
575	0.895733551942
580	1.4587930985
585	0.4
590	1.41594634966
595	2.78565420893
600	0.4
605	3.02720642954
610	1.64040672554
615	0.743556342191
620	0.4
625	0.4
630	2.40668892965
635	1.88574539609
640	5.71753226556
645	1.23068170131
650	1.08706099553
655	1.52566635656
660	1.48785522896
665	2.27150460758
670	0.581862610535
675	0.4
680	0.508172586081
685	0.4
690	0.4
695	1.52307060519
700	1.73259216462
705	0.4
710	2.49245075529
715	0.502640357425
720	0.4
725	0.785112344488
730	0.863980428912
735	1.65311476256
740	0.4
745	4.05269729205
750	0.430168268823
755	0.922831619519
760	1.43737015224
765	0.511858414678
770	2.53331533931
775	0.58468342305
780	1.95152988046
785	1.82614589328
790	1.54632609685
795	2.63355128243
800	1.86145553072
805	1.40940210276
810	1.35308980044
815	1.9836018063
820	1.40046110156
825	1.29591927647
830	3.38221890049
835	0.4
840	1.35059016
845	0.613884806696
850	0.4
855	3.85584071984
860	1.38818608163
865	2.03162835887
870	0.732034348086
875	1.21052718203
880	0.4
885	1.85347228563
890	0.4
895	0.4
900	2.17700775406
905	0.4
910	1.57261882626
915	0.4
920	0.4
925	4.58863652845
930	0.570898901905
935	0.4
940	0.4
945	0.800728569452
950	0.513381046355
955	0.654863525519
960	0.4
965	0.4
970	0.4
975	0.561171709181
980	1.59120168822
985	1.02900576522
990	0.4
995	0.4
1000	0.740750131306
1005	1.73039770141
1010	2.71317340259
1015	0.643083484418
1020	0.612677565144
1025	0.4
1030	0.975724149345
1035	1.18685345584
1040	1.26534486821
1045	0.58648414899
1050	1.17416861713
1055	5.65948196987
1060	3.06030947483
1065	0.494201698714
1070	0.4
1075	3.44477653798
1080	0.4
1085	0.751223784279
1090	0.522015092173
1095	0.519710669965
1100	0.4
1105	1.4051128096
1110	0.4
1115	0.4
1120	0.447646461369
1125	2.04267796656
1130	0.403858113539
1135	0.4
1140	0.780942775056
1145	0.575196043555
1150	1.65015789333
1155	0.615849555248
1160	0.4
1165	2.74574757024
1170	0.4
1175	0.4
1180	1.26381688242
1185	0.4
1190	0.4
1195	0.886665814456
1200	0.55110546916
1205	0.595174246901
1210	0.545858447084
1215	1.22832518233
1220	0.4
1225	0.4
1230	2.29144700168
1235	3.82719141128
1240	0.619174121822
1245	0.4
1250	0.988036186924
1255	1.71538034584
1260	0.4
1265	0.496080263729
1270	0.4
1275	0.637548987972
1280	1.55511444956
1285	0.4
1290	0.429561617857
1295	0.443193398354
1300	0.657395131625
1305	0.701084141211
1310	1.01128821002
1315	0.848966521147
1320	2.14424786407
1325	0.4
1330	2.6022799359
1335	0.720824094165
1340	0.4
1345	0.454153467461
1350	1.71461459818
1355	1.66230955942
1360	2.34005822088
1365	0.997856208128
1370	2.98901664814
1375	1.10751171442
1380	0.4
1385	0.4
1390	0.4
1395	1.14510526575
1400	0.4
1405	0.461890587975
1410	1.12183221576
1415	0.876750116894
1420	1.82852602746
1425	0.878848491521
1430	0.691800632373
1435	0.4
1440	2.00175816467
1445	0.4
1450	0.4
1455	1.06857120333
1460	2.43347253952
1465	0.511387630811
1470	1.09554547239
1475	1.42741705682
1480	1.28595828929
1485	2.5787824958
1490	1.25014847358
1495	3.26489708577
1500	0.840555896036
1505	2.11727590537
1510	2.18660605469
1515	0.667979365939
1520	0.4
1525	3.01093343569
1530	1.20885367059
1535	2.07467294103
1540	0.4
1545	1.20526545735
1550	0.4
1555	0.4
1560	0.4
1565	0.408695293181
1570	0.4
1575	0.4
1580	0.421188975667
1585	0.4
1590	0.4
1595	2.68560455988
1600	0.4
1605	0.4
1610	0.548042328946
1615	1.95511671586
1620	1.16086450776
1625	2.20751000906
1630	0.490666721734
1635	0.4
1640	1.82865733951
1645	0.4
1650	2.60726346095
1655	0.85844803253
1660	1.44282982641
1665	1.15611094117
1670	2.26524147802
1675	0.473743755271
1680	0.4
1685	0.4
1690	0.869806435067
1695	0.579403524043
1700	3.16958074188
1705	0.4
1710	0.421854988952
1715	0.4
1720	0.4
1725	0.812664856234
1730	0.4
1735	1.95793309863
1740	0.4
1745	0.95273068276
