0	2.00737607561
5	1.08231760657
10	2.28054006231
15	1.12162522096
20	3.0089744805
25	0.4
30	0.496936984661
35	1.19613135404
40	3.01321663783
45	4.88471339917
50	1.6835430571
55	3.23419595981
60	1.31425730918
65	2.54850947548
70	4.07334651585
75	2.70312233573
80	0.4
85	2.08138400017
90	0.439404188446
95	3.59902894152
100	5.04718149864
105	0.595480881578
110	1.01502860688
115	1.77898838969
120	3.58416605141
125	3.17235388129
130	1.26787341392
135	0.885052814479
140	0.863399102104
145	0.4
150	2.53634428039
155	1.35332944812
160	0.4
165	0.665247953469
170	5.80223239855
175	0.956758584772
180	0.989569107644
185	0.4
190	1.92642631885
195	0.735567528348
200	1.9938384583
205	5.22179511395
210	0.92625793177
215	0.4
220	3.42718982032
225	1.79247196262
230	2.88282318543
235	0.730375531875
240	8.07837030603
245	0.963293822151
250	1.1811967107
255	1.06470280342
260	0.741871624608
265	0.589006616962
270	4.76307050612
275	2.10347675052
280	2.47349135962
285	1.39808703839
290	0.4
295	2.06706681847
300	1.15187570427
305	2.02257170476
310	7.32766119055
315	0.4
320	1.29665035524
325	0.4
330	0.696861620736
335	2.94326463685
340	4.46878497598
345	2.09967038696
350	0.623682035628
355	5.65597437321
360	1.7777539794
365	6.90457389197
370	0.4
375	4.29555501624
380	4.13468701062
385	0.687481075324
390	0.4
395	0.767846094292
400	0.683690724166
405	0.4
410	2.08228406214
415	0.4
420	0.4
425	0.619781614361
430	12.4028693284
435	0.904272097515
440	0.4
445	1.19476969636
450	0.4
455	2.04859456666
460	0.589143763648
465	0.861510361087
470	0.4
475	2.23380697965
480	4.1528722171
485	2.62478834269
490	2.55930543846
495	2.24911334538
500	0.780871453692
505	4.53633770878
510	0.853432169597
515	0.527024110378
520	0.853052944124
525	0.4
530	0.549693043678
535	0.879097134646
540	0.507200230392
545	3.8277531933
550	0.4
555	1.8016349006
560	2.91100933384
565	3.14602361988
570	0.897833454903
575	0.4
580	0.4
585	0.793622225233
590	1.05555172706
595	1.41745581721
600	7.44660337655
605	5.81157447929
610	0.441919439373
615	1.43572741725
620	3.17220138983
625	2.55930148366
630	2.52319196094
635	0.4
640	6.49999620055
645	0.4
650	3.17108079474
655	5.44199633711
660	2.22616157699
665	4.1231262206
670	2.82588743213
675	0.4
680	2.56799836664
685	4.64939221966
690	0.404761660552
695	9.02454262622
700	7.50089692288
705	0.914848698628
710	0.4
715	0.790135271026
720	2.71158061093
725	9.5230501564
730	0.408597243781
735	7.16511233989
740	2.69343390661
745	2.46939595665
750	0.90584780018
755	0.882996386659
760	0.805505991461
765	1.31639277839
770	1.09345308186
775	0.776861579123
780	1.61075864109
785	0.762482666941
790	0.4
795	0.989126072231
800	0.815611048776
805	1.6155542552
810	0.4
815	1.06414412784
820	0.565630176798
825	2.99612793725
830	2.93902030215
835	0.4
840	0.4
845	5.68155857819
850	1.64506468641
855	1.96148097031
860	1.54738164931
865	1.20801996424
870	2.48977833026
875	0.60092592852
880	0.577839022644
885	0.611225785518
890	0.42643710861
895	0.441504507085
900	1.43650562514
905	6.68074994198
910	2.60379946478
915	2.55520493533
920	0.53183316671
925	3.00740740294
930	0.899700146313
935	0.4
940	1.3383670261
945	3.12086540426
950	1.36326898746
955	2.81369349131
960	3.12448307587
965	1.00117171545
970	0.908602051101
975	0.809002021688
980	1.35411675778
985	4.86691394432
990	0.580409600059
995	1.12601802985
1000	2.94170679572
1005	1.07702843584
1010	1.77343111774
1015	0.4
1020	0.4
1025	0.4
1030	0.870981761688
1035	0.411377590195
1040	2.76699658534
1045	2.0713986061
1050	1.68893812951
1055	0.421144239204
1060	3.99275551774
1065	0.4
1070	3.34719694388
1075	1.53576505365
1080	0.72585080101
1085	0.4
1090	1.08449882631
1095	1.2294800733
1100	1.57686651647
1105	0.737593678748
1110	9.67826715643
1115	1.70174503565
1120	0.902614568461
1125	4.970441425
1130	3.52248691859
1135	4.87696222053
1140	0.4
1145	0.4
1150	2.45690791335
1155	1.47631184981
1160	1.26880511463
1165	1.20411776477
1170	0.4
1175	2.59557694137
1180	0.909198509288
1185	4.52766293028
1190	2.42012078901
1195	0.4
1200	0.852134100586
1205	1.60302728626
1210	1.64906333987
1215	0.4
1220	1.72741609215
1225	0.4
1230	0.4
1235	3.07841522786
1240	0.422963840329
1245	2.41686271628
1250	1.47277596226
1255	2.17837866964
1260	0.495782653852
1265	0.4
1270	0.423530991934
1275	1.17849215955
1280	0.478384422589
1285	0.43287382436
1290	3.30694383201
1295	2.04664653166
1300	3.05108722938
1305	2.80911524098
1310	1.08418361168
1315	3.25280231942
1320	4.0187928179
1325	3.94045564273
1330	1.48176022836
1335	0.4
1340	0.4
1345	1.93716600977
1350	0.681018051326
1355	0.4
1360	0.4
1365	2.40845976683
1370	2.22615499585
1375	0.532599890656
1380	1.89221657855
1385	5.79212674257
1390	0.4
1395	2.69378718145
1400	5.17574460872
1405	0.489897569105
1410	1.12764436902
1415	0.4
1420	6.71417963792
1425	3.82386306405
1430	3.3057920908
1435	0.4
1440	0.589289086317
1445	0.4
1450	1.86931127905
1455	3.89830092264
1460	1.96775370993
1465	2.84687776276
1470	2.26035985059
1475	0.4
1480	0.4
1485	3.37018884559
1490	2.24746327
1495	1.78089487591
1500	0.539367461172
1505	0.766708768738
1510	0.429252178277
1515	1.40575574716
1520	8.66145268002
1525	1.72512074509
1530	1.12994107755
1535	4.16548484994
1540	1.82916504532
1545	2.10105676199
1550	1.93386505204
1555	1.88144373037
1560	0.715031099101
1565	2.19799023925
1570	3.64170559122
1575	2.59538505838
1580	0.803207134547
1585	1.71944723174
1590	0.722996579143
1595	0.4
1600	0.4
1605	4.67906160339
1610	0.495874800306
1615	1.95584441093
1620	1.45774090513
1625	3.71793444166
1630	0.43542768647
1635	4.15168792051
1640	0.636533978776
1645	1.87675311112
1650	0.4
1655	2.24784828176
1660	1.56875686552
1665	1.60654298673
1670	0.4
1675	0.78015879782
1680	2.2701027158
1685	3.58257381307
1690	1.98175419218
1695	0.4
1700	6.03285693514
1705	2.18221124516
1710	0.960322299863
1715	0.42664825006
1720	3.41964210372
1725	1.54069884524
1730	2.96364603634
1735	1.60133158561
1740	1.58045742192
1745	0.44117733892
1750	2.12221297033
1755	1.4400132402
1760	0.4
1765	2.90387804498
1770	2.01678921462
1775	1.73021687882
1780	0.4
1785	2.87453346519
1790	0.425499738057
