0	2.75644929262
5	0.636781881101
10	0.629721437455
15	0.851290702319
20	0.4
25	0.561119371651
30	0.496930071931
35	0.4
40	1.05955747001
45	0.40244071038
50	2.57638801753
55	0.808361562884
60	0.950510743735
65	0.917867319078
70	0.4
75	0.4
80	0.4
85	0.4
90	0.693275396677
95	0.4
100	1.62326523517
105	1.1645758411
110	1.77517190035
115	0.4
120	0.824359366325
125	1.66557554226
130	0.4
135	0.731599203994
140	1.32306954301
145	0.430596676046
150	0.610265357812
155	0.4
160	1.41386023562
165	0.4
170	0.4
175	0.4
180	0.4
185	0.432063445631
190	0.87882758918
195	0.4
200	0.4
205	0.4
210	0.4
215	0.522842569713
220	0.4
225	0.837952929656
230	0.93801164118
235	0.675622598232
240	0.4
245	0.882143163269
250	0.838824862699
255	0.750080256445
260	0.72103802715
265	0.4
270	0.4
275	0.561567703646
280	0.4
285	0.635744326401
290	0.505830714858
295	0.4
300	0.4
305	0.4
310	1.14633000009
315	0.4
320	0.4
325	0.4
330	1.09595870976
335	0.697140094972
340	0.4
345	1.06595901512
350	0.4
355	0.4
360	0.4
365	0.594094674712
370	0.687230100907
375	1.08398675446
380	0.860484628411
385	0.471585532094
390	0.4
395	0.433279538836
400	0.73710355339
405	0.4
410	0.480437471215
415	1.77631359059
420	1.58851559378
425	0.4
430	0.4
435	0.4
440	0.921858698134
445	0.4
450	0.4
455	0.83775435175
460	1.17915607439
465	0.4
470	0.866744680177
475	0.480452646712
480	0.76521386865
485	0.4
490	0.576982613242
495	0.448639840684
500	2.16597479809
505	1.40469172906
510	0.4
515	0.611272531087
520	0.4
525	0.4
530	0.4
535	0.570465133137
540	0.735166317344
545	0.4
550	0.43039214032
555	0.4
560	1.98647683049
565	0.4
570	0.4
575	0.471838714439
580	0.4
585	0.434778301331
590	0.4
595	1.41610542818
600	2.88834335473
605	1.31046262068
610	0.4
615	0.606818454618
620	1.13996060229
625	0.4
630	0.4
635	0.4
640	0.4
645	2.28562287574
650	0.4
655	0.4
660	0.4
665	0.4
670	0.93702088961
675	0.4
680	0.4
685	0.482914250774
690	0.4
695	1.7036222813
700	1.03701192266
705	0.4
710	0.4
715	1.2656999362
720	0.4
725	0.688335214767
730	0.4
735	0.589348757759
740	0.4
745	0.4
750	1.35469723881
755	0.4
760	0.851267456014
765	0.4
770	0.4
775	0.4
780	0.4
785	0.591393293161
790	1.2980188948
795	0.4
800	0.4
805	0.4
810	2.41292815647
815	0.4
820	0.867926092596
825	3.06877135298
830	0.517929848015
835	0.920500560665
840	0.701011797014
845	0.4
850	0.4
855	0.629288048504
860	0.4
865	0.4
870	0.4
875	0.857322133147
880	0.728649946111
885	0.623552774893
890	0.4
895	1.32367753803
900	0.907251209589
905	0.931785274879
910	1.4482307556
915	0.4
920	0.446033925143
925	1.00861442033
930	1.17456481049
935	1.41820835707
940	0.613820757122
945	1.74423115519
950	0.4
955	0.629407944576
960	1.82120819221
965	1.32844272758
970	0.4
975	1.89262823571
980	0.4
985	0.4
990	0.824575135984
995	0.859683462363
1000	0.4
1005	0.4
1010	0.4
1015	1.06981188392
1020	0.4
1025	0.4
1030	2.42126091722
1035	1.19879289862
1040	0.447125189758
1045	0.428339373747
1050	0.518150918424
1055	0.540170290993
1060	0.543574445825
1065	0.609014186285
1070	0.4
1075	0.72159960689
1080	0.918006174013
1085	0.577834257044
1090	0.522077779651
1095	0.486111712993
1100	2.45205714244
1105	0.864422600109
1110	1.60381895254
1115	1.6260402975
1120	0.596329997854
1125	0.4
1130	0.4
1135	0.968576127928
1140	0.4
1145	0.481952043543
1150	0.593455661103
1155	0.4
1160	0.4
1165	0.497155863731
1170	1.84055234132
1175	0.827590226909
1180	0.4
1185	1.75810416799
1190	0.89280533035
1195	2.15107786101
1200	0.74620076041
1205	0.4
1210	0.4
1215	0.670236240449
1220	0.4
1225	0.4
1230	0.489488519425
1235	0.4
1240	0.941450815579
1245	1.04154754184
1250	0.797390944337
1255	0.4
1260	0.4
1265	0.4
1270	0.4
1275	0.4
1280	0.4
1285	1.196056034
1290	0.4
1295	0.4
1300	0.4
1305	0.567170207524
1310	0.732754801606
1315	0.4
1320	0.4
1325	0.9166997188
1330	1.40152993359
1335	0.4
1340	1.32319895753
1345	2.19635978406
1350	0.4
1355	0.4
1360	1.05394351216
1365	0.553678882421
1370	0.441969753631
1375	1.73919087485
1380	0.4
1385	0.862899267028
1390	1.09158199903
1395	0.4
1400	0.4
1405	1.10338198973
1410	0.909302222612
1415	0.4
1420	0.572286814049
1425	0.4
1430	0.4
1435	0.4
1440	0.4
1445	0.4
1450	0.4
1455	0.945127885834
1460	1.97331327726
1465	0.790595918007
1470	1.99797035796
1475	0.764627040408
1480	2.04993495825
1485	0.680350287524
1490	0.556378303614
1495	0.683079268809
1500	1.14978655063
1505	1.15858445006
1510	0.4
1515	0.549724388184
1520	0.525937003938
1525	0.4
1530	0.4
1535	1.14794494088
1540	0.915989223583
1545	0.4
1550	0.549436422966
1555	0.931745980036
1560	1.71513739026
1565	0.4
1570	1.89972152528
1575	0.4
1580	0.4
1585	0.715958155229
1590	0.4
1595	0.4
1600	0.730814414159
1605	1.75105544099
1610	1.68205095952
1615	0.4
1620	0.4
1625	0.744022276401
1630	1.60717514459
1635	0.679538602296
1640	1.86558620063
1645	1.40712109056
1650	1.21352292793
1655	0.743931577631
1660	0.4
1665	0.731023412748
1670	0.965748253691
1675	0.829356850347
1680	0.529094889389
1685	1.00937703219
1690	0.473919326474
1695	0.4
1700	1.4702378563
1705	0.4
1710	0.517869980563
1715	0.645940950474
1720	0.823868546506
1725	0.4
1730	0.471591288912
1735	1.2621981262
1740	0.4
1745	0.589239801167
1750	0.4
1755	0.4
1760	1.18066519871
1765	0.4
1770	0.4
1775	1.00179182086
1780	0.4
1785	0.413275040578
1790	0.634546888436
1795	0.4
1800	0.4
1805	0.543305276472
1810	1.04926737043
1815	0.4
1820	0.4
1825	0.4
1830	0.404698235204
1835	1.63644209594
1840	0.4
1845	0.897657939949
1850	1.94194255442
1855	0.494517930239
1860	0.4
1865	0.437814210882
1870	0.4
1875	0.4
1880	0.68464855624
1885	0.77756606364
1890	0.48119160275
