0	1.26262361235
5	5.63917472043
10	4.60529838577
15	1.81960886163
20	0.4
25	5.02054299752
30	1.15255671466
35	2.77429771417
40	0.803872020495
45	3.55198832312
50	6.72049076176
55	2.64635720146
60	1.87707796203
65	0.4
70	2.01881775349
75	2.28085184029
80	0.583830411489
85	1.35322402551
90	16.8137335031
95	7.67308980661
100	2.84180190013
105	0.873233887733
110	8.28287496787
115	5.65928690689
120	5.27339596866
125	5.05529577815
130	0.865720849185
135	0.525993394086
140	3.37386775628
145	7.4130051442
150	0.902459915077
155	0.86930409371
160	1.54982307871
165	0.425216404832
170	0.4
175	1.02271367567
180	4.39993309591
185	1.49733122639
190	1.7577183837
195	1.499017495
200	7.47085928506
205	1.84825650165
210	1.17796768137
215	1.37786922006
220	7.40945193854
225	10.2964146481
230	0.712102473348
235	0.4
240	5.47697375463
245	2.07559920366
250	9.28033590763
255	3.10422382719
260	3.48047133754
265	0.421286506515
270	0.4
275	0.660879369581
280	4.70184148696
285	1.49822508619
290	1.1153551449
295	12.2681436807
300	3.01867125025
305	0.900399648237
310	12.8284955371
315	7.93355748134
320	1.32453363664
325	0.983973795601
330	3.33501754084
335	0.65837414205
340	0.971328933877
345	4.04077375063
350	1.91456752963
355	7.7730771343
360	3.61478684942
365	0.724319371583
370	1.23678809551
375	1.43239295922
380	1.7379925662
385	0.642646069765
390	0.4
395	6.25939210566
400	2.8480943356
405	2.63717347618
410	1.37684629252
415	3.61914528106
420	0.749860770084
425	3.4445729837
430	3.38156188639
435	3.43124621253
440	6.20446237966
445	0.4
450	3.5877043088
455	0.433479552966
460	2.0176558826
465	2.68871514654
470	0.4
475	1.51498223145
480	1.47462350225
485	0.4
490	2.39976130449
495	16.3931183919
500	6.13572728594
505	5.0099214396
510	6.76592021765
515	1.7531573328
520	1.74820686017
525	1.8804526432
530	0.427295016276
535	0.983479083824
540	0.4
545	6.86764226618
550	0.409153700376
555	5.74690994906
560	5.34202411737
565	2.57706630336
570	1.81398393506
575	1.1160808741
580	4.59185999315
585	1.62122903665
590	1.28942428369
595	1.25377967697
600	3.35560947631
605	0.498838345992
610	0.4
615	1.71845327157
620	3.38674413173
625	5.26140305558
630	3.2436837719
635	2.65169425851
640	0.95446329276
645	0.4
650	3.69297284807
655	1.12611087748
660	0.4
665	0.4
670	2.6997410328
675	4.91978440658
680	0.4
685	5.62353502182
690	0.4
695	5.03073144619
700	0.4
705	0.451225326453
710	4.61495716614
715	7.22833206772
720	1.61163629571
725	4.94201999429
730	13.3498318641
735	3.39483772817
740	1.35921447191
745	2.69678374617
750	0.4
755	8.03999858189
760	1.35442374697
765	4.93549068231
770	5.64243738826
775	0.71377780708
780	2.83591973893
785	12.840286268
790	1.35735428049
795	6.78921857761
800	0.987277287102
805	6.65449233847
810	2.78575417392
815	1.09569195235
820	12.0668860817
825	0.4
830	1.82991158172
835	3.70737134962
840	0.811087958705
845	1.13127084756
850	0.4
855	5.93914298179
860	3.40804122996
865	2.094445411
870	0.607199150159
875	5.92286454707
880	9.89315890225
885	5.52119646343
890	20.3416516404
895	3.30075624194
900	4.75059773134
905	0.761841160153
910	1.70390171638
915	0.527406196625
920	6.05616046348
925	0.526038281522
930	4.18970746149
935	3.56402478034
940	2.28121853167
945	1.37917646988
950	9.06500373482
955	2.79432546416
960	3.92421556731
965	2.76802407702
970	5.24713680625
975	3.32385273636
980	6.27775320686
985	4.15118710325
990	2.98467680792
995	3.69999627481
1000	2.68836239206
1005	1.16852283366
1010	1.88177525996
1015	8.53021749199
1020	0.559824491548
1025	12.8441317352
1030	0.618338435829
1035	4.17644857996
1040	1.98861983434
1045	8.68053833939
1050	3.09994130638
1055	1.03088562004
1060	4.37768774329
1065	0.472012715559
1070	0.720303785599
1075	0.496538847268
1080	1.6558151592
1085	11.108838238
1090	4.25922121576
1095	3.04999219188
1100	1.0848824784
1105	1.79373626574
1110	3.34055004928
1115	7.39551481135
1120	4.48896477497
1125	1.13005348855
1130	5.80216577201
1135	2.69545829807
1140	9.93248735397
1145	7.07122929216
1150	3.46023662621
1155	2.59206294309
1160	6.65637280257
1165	0.497748547711
1170	1.58747409231
1175	12.6552442695
1180	1.06683174572
1185	3.22711871124
1190	0.67012832188
1195	1.558654555
1200	0.4
1205	0.460823501353
1210	1.08105156803
1215	7.49352771733
1220	5.29222583793
1225	2.29152752157
1230	8.60595593411
1235	9.59304388178
1240	3.27176699473
1245	1.90860075322
1250	0.441797739585
1255	5.99449859498
1260	2.39658193539
1265	2.36008473409
1270	0.4
1275	2.01437227095
1280	1.52261822342
1285	2.42649431725
1290	0.4
1295	1.59486989727
1300	0.4
1305	0.4
1310	0.4
1315	5.74575518048
1320	15.5142029838
1325	9.28486059999
1330	2.53131603513
1335	0.68633666967
1340	0.4
1345	0.4
1350	0.4
1355	0.4
1360	2.39453010296
1365	0.4
1370	3.17982605664
1375	4.51121568627
1380	0.452932479556
1385	11.204660141
1390	3.86919883832
1395	2.20862622331
1400	10.134534787
1405	3.82377728232
1410	0.4
1415	7.78608621173
1420	2.71824881999
1425	3.76611790919
1430	2.06866760286
1435	5.77261115432
1440	4.56381996746
1445	0.81953779841
1450	6.39180402052
1455	1.32857275746
1460	2.67313082462
1465	5.04469684559
1470	5.06613079202
1475	1.37755406233
1480	4.22261059789
1485	9.67342742029
1490	7.93007786819
1495	7.85240608495
1500	0.504407758209
1505	13.9053198848
1510	6.82152519161
1515	1.44496499148
1520	1.99573956649
1525	4.72441301069
1530	1.36058718636
1535	0.4
1540	3.42623785417
1545	0.4
1550	3.78971644254
1555	5.06140585926
1560	6.62218553143
1565	0.4
1570	2.71557200927
1575	3.63800207675
1580	5.36448209238
1585	3.77288859664
1590	1.78505628764
1595	2.37950346181
1600	0.4
1605	0.4
1610	0.4
1615	3.12891314372
1620	0.611287216217
1625	6.05191289736
1630	1.3850610731
1635	3.7107999943
1640	1.88739923914
1645	2.70115828622
1650	4.48186693208
1655	2.7152304281
1660	1.49106292396
1665	0.4
1670	7.7473809947
1675	0.417904934486
1680	1.0650157132
1685	3.48900948686
