0	5.69326053067
5	10.2337809159
10	0.4
15	7.64591841389
20	2.59072293357
25	0.4
30	3.67882188873
35	17.8024917263
40	2.39502261298
45	1.07022140334
50	1.13720067142
55	2.72125184742
60	2.63881353758
65	4.31857900899
70	0.778457570959
75	3.06664520542
80	9.56892218587
85	0.689059669508
90	10.6438119129
95	0.4
100	11.484683293
105	2.61964708908
110	0.50533120102
115	0.73352014392
120	12.5380129259
125	2.05885170275
130	7.7205480067
135	5.60768667944
140	2.16171093954
145	3.32793979643
150	3.25149640644
155	2.02446748131
160	1.51812809484
165	2.51336227753
170	0.770044556264
175	0.4
180	0.4
185	1.23765733914
190	9.72029110423
195	0.445914522288
200	0.423794187243
205	8.71849893199
210	2.08008427036
215	4.35128012546
220	0.609287201041
225	4.80417842328
230	1.61160413225
235	5.5115169282
240	3.84418484133
245	2.2278216922
250	9.33249726004
255	0.682967966685
260	7.14881748244
265	2.20751259399
270	4.52508911233
275	0.4
280	0.547469266957
285	1.05268031538
290	1.81216735606
295	0.879749948393
300	5.84026661945
305	4.54494040445
310	2.08405059225
315	0.4
320	1.06782911693
325	2.76234084281
330	4.24413983041
335	0.4
340	1.17462710979
345	1.42825187058
350	7.04951255705
355	3.13354131072
360	0.4
365	8.17852092012
370	3.12323508434
375	0.982331073934
380	2.36078351573
385	2.03888006494
390	0.4
395	7.26563034678
400	0.637278426628
405	0.4
410	5.21162870913
415	0.657096708537
420	2.77519660298
425	2.73232617808
430	2.91445093395
435	22.5232067819
440	4.80130047442
445	0.958151975914
450	7.82482628085
455	5.03156508172
460	3.64289727412
465	3.35962128216
470	2.02508855523
475	2.34943815727
480	3.05528275019
485	0.4
490	0.724905232337
495	4.5198819274
500	0.830503524669
505	1.14647650335
510	0.835744017843
515	0.707588246988
520	1.39706033221
525	5.23490741113
530	3.20783666653
535	2.42877278679
540	5.42886018731
545	6.00758034711
550	2.03810777619
555	0.456717175587
560	0.553945020634
565	0.832739518322
570	7.56372610919
575	1.27687003396
580	3.25061350207
585	8.31067990953
590	0.4
595	1.5562920472
600	11.9205930436
605	4.65825356649
610	7.43682458754
615	2.38623460108
620	10.151527116
625	0.4
630	1.36673790158
635	6.26981252389
640	2.00746422757
645	0.746886325612
650	0.450032630849
655	10.9714131913
660	1.1643745294
665	4.09238771919
670	0.855384595858
675	1.73704709516
680	0.927276849624
685	0.4
690	5.35768815609
695	1.43074886904
700	1.11193309495
705	2.91214772531
710	5.66667429464
715	2.25050620994
720	7.47428628524
725	3.67846052758
730	5.67526559903
735	0.4
740	2.17734574205
745	2.25963643957
750	0.581437772328
755	3.46348615866
760	0.926032486788
765	9.24632320374
770	2.45460590238
775	5.23731350436
780	5.40067266374
785	5.59597090553
790	0.837184401415
795	11.2262434529
800	0.4
805	2.25066962191
810	3.37088135758
815	1.93953522975
820	7.14014922668
825	1.46816663641
830	0.4
835	0.4
840	5.77938160709
845	4.79004849608
850	0.436626764315
855	1.26683709811
860	4.25074131345
865	1.78242192123
870	14.4264216282
875	0.4
880	0.567309580475
885	4.6949411666
890	0.4
895	6.50261960554
900	3.95236887303
905	4.04246820956
910	7.76074259053
915	8.45142168904
920	5.11725351925
925	0.4
930	2.64583823375
935	2.42702123071
940	7.17650495682
945	1.73399887514
950	1.49613600248
955	3.31976830503
960	0.55725422032
965	7.33609070425
970	0.533964255126
975	7.73919514039
980	0.444269154559
985	4.99760865835
990	1.48014441339
995	2.67519409943
1000	4.99813987859
1005	7.35498335173
1010	6.02949690983
1015	3.18503170489
1020	3.37261882339
1025	0.4
1030	1.17093840368
1035	0.598172828387
1040	3.35838973431
1045	0.730030520822
1050	2.47280671045
1055	2.10539178457
1060	4.32194698904
1065	0.4
1070	0.536135598143
1075	6.0985177055
1080	5.10479757764
1085	4.37724240835
1090	9.49002441537
1095	0.4
1100	0.5878003088
1105	1.05835757927
1110	5.89497714431
1115	0.701102284918
1120	5.66219854461
1125	1.79987185895
1130	0.4
1135	1.37865121506
1140	0.886242276544
1145	0.4
1150	6.3492056909
1155	0.555772927935
1160	1.93706426222
1165	0.4
1170	3.70510687429
1175	13.8517468501
1180	0.625088318209
1185	5.84372795174
1190	0.4
1195	3.33991796409
1200	5.53425782455
1205	5.09539168999
1210	7.00193494545
1215	7.84109205324
1220	23.2481108775
1225	0.4
1230	0.958630017854
1235	7.9977619916
1240	0.405274659094
1245	0.4
1250	5.00299540369
1255	0.82385386616
1260	1.62290925788
1265	0.403784214643
1270	0.821624664334
1275	3.35229887817
1280	2.7956646709
1285	10.5634013225
1290	4.9538753654
1295	3.78548717386
1300	4.946013699
1305	3.01784218364
1310	1.23885790754
1315	1.04086257193
1320	1.56362947727
1325	0.946940246637
1330	5.75217973372
1335	0.4
1340	2.90574646774
1345	1.43775652681
1350	6.3678702872
1355	0.705076189147
1360	0.768918107127
1365	2.8969879439
1370	2.01620442401
1375	3.97574324375
1380	1.97283046487
1385	6.40884444928
1390	0.522469081672
1395	0.702846101308
1400	0.4
1405	4.40293093737
1410	0.4
1415	3.3110123235
1420	0.779511995063
1425	6.86330446423
1430	7.48586948263
1435	1.56583124903
1440	2.54179815258
1445	0.807671659298
1450	6.60388706209
1455	0.4
1460	1.65168205463
1465	3.1783008827
1470	0.4
1475	1.06199781871
1480	0.657338822135
1485	0.449152829178
1490	1.84609605043
1495	0.4
1500	8.97735524986
1505	0.655056436465
1510	2.46041499115
1515	10.3626062178
1520	5.55394669707
1525	0.96275984252
1530	1.43261391446
1535	4.12291717443
1540	0.697945495165
1545	2.89440058736
1550	5.75091054858
1555	6.90370387366
1560	0.60474568726
1565	0.412280615026
1570	1.98414601714
1575	5.05173482554
1580	0.4
1585	0.683019183757
1590	5.7122760843
1595	0.499853192152
1600	2.4814792771
1605	0.816230243822
1610	1.29054417525
