0	3.41765016035
5	0.955744477606
10	16.5848940325
15	8.23505784634
20	0.4
25	2.69964417688
30	9.36201701159
35	0.4
40	0.400789135432
45	2.32212344485
50	1.39134906273
55	8.6911687595
60	6.76042632467
65	6.32218978029
70	2.90874296504
75	8.01193219878
80	4.84987109202
85	0.930463469014
90	19.5991952789
95	5.8347421005
100	1.5385626726
105	2.60117307228
110	5.46195577181
115	15.0172233959
120	4.64083138892
125	10.813915213
130	0.4
135	8.01897400574
140	5.3061155261
145	11.8798770172
150	10.0032091311
155	0.4
160	1.35166364579
165	0.4
170	0.4
175	4.46626261854
180	1.13025332646
185	5.55608641979
190	10.5302610783
195	20.2410734177
200	1.40599686031
205	8.33003172236
210	3.97950387346
215	13.1271845827
220	29.9801241151
225	1.87752763572
230	2.94318294555
235	2.99428402221
240	4.75219085897
245	1.16967886921
250	0.414366597037
255	0.4
260	1.20196131289
265	10.8622683967
270	7.05292485638
275	9.93641626131
280	7.77385141418
285	0.4
290	3.32411720913
295	9.7190062108
300	0.4
305	15.1685828956
310	2.69768010445
315	0.909234131447
320	6.27470238737
325	4.79599769413
330	14.3804425003
335	4.00776133708
340	0.4
345	2.20861552678
350	13.5401886426
355	3.83727543973
360	13.9513807859
365	8.73688330418
370	2.09676863792
375	7.68535638119
380	3.10854007535
385	5.39165510907
390	1.31062997909
395	11.1810391176
400	17.8267699456
405	0.507118334706
410	0.784341244674
415	8.98459777907
420	4.2366777614
425	4.1596834662
430	16.4233768948
435	2.54441053874
440	1.63605693091
445	7.67428560038
450	5.36656582707
455	12.9711113038
460	9.70229416249
465	3.2670088997
470	1.35294747152
475	5.72176518295
480	1.8525733854
485	6.5710152781
490	1.19012624818
495	0.817311236543
500	8.2828506312
505	6.05388769216
510	1.26314259087
515	9.57751955286
520	0.999482316317
525	5.89303932447
530	5.90077718654
535	1.09101008372
540	13.9756980932
545	6.80380251963
550	1.10957361438
555	7.77123565097
560	7.09989212241
565	4.78179897572
570	7.67187467987
575	0.608114213472
580	17.8328106403
585	1.65489296226
590	31.9513620337
595	0.573949986265
600	2.90956510429
605	5.16300202877
610	0.777872706958
615	3.25414829537
620	7.00003523949
625	3.23426422267
630	1.64911346273
635	2.28176013319
640	9.13735218733
645	1.89909107784
650	2.7689228653
655	1.8904512565
660	4.45520960667
665	27.7794141319
670	13.4928444108
675	2.07455135088
680	5.44130688148
685	1.43671468619
690	6.45965876503
695	4.53974063791
700	4.49072777015
705	3.1277819742
710	0.4
715	0.4
720	0.945596461036
725	3.82474044034
730	1.44709193524
735	4.82586063343
740	4.39266270819
745	8.11518425501
750	13.9494552456
755	2.26275676039
760	1.91229699913
765	3.99010053789
770	0.750138089773
775	8.39990692303
780	1.6434477935
785	1.0276536051
790	5.47456542615
795	10.0232905204
800	7.26695117391
805	24.210428075
810	0.635153789389
815	0.759198461744
820	1.54559051431
825	14.2904023298
830	0.809041082052
835	0.988204075866
840	4.24062923898
845	3.35519084959
850	0.705539141322
855	0.995522743071
860	3.48385728588
865	1.34264786207
870	2.51634773509
875	2.36521588829
880	0.796664447532
885	21.5162533208
890	8.6087434477
895	3.32869775377
900	2.25100918133
905	28.8222747063
910	5.88678027101
915	2.39879134199
920	2.40095293357
925	4.05555032293
930	0.995560860441
935	4.84697108559
940	3.83114780334
945	0.823271865873
950	4.8816202098
955	15.2680890138
960	8.65658004037
965	6.16329246358
970	0.4
975	6.98569800376
980	13.4631483876
985	3.44408794663
990	10.5684850074
995	2.99584411569
1000	12.9938555424
1005	2.81086113659
1010	6.37025855182
1015	2.90250863892
1020	6.13775706109
1025	0.689309074054
1030	9.12493355833
1035	0.413171741091
1040	21.3702106448
1045	16.0552132032
1050	1.31747949993
1055	2.99735867713
1060	6.61209325722
1065	15.0115828129
1070	7.12876089082
1075	1.43410523356
1080	7.53191841518
1085	1.74977505005
1090	4.18484304027
1095	22.5898036635
1100	6.66496240641
1105	6.41222373897
1110	1.58950534741
1115	10.6115236619
1120	9.2165941845
1125	1.14040303318
1130	2.00635222529
1135	2.9053636299
1140	1.68167646352
1145	4.39596643858
1150	9.02666622197
1155	5.51780391955
1160	6.06368750349
1165	1.15636960309
1170	4.92021503487
1175	2.26786716226
1180	9.25003365537
1185	1.35443293346
1190	2.3222365485
1195	3.26209214934
1200	2.7698646107
1205	0.906083809821
1210	2.01827229673
1215	1.42915137237
1220	5.39949222105
1225	7.03711464762
1230	1.85629791442
1235	3.45756373636
1240	1.69171283134
1245	0.4
1250	6.70454219788
1255	0.4
1260	4.25255895668
1265	5.71328300307
1270	1.33753271819
1275	8.73441791085
1280	1.67523076775
1285	1.24444793597
1290	4.86584469144
1295	6.29649498834
1300	0.4
1305	1.83626099085
1310	13.2065357026
1315	4.47411021764
1320	7.36734569219
1325	0.451455572477
1330	10.0458911212
1335	10.4102264047
1340	5.61569390462
1345	4.48201317994
1350	1.06357811553
1355	1.86606754262
1360	7.57717236965
1365	4.85164897541
1370	0.71320787701
1375	1.33568590345
1380	1.70113288257
1385	8.01711823074
1390	1.64847627855
1395	5.99043214035
1400	5.78333254548
1405	1.58525979876
1410	1.98764085416
1415	11.6773589167
1420	0.4
1425	2.7298419645
1430	8.02333626768
1435	2.88149852298
1440	2.10739426671
1445	0.4
1450	3.12327960883
1455	11.2225072548
1460	5.41931518076
1465	0.537747892854
1470	0.572297391779
1475	7.01781277901
1480	0.747402843671
1485	0.755257922304
1490	7.46523844603
1495	7.01227369347
1500	6.72703281513
1505	1.2912975421
1510	7.66967982455
1515	0.4
1520	0.4
1525	2.9200606095
1530	4.81225731593
1535	0.928309602925
1540	6.37083252832
1545	8.21403257894
1550	2.10408068237
1555	3.20055487743
1560	1.06569679641
1565	0.42048179024
1570	0.731818892204
1575	4.79083221075
1580	0.4
1585	4.65086735891
1590	3.8640035115
1595	0.585158487308
1600	3.25721859252
1605	2.17849662276
1610	2.27622461466
1615	6.23305043846
1620	0.4
1625	7.55080268777
1630	3.03265674155
1635	11.5222564668
