0	0.4
5	0.4
10	0.473226012451
15	0.4
20	0.4
25	0.4
30	0.4
35	0.4
40	0.73307777001
45	0.4
50	0.4
55	0.4
60	0.4
65	0.4
70	0.4
75	0.4
80	0.4
85	0.4
90	0.4
95	0.466292759926
100	1.03349789343
105	0.4
110	0.4
115	0.804404607054
120	0.502593080862
125	0.4
130	0.4
135	0.4
140	2.06638037591
145	0.825032145937
150	0.4
155	0.4
160	1.04922055463
165	0.4
170	0.4
175	0.4
180	0.912522439082
185	0.4
190	0.4
195	0.4
200	0.4
205	0.56701954725
210	0.4
215	0.4
220	0.4
225	0.448135494374
230	0.4
235	0.4
240	1.77439237687
245	0.4
250	0.4
255	0.4
260	0.4
265	0.4
270	0.4
275	0.41898042278
280	0.4
285	0.503748783256
290	0.4
295	0.539057777408
300	0.988592938273
305	0.4
310	0.694290022612
315	0.4
320	0.4
325	0.4
330	0.4
335	0.877246870279
340	0.677870465003
345	0.4
350	0.410669181363
355	0.4
360	0.4
365	1.01431684914
370	0.4
375	0.4
380	0.4
385	0.642953362024
390	0.4
395	0.4
400	0.431027428878
405	0.627301631882
410	0.4
415	0.4
420	0.4
425	0.4
430	0.4
435	0.4
440	0.4
445	0.4
450	0.4
455	0.4
460	0.4
465	0.4
470	0.4
475	0.48561417711
480	0.4
485	0.607800457003
490	0.4
495	0.4
500	0.4
505	0.4
510	0.764718044914
515	0.4
520	0.4
525	0.4
530	0.926482560423
535	0.4
540	0.682436819089
545	0.4
550	0.4
555	0.615430553673
560	0.4
565	0.594186973967
570	0.4
575	0.4
580	0.99705720214
585	1.0321708374
590	0.506463394512
595	0.4
600	0.4
605	0.4
610	0.4
615	0.4
620	0.4
625	0.4
630	0.851967385908
635	0.4
640	0.4
645	1.7493994018
650	0.4
655	0.4
660	0.4
665	1.01236962456
670	0.4
675	0.4
680	0.4
685	0.455791034842
690	0.4
695	0.4
700	0.4
705	0.4
710	0.4
715	0.764332006204
720	0.4
725	0.4
730	0.4
735	0.4
740	0.660583865372
745	0.4
750	0.4
755	0.4
760	0.4
765	0.552448343695
770	0.4
775	0.4
780	1.08302247614
785	0.4
790	0.4
795	0.4
800	0.4
805	0.4
810	0.4
815	0.4
820	0.4
825	0.4
830	1.55220754072
835	0.4
840	0.4
845	1.3994399365
850	1.07937874975
855	0.4
860	0.592213218426
865	0.4
870	0.4
875	0.4
880	0.4
885	0.446321686872
890	0.4
895	0.884880795098
900	0.4
905	0.464512406717
910	0.412859564463
915	0.4
920	0.4
925	0.4
930	0.971501559496
935	0.4
940	0.4
945	0.4
950	0.4
955	0.4
960	0.4
965	0.774370272384
970	0.596880485366
975	0.4
980	0.684839927844
985	0.731375536415
990	0.4
995	0.4
1000	0.4
1005	0.4
1010	0.487162587345
1015	0.4
1020	0.4
1025	0.4
1030	0.679422551743
1035	1.05868174494
1040	0.4
1045	0.4
1050	0.429190116577
1055	0.4
1060	0.4
1065	0.437966219257
1070	0.490778280231
1075	0.4
1080	0.4
1085	0.4
1090	0.978908674634
1095	0.4
1100	0.576225331406
1105	0.4
1110	0.4
1115	0.4
1120	0.4
1125	1.44700993577
1130	0.4
1135	0.970106007741
1140	1.20415266378
1145	0.4
1150	0.4
1155	0.4
1160	0.618219652058
1165	0.4
1170	0.564135408331
1175	0.4
1180	0.4
1185	0.4
1190	0.4
1195	0.4
1200	0.4
1205	0.4
1210	0.773471005114
1215	0.4
1220	0.4
1225	0.449101276953
1230	0.4
1235	1.41304178187
1240	0.899404243276
1245	0.4
1250	0.4
1255	0.4
1260	0.662130442525
1265	0.4
1270	0.4
1275	0.653595467984
1280	0.4
1285	0.4
1290	0.4
1295	0.766499666113
1300	0.4
1305	0.4
1310	0.665351837172
1315	0.4
1320	0.4
1325	0.4
1330	0.442853909499
1335	0.4
1340	0.4
1345	0.4
1350	0.4
1355	0.4
1360	0.698821364305
1365	0.825962558749
1370	0.4
1375	0.4
1380	0.503992382186
1385	0.774334400824
1390	0.655643819389
1395	0.4
1400	0.4
1405	0.430227013509
1410	0.4
1415	0.4
1420	0.4
1425	0.4
1430	0.4
1435	0.609858707462
1440	0.4
1445	1.18941883721
1450	0.849608373844
1455	0.4
1460	0.4
1465	0.4
1470	0.4
1475	1.70495646136
1480	0.4
1485	0.4
1490	0.492142760765
1495	0.4
1500	1.3773280211
1505	0.686991619571
1510	1.05532781788
1515	0.4
1520	0.4
1525	0.4
1530	0.4
1535	0.4
1540	0.4
1545	0.4
1550	0.4
1555	0.4
1560	0.4
1565	0.4
1570	0.4
1575	0.4
1580	0.4
1585	0.4
1590	0.4
1595	0.4
1600	0.4
1605	0.4
1610	0.4
1615	0.574408617657
1620	0.628979574661
1625	0.570267311397
1630	0.4
1635	0.729864683045
1640	0.4
1645	0.4
1650	0.4
1655	0.4
1660	0.4
1665	0.4
1670	0.4
1675	0.4
1680	0.607205434167
1685	0.4
1690	0.47441229411
1695	0.4
1700	0.474261276961
1705	0.4
1710	0.707304414111
1715	0.835416253938
1720	0.4
1725	0.4
1730	0.4
1735	1.29458387069
1740	0.4
1745	0.4
1750	0.867858257689
1755	0.4
1760	0.424348867484
1765	0.901023560125
1770	0.4
1775	0.4
1780	0.4
1785	0.4
1790	0.4
1795	0.4
1800	0.4
1805	0.4
1810	0.4
1815	0.77815327804
1820	0.4
