0	1.35781440867
5	0.893743791411
10	0.942262553584
15	3.34912649108
20	7.62365433026
25	1.36079848788
30	0.419502893241
35	2.96293436983
40	5.55484204806
45	1.28766316071
50	0.929287367702
55	0.4
60	5.8366203306
65	0.443099072253
70	2.02463585243
75	1.1999557555
80	2.12407051358
85	3.01879124852
90	1.26372966102
95	0.4
100	0.88337658155
105	2.60535052581
110	5.18209282395
115	0.553353702319
120	2.28278189374
125	0.977292838229
130	3.09888468447
135	0.4
140	0.4
145	2.20158542612
150	1.52685710797
155	3.8201397564
160	4.91527667928
165	1.5097513327
170	3.28668348251
175	0.4
180	1.55357118177
185	4.58415005332
190	0.663662617773
195	0.79970427556
200	2.60819214244
205	2.84499700818
210	4.29116214879
215	0.714378768024
220	1.57828663629
225	2.03900470619
230	3.07350008152
235	0.491905070832
240	4.3601299982
245	0.76600857921
250	4.39037892888
255	2.42586404007
260	1.07092930193
265	1.47663050742
270	2.92619307275
275	0.904747407543
280	2.99400797545
285	0.4
290	2.00757335656
295	0.681687104255
300	2.68208051309
305	3.96528390484
310	1.91380180248
315	4.10662517094
320	1.07566541803
325	1.22744285668
330	0.426700132116
335	1.43900668174
340	2.46926008046
345	2.0041467459
350	1.55904253598
355	1.44472864139
360	0.4
365	4.5385623975
370	1.19104603505
375	3.96880756865
380	0.664888795941
385	7.94005994463
390	0.47078424675
395	1.81949622567
400	1.79316144196
405	1.16132032629
410	2.14241022658
415	0.430440070553
420	2.30435231644
425	3.47441376345
430	1.8249228091
435	0.809508007599
440	0.989448552902
445	0.4
450	1.27843602745
455	1.08647273949
460	0.4
465	2.25231162239
470	2.17179297567
475	1.20454703919
480	2.67386039825
485	0.435111842318
490	0.575651751586
495	1.75051739983
500	1.56180841221
505	0.559113822926
510	1.44008942518
515	5.74077345515
520	7.64858439294
525	3.03313843191
530	0.4
535	0.887645975882
540	0.4
545	0.4
550	2.82300686735
555	0.465528878344
560	0.507120687929
565	3.29240110652
570	0.540813543808
575	0.74924268614
580	0.686466880781
585	0.436253782435
590	1.69502617447
595	2.65968635386
600	0.565183693747
605	1.97633792607
610	2.06175001689
615	3.81420464574
620	1.31821840329
625	0.731744640156
630	2.98899765104
635	1.01309773992
640	1.91276511813
645	0.741324056729
650	0.990758500333
655	0.4
660	1.90584723971
665	3.67921133641
670	0.4
675	0.549932596158
680	0.836341293735
685	0.704731354999
690	4.66569571738
695	5.56718363562
700	4.70399187771
705	2.77964277876
710	0.4
715	4.14029929546
720	0.770683111352
725	0.4
730	1.25524283625
735	5.3167144706
740	0.4
745	0.4
750	4.08918339491
755	2.14837177269
760	0.4
765	1.98713512687
770	0.4
775	2.13905671117
780	3.52509203336
785	0.995819219962
790	1.55199322153
795	0.604840666609
800	0.4
805	3.12616105587
810	0.5695122879
815	3.03302840861
820	5.56398296602
825	0.563394167872
830	4.14634687776
835	1.64346806343
840	0.818614192126
845	4.907132657
850	1.88165604736
855	0.869675303274
860	7.35243684462
865	1.5299863304
870	1.49055750189
875	0.456390310789
880	0.543592117319
885	0.4
890	0.4
895	1.3311265634
900	0.4
905	5.11398481406
910	3.20539582773
915	0.4
920	3.13886279618
925	7.54406127487
930	0.4
935	0.472488190831
940	1.38810379715
945	1.3001448605
950	0.442715046842
955	0.4
960	3.00721707991
965	5.22672025614
970	0.4
975	0.743162633192
980	1.32372079007
985	2.66244856626
990	2.04828847964
995	1.01113402076
1000	2.03645285142
1005	0.4
1010	8.38065914199
1015	3.17807044775
1020	3.35896013294
1025	1.41101012617
1030	1.58681671596
1035	2.67127813582
1040	2.6382250168
1045	0.4
1050	0.556480971702
1055	1.9193217853
1060	8.76775894708
1065	1.9874929337
1070	0.427096147748
1075	1.37962899205
1080	0.408669578527
1085	0.486927159399
1090	4.39304045381
1095	1.9171787919
1100	0.4
1105	0.501691975937
1110	1.38753332646
1115	3.95152989742
1120	2.17049841075
1125	0.790168308078
1130	3.79353398774
1135	2.57822966381
1140	0.482730361405
1145	2.53286373598
1150	0.482599629745
1155	0.908030557204
1160	0.927360982178
1165	1.81392048814
1170	0.4
1175	0.434491453918
1180	4.1985530742
1185	2.1506128719
1190	0.51948089389
1195	2.44026558966
1200	5.14072515075
1205	0.963115048433
1210	0.4
1215	0.4
1220	2.69261225853
1225	0.4
1230	1.92792945187
1235	0.72170724442
1240	1.04334138627
1245	0.67875051375
1250	5.56060973627
1255	2.91863832062
1260	2.71203869457
1265	2.58641851091
1270	0.4
1275	2.24501070891
1280	0.4
1285	3.93668448711
1290	1.95242574338
1295	2.3146456379
1300	0.4
1305	0.650490690216
1310	3.10819042576
1315	0.4
1320	7.18417449419
1325	1.2681505962
1330	0.4
1335	4.01802286995
1340	0.4
1345	3.69595562828
1350	0.605886326081
1355	2.3735608968
1360	1.20983414987
1365	2.77283288295
1370	5.36157576702
1375	1.17643278459
1380	2.60257552134
1385	2.97063715657
1390	5.06660263739
1395	0.4
1400	1.3068099843
1405	0.4
1410	0.62146946072
1415	0.4
1420	1.79613940471
1425	5.0363094535
1430	0.4
1435	1.166739717
1440	0.664990754644
1445	2.32008488406
1450	0.996193057471
1455	0.4
1460	5.56209590834
1465	3.64381419757
1470	2.20472173418
1475	0.721596423392
1480	2.61761438439
1485	8.28476450497
1490	0.4
1495	4.42879822179
1500	2.8225177203
1505	1.90846968341
1510	1.33525290024
1515	3.10596380483
1520	4.82057247751
1525	5.32506588868
1530	2.90007072703
1535	2.50394065578
