0	3.43707326801
5	0.4
10	0.746584253288
15	3.28012230717
20	0.42122970036
25	0.587139711972
30	0.4
35	5.54931971709
40	1.25880344533
45	0.4
50	1.30488856399
55	0.502651136916
60	3.31615298714
65	1.72462401376
70	2.95390617976
75	1.38653528904
80	0.558972821815
85	1.82241443608
90	1.7301518617
95	0.924867986505
100	0.721107209412
105	1.39859207185
110	0.4
115	0.4
120	0.4
125	0.884933620659
130	0.4
135	0.568513843449
140	1.12015318596
145	1.01472877174
150	0.4
155	0.4
160	2.30155854654
165	1.16310772561
170	2.30103287754
175	0.4
180	0.612088158283
185	2.05375307377
190	0.4
195	0.520400932332
200	2.84250172521
205	2.33805196312
210	0.4
215	0.430607322729
220	0.990508570811
225	0.4
230	4.24519743466
235	1.17000001958
240	0.656051006264
245	1.53351821491
250	2.84708415705
255	0.615345330359
260	0.601650170589
265	1.2665427646
270	2.5030695778
275	0.900969246468
280	1.64691233306
285	0.575887589521
290	1.20339760359
295	0.4
300	4.03024497144
305	0.4
310	0.4
315	0.653079540322
320	0.59822757525
325	6.71106733869
330	0.4
335	1.16985056014
340	0.868497293788
345	0.805634610051
350	0.52321191586
355	0.4
360	1.40617139141
365	1.82668349957
370	2.49687801244
375	1.25276541374
380	0.4
385	3.32656387337
390	0.4
395	0.417636984265
400	0.591862369974
405	0.66379485849
410	1.21942821436
415	1.66093342752
420	0.4
425	1.22127476983
430	0.4
435	1.68895546459
440	1.56959302406
445	0.549294300772
450	0.4
455	2.82951413391
460	0.761218265182
465	0.4
470	0.4
475	1.78752830275
480	0.4
485	0.4
490	0.652000322218
495	0.4
500	1.16617437568
505	1.17982668797
510	0.4
515	1.8860461021
520	0.4
525	1.09220646461
530	0.4
535	0.4
540	0.426500885494
545	2.87481195744
550	0.4
555	0.4
560	0.4
565	0.841918023963
570	0.4
575	2.15125498426
580	0.4
585	2.12163269112
590	1.19962203187
595	0.4
600	0.433544626449
605	3.24156507434
610	0.910885330244
615	0.4
620	0.4
625	0.730076052614
630	3.02681781149
635	0.781790778303
640	1.06758998485
645	0.575625016572
650	0.4
655	3.59833244708
660	0.4
665	0.4
670	1.05294514529
675	0.4
680	0.4
685	1.3410779426
690	0.4
695	0.622632089956
700	2.05621829136
705	0.435740792677
710	0.4
715	0.566488650974
720	0.429097628751
725	0.402230487
730	0.4
735	1.03544765237
740	1.15652685285
745	0.4
750	0.4
755	3.60266987751
760	0.475745727038
765	0.585714463999
770	0.4
775	1.44001011219
780	0.507682046737
785	1.90325937833
790	0.4
795	1.81906502899
800	0.473101708963
805	1.00698933938
810	4.63287089026
815	0.4
820	0.4
825	1.99509481003
830	3.83410714354
835	0.68333487188
840	1.37840493274
845	0.4
850	1.7303010997
855	2.10087025342
860	5.58572348478
865	1.95777701718
870	0.4
875	1.23017293643
880	0.4
885	1.43097124959
890	0.4
895	0.584314713124
900	3.28361176629
905	0.755424547197
910	3.4359398945
915	0.449832715066
920	0.616832070008
925	0.839130535665
930	1.37950222164
935	2.26349652854
940	4.24194528857
945	0.964317377225
950	0.940179828445
955	3.4797048378
960	0.981748276806
965	0.482719010366
970	0.912528846073
975	1.19310118937
980	0.833507942899
985	0.4
990	0.80403704411
995	0.64893473845
1000	0.88628983049
1005	0.421747887863
1010	1.64313457525
1015	0.65021176034
1020	0.4
1025	1.1694489811
1030	0.4
1035	0.673053171394
1040	1.23295528764
1045	3.9594379939
1050	0.498965592274
1055	2.4032306979
1060	0.4
1065	0.4
1070	0.814709983872
1075	0.581063095502
1080	0.4
1085	0.4
1090	2.45064395485
1095	0.4
1100	0.45036495195
1105	2.48162898811
1110	1.00057804944
1115	2.04557685338
1120	2.93954750599
1125	0.4
1130	1.42786666444
1135	0.4
1140	2.18982576691
1145	0.499724560666
1150	1.46356504711
1155	0.4
1160	0.530838015375
1165	1.45055434194
1170	2.0206479002
1175	0.4
1180	2.0749691582
1185	0.623806757921
1190	0.4
1195	0.620415564393
1200	0.919214072175
1205	0.4
1210	1.72240867423
1215	0.477435236511
1220	1.64929818987
1225	0.896147956829
1230	1.31016416782
1235	2.04154961728
1240	1.3753128242
1245	1.99245212951
1250	1.49255786027
1255	0.432197593267
1260	0.4
1265	6.84180231584
1270	0.508259943496
1275	0.719136799514
1280	0.771491530095
1285	3.57268877036
1290	0.669740918073
1295	0.4
1300	0.444162314221
1305	3.55335570129
1310	0.463128757208
1315	0.938356809061
1320	0.733411944984
1325	1.29507179042
1330	1.60216441463
1335	0.4
1340	0.4
1345	2.4020723366
1350	0.903038929893
1355	0.879782662449
1360	2.19105171208
1365	1.50691905169
1370	0.495368914806
1375	2.79107386811
1380	2.4838333471
1385	0.602258487987
1390	0.4
1395	3.6259963407
1400	1.73503480241
1405	0.4
1410	0.778704844897
1415	0.644113727699
1420	1.10503945901
1425	1.97881325325
1430	0.417556207791
1435	0.4
1440	3.16417092816
1445	2.95427310765
1450	1.93712872673
1455	0.4
1460	1.55758539154
1465	2.00863095241
1470	0.4
1475	7.68415751754
1480	0.4
1485	0.4
1490	0.953761494194
1495	0.898569743585
1500	0.431785910484
1505	0.684775003494
1510	0.4
1515	0.721260264728
1520	0.669352005471
