0	0.4
5	0.564946231089
10	5.842375145
15	0.4
20	0.4
25	2.43926847128
30	11.0959355561
35	2.54496066634
40	0.944527801403
45	2.02533086033
50	1.92244795098
55	5.85239271264
60	1.77188578813
65	0.4
70	11.3437049849
75	2.17909825537
80	3.33769086244
85	1.40471482383
90	1.96118847137
95	3.90417911628
100	6.13358414442
105	10.7409686462
110	1.18077255825
115	1.46073739781
120	0.4
125	0.603758030529
130	1.72815005207
135	3.34965402773
140	7.70442805826
145	8.1800719895
150	1.00451414106
155	2.26046089966
160	0.4
165	1.24026270394
170	7.25224186723
175	0.60893892057
180	0.412837194479
185	0.4
190	0.585321883102
195	5.75036735146
200	1.59607887676
205	0.4
210	2.53280542955
215	0.4
220	3.57085993608
225	2.3924692545
230	2.04468415029
235	2.46039621146
240	1.46243056635
245	7.9033423825
250	1.78418512609
255	10.8855695872
260	3.00454025365
265	11.8325764822
270	8.02263296286
275	0.439403592333
280	9.12653261977
285	8.00756446337
290	3.14948117484
295	4.49956432633
300	1.64894319001
305	10.0765590347
310	0.718341156239
315	2.67849156826
320	0.4
325	0.4
330	8.39486840124
335	2.95140410556
340	2.30142438954
345	3.04177509375
350	0.404085044208
355	0.986384637088
360	10.7038748235
365	0.4
370	0.4
375	2.29098155099
380	4.27781760129
385	0.936902012468
390	7.53353158801
395	0.67088552695
400	5.56535482332
405	4.725218384
410	7.31043774081
415	0.600130041602
420	1.5204872481
425	1.31375773565
430	4.22715503407
435	0.4
440	5.33838695559
445	4.49870363407
450	10.7828918107
455	1.17689312971
460	3.0340611724
465	15.4043187256
470	0.637574457661
475	1.11483090475
480	0.628809756116
485	6.38322200362
490	3.99715500257
495	4.81726187287
500	8.54018084111
505	2.00384020397
510	0.521144975964
515	6.16980651622
520	1.63069427948
525	13.5052986142
530	1.47763099744
535	4.05864791117
540	3.31815020712
545	3.1014286985
550	0.436640112552
555	1.25766842633
560	2.47383899221
565	3.82678392225
570	0.4
575	2.91362714783
580	4.2233279301
585	6.72018207305
590	2.49928440817
595	8.87116162083
600	7.10639674951
605	1.4283996771
610	1.23137232056
615	0.4
620	4.40105324702
625	0.4
630	0.555211913783
635	2.49259372677
640	2.14700154166
645	3.92369064927
650	2.26598414939
655	0.4
660	1.2489000264
665	2.87947181623
670	2.80660585682
675	3.11061704441
680	2.10677672877
685	0.884848350506
690	3.85720005575
695	4.52193050146
700	3.13739650881
705	6.15376017022
710	5.45885330929
715	2.87793415051
720	2.34530366897
725	7.28090453307
730	10.3003773881
735	1.62111276942
740	10.093861851
745	5.33924070288
750	2.00329998096
755	0.607997407032
760	1.66217202403
765	3.40000396921
770	4.24783709316
775	3.28157348425
780	6.31079086599
785	4.97757185468
790	8.53465532471
795	1.1956702335
800	1.56592307483
805	5.66151375864
810	9.94457416539
815	7.64719775508
820	0.4
825	3.87691118517
830	1.16718545788
835	0.534566681338
840	0.4
845	0.4
850	5.56773359471
855	4.37350495549
860	11.4551846613
865	1.14463269545
870	2.58277766006
875	1.04637511019
880	1.54495950484
885	0.73578276777
890	0.4
895	0.835790376618
900	1.58623418658
905	2.07303389908
910	0.4
915	2.33643897761
920	0.4
925	3.7663294655
930	0.4
935	1.25257962423
940	2.86813705462
945	5.62701007734
950	8.02128602433
955	1.5617686911
960	0.4
965	2.72209743287
970	1.15012584422
975	2.09621913628
980	7.26236085032
985	3.81112652049
990	8.44950485113
995	2.81740364031
1000	0.402548006846
1005	5.61396445943
1010	2.97681854737
1015	11.31468632
1020	0.4
1025	4.20567728093
1030	2.78648220698
1035	1.46886848354
1040	1.34705310497
1045	1.31704573135
1050	0.4
1055	1.1775887498
1060	5.32791107766
1065	10.3783510228
1070	0.520334437114
1075	3.55460437953
1080	2.91801167455
1085	0.4
1090	6.94201740568
1095	5.04481053496
1100	0.4
1105	0.4
1110	2.05907528761
1115	6.14379726372
1120	8.42404301139
1125	1.63960100943
1130	2.95432736914
1135	13.6341969852
1140	1.72759864289
1145	4.80896843725
1150	3.72510884672
1155	3.17591473739
1160	21.747003511
1165	0.4
1170	0.4
1175	2.10717435158
1180	1.29805013985
1185	1.03189099572
1190	2.40811513729
1195	2.17074203843
1200	2.94382455726
1205	10.9384097301
1210	1.02906213755
1215	6.36998304749
1220	0.4
1225	4.26250523873
1230	1.09070277485
1235	4.61440677236
1240	4.55187481774
1245	0.417188978131
1250	10.4026638211
1255	2.73664855011
1260	7.22971989051
1265	2.13591392287
1270	0.940475614143
1275	1.35647167905
1280	0.517825842973
1285	3.15205533143
1290	3.41853652102
1295	0.4
1300	2.25107559724
1305	4.78506622866
1310	3.4306773237
1315	16.4835724135
1320	14.9125098313
1325	2.07751084987
1330	2.88338055506
1335	1.74812894961
1340	4.93557561674
1345	1.99347708498
1350	1.86017614387
1355	3.89357940334
1360	0.618164088896
1365	8.04996514491
1370	2.91432188679
1375	1.61806841708
1380	1.66598539281
1385	2.83269001782
1390	6.11922877872
1395	6.47499509181
1400	1.36544172483
1405	3.17683680689
1410	3.13455095257
1415	4.50404505118
1420	1.02444045867
1425	2.77127284006
1430	5.26390125221
1435	0.4
1440	5.88705471322
1445	5.52892865683
1450	0.873748757752
1455	0.4
1460	7.22362268194
1465	1.69531428554
1470	2.87411401366
1475	1.07570609622
1480	0.716802307344
1485	0.614871939419
1490	1.04764644511
1495	0.4
1500	10.1541567724
1505	6.19006400717
1510	2.36259618891
