0	8.34666823732
5	4.55025449726
10	6.29067435893
15	0.790703461633
20	0.4
25	6.20729926985
30	3.1296079337
35	3.50028185799
40	1.45573934361
45	8.86548185352
50	1.05983183826
55	3.28898963487
60	6.77724153334
65	9.82170350655
70	0.952907262217
75	0.714904587494
80	2.40761243187
85	4.38111511134
90	0.4
95	3.96865566138
100	4.70894095472
105	1.21105466484
110	9.38631355828
115	1.18088705315
120	6.38418686089
125	6.09061448384
130	0.782678399369
135	3.27730331396
140	2.16877277278
145	3.1614434027
150	0.918608588746
155	0.66141968431
160	0.4
165	4.76513110324
170	6.58307580045
175	10.5337162356
180	1.00935207495
185	6.27988808014
190	2.84871528395
195	4.85711438811
200	0.4
205	0.754816076218
210	0.4
215	2.66027762655
220	2.94966003404
225	2.38701874043
230	6.21907997025
235	7.58336878867
240	0.4
245	13.4603685676
250	3.88446217873
255	5.45170893716
260	2.99814386494
265	9.48284272293
270	2.31948453206
275	0.672498559283
280	4.71433505303
285	5.15975917652
290	3.20186004692
295	2.59585974487
300	1.04205533271
305	1.45012807614
310	1.42931761406
315	15.4263602406
320	6.99263354291
325	3.8791132117
330	1.6150545335
335	15.4041267144
340	1.46853399106
345	2.98408136105
350	2.95847246543
355	0.592057303419
360	2.02206351064
365	13.2305980102
370	0.858817079515
375	0.579074203592
380	0.845909746533
385	2.51498755363
390	6.09701007259
395	1.43823101242
400	6.71217056137
405	5.42900183716
410	1.9348545689
415	7.02275608098
420	3.12671552054
425	1.10081697622
430	1.0029971842
435	2.51369971987
440	1.46278240212
445	0.925523220279
450	0.87265510995
455	0.4
460	8.66586405946
465	0.857838983493
470	5.23765017616
475	1.97799321689
480	1.92354338325
485	5.51183313707
490	2.40493767371
495	5.49750337783
500	6.24863590502
505	0.4
510	11.2444144692
515	4.33848068997
520	6.23535555484
525	0.626848605278
530	11.131209397
535	1.26736387953
540	8.41657392223
545	0.4
550	6.95676410111
555	9.46575156643
560	2.52005061551
565	15.9504242775
570	0.474971657129
575	1.48820780149
580	3.47648922689
585	3.84735320756
590	3.52148688746
595	1.23737856695
600	15.1493342833
605	2.44296085134
610	5.65099219588
615	4.10066611878
620	13.6270848101
625	0.4
630	2.72513776561
635	2.38335668684
640	3.58539963735
645	2.17299592851
650	9.21033745427
655	7.09170120665
660	3.673005929
665	1.36265088469
670	11.463142834
675	0.453427674546
680	5.15073645916
685	1.29807549779
690	2.96718659346
695	2.33628589425
700	5.05489556057
705	2.77711847296
710	1.88941545835
715	0.4
720	4.5721346837
725	3.77790171888
730	3.82968813276
735	7.17417696996
740	3.64695701583
745	12.9352658179
750	11.3638430596
755	3.66575390047
760	12.6386362938
765	1.2134736872
770	6.47279518527
775	2.49249376491
780	4.36293806694
785	8.08034973221
790	0.4
795	12.4222902101
800	2.29782687336
805	0.895379254665
810	12.3863638964
815	3.08880423438
820	2.42871642847
825	1.48036993124
830	4.8591229878
835	7.35633452848
840	6.63976812766
845	4.37336368041
850	0.4
855	0.863081813682
860	9.90280227105
865	4.16608340774
870	3.75098452446
875	0.4
880	2.39078615546
885	0.909704231678
890	1.6658574936
895	2.67348270679
900	0.821441087232
905	2.18883344104
910	10.5021263171
915	0.4
920	4.92060065923
925	3.13402427215
930	0.795535311813
935	4.620001571
940	0.620422905272
945	0.4
950	0.874121888938
955	11.4566752015
960	1.82587080005
965	0.4
970	7.00972988023
975	4.08952324994
980	2.49221057295
985	0.4
990	3.87889615147
995	5.01569517808
1000	6.19616659224
1005	1.4728547774
1010	1.3347579687
1015	2.13269587477
1020	2.13846287506
1025	1.70407193829
1030	0.4
1035	10.8733608032
1040	16.3441609117
1045	1.8552778782
1050	3.43901907637
1055	1.02830412358
1060	3.91770161788
1065	4.84039790854
1070	1.32891323997
1075	5.74417764262
1080	7.55481865311
1085	4.67176856417
1090	6.1410678888
1095	2.34403850485
1100	1.33896077428
1105	0.4
1110	3.16567731151
1115	0.706739620856
1120	0.91701724154
1125	1.35388905688
1130	1.9840111448
1135	6.19367398256
1140	6.76660688165
1145	3.02662874541
1150	2.94917579975
1155	8.44537626757
1160	2.49829313192
1165	1.38903739412
1170	3.83710293905
1175	0.4
1180	9.14228024106
1185	9.42310232123
1190	7.03106140494
1195	0.4
1200	0.45232601341
1205	7.45933821008
1210	3.3598729944
1215	1.36363417006
1220	0.4
1225	0.702334638394
1230	4.36634359021
1235	4.10787703789
1240	6.43811707802
1245	1.79938738973
1250	1.14965143107
1255	5.98505808604
1260	2.52965842161
1265	0.4
1270	7.24830425129
1275	0.4
1280	14.9775845726
1285	8.60617299435
1290	1.40052431039
1295	1.99297060836
1300	15.0857076574
1305	16.7805484743
1310	1.00251300161
1315	0.4
1320	4.49020827941
1325	1.03412645805
1330	2.695087718
1335	6.02127034259
1340	2.38115775179
1345	0.722305725392
1350	0.4
1355	0.830169435994
1360	11.6058145986
1365	1.86022487534
1370	0.4
1375	0.57312179719
1380	1.07304501733
1385	1.9942159803
1390	0.716902300714
1395	7.36396451147
1400	0.4
1405	15.0744382839
1410	0.963444407972
1415	5.70551855583
1420	7.70802535852
1425	21.4925432473
1430	15.4836558632
1435	4.05549158046
1440	7.94291408149
1445	16.7915726587
1450	0.615371579989
1455	14.902658055
1460	1.76820145537
1465	4.80486776921
1470	4.33953183397
1475	3.43956363139
1480	2.48144294068
1485	1.09547687145
1490	7.9702258372
1495	1.32854905463
1500	1.15302639333
1505	7.16815352847
1510	0.507912292283
1515	2.97419494353
