0	0.717270241904
5	0.609632503459
10	4.09043920795
15	0.4
20	1.17775939818
25	0.4
30	2.55731110996
35	12.2942897404
40	1.1285559556
45	4.01289744336
50	1.9857606176
55	1.86640201422
60	9.21772048985
65	1.46372291786
70	2.12531230042
75	1.68761317173
80	0.683702071686
85	3.0803679531
90	1.21384721851
95	0.4
100	0.616266238844
105	3.08025876961
110	1.01993128959
115	0.842993656226
120	0.425218297501
125	0.583318964222
130	3.85163118714
135	1.82773974043
140	1.52301453521
145	1.52618289455
150	1.24437479546
155	1.11982462229
160	0.4
165	0.72528284626
170	0.832189461502
175	1.55823690319
180	0.4
185	1.47661121853
190	4.94835590737
195	1.58916263084
200	0.672543516337
205	0.867837237085
210	1.23164818574
215	1.07675461168
220	1.64146219533
225	1.77346313033
230	2.0990059063
235	0.976373675671
240	4.10086415744
245	1.16095655154
250	2.06824443127
255	4.2930294122
260	0.829216311666
265	7.19201584073
270	3.20428380149
275	3.35911002736
280	5.97455066865
285	0.812438546954
290	0.888067147435
295	4.17956256654
300	1.48854473354
305	3.30233338243
310	0.762455367422
315	3.53972693267
320	3.50210878704
325	1.76840917848
330	3.30091705208
335	1.25648680092
340	2.96551181733
345	0.4
350	3.7114690187
355	6.2825880032
360	2.95035904483
365	1.273238848
370	1.47835270203
375	5.06632727993
380	8.45758052229
385	2.39010221976
390	0.750202101799
395	0.736288962866
400	1.84330999174
405	0.4
410	0.6374290582
415	4.32318454522
420	2.45909039837
425	1.25777403839
430	0.4
435	0.4
440	1.84287743816
445	2.85114874537
450	0.477657589189
455	1.38431820173
460	1.28698853626
465	3.63659460754
470	2.9265761033
475	0.4
480	0.787141986859
485	0.4
490	6.46771149535
495	0.62279926834
500	5.49431343982
505	3.27326350992
510	0.4
515	4.15030919483
520	4.25182439591
525	0.937436967414
530	5.36357620781
535	1.66145272542
540	3.70816352756
545	1.21290560359
550	0.417752240559
555	1.83768992765
560	2.55358738198
565	2.30020867561
570	0.4
575	1.28495523424
580	2.5400204952
585	4.18326474986
590	2.28878770242
595	2.32998368401
600	1.80474290459
605	0.4
610	0.888903019775
615	3.69573849513
620	0.727775547619
625	1.21675832264
630	2.28749047812
635	0.943630270736
640	1.12625302351
645	0.4
650	0.964529166741
655	2.11289118189
660	0.4
665	0.886979267847
670	0.4
675	3.18178688774
680	3.1806300497
685	2.94128690052
690	0.4
695	1.50495749045
700	1.90739558309
705	1.57453147069
710	1.63963210861
715	0.828714614996
720	1.13674998704
725	4.25566746645
730	0.4
735	2.19100227617
740	1.02622759424
745	1.02362690921
750	2.67653765928
755	0.675867909817
760	4.65667512896
765	3.0009845902
770	5.56099598478
775	1.47604451213
780	0.942826853674
785	0.720300091468
790	0.4
795	1.74990176949
800	1.99754486865
805	4.14299269625
810	0.759350081529
815	10.6902858532
820	0.4
825	1.89878114072
830	0.958342501297
835	2.60914102886
840	6.3062725941
845	1.79580877932
850	0.538490599203
855	6.11611123011
860	0.789129189243
865	2.0099050095
870	3.26646443493
875	0.940830687724
880	3.0105742022
885	1.28183031078
890	0.451134090521
895	2.28368400543
900	5.99281731968
905	2.99398116373
910	1.4438150854
915	0.714757259752
920	3.1440568652
925	3.02030874693
930	0.787524344557
935	5.38573302471
940	2.07127788753
945	1.7820791591
950	1.84068360249
955	3.21899596855
960	2.14904188983
965	3.293143306
970	1.91611472494
975	0.802314165275
980	0.4
985	0.853720706609
990	0.4
995	1.3690166284
1000	1.0931319457
1005	0.4
1010	2.02536328115
1015	3.08867023307
1020	2.32032086955
1025	1.24373520049
1030	1.89380542642
1035	4.04658162629
1040	0.459813757821
1045	0.4
1050	5.91796653519
1055	2.66309290603
1060	1.22266186988
1065	4.68629686711
1070	0.4
1075	1.51188187056
1080	0.543355284574
1085	4.1644494336
1090	1.60247904909
1095	5.00002300334
1100	2.11266831839
1105	2.49833044437
1110	0.719250466296
1115	1.81318362816
1120	2.18721361025
1125	1.06380980951
1130	11.3103537503
1135	1.60730700938
1140	3.93969631041
1145	0.4
1150	3.1739821936
1155	0.939265191888
1160	1.95476093132
1165	3.82611451011
1170	2.32255383281
1175	1.81767954186
1180	1.76744504975
1185	0.569467810618
1190	0.422110580159
1195	1.32581593431
1200	1.16908804637
1205	1.90028659785
1210	1.58404934256
1215	0.82998323921
1220	1.05935047805
1225	0.4
1230	1.70287963388
1235	0.4
1240	3.55234777297
1245	0.788701252127
1250	3.34766503886
1255	0.4
1260	1.24771148217
1265	2.1346008382
1270	0.544649823697
1275	2.23651278049
1280	3.98453178241
1285	0.484302122692
1290	0.607991727394
1295	0.573117187266
1300	1.2995027134
1305	0.599348054701
1310	0.4
1315	0.440904692912
1320	1.12307940846
1325	4.30854746917
1330	1.01075125175
1335	3.02946844038
1340	2.01453874533
1345	2.29380166996
1350	2.78955698104
1355	2.74020821975
1360	3.80186889795
1365	2.77813846956
1370	1.91610488274
1375	2.25608495555
1380	2.47256880337
1385	0.47648807315
1390	1.40887929016
1395	3.74694419713
1400	2.95235499389
1405	0.890298506799
1410	3.78953496215
1415	2.65111284045
1420	0.881423776487
1425	2.16068722292
1430	2.42620642548
1435	2.0232488393
1440	1.25164645846
1445	0.610227996151
1450	2.0558358242
1455	0.4
1460	1.52241467739
1465	0.436307881633
1470	1.04314286083
1475	1.03292316181
1480	0.4
1485	1.6254829556
1490	0.784796370507
1495	2.31566211279
1500	1.67457523333
1505	1.15048406534
1510	1.40434210438
1515	0.577289423408
1520	8.5228863552
1525	7.41920853945
1530	2.11794098505
1535	0.4
