0	12.1349065957
5	1.25975558755
10	0.86229265824
15	2.19206265455
20	8.71212911597
25	0.4
30	4.36070862528
35	2.0066929488
40	21.3845903711
45	6.50845245852
50	2.48936851605
55	5.98881474929
60	4.66587550899
65	0.430985590603
70	0.4
75	9.01890123426
80	9.86366214635
85	4.64256888255
90	4.3393320646
95	2.57258316892
100	2.31745638348
105	14.0330724597
110	8.4767180254
115	4.4218236353
120	16.0253225629
125	0.782790742081
130	14.0036217388
135	0.566910055474
140	18.6320561889
145	1.63135476188
150	7.64772244392
155	0.419018498164
160	9.88412899393
165	4.50088471892
170	4.50006872943
175	0.4
180	7.46789783791
185	8.54058036474
190	6.0669004342
195	1.58776966583
200	8.14827057125
205	3.31192381457
210	4.79067228444
215	3.68943388319
220	6.26469946744
225	2.68878572969
230	3.93681328164
235	5.86050918018
240	14.5749808337
245	3.56850604528
250	6.72904251049
255	3.40195050017
260	0.4
265	13.977969685
270	8.43376012758
275	1.38725445997
280	5.84671912711
285	1.00646695008
290	0.526362192886
295	0.4
300	0.4
305	10.7773694533
310	5.75561973502
315	1.78892330903
320	4.15174279653
325	2.98018714502
330	0.4
335	8.17835818584
340	1.53058311075
345	1.58075037093
350	1.74544989502
355	4.27383094647
360	2.44081963222
365	8.78335388472
370	8.17051113702
375	15.8086217142
380	1.02162890388
385	13.5878961895
390	13.378869442
395	0.4
400	2.39326494945
405	6.41078966969
410	15.4605938851
415	12.3703640378
420	6.7110394655
425	7.50828146597
430	7.23946493063
435	1.45453103424
440	2.9888516481
445	3.9020422142
450	8.36592368143
455	1.37113394136
460	3.35538744484
465	8.56875458851
470	2.19606448531
475	14.7766859891
480	3.52416116836
485	10.611674204
490	3.51465062154
495	3.16918792903
500	18.9170858419
505	7.96021553613
510	7.47185020141
515	0.662631592425
520	10.0654084161
525	6.23470111923
530	20.825403659
535	3.96551437576
540	13.0732634236
545	14.151977841
550	8.36749494587
555	10.7567929229
560	1.20152713097
565	8.77435398947
570	4.85460825675
575	1.94064539051
580	0.4
585	30.0619202924
590	5.49994971414
595	10.9219125915
600	4.73103442904
605	1.34596375124
610	3.16612784348
615	4.46555062112
620	9.03216559644
625	3.41559061163
630	0.4
635	0.80146136155
640	0.469947803294
645	8.57336978347
650	0.719270099174
655	3.85547471046
660	0.840821496427
665	7.8420787009
670	7.34520449551
675	12.7952843653
680	1.89587027873
685	0.832580678761
690	3.0956906842
695	5.88291983776
700	4.14314194017
705	5.59476316792
710	4.50788305431
715	0.4
720	0.4
725	4.49033688181
730	3.4227972749
735	3.31856251458
740	4.59124906587
745	2.40131751062
750	0.4
755	13.5888686384
760	8.7166429478
765	5.78602883564
770	3.163426124
775	0.5750521051
780	8.85560310623
785	3.42889835286
790	3.68951539523
795	3.57280660468
800	12.2379646684
805	11.3727254504
810	7.96258390134
815	1.739144512
820	0.480244156452
825	3.66855526058
830	1.39410119601
835	3.08013009916
840	14.099898938
845	3.03812915084
850	8.62989451402
855	4.84043931988
860	3.54792757758
865	0.4
870	10.2656750393
875	11.701110056
880	1.91303009892
885	1.1329188747
890	6.95767616063
895	11.2673532687
900	2.54520856845
905	0.663075070061
910	0.4
915	12.75460717
920	4.71735491853
925	2.37619534368
930	6.52794869268
935	6.79855455199
940	0.539687917128
945	1.90341360921
950	0.4
955	11.1428642074
960	1.55320073418
965	3.102538673
970	0.4
975	3.73991640744
980	8.69012521608
985	13.1851590474
990	3.37876271938
995	16.6680248301
1000	11.0330130116
1005	0.4
1010	1.1679788805
1015	3.93040596191
1020	15.7478869656
1025	4.40693081931
1030	9.18003182161
1035	6.40049832235
1040	20.0858209887
1045	5.20375547832
1050	0.4
1055	7.10375041829
1060	1.08111242103
1065	1.94084848355
1070	3.27050680891
1075	5.03434781025
1080	0.4
1085	7.93103547639
1090	7.39162394798
1095	3.0841840541
1100	14.5248225494
1105	20.0069021861
1110	3.24350603564
1115	10.7598823473
1120	19.788936553
1125	14.0223977084
1130	2.71849898649
1135	1.86496305415
1140	5.9889534246
1145	6.93435359505
1150	2.46645927226
1155	2.0868521716
1160	11.8989220182
1165	5.17029141254
1170	2.67127990036
1175	7.57771251604
1180	6.80951553009
1185	12.1819135083
1190	12.8653916939
1195	5.74166583699
1200	6.90667038019
1205	21.6381354386
1210	14.7759147231
1215	19.7745424042
1220	0.988884988809
1225	2.02544648393
1230	4.37811700198
1235	4.40850068255
1240	7.13872457425
1245	0.620656159259
1250	12.2078942804
1255	1.55219224837
1260	0.4
1265	3.92904443822
1270	3.58676937522
1275	10.9720977871
1280	0.4
1285	0.894191444273
1290	9.41060704209
1295	15.4383376801
1300	0.531133396903
1305	4.01285388811
1310	2.68590389721
1315	3.9035664208
1320	6.05329372265
1325	2.72007196776
1330	5.28314359422
1335	1.37868013762
1340	0.596251472902
1345	0.442927128995
1350	0.4
1355	6.75066537585
1360	9.5264119799
1365	5.0002134561
1370	9.15581548574
1375	0.4
1380	3.62064001328
1385	1.71479857912
1390	10.5022619026
1395	8.94036900868
1400	5.01260435184
1405	1.5495925774
1410	8.27671033975
1415	3.18132630041
1420	17.4511073035
1425	3.18015805875
1430	2.04905418965
1435	2.70740166425
1440	7.6236613771
1445	2.33597097816
1450	3.42428231661
1455	7.06598731311
1460	5.80738071343
1465	2.1568528883
1470	4.78812775254
1475	5.24274407775
1480	2.08576627749
1485	15.4411010385
1490	4.20022682417
1495	4.95445941701
1500	8.66406344265
1505	3.29380632941
1510	2.00766227903
1515	0.726738524233
1520	7.97993987414
1525	8.3450904661
1530	1.24499914894
1535	7.86584985536
1540	5.43765305846
1545	8.7730784152
1550	1.01830389357
1555	0.492558922303
1560	8.94323957853
1565	0.4
1570	0.542229490274
1575	7.57638861144
1580	4.22563551909
1585	4.57770371925
1590	10.2914622033
1595	3.80526024913
1600	4.71705416162
1605	7.92172882734
1610	1.1027425843
1615	12.0185293519
1620	4.15705380859
1625	7.76767724326
1630	0.86669514932
1635	5.55433146407
1640	5.25257251312
1645	2.15781968848
1650	1.87108125754
1655	2.01564176596
1660	5.99382898508
1665	10.3179182443
1670	5.53647193056
1675	3.14359441284
1680	4.53580042376
1685	0.4
1690	2.92953979354
1695	5.42089792199
1700	0.583914234825
1705	2.11077370224
1710	1.77100761566
1715	0.489159610625
1720	11.3906469309
1725	2.41129328145
1730	3.21301191114
1735	4.79354975447
1740	16.5068720079
1745	6.73050547157
1750	2.33823140381
1755	15.286072097
1760	7.06520545953
1765	4.24789786867
1770	0.4
1775	4.22847157549
1780	2.4942086135
1785	1.36423679864
1790	0.4
1795	0.4
1800	2.33964352588
1805	5.01895455257
1810	4.77474890423
1815	1.13291585575
1820	9.08546266639
1825	6.96932059877
1830	4.53802831633
1835	8.0001122564
1840	2.68860066038
1845	3.26020596644
1850	0.914609925058
1855	13.2653797061
1860	18.7886467369
1865	1.19707532848
1870	7.65922750405
1875	5.08500476631
1880	1.2483015351
1885	0.4
1890	2.44222155761
1895	1.19292681321
1900	27.3916158637
1905	4.2524461959
1910	11.9090851427
1915	2.59105276014
1920	7.99880287002
1925	0.4
1930	3.47435210266
1935	7.40042968572
1940	0.875992518915
1945	4.9144328963
