0	2.30175155492
5	4.93829244191
10	0.568900699983
15	3.02603769523
20	4.25565323714
25	1.54028852912
30	0.4
35	0.840191986253
40	7.33213960596
45	1.50705274753
50	5.40412747127
55	6.42400299878
60	3.84326544798
65	2.24306793148
70	0.4
75	0.794574041185
80	7.80616891851
85	0.4
90	9.98289937126
95	5.09569539751
100	5.12237760347
105	1.45730758992
110	4.56016891684
115	1.33670420296
120	2.43969961803
125	14.13433532
130	0.62762082617
135	0.4
140	1.26508533049
145	2.53240159273
150	4.95352389917
155	0.977923297144
160	1.03890636779
165	3.05274958366
170	1.15976233885
175	1.24120747136
180	16.0521101976
185	6.16921815607
190	0.649437859826
195	0.489059716657
200	1.58186515416
205	0.804255841297
210	0.4
215	0.611311743174
220	4.41319823627
225	0.4
230	1.39961985098
235	2.62298735498
240	1.23200601913
245	6.12982920344
250	6.1606098806
255	0.636754741478
260	0.865331643893
265	1.42266883281
270	1.6441649756
275	3.27011043146
280	6.17125194821
285	6.79718384711
290	1.06577402992
295	3.31244892995
300	3.38791019571
305	9.93148862492
310	5.61940074875
315	6.09796104114
320	2.72124398726
325	2.041672995
330	1.00683839913
335	1.79150468547
340	3.40639770801
345	2.11247297842
350	0.4
355	4.24917986155
360	3.86397671909
365	2.94176016798
370	1.82414297845
375	6.43251067496
380	5.98385115637
385	0.869282426567
390	4.02744376139
395	1.12616294607
400	3.29943937742
405	3.62195396229
410	2.8378623691
415	0.961057142759
420	0.499356702811
425	1.19786366163
430	1.96611232706
435	0.981241507623
440	0.4
445	1.95213311652
450	1.75669225412
455	3.57438015941
460	0.905915872429
465	2.21892568474
470	1.60320362473
475	5.62393730537
480	0.519174820338
485	1.61072053883
490	12.9876443067
495	0.955925319629
500	1.31677239719
505	8.87394669383
510	1.81247460673
515	0.4
520	1.15191955714
525	1.42660945181
530	2.91127936989
535	0.613239007418
540	6.22500739766
545	1.1449619889
550	0.784256549004
555	2.85725093775
560	0.828744027676
565	0.455031016122
570	6.96679066283
575	2.27443460509
580	1.40784919033
585	0.535543127325
590	2.5785882128
595	1.89901285339
600	1.22848920782
605	6.34411226951
610	1.96406766544
615	1.43692273166
620	0.4
625	5.38537253945
630	6.60378958175
635	4.19957301166
640	0.4
645	0.785056278874
650	1.04064088605
655	0.978217781104
660	1.80175913201
665	1.90811614449
670	0.4
675	0.678184574904
680	0.400495685706
685	0.684857039445
690	5.19303093268
695	1.96799342242
700	3.73956166991
705	0.565297015436
710	4.38004764277
715	1.42810951538
720	4.60433792966
725	5.03049396606
730	1.28403383956
735	1.36894675829
740	0.821578109014
745	0.4
750	11.5465584934
755	2.91992149619
760	0.401065066511
765	1.66972723175
770	1.5354766964
775	4.56496717243
780	2.73516749529
785	0.4
790	3.91850313427
795	0.52228681982
800	5.50976494697
805	0.704653056185
810	0.963483323605
815	4.04613616944
820	0.4
825	3.05071347829
830	3.13294215097
835	1.35676709944
840	2.44958717853
845	1.74299183043
850	5.31797389926
855	1.4469561526
860	1.5385840375
865	0.983750932238
870	0.777951778997
875	1.79847180248
880	0.854788216015
885	6.67158888496
890	0.4
895	5.43879210371
900	3.15256934851
905	1.53040654677
910	3.44864670189
915	3.52626914235
920	2.09590863567
925	0.877119280382
930	2.76637185929
935	2.86039536475
940	1.68886036371
945	4.80337126972
950	3.7753709676
955	0.4
960	0.75584821512
965	0.952137290718
970	0.4
975	1.10370874026
980	1.33773075546
985	6.16063040001
990	0.719985971724
995	0.975682477326
1000	3.44789533232
1005	0.4
1010	0.493645560549
1015	0.4
1020	3.08877658714
1025	3.33582132343
1030	8.57145862007
1035	1.86674704747
1040	1.57392829458
1045	4.13069959394
1050	1.13731482926
1055	1.87109851389
1060	2.30307911392
1065	3.00284558024
1070	2.72515799659
1075	1.12586769721
1080	4.78439936639
1085	5.55047164867
1090	0.494387934157
1095	0.4
1100	0.59991669881
1105	5.95222427934
1110	1.29843898139
1115	2.32808096136
1120	0.4
1125	0.443679561148
1130	1.35146856111
1135	5.4235394784
1140	0.929240547075
1145	0.72884062821
1150	0.484669430384
1155	1.43558333972
1160	2.58670315056
1165	6.84587142111
1170	1.93419732415
1175	0.418334984694
1180	3.5062845096
1185	3.36268589183
1190	10.7418201312
1195	0.490060046186
1200	0.635147523023
1205	8.68378149695
1210	8.75102033193
1215	0.4
1220	0.4
1225	2.28527937161
1230	1.57313744347
1235	2.57190782966
1240	0.4
1245	5.51265189552
1250	0.4
1255	6.71231043695
1260	2.79810342609
1265	5.92656560521
1270	1.01155707347
1275	0.4
1280	0.4
1285	1.21148130232
1290	0.770027446773
1295	7.65609895321
1300	2.21258207178
1305	0.551357382792
1310	0.4
1315	2.68738274913
1320	0.628721335829
1325	1.95513588148
1330	8.30279702628
1335	1.59419201324
1340	0.60329108419
1345	0.618970393324
1350	0.4
1355	1.66402295461
1360	1.68244938621
1365	0.532321614861
1370	0.4
1375	0.4
1380	2.01045794169
1385	0.4
1390	5.68546323239
1395	1.9133087351
1400	0.4
1405	7.12048874999
1410	3.67979314999
1415	5.84782877017
1420	2.89496626611
1425	0.4
1430	5.14800566243
1435	8.68544221147
1440	1.51932861338
1445	0.4
1450	5.90720475793
1455	2.28260127384
1460	0.406229876218
1465	0.842626127113
1470	5.04207475984
1475	2.65176291313
1480	1.79588109021
1485	0.564344946477
1490	0.775672912989
1495	1.57062000835
1500	1.2894359964
1505	1.05643881464
1510	6.39727547228
1515	7.76255545513
1520	2.84134907478
1525	0.669646385359
1530	1.31252762367
1535	2.49877999482
1540	4.62296199852
1545	5.90441868746
1550	7.97504705151
1555	0.4
1560	2.08648169728
1565	0.4
1570	4.30403051971
1575	0.44884492003
1580	6.99839607059
1585	3.03039012108
1590	4.73203268876
