0	0.4
5	7.92197963044
10	1.4647292147
15	0.4
20	0.663446067904
25	0.768111930669
30	2.13710795094
35	1.01866763297
40	1.2964932543
45	3.35686255927
50	0.4
55	1.11937553007
60	1.14076445343
65	0.573985525885
70	0.4
75	0.848829136515
80	0.559512230556
85	5.24647171776
90	0.854605736784
95	0.4
100	0.4
105	0.4
110	2.58611190737
115	0.827390844182
120	0.99095923908
125	0.48198730436
130	2.34214646672
135	0.502077638636
140	0.405721457278
145	0.4
150	1.47243052795
155	1.54050749962
160	0.4
165	0.428707461119
170	0.4
175	1.25511318867
180	1.33220054661
185	4.78587437979
190	5.67720532739
195	1.90947395541
200	4.07487348289
205	1.21902272212
210	0.945903780934
215	1.80154382226
220	0.4
225	1.41029850703
230	1.89015558972
235	2.05918535611
240	4.81270828689
245	0.88400754275
250	2.02882898098
255	0.467986796312
260	0.713330238557
265	0.675211738002
270	0.4
275	0.539839868203
280	1.03468740328
285	0.665872771764
290	0.4
295	1.75505284765
300	0.752449451567
305	0.4
310	1.3705090742
315	0.588731070942
320	0.896010227379
325	0.4
330	1.77674090069
335	1.13398185428
340	1.59472567411
345	1.2744461097
350	1.32346866284
355	2.03257190292
360	3.09033629814
365	0.617217834707
370	0.743259958896
375	0.57658899669
380	5.21197558478
385	0.722550265954
390	0.858700280172
395	0.548484403845
400	1.09372571778
405	1.98643232813
410	3.10137938169
415	0.4
420	1.12286204433
425	0.4
430	1.16153566508
435	0.4
440	1.31223298976
445	0.4
450	0.459874594193
455	0.4
460	0.64526387421
465	2.45917035249
470	2.18540328272
475	0.472073488063
480	0.935828563275
485	0.4
490	2.31890805726
495	0.4
500	1.83164248116
505	0.620931565425
510	0.410660733461
515	0.4
520	0.4
525	1.10924508183
530	0.4
535	3.40863898522
540	0.476332494207
545	1.91741150136
550	0.708642764965
555	1.24528923837
560	0.529368418433
565	0.827310469905
570	1.26745863155
575	0.4
580	1.83951940609
585	0.4
590	0.52984042832
595	0.4
600	0.834225840133
605	0.498701361233
610	1.47713915306
615	3.23165529264
620	0.948901664075
625	1.50943601438
630	4.0915654875
635	0.4
640	0.4
645	1.31304834558
650	0.702968421382
655	5.4587325833
660	1.41172361146
665	1.17810851315
670	1.16551608919
675	0.4
680	3.54439270246
685	1.1503655228
690	2.08919781248
695	0.461627442414
700	1.2871684285
705	0.793374727019
710	0.880827079453
715	0.977691799413
720	3.68865388374
725	3.33104725639
730	2.13180587417
735	0.4
740	0.963111001042
745	0.4
750	1.83497959498
755	1.81889338837
760	0.471022393876
765	2.81821308277
770	0.4
775	0.46735783005
780	0.4
785	0.4
790	0.624951663845
795	2.26621694763
800	1.8550851869
805	0.446001043538
810	0.4
815	0.864580275545
820	0.513175198593
825	1.51498185312
830	1.52908996116
835	0.936881442926
840	2.56693685083
845	0.4
850	0.4
855	1.50953067579
860	2.16903903211
865	0.749828087505
870	1.0340847885
875	2.76920285933
880	0.786714144305
885	2.03991294178
890	0.864051515774
895	1.43970710268
900	0.458259343014
905	1.85536162178
910	0.4
915	1.26778517404
920	3.13015221423
925	1.4430559024
930	0.90169458532
935	0.681948497827
940	0.464684624417
945	0.4
950	1.60918930241
955	5.343958374
960	0.4
965	0.584142801476
970	1.34733409176
975	0.829409924188
980	1.27420585051
985	0.4
990	0.4
995	0.4
1000	0.4
1005	0.532838078116
1010	0.4
1015	0.4
1020	1.30026183577
1025	4.43415401889
1030	1.83487957079
1035	0.463398295652
1040	0.977179757139
1045	1.40783339029
1050	2.88134891555
1055	1.28731034976
1060	0.4
1065	3.23657743894
1070	1.21337437125
1075	0.4
1080	0.4
1085	0.4
1090	0.4
1095	0.4
1100	0.4
1105	1.90018171811
1110	0.4
1115	0.4
1120	2.65897946781
1125	0.622570512927
1130	0.4
1135	0.787858050488
1140	1.3396117205
1145	0.456403212561
1150	0.4
1155	0.4
1160	3.10665929741
1165	1.03966739777
1170	0.431726115397
1175	1.16004242213
1180	0.4
1185	0.4
1190	1.16984144051
1195	0.594993526012
1200	1.65459958453
1205	1.30267702381
1210	1.42978075084
1215	0.4
1220	0.841879150964
1225	0.4
1230	0.4
1235	2.63889327945
1240	2.38844225011
1245	0.60434878385
1250	1.66211620246
1255	2.90195925749
1260	1.10645903461
1265	0.4
1270	1.48493299079
1275	0.4
1280	4.60437728074
1285	0.552863908285
1290	0.751004917765
1295	1.12999753506
1300	0.4
1305	0.4
1310	0.563445199192
1315	0.893887060723
1320	0.462631588789
1325	0.749427546584
1330	0.4
1335	0.4
1340	1.62420435875
1345	1.03694917983
1350	1.25190532766
1355	0.839522026883
1360	0.4
1365	1.62086843862
1370	1.5567637953
1375	0.4
1380	0.597700195303
1385	0.422840665334
1390	0.4
1395	0.4
1400	0.4
1405	1.39481800276
1410	0.4
1415	1.21559455915
1420	0.789938764791
1425	3.65658724092
1430	0.4
1435	0.480830702527
1440	0.509354635157
1445	0.4
1450	0.965772531697
1455	1.85990569861
1460	1.47511676696
1465	0.611114699097
1470	0.754069503691
1475	0.4
1480	0.4
1485	1.62603979264
1490	0.937004431512
1495	0.4
1500	0.777077490521
1505	0.719970849097
1510	0.449734673458
1515	3.79590668222
1520	0.4
1525	1.20721653637
1530	0.4
1535	1.7232163369
1540	0.4
1545	0.4
1550	0.4
1555	2.72007292034
1560	0.725134031021
1565	0.4
1570	1.77485917437
1575	1.95958904642
1580	2.42509120979
1585	0.4
1590	0.4
1595	0.540852375606
1600	1.82307950978
1605	0.868981190541
1610	1.30718326544
1615	0.59653265457
1620	0.556171003735
1625	0.821898024602
