0	3.95853420699
5	2.01390387993
10	1.64694119151
15	1.74642533325
20	2.000147422
25	2.27287658537
30	0.702674817066
35	0.4
40	0.562876348581
45	2.97271977486
50	0.4
55	2.09477803117
60	2.1124113376
65	0.583271266138
70	0.468306241207
75	2.6512775243
80	7.0828037481
85	0.4
90	1.57421262581
95	0.877038864118
100	0.4
105	0.574089333281
110	3.32204783469
115	2.93920783272
120	3.20441728382
125	0.995566080113
130	7.51739975217
135	0.783372699607
140	1.51510305535
145	3.59492285213
150	1.92776325528
155	2.88633321152
160	2.24443496292
165	3.08580977677
170	2.15660406991
175	0.91533328273
180	2.6823277474
185	0.662508297577
190	0.4
195	0.4
200	3.59656317277
205	3.87948553713
210	2.08715351946
215	1.19822851211
220	0.4
225	1.9921114618
230	4.57855567063
235	5.68636738896
240	6.52260827007
245	3.35369972149
250	0.916452214438
255	1.77625177037
260	0.4
265	0.513010223434
270	7.18751031774
275	2.08057352953
280	0.813093114467
285	8.73558502499
290	0.4
295	1.32345896731
300	0.4
305	0.977367814978
310	2.3079131402
315	0.4
320	1.4721612397
325	0.735618441996
330	0.408670851979
335	1.00349451776
340	2.47587792045
345	0.4
350	3.51617130771
355	2.03089823443
360	2.6972654097
365	2.36598507812
370	2.06986916845
375	0.800229145773
380	3.15459303328
385	0.4
390	1.44146197771
395	0.645212939131
400	5.65488665603
405	5.69666418051
410	0.4
415	0.4
420	0.852970965505
425	0.4
430	5.05427389718
435	0.881463903679
440	4.94425063854
445	1.32756593887
450	4.46069217411
455	0.500667886788
460	0.500195916144
465	3.94829512364
470	0.4
475	1.70467969399
480	1.73334265469
485	0.4
490	0.4
495	2.89837871028
500	0.4
505	1.01148288464
510	1.19113854645
515	0.783549681247
520	1.18895866766
525	0.426466832531
530	3.64646797766
535	3.89018331852
540	0.4
545	2.48880356558
550	10.0658637583
555	1.65843075251
560	0.848985754678
565	0.455626814028
570	0.567082325792
575	3.4508241899
580	2.5996938936
585	0.4
590	1.14836682124
595	3.82534850107
600	1.44299528861
605	0.4
610	0.4
615	0.4
620	1.52733743157
625	2.15710726376
630	1.39139647476
635	1.90889675391
640	0.4
645	1.21509415781
650	0.489445979581
655	6.41068788383
660	1.02284452027
665	2.53690937385
670	0.582308242203
675	3.24327588256
680	0.4
685	0.4
690	4.80753496129
695	1.87728497015
700	3.10893197085
705	1.828722806
710	1.41066846144
715	1.75569115852
720	0.472012182808
725	0.700735056955
730	0.419797753129
735	0.661048984536
740	2.56199068089
745	1.52664852114
750	3.48929087996
755	0.686220363461
760	1.51434873608
765	3.46692827041
770	5.42573823614
775	0.4
780	2.98987183682
785	8.08344802024
790	0.845645574296
795	3.37844199896
800	2.68814888895
805	0.591155666534
810	2.75238629747
815	0.4
820	4.92568612732
825	0.4
830	0.694571985438
835	3.0406970298
840	0.555216465648
845	5.71459151954
850	0.945880027768
855	1.67270922374
860	3.64022399274
865	0.4
870	2.03133890477
875	1.17613802331
880	0.443373990457
885	1.55551552326
890	0.476964321526
895	1.51459329774
900	0.4
905	0.777284077243
910	0.749942051302
915	0.67875958357
920	2.52338360429
925	1.70114995548
930	7.40460269111
935	1.78040966482
940	2.28160951526
945	2.08511130883
950	6.64910000354
955	0.800861145571
960	4.99358738513
965	1.32211136636
970	0.750203971212
975	0.568886202468
980	1.33597149587
985	3.13285692912
990	1.2214077333
995	9.15859382264
1000	2.1652329065
1005	3.52383010668
1010	0.418569214309
1015	0.874292170475
1020	0.4
1025	0.4
1030	0.4
1035	0.4
1040	0.4
1045	0.501052256511
1050	1.49671919602
1055	0.4
1060	1.46710189268
1065	1.54029336016
1070	1.62949337266
1075	3.31060119839
1080	0.4
1085	1.8180341744
1090	0.4
1095	3.42143364126
1100	4.24669765966
1105	2.06632109143
1110	1.30919705344
1115	2.27113804337
1120	1.00762532197
1125	3.36311374545
1130	1.54359293229
1135	1.79298184709
1140	0.4
1145	0.4
1150	1.90675050819
1155	1.26229152691
1160	0.880117732149
1165	2.34548937829
1170	5.81784722084
1175	1.29842664039
1180	0.718067557121
1185	0.4
1190	3.3528856913
1195	1.69254783901
1200	0.4
1205	2.05424669585
1210	0.4
1215	0.4
1220	1.12133478179
1225	2.32875917156
1230	1.18902474815
1235	0.4
1240	1.31025456937
1245	1.17127962195
1250	2.38619248274
1255	0.552248106374
1260	0.4
1265	0.437331140158
1270	2.29493848236
1275	0.696644326297
1280	1.09458488278
1285	1.11750855473
1290	0.765496006343
1295	2.43683927017
1300	4.6865375243
1305	0.738872883297
1310	2.75529179693
1315	1.34047945745
1320	3.98806197367
1325	0.56407041614
1330	0.4
1335	2.93366997711
1340	2.68362499219
1345	1.92458873685
1350	6.32023064083
1355	0.566990435167
1360	1.01429449924
1365	0.536930031658
1370	3.60587669372
1375	2.09620586817
1380	0.4
1385	1.73196568904
1390	1.69160416866
1395	3.5380825683
1400	1.18893205291
1405	2.0586751443
1410	4.53620033656
1415	1.34256376741
1420	0.4
1425	0.4
1430	0.642644613361
1435	1.73370336142
1440	2.20199222983
1445	0.834381879762
1450	3.15399746071
1455	0.4
1460	8.31869744343
1465	1.52925573705
1470	1.79763191729
1475	1.26840967837
1480	1.27706835691
1485	0.905591696993
1490	2.22084796192
1495	6.48262330222
1500	1.51503786055
1505	0.666124325478
1510	2.49293695511
1515	0.410444027019
1520	2.26673016713
1525	0.4
1530	0.908050901573
1535	1.97328354878
1540	1.60040719336
1545	0.4
1550	6.7456517502
1555	2.50296343828
1560	1.70158657984
1565	1.4272013202
1570	1.63986218712
1575	1.45914815685
1580	1.45913724895
1585	1.74145146176
1590	3.62918559245
1595	1.44053732865
1600	3.74777412428
1605	4.86954347605
1610	0.419012712778
1615	1.31958093175
1620	0.4
1625	0.587390835525
1630	9.02627863364
1635	1.0922254732
1640	7.06320250029
1645	1.36374979567
1650	1.80706186702
1655	5.62781309132
1660	3.24646675403
1665	0.611366812008
1670	2.97983803404
1675	1.60752612058
1680	5.63436119693
