0	1.05502361719
5	0.4
10	1.17533479392
15	1.28247580229
20	2.60000846539
25	1.67397457736
30	1.81896035286
35	1.23700783552
40	1.9981203536
45	3.44892378591
50	1.88654872149
55	0.4
60	0.4
65	5.73120621907
70	3.69627615538
75	0.55077078308
80	1.68808012383
85	3.85350061572
90	4.89465377992
95	0.4
100	5.48204314901
105	2.48533039847
110	5.22252925016
115	11.4477370542
120	4.21703355602
125	0.819837210594
130	6.51574604665
135	1.3528179639
140	9.8305669505
145	0.792046730352
150	0.596818157956
155	3.29737837079
160	0.428244150143
165	3.6452551982
170	1.51682648703
175	2.66229402591
180	2.14258417585
185	10.6341930883
190	3.13156019671
195	4.30463085857
200	4.59161478206
205	2.45083699788
210	5.39399855221
215	0.4
220	3.89309653332
225	1.62521996565
230	2.41283054007
235	0.828069251678
240	1.45453372302
245	2.73244074906
250	7.17214726575
255	0.4
260	5.61964456551
265	0.4
270	3.70719443292
275	1.40492951047
280	0.64844984161
285	3.27439857318
290	1.52216272673
295	4.68835415146
300	11.4294247476
305	2.75614211829
310	1.94449546217
315	2.80529333472
320	0.482136838189
325	1.59283266821
330	0.512513753122
335	0.4
340	2.3275070511
345	0.409247638956
350	1.57021560768
355	0.961928336899
360	0.72881438126
365	9.40522227655
370	3.57487383935
375	2.85685187404
380	1.81715959839
385	0.4
390	0.791686569084
395	1.0518409258
400	0.876121587762
405	0.675098783873
410	2.85023808917
415	0.4
420	9.93382947
425	1.91515791634
430	0.4
435	1.44575981781
440	0.992220722996
445	1.7131209899
450	2.48762188221
455	5.88991728021
460	5.04466299339
465	4.32889522627
470	1.03984308488
475	2.0821879874
480	1.00579093224
485	4.43681138081
490	2.77720948454
495	5.47486572759
500	7.1474771966
505	1.62797970042
510	4.06877816847
515	5.20058034076
520	1.72794967202
525	0.586200874592
530	4.63744677156
535	3.74049709863
540	2.09992128623
545	3.52266758588
550	0.4
555	0.4
560	1.55199552085
565	1.74204493358
570	4.57062273609
575	0.850414917273
580	2.15409443166
585	3.84590713747
590	0.975998642147
595	4.55010321774
600	0.579615206954
605	1.10183731164
610	0.4
615	1.76807973098
620	1.46724345705
625	0.790479277044
630	0.808473590879
635	1.52013166834
640	0.4
645	0.529470209802
650	1.26524602429
655	6.12906511665
660	1.92223334298
665	6.81766341869
670	1.21381520049
675	5.72675352082
680	6.15194633964
685	1.21983004703
690	0.4
695	0.956735487004
700	3.260253847
705	7.32290447338
710	2.477740874
715	0.955544737569
720	1.39936265414
725	1.85339262907
730	1.35284805999
735	1.68108921445
740	6.68627689417
745	0.4
750	0.4
755	0.4
760	1.59781760222
765	1.91560894622
770	0.833089442758
775	1.13921847071
780	0.4
785	3.05636731947
790	8.11865054435
795	4.74295670418
800	0.846672830937
805	0.563097628
810	2.72327106648
815	0.4
820	1.15529465116
825	0.893104229805
830	1.44608187595
835	9.01515055276
840	2.2229963479
845	0.712765949628
850	5.73042762584
855	1.95227837631
860	2.11985307721
865	0.4
870	2.62103334845
875	0.402796991004
880	0.64778336245
885	1.76265299549
890	0.4
895	7.89499022853
900	3.01739161407
905	5.95995195468
910	7.84511887952
915	0.4
920	1.17494613391
925	4.60162466936
930	0.803625027378
935	0.4
940	0.4
945	1.53063989075
950	1.67153400159
955	2.91331552827
960	2.38503006628
965	0.4
970	3.63317191901
975	5.45351922009
980	0.4
985	1.69153215335
990	11.7942062192
995	4.20272569327
1000	0.914522243995
1005	0.4
1010	5.5503209687
1015	6.41093478409
1020	6.56864110847
1025	3.57702130461
1030	1.75845565885
1035	5.75978467494
1040	1.66818869574
1045	1.08818958232
1050	0.4
1055	1.88325743292
1060	1.72058464887
1065	7.24589999666
1070	0.526220848076
1075	1.57279660114
1080	3.2338229201
1085	1.83679936359
1090	0.883595879854
1095	1.69751566301
1100	7.09114556787
1105	3.3017384414
1110	1.03510468821
1115	2.56503860963
1120	7.48251660877
1125	0.469174817445
1130	1.18386902518
1135	0.488983365754
1140	4.76223957911
1145	1.09226748247
1150	8.2253704915
1155	1.60396118028
1160	2.28692939586
1165	4.12157684999
1170	5.95044300645
1175	7.6025606825
1180	2.03824716466
1185	12.9369484679
1190	8.21337947807
1195	2.43265866758
1200	0.4
1205	4.46875467764
1210	4.36429960939
1215	3.37557526412
1220	1.89451798844
1225	0.539989872771
1230	0.59342975517
1235	1.15078033397
1240	0.411119496846
1245	0.848969553583
1250	3.18965791761
1255	3.00929799662
1260	1.57081781878
1265	2.18376904346
1270	3.9932460384
1275	2.05940479531
1280	3.5510745283
1285	0.935832274606
1290	6.02603478948
1295	1.90937744006
1300	0.4
1305	0.668645495864
1310	0.977616399763
1315	1.01185787153
1320	0.86813844819
1325	4.18571469416
1330	4.25209668636
1335	4.53507247294
1340	2.49415175541
1345	2.74429218365
1350	3.63658101053
1355	2.22098761785
1360	1.8308343567
1365	0.4
1370	1.9394923397
1375	4.67674693963
1380	0.4
1385	0.4
1390	0.642270125247
1395	3.79147572234
1400	5.82767654895
1405	4.6085252081
1410	0.621653832453
1415	3.1068617363
1420	0.4
1425	1.48936277656
1430	6.977859842
1435	2.61672224767
1440	5.44705428486
1445	0.4
1450	6.00496487045
1455	0.514517418869
1460	6.85415204281
1465	5.92879566406
1470	4.73728122997
1475	0.4
1480	2.7775036967
1485	0.464714795377
1490	0.809781881324
1495	2.94113212369
1500	3.02237424636
1505	0.434563484344
1510	0.4
1515	1.94593743657
1520	0.513785740113
1525	0.508581552351
1530	1.99086056135
1535	1.5604161596
1540	1.71821800532
1545	0.60356988577
1550	2.14549285962
1555	0.833157830421
1560	1.17459439029
1565	3.00613996758
1570	0.4
1575	0.4
1580	1.44924486986
1585	5.41270719971
1590	1.01205543582
1595	0.986848231266
1600	3.62706187484
1605	2.40700793722
1610	0.599558697006
1615	0.973584243996
1620	1.77281468998
1625	2.46720251808
1630	3.51332266446
1635	0.484208958485
1640	1.32953467367
1645	2.05912527998
1650	2.00804504277
1655	6.22547452174
1660	1.28893540842
