0	1.61981178172
5	9.10633006228
10	1.16518540418
15	0.411962470547
20	0.585468963544
25	1.79863976989
30	0.48184035673
35	1.90136045974
40	3.37281353907
45	0.4
50	0.765063823884
55	1.80908446994
60	1.68255233469
65	1.63663842168
70	0.4
75	2.96899210387
80	4.68623562902
85	0.4
90	1.06369083566
95	0.744353500578
100	2.70743115416
105	1.46674338102
110	1.10106521384
115	1.08963023975
120	0.4
125	2.52527389063
130	0.4
135	2.66711642491
140	0.4
145	0.4
150	0.4
155	0.722844094806
160	1.0884774159
165	0.4
170	0.719423504754
175	3.44928446727
180	0.78694888277
185	0.4
190	0.4
195	0.4
200	1.27324806435
205	2.1538723489
210	3.78463916421
215	0.4
220	2.77499411752
225	0.802766515505
230	0.4
235	5.13094916332
240	0.72082600906
245	0.4
250	0.4
255	0.843577492807
260	1.08211325574
265	2.75952110723
270	0.407280438473
275	0.442386708549
280	2.47876329437
285	0.4
290	2.11276637859
295	3.30676574707
300	3.42751323983
305	0.4
310	3.88322478761
315	3.61515257826
320	1.73203796361
325	1.35364809443
330	10.3022649356
335	4.6063019459
340	3.08008839902
345	1.29406513852
350	5.32003631517
355	9.8370891457
360	7.18261061603
365	1.48241223596
370	1.52507225664
375	0.456543008381
380	2.07775727213
385	1.3930971636
390	0.4
395	0.532995254437
400	0.4
405	4.66426205807
410	0.4
415	4.25519079116
420	1.42511554633
425	1.7423669319
430	5.8036946483
435	1.53669561555
440	6.09251591705
445	3.87428939153
450	0.4
455	0.492635540054
460	0.4
465	0.516708486185
470	0.4
475	0.417258733584
480	9.47141307833
485	0.637911260255
490	3.32679304376
495	3.02974498755
500	2.42440130344
505	2.95546970548
510	0.4
515	2.17039752093
520	2.15153253979
525	1.06404675099
530	1.08939362492
535	3.2395257154
540	0.4
545	0.915663703951
550	0.97480638527
555	0.4
560	0.858571340452
565	0.4
570	4.60087432381
575	1.8876609174
580	0.408677979525
585	2.31417712285
590	1.11261818711
595	0.4
600	5.05101024722
605	0.4
610	1.51259243392
615	0.586570196284
620	5.16629299062
625	0.4
630	1.48463607914
635	1.75180527841
640	2.69115832915
645	2.19835421678
650	1.11766071763
655	1.43875887429
660	0.4
665	2.84636791385
670	5.10823988105
675	6.44757711251
680	1.48589099252
685	0.547775592565
690	0.4
695	0.4
700	0.4
705	0.4
710	2.18182950626
715	1.3746093153
720	2.48104338339
725	3.20327579957
730	0.543109687583
735	1.67905410413
740	1.95900037746
745	12.6777853047
750	0.597068668895
755	1.70046558092
760	13.0991606842
765	0.964958823624
770	0.930203776319
775	1.01836556876
780	0.4
785	4.57303372649
790	0.838118946366
795	0.493522251392
800	4.45374158378
805	1.50497761616
810	5.28072623539
815	1.49994657674
820	2.38627122347
825	1.3937224652
830	0.441081791675
835	0.4
840	1.76341945736
845	0.53516254208
850	3.67515477571
855	1.0669953678
860	0.4
865	1.6043429242
870	1.65772343695
875	2.44328954705
880	0.898632839418
885	0.68575403614
890	0.4
895	3.86404196587
900	2.5323200524
905	7.86240497387
910	9.40919496015
915	0.4
920	0.574186562547
925	1.52524628978
930	0.494773563864
935	4.52564287574
940	2.78700678639
945	0.4
950	3.69448361008
955	4.79008897097
960	0.4
965	2.97547279997
970	5.68143459093
975	1.17281763696
980	0.438617492068
985	1.90155307306
990	3.82410977743
995	0.785480399593
1000	1.29754118784
1005	2.96225090186
1010	1.73066032932
1015	1.11785159725
1020	1.0958399297
1025	3.99818830784
1030	0.908491309677
1035	1.15877738057
1040	2.73525099755
1045	0.880569831427
1050	0.4
1055	2.06412595342
1060	0.754887086303
1065	1.32091074273
1070	4.29368149223
1075	0.440993222966
1080	0.4
1085	0.4
1090	0.525410670014
1095	0.753292289639
1100	6.60124910297
1105	0.8365104176
1110	0.4
1115	1.03669881319
1120	3.79651785121
1125	0.999318747338
1130	7.24368092863
1135	4.52908358774
1140	5.57134966113
1145	0.4
1150	1.22660183317
1155	0.4
1160	0.797426481721
1165	1.0770024554
1170	0.4
1175	0.4
1180	5.06170957256
1185	5.44270797794
1190	9.08750591008
1195	0.777627875446
1200	0.494523681994
1205	6.59649488607
1210	0.844420613804
1215	2.70673228558
1220	0.995722123694
1225	0.682335930203
1230	0.554990217945
1235	1.51521851708
1240	2.64326433138
1245	0.56735876886
1250	9.9531736496
1255	4.7928185697
1260	3.05713929647
1265	2.54059394295
1270	1.39072685256
1275	0.4
1280	2.96516930489
1285	0.586653967151
1290	2.78467517107
1295	1.53952610767
1300	2.91179628588
1305	2.65751684218
1310	4.61830090902
1315	1.2075490818
1320	0.4
1325	0.4
1330	1.85655670607
1335	1.09313730386
1340	6.67152486116
1345	1.5541405453
1350	0.647089727102
1355	2.16916811747
1360	0.4
1365	2.35574315733
1370	1.0946958432
1375	1.01969182786
1380	2.38179893471
1385	1.15643141709
1390	3.85742515801
1395	3.06718750702
1400	1.9894565145
1405	0.563311138419
1410	2.6364701693
1415	0.4
1420	7.75883273655
1425	0.4
1430	4.62863891752
1435	1.12670007528
1440	3.52794425984
1445	0.4
1450	0.4
1455	0.4
1460	0.4
1465	1.77297362668
1470	2.38436624967
1475	0.765038008601
1480	0.4
1485	4.50037352506
1490	3.2629164373
1495	2.76427917168
1500	1.61318867876
1505	9.02432823996
1510	4.49443243454
1515	0.52175676499
1520	1.20164855586
1525	0.4
1530	0.4
1535	0.815489035373
1540	1.52557131507
1545	0.4
1550	1.63597121047
1555	2.06636130199
