0	0.4
5	0.443939143029
10	0.576228947984
15	2.20464996192
20	4.47805502679
25	11.9408697957
30	0.401716527309
35	8.62703973072
40	1.06260059849
45	0.4
50	0.4
55	0.4
60	2.17300679835
65	2.29974619805
70	4.27878545938
75	3.78768326913
80	0.920089297319
85	3.38584286726
90	0.423816706976
95	0.4
100	9.50887329256
105	2.3637620752
110	8.3774071798
115	1.15376950005
120	0.712704095891
125	2.01107618161
130	2.98670238453
135	0.946208744531
140	0.671690240158
145	2.57728551684
150	2.21182977446
155	1.4953265149
160	0.4
165	2.35449146375
170	2.16627180475
175	8.41388273796
180	4.04808383335
185	8.4466432112
190	3.52343499892
195	2.90949270756
200	2.67672421594
205	16.1681582105
210	0.946892962307
215	3.47784055609
220	0.4
225	1.41267995371
230	3.37186299962
235	3.0600903808
240	0.71866799713
245	6.22919636683
250	1.83521763661
255	1.61537150914
260	2.45081231188
265	2.07272091906
270	0.4
275	0.4
280	0.4
285	0.864225637834
290	0.569720115987
295	0.4
300	0.510167370759
305	11.786717129
310	1.23407074821
315	0.4
320	1.17012902193
325	4.1872396354
330	4.01379554774
335	1.76897251073
340	4.0387961985
345	4.65118988198
350	5.69962441112
355	2.54490192421
360	3.96561645584
365	2.42354171122
370	0.4
375	1.06614106242
380	2.81937230135
385	0.4
390	4.12971752031
395	5.26323781724
400	0.4
405	4.51314693789
410	4.67957150638
415	6.30204719559
420	0.995972141566
425	1.70674159537
430	0.4
435	3.70669424808
440	4.15414080944
445	0.4
450	4.153496135
455	5.35052677427
460	0.4
465	3.39722116348
470	2.82135158485
475	0.75754188274
480	2.11983798841
485	2.28457083762
490	0.757060897224
495	1.96354043364
500	0.587442233046
505	1.02034829192
510	0.78168518488
515	3.55351168507
520	0.4
525	2.71434304542
530	3.80677638668
535	4.41898701555
540	1.19911397202
545	1.86997764375
550	5.5795727222
555	1.53369316864
560	1.12572588701
565	7.06670819021
570	1.14407105389
575	9.88653383124
580	0.4
585	0.679916017957
590	0.50817919242
595	0.456559729833
600	6.10505343816
605	5.55301745804
610	0.444600459999
615	0.833833552792
620	0.577962791636
625	3.77160371835
630	1.20691401812
635	4.44494763632
640	1.34102226547
645	1.98278795988
650	2.10869076968
655	1.62968491014
660	4.15380177499
665	12.240063184
670	0.446474529768
675	0.4
680	0.791307316295
685	3.53103288589
690	4.06374861229
695	0.4
700	2.27521852124
705	2.22864422638
710	0.4
715	5.77950559193
720	1.0581173805
725	0.4
730	6.47310332331
735	0.4
740	5.0766941468
745	5.00346277837
750	0.832560437193
755	0.709191496264
760	5.70852875081
765	1.93543371788
770	1.01067941924
775	0.827479036852
780	2.70153323756
785	3.2238981432
790	3.05845994529
795	4.28715025768
800	2.33102986529
805	3.67292707986
810	3.13452924151
815	0.4
820	0.4
825	6.93044102796
830	1.31542465072
835	1.27731164278
840	0.438113402221
845	4.22198521629
850	8.23489182825
855	0.499518062864
860	0.4
865	3.99542671606
870	2.47252844196
875	6.02503567427
880	1.22446089041
885	0.4
890	1.04972957236
895	1.49270826995
900	0.4
905	3.61329725657
910	2.68532184898
915	1.10559294442
920	2.09043663861
925	1.30654816273
930	0.4
935	0.4
940	0.4
945	8.08975873649
950	0.934383362309
955	10.2514178505
960	0.4
965	0.4
970	6.66255022344
975	1.83541815423
980	0.4
985	1.01926378792
990	0.4
995	1.01375365971
1000	2.65736235721
1005	0.4
1010	0.714788792372
1015	12.2384259436
1020	1.29437714318
1025	0.9485306414
1030	3.40951789553
1035	2.96366949857
1040	2.5674887504
1045	5.21201510047
1050	1.20417093576
1055	3.25982510777
1060	2.01665009856
1065	5.72306051903
1070	7.73847107523
1075	2.02680441867
1080	2.25398033604
1085	0.814338382955
1090	2.05389598634
1095	1.05123436817
1100	1.85920052269
1105	0.4
1110	0.896016622739
1115	1.83155614568
1120	2.20156875382
1125	3.36258180327
1130	0.731184629183
1135	1.09419909001
1140	4.77675201007
1145	1.29784315596
1150	3.01330318489
1155	1.02915059364
1160	0.818482948218
1165	4.59580295521
1170	2.53808116072
1175	2.0931610447
1180	0.697671273189
1185	3.90696736828
1190	6.69556661391
1195	2.60757655147
1200	0.4
1205	3.35113732568
1210	0.4
1215	2.76446661314
1220	1.88229933391
1225	4.43449423308
1230	0.4
1235	7.23712893546
1240	2.19786936829
1245	4.2691185714
1250	0.936616082614
1255	6.44426085583
1260	0.732103807265
1265	2.55030505561
1270	1.10494316591
1275	0.438670163628
1280	0.4
1285	4.90598496076
1290	7.82464051309
1295	6.24381593444
1300	6.57889136623
1305	1.06521747245
1310	2.28299485385
1315	2.87842916954
1320	3.05515338141
1325	1.44219058225
1330	0.717140711091
1335	0.44752462174
1340	3.57379257535
1345	6.45850903669
1350	3.26642559619
1355	0.4
1360	0.783547836181
1365	0.4
1370	1.37025948385
1375	0.762575968138
1380	4.5497160243
1385	0.44217810534
1390	2.04362741226
1395	9.53539463028
1400	3.91901572813
1405	1.06592691049
1410	0.4
1415	1.48267984773
1420	2.58574921409
1425	8.03825305808
1430	3.56331896303
1435	1.64249497156
1440	2.50849760826
1445	1.24942074793
1450	0.7483674289
1455	0.4
1460	1.61591899352
1465	0.501807194459
1470	1.77234655768
1475	0.671605618513
1480	2.07190734593
1485	2.46778637958
1490	4.73145520219
1495	0.955377291729
1500	0.75274735275
1505	0.730320442294
1510	2.6969363697
1515	2.03256306979
1520	0.784963083752
1525	1.20620812062
1530	0.742376482109
