0	6.02771140775
5	3.39831062507
10	0.4
15	5.38066093195
20	0.555012275089
25	1.17221328354
30	1.61422787216
35	4.01365038235
40	3.27136318618
45	0.50423779772
50	0.560968262339
55	1.40200373818
60	1.17102305697
65	0.502166510585
70	2.61663721521
75	1.53192402883
80	5.10714874833
85	0.4
90	0.4
95	2.31485013121
100	0.722484191203
105	5.33608268368
110	1.2099882883
115	1.74324195641
120	0.4
125	1.00288816964
130	0.4
135	6.20432411411
140	5.45454841239
145	0.4
150	0.4
155	0.4
160	2.1654924371
165	0.679594595086
170	7.98019178358
175	0.51443275944
180	1.18857832071
185	5.21704441843
190	2.66587035772
195	3.14747420459
200	4.35817654927
205	5.14134750483
210	0.4
215	0.408768900883
220	3.01058497821
225	0.428993493383
230	2.15099271336
235	3.62620581617
240	0.526581722239
245	4.18446757262
250	6.61943738531
255	2.06020399625
260	2.92911922884
265	7.56968312654
270	2.06033270556
275	3.77915413746
280	1.91920813586
285	0.622516287442
290	0.4
295	1.44591735173
300	0.773529370171
305	0.629468816009
310	3.40365481818
315	0.4
320	4.29525036239
325	3.13621690186
330	8.03777935603
335	7.71609679557
340	3.45604120447
345	0.4
350	2.70027469282
355	0.4
360	0.693264940635
365	3.82480784286
370	5.63900128857
375	7.35533058339
380	3.55150336822
385	0.558407024013
390	2.72456351906
395	1.60499641457
400	7.94726200728
405	2.64324339101
410	2.04981979404
415	5.08038542272
420	1.40359301722
425	0.697860660869
430	2.61799354227
435	0.50085227213
440	2.66030399536
445	1.46039548137
450	4.21031983586
455	7.33886076198
460	1.13983880798
465	9.32231605971
470	1.64764885255
475	5.1672205395
480	2.16510296402
485	1.95389388972
490	9.86544068439
495	0.4
500	1.30943371605
505	2.03663618596
510	3.55283878691
515	0.4
520	1.69200274105
525	1.63364172445
530	5.52820887238
535	2.0266099882
540	0.4
545	1.25678331123
550	2.63617014685
555	1.0219099893
560	0.784997929195
565	0.4
570	0.4
575	2.84174336299
580	1.48007273411
585	4.85052560243
590	7.72474820016
595	1.26788755883
600	4.76621790452
605	0.4
610	0.5622236246
615	6.85459357055
620	4.57268855901
625	1.31629578955
630	3.86615304484
635	2.73517995848
640	9.38120250954
645	2.41399140541
650	0.4
655	7.11009834345
660	6.43697985826
665	2.23503783588
670	4.28942825755
675	0.686565282709
680	0.4
685	9.54936224077
690	0.4
695	2.53663856103
700	1.27191301207
705	1.02384667214
710	3.90663655231
715	4.12307335707
720	1.92658927289
725	6.64657696582
730	1.0503597555
735	0.4
740	0.505982274056
745	6.72546173585
750	2.46870324154
755	11.4951517425
760	5.12234984241
765	5.08503548852
770	3.97347872717
775	2.05726597691
780	6.1239409795
785	2.53862928708
790	0.4
795	1.13450562317
800	0.799371258619
805	0.654002623167
810	1.07647388094
815	0.786287101851
820	1.07950961574
825	4.85539825208
830	2.39124904222
835	0.4
840	5.58603816178
845	5.49567762267
850	9.41112226592
855	6.80230033384
860	0.4
865	2.40870637975
870	12.4006282109
875	4.43469131867
880	1.0367736093
885	0.632249334563
890	7.13342973176
895	4.30907216791
900	6.33959920857
905	0.4
910	4.06926317013
915	1.47279656596
920	1.70919143543
925	3.73827072729
930	0.66954079935
935	2.43069490381
940	0.978098634846
945	1.50099826708
950	0.624829731648
955	1.73057622928
960	13.6417802062
965	1.06628588499
970	0.579680507128
975	1.4314323497
980	0.4
985	5.14775937269
990	6.7638291902
995	0.4
1000	10.1668837954
1005	2.81074967046
1010	1.55196384269
1015	1.94088620142
1020	2.36989547479
1025	2.56097175448
1030	3.46740531271
1035	0.4
1040	2.90778492523
1045	4.60325876028
1050	3.73685293749
1055	1.83900894455
1060	1.33084116489
1065	3.6256970617
1070	1.3055107584
1075	2.00385666487
1080	0.4
1085	3.34961841127
1090	1.78617699631
1095	2.75026770194
1100	1.9383837019
1105	1.63833177985
1110	5.14701865765
1115	0.4
1120	0.4
1125	2.44653686752
1130	8.63975373356
1135	1.94430149274
1140	1.36337220856
1145	8.12590458026
1150	0.4
1155	2.59374718804
1160	2.09014105184
1165	4.21684963875
1170	1.95402576548
1175	8.34775809889
1180	3.01621804838
1185	1.06177592077
1190	1.00878526686
1195	3.70060777619
1200	2.37456217305
1205	4.10643491981
1210	2.42109544179
1215	2.00979397118
1220	0.721525099818
1225	1.4110542854
1230	1.71023030971
1235	3.38178439802
1240	6.38380734626
1245	1.32068836043
1250	3.67537074352
1255	1.54516870003
1260	2.15592084292
1265	4.829540274
1270	0.634885696694
1275	3.34654089384
1280	6.09117726283
1285	0.90312513801
1290	0.877745794434
1295	5.32592424969
1300	2.43556265877
1305	1.59717740687
1310	6.98284562624
1315	0.4
1320	2.57514000211
1325	4.74417095452
1330	1.78601632322
1335	1.09839257475
1340	1.52058413301
1345	0.696120639366
1350	7.27575030963
1355	0.4
1360	9.99333019699
1365	2.57398098054
1370	2.01372459774
1375	0.838036893009
1380	1.06830665703
1385	10.4671041229
1390	0.4
1395	0.4
1400	0.551741261812
1405	0.4
1410	1.28527556846
1415	1.7048557777
1420	3.53968439075
1425	2.38014545013
1430	2.97640422184
1435	0.661020526011
1440	1.18242578039
1445	3.91719157422
1450	5.62733796285
1455	0.4
1460	7.69417730569
1465	1.38837440039
1470	3.65092868133
1475	6.48418788943
1480	4.09299887951
1485	0.4
1490	2.7081609654
1495	1.43783531859
1500	2.71565433406
1505	2.6236165511
1510	1.08803914742
1515	0.847353821232
1520	6.55608036651
1525	0.4
1530	0.52098843889
1535	0.4
1540	6.54257606315
1545	3.65556523505
1550	0.4
1555	4.43411577573
1560	1.88101498043
1565	8.24739677613
1570	0.745982934203
1575	1.43557358622
1580	2.25001498383
1585	0.4
1590	0.488543026994
1595	3.75698776857
1600	8.09086032202
1605	2.39437123443
1610	0.4
