0	0.4
5	1.36467315277
10	1.17492763712
15	1.75367118246
20	0.4
25	1.0869496022
30	2.1686369246
35	0.900629728555
40	0.4
45	0.548317819237
50	1.129491867
55	1.81863356894
60	2.28180515697
65	2.07545940588
70	0.4
75	0.4
80	2.27213587653
85	0.4
90	2.93743054453
95	1.3625872663
100	1.47581832317
105	0.4
110	2.44886391494
115	0.4103944214
120	1.16617311546
125	0.4
130	1.77561240176
135	1.94531056016
140	0.779453379191
145	0.4
150	0.4
155	0.4
160	3.73107685281
165	1.33198833792
170	0.784388196274
175	1.3990454928
180	3.11699392964
185	1.38994340027
190	2.42634456271
195	0.4
200	2.63243665351
205	0.534139553658
210	1.61276184774
215	0.670284510723
220	0.4
225	0.902823393675
230	2.81583130765
235	0.4
240	1.38602925106
245	3.09592141119
250	1.45664449532
255	2.13536722429
260	0.4
265	2.76973078133
270	0.4
275	2.02702626897
280	1.14802726249
285	0.887347638313
290	1.82672090198
295	3.23722464257
300	1.4582857837
305	0.939382150612
310	4.0906302254
315	0.4
320	3.43400160894
325	1.15770369876
330	0.4
335	0.650181034781
340	0.4
345	2.53268810947
350	3.1373468085
355	0.979939650381
360	0.4
365	1.00584491685
370	0.446225517077
375	0.4
380	0.797561897373
385	0.486487487967
390	1.35171342308
395	0.816735874566
400	1.29583788608
405	1.90408490333
410	0.4
415	2.51146181859
420	0.926466594718
425	0.600129016923
430	0.4
435	1.86374700416
440	2.00309483909
445	0.4
450	1.23216255754
455	0.413333401575
460	1.32807226477
465	0.804242795648
470	1.77093678174
475	0.4
480	2.0916121945
485	1.33651872903
490	0.879156480867
495	1.99539881318
500	2.82033553424
505	0.610373681566
510	4.8447967517
515	0.754607353423
520	0.4
525	0.549890823302
530	1.06292894238
535	0.601171919558
540	1.10073262239
545	3.68252129975
550	0.496411139686
555	4.13528517148
560	0.4
565	1.00409950921
570	1.15617094952
575	0.552449695516
580	1.18859739044
585	2.10052646254
590	0.4
595	0.69665209171
600	0.4
605	3.77244013342
610	0.4
615	2.5423831048
620	1.60272170774
625	2.61446096806
630	3.23232845523
635	1.16502450717
640	0.700783813074
645	1.06691216516
650	0.566411261636
655	1.40023220173
660	1.2023024938
665	0.85908550737
670	1.67206796646
675	1.14675040556
680	2.76955084102
685	1.86977575949
690	1.93971717228
695	0.4
700	1.17746429821
705	0.4
710	0.4
715	2.48223497635
720	1.41841816642
725	0.498429433427
730	0.4
735	0.4
740	3.34980615656
745	0.4
750	1.0752048684
755	3.44329803595
760	0.856653536199
765	3.9566387959
770	0.4
775	0.4
780	4.30920848472
785	3.05722431306
790	0.4
795	1.63770323586
800	0.4
805	1.72819014323
810	0.4
815	1.57854449365
820	1.23793418148
825	3.34571468634
830	0.936536063531
835	0.686820911233
840	2.06172885192
845	0.4
850	1.38986280154
855	0.560669232803
860	0.4
865	0.965148974414
870	1.94549736458
875	4.41562039052
880	0.705195377765
885	2.14353441338
890	3.70009551966
895	2.01682045717
900	3.20579598191
905	1.01196156154
910	2.99582010139
915	0.4
920	3.75823764594
925	0.518551921462
930	0.609280673466
935	0.526203592685
940	4.63515613053
945	0.4
950	0.4
955	1.01936339917
960	2.57733016081
965	0.404132675424
970	2.83222840515
975	0.4
980	0.738656817141
985	0.856034420528
990	0.517017622372
995	0.854364119963
1000	2.25487291411
1005	0.534942094188
1010	4.37521126525
1015	4.05701996371
1020	0.806540083427
1025	0.988318776649
1030	0.480582375509
1035	0.62053556683
1040	0.4
1045	1.22635674043
1050	0.4
1055	0.446453074354
1060	2.15212730212
1065	0.4
1070	0.4
1075	2.26295024828
1080	0.69339083928
1085	0.936942320178
1090	0.991670525701
1095	0.4
1100	0.595081214911
1105	4.22570147451
1110	0.4
1115	0.4
1120	1.10783292227
1125	0.903428375526
1130	0.545335854643
1135	1.00869462514
1140	0.4
1145	2.91148774086
1150	1.50248237117
1155	0.4
1160	0.4
1165	1.35097759354
1170	3.11137240657
1175	1.32143484888
1180	0.4
1185	0.594798988003
1190	1.31405789731
1195	2.06464846692
1200	1.6210509241
1205	1.95076796051
1210	3.63283551749
1215	0.4
1220	0.689764718399
1225	0.4
1230	0.806553704489
1235	0.4
1240	1.83627101143
1245	0.4
1250	1.11923824066
1255	0.747232589135
1260	0.4
1265	0.829640198973
1270	1.54300204381
1275	0.4
1280	2.09647197179
1285	1.7953519855
1290	0.4
1295	1.33205655069
1300	0.918980354287
1305	1.1439198029
1310	0.840786800829
1315	2.24115515312
1320	3.12487310011
1325	0.4
1330	0.97273311366
1335	1.86235705134
1340	0.4
1345	3.36597492877
1350	1.34695759508
1355	1.01552174467
1360	0.620659137266
1365	5.12982566413
1370	0.4
1375	2.64723587021
1380	1.6077153849
1385	5.83980129556
1390	3.98728632799
1395	0.4
1400	0.4
1405	1.1168620648
1410	0.923655350967
1415	0.804758222368
1420	2.84336259611
1425	0.518446000748
1430	0.81846518784
1435	2.55584885814
1440	1.62349318667
1445	6.69042714672
1450	4.30939413533
1455	1.21309837392
1460	1.35804180048
1465	0.4
1470	1.93275541694
1475	0.550551526316
1480	0.4
1485	1.44544365694
1490	1.87728569483
1495	0.936923502368
1500	0.4
1505	0.4
1510	1.98887990508
1515	0.4
1520	2.89024188986
1525	0.896879947197
1530	2.23879265851
1535	1.113119835
1540	0.823447153339
1545	2.368657139
1550	1.89373341673
1555	0.437888906481
1560	0.4
1565	2.46326260568
1570	2.98713531536
1575	0.712480873026
1580	0.4
1585	0.4
1590	1.13842372459
1595	0.546550598211
1600	0.978261334636
1605	2.26962468688
1610	2.16248368586
