0	0.903358991481
5	0.705498071775
10	1.0918503183
15	0.4
20	1.39113455713
25	1.7782812536
30	1.28518939091
35	0.4
40	0.4
45	0.648901279737
50	4.32856306487
55	2.71596780256
60	0.4
65	0.4
70	0.770881201731
75	0.4
80	1.74922188015
85	0.530308453493
90	0.4
95	0.4
100	0.539057289129
105	0.552586940386
110	0.709896200957
115	0.4
120	0.952729574544
125	0.4
130	1.35873958788
135	0.4
140	0.606514684304
145	0.4
150	3.92405744748
155	0.994245682693
160	0.568444107319
165	0.4
170	0.4
175	0.4
180	0.722374842305
185	0.809671525862
190	0.586627651228
195	2.61115357295
200	3.45926039737
205	3.84391567926
210	1.08283420473
215	1.16955104378
220	0.4
225	1.79881460695
230	1.10502241468
235	1.50582913438
240	0.659203630679
245	2.45228568424
250	0.4
255	2.4863823128
260	0.4
265	2.02599530799
270	0.4
275	0.559188179844
280	0.4
285	3.2515663927
290	0.4
295	2.53239558468
300	0.4
305	0.4
310	0.4
315	0.866175484354
320	0.4
325	1.74056567475
330	1.26316344016
335	1.9027683464
340	0.926490429591
345	0.895547390155
350	0.737982782628
355	0.81780954842
360	0.528852445766
365	0.4
370	0.4
375	0.4
380	0.4
385	1.09086653704
390	0.4
395	1.13782146737
400	3.75787208455
405	0.4
410	0.4
415	2.67746385701
420	0.4
425	0.4
430	0.820644417718
435	0.4
440	0.601034719919
445	0.568763959573
450	0.4
455	1.53500664083
460	1.98664866318
465	0.4
470	0.4
475	0.4
480	0.4
485	0.4
490	1.83108172731
495	0.4
500	4.38297763025
505	0.919431277052
510	0.4
515	0.895489372689
520	0.4
525	1.16346913324
530	0.415171642431
535	0.50363299533
540	1.92979467191
545	1.28880013243
550	1.44725401421
555	0.90899543747
560	1.42207413639
565	1.14549712592
570	0.460300918641
575	1.33815536882
580	0.913325187113
585	0.4
590	0.51817029114
595	0.4
600	0.918128518257
605	1.53792928615
610	0.914063294432
615	1.25695329866
620	2.30673121958
625	0.4
630	0.747337347071
635	1.45963337597
640	1.12165817856
645	4.16474320462
650	0.988049749809
655	2.13388420373
660	0.693883357252
665	0.511526721131
670	0.808384057651
675	0.567170371333
680	1.02921496507
685	0.733613149358
690	0.4
695	2.76498353883
700	1.19810906835
705	0.629013348295
710	1.65549371569
715	0.452563022249
720	0.4
725	0.987614673859
730	0.703606449845
735	0.588022771172
740	0.4
745	0.610290435588
750	0.4
755	2.80453249373
760	0.4
765	0.662632779462
770	0.4
775	1.74908652657
780	3.65941364682
785	0.4
790	0.616309465972
795	0.4
800	0.4
805	0.4
810	1.71450314651
815	1.1443145931
820	0.54605730913
825	1.79165576879
830	0.4
835	0.4
840	0.463268263275
845	2.17135978527
850	0.612223905998
855	3.69284680417
860	0.4
865	0.4
870	0.4
875	1.87534795338
880	1.99573270351
885	0.587808410202
890	0.4
895	0.766155027274
900	2.73253132227
905	5.37801601448
910	1.67279438273
915	0.4
920	2.2058499742
925	0.4
930	1.12598711136
935	1.05330327184
940	0.4
945	0.4
950	2.35292036902
955	0.708849170712
960	0.596024523876
965	0.465556166308
970	0.723923315263
975	0.843446492554
980	0.4
985	0.409968349624
990	0.4
995	2.99250273947
1000	0.4
1005	0.4
1010	1.5439610137
1015	1.90439685786
1020	1.20167263087
1025	0.668979100713
1030	0.4
1035	0.410821642365
1040	0.94889995323
1045	2.62329500187
1050	1.02023402963
1055	1.93347906497
1060	0.550136874215
1065	0.833133437178
1070	0.710269969181
1075	0.4
1080	1.3645295142
1085	0.4
1090	2.55184764407
1095	0.860326010042
1100	1.92707567972
1105	0.4
1110	0.77684563005
1115	0.533255670013
1120	1.64336219644
1125	0.4
1130	0.4
1135	0.4
1140	1.48297681181
1145	0.4
1150	0.417269501327
1155	0.4
1160	2.30521586063
1165	0.4
1170	0.721721364816
1175	0.721906964172
1180	0.4
1185	0.4
1190	0.4
1195	0.4
1200	0.4
1205	0.656069713067
1210	0.4
1215	0.724408288819
1220	1.08968076196
1225	0.4
1230	0.4
1235	0.4
1240	0.4
1245	0.4
1250	0.4
1255	0.451383683345
1260	1.0819381176
1265	0.4
1270	0.4
1275	0.944983781395
1280	0.4
1285	2.09336243555
1290	0.584602270463
1295	0.645094075944
1300	0.4
1305	0.584747864947
1310	0.561414241493
1315	0.4
1320	0.4
1325	3.00628181717
1330	1.47086488615
1335	1.28900294479
1340	2.74975699622
1345	1.38699092811
1350	3.56676811398
1355	0.999047284243
1360	0.4
1365	1.31962571775
1370	1.1518585599
1375	2.72416972624
1380	3.92891305375
1385	1.3319149212
1390	0.684522443538
1395	4.0004490174
1400	0.4
1405	3.73328528676
1410	1.42830801594
1415	0.4
1420	0.4
1425	0.586530403812
1430	0.4
1435	0.639300803671
1440	0.856267170675
1445	1.0814425312
1450	0.4
1455	1.34532939346
1460	2.09386397001
1465	4.52634842375
1470	4.7029855738
1475	0.454019275197
1480	2.15349303975
1485	0.4
1490	0.4
1495	0.4
1500	0.4
1505	0.474725602728
1510	0.933152100387
1515	0.804973190324
1520	0.4
1525	0.976535889579
1530	1.3347420076
1535	0.992314419398
1540	0.4
1545	0.4
1550	2.67492025399
1555	2.00264894708
1560	3.27339243548
1565	2.32345697509
1570	2.03266151939
1575	0.4
1580	0.438024604691
1585	0.4
1590	0.515571921071
1595	2.7714018486
1600	1.17847369968
1605	0.94108978918
1610	0.4
1615	2.80554490042
1620	0.4
1625	1.35511636286
1630	0.4
1635	3.00845679184
1640	0.4
1645	0.4
1650	0.505980596075
1655	0.4
1660	0.4
1665	0.4
1670	0.959090172983
1675	1.48142076998
1680	0.4
1685	1.6117135424
1690	0.4
1695	0.4
1700	0.93148221008
1705	0.705717950527
1710	2.57101626634
1715	2.21600355742
1720	0.4
1725	1.32350789524
1730	0.549515852627
1735	0.48061860874
1740	1.59834518099
1745	0.4
1750	0.4
1755	0.4
1760	0.675545624125
1765	0.4
1770	1.30574217104
1775	0.833892739421
1780	0.4
1785	0.432830643631
1790	0.89812341138
