0	6.54910897191
5	0.4
10	0.989992234044
15	0.4
20	1.5669735869
25	1.82161558833
30	0.4
35	1.28090506388
40	0.4
45	8.2751372622
50	5.61136558127
55	1.3481877669
60	0.4
65	1.1159617193
70	2.71978263213
75	4.7449616156
80	6.04096751203
85	4.84323528522
90	0.566327175081
95	1.28926842443
100	0.494249582851
105	3.52597597803
110	22.8742928158
115	0.949773085064
120	7.64278482713
125	0.503535307166
130	0.623768455787
135	3.61478238176
140	1.76962891424
145	4.13796711277
150	10.2982741179
155	0.4
160	10.4050510463
165	1.19997424768
170	11.1284998281
175	2.20083607301
180	2.47637316262
185	6.90242777505
190	1.89183615449
195	0.4
200	0.4
205	8.60303152975
210	2.10467712246
215	1.87316412343
220	0.766087729567
225	0.815213783707
230	2.95326852204
235	6.64748836943
240	1.83031637614
245	6.56095551641
250	0.928718791171
255	9.67996495271
260	2.29388042677
265	1.80138713661
270	1.90402714244
275	14.4526373607
280	4.11591871286
285	3.47093077759
290	0.467001427672
295	1.31998720307
300	0.4
305	0.846555174658
310	0.4
315	0.824288511106
320	5.29457442153
325	0.446889920821
330	1.50444663732
335	3.47149325652
340	4.47960688823
345	0.796183521313
350	5.75491918227
355	5.48019128309
360	1.97403413456
365	0.578259679524
370	3.91038971147
375	0.4
380	5.07492847731
385	1.84453723739
390	0.4
395	0.4
400	2.00320251067
405	3.78872441455
410	3.06469625046
415	3.99173967398
420	11.3166288775
425	1.29124520066
430	6.29088205535
435	1.39382898939
440	4.94698618966
445	5.91780678735
450	1.54671625348
455	3.05583942983
460	2.82527101489
465	1.09363130639
470	2.79953189561
475	4.69933581232
480	1.8578723585
485	7.47295242478
490	5.79924140144
495	2.17546375085
500	0.4
505	4.02022660909
510	6.14728266862
515	2.07793885738
520	0.771336963351
525	7.12901693135
530	3.42961914187
535	9.2136221288
540	3.17146814493
545	4.89988144686
550	5.11256730738
555	3.09141069492
560	0.4
565	2.7958027162
570	3.09912279971
575	0.543658765642
580	0.506912381322
585	0.547970004422
590	1.4266235882
595	2.5424199288
600	1.13878156571
605	2.86860974593
610	7.06599608294
615	1.25992424243
620	9.69827444549
625	10.2423273631
630	1.09983354242
635	1.50465195322
640	2.10027275865
645	2.21260848123
650	0.4
655	9.14066715861
660	2.85000424423
665	10.9605903796
670	0.4
675	1.26515944858
680	0.4
685	1.16959221319
690	0.731406526965
695	12.4480415295
700	15.3636460035
705	1.07856823968
710	1.46713876483
715	0.952735294368
720	3.95121461197
725	1.69899963765
730	2.0465320937
735	2.98296903945
740	2.88615175034
745	8.95092252407
750	12.0675959144
755	4.231118441
760	2.07477535652
765	1.51526090754
770	4.9054323915
775	2.61000528435
780	1.04153553565
785	2.01832624219
790	6.37470838775
795	1.27175832193
800	10.6321034229
805	2.31121168732
810	2.18211870669
815	4.86946015146
820	0.445390731268
825	2.19737934233
830	1.48972165088
835	5.4560975928
840	0.801781772977
845	2.03742034727
850	1.55998459127
855	2.62468272752
860	2.21701241878
865	7.30806027408
870	1.08877193213
875	7.81038868439
880	2.00498676822
885	0.935226854927
890	4.18707540226
895	0.4
900	3.60375848248
905	2.23555140011
910	1.19661296927
915	5.17748779762
920	3.97458975793
925	1.63233462374
930	1.55093163716
935	0.4
940	1.34081332947
945	2.75056585741
950	6.33682029539
955	4.19275335396
960	2.86999864516
965	6.49861059656
970	0.629344413328
975	3.20282136891
980	3.31986630479
985	7.09474567506
990	4.97941601735
995	2.14447228333
1000	0.865613940202
1005	4.67904318249
1010	3.96640781172
1015	0.775146359672
1020	3.35393082924
1025	3.17703639601
1030	7.36328133148
1035	0.494728113566
1040	7.67845715199
1045	18.1125467255
1050	3.4844051903
1055	8.98623263848
1060	1.18457005436
1065	7.3062100516
1070	4.65196522243
1075	8.68682386689
1080	0.88473635206
1085	1.18722804327
1090	2.67306129997
1095	3.7343855382
1100	3.62674264008
1105	1.46949481588
1110	5.06368824245
1115	1.6328695146
1120	1.84237548876
1125	2.99218371062
1130	2.13293804335
1135	3.62137712943
1140	0.520530076396
1145	1.11026425044
1150	0.4
1155	6.33096815701
1160	1.52845487853
1165	0.827764019976
1170	2.65736742253
1175	2.48002179462
1180	4.99420894512
1185	3.11944117018
1190	3.11258958065
1195	11.5490665666
1200	4.9694791508
1205	6.42099277421
1210	1.67012912495
1215	15.0122036597
1220	19.5149111495
1225	7.15067954094
1230	2.04364940253
1235	2.28261744449
1240	13.2574926264
1245	2.22781893874
1250	1.42067187479
1255	4.23866300351
1260	2.97395192767
1265	1.35076991059
1270	6.41834835539
1275	1.35946516119
1280	0.4
1285	1.36806303207
1290	5.74202582864
1295	4.95959389959
1300	3.37894280601
1305	7.36781646597
1310	1.69464415146
1315	12.6162787947
1320	2.09630072583
1325	1.41741312998
1330	1.05333333104
1335	7.19721773263
1340	2.17025856704
1345	8.36685039484
1350	9.14996504941
1355	16.3307260727
1360	0.856581879661
1365	6.77197890279
1370	8.43817852101
1375	0.4
1380	3.26049746351
1385	6.89619189662
1390	0.987047095148
1395	1.19916867128
1400	0.4
1405	4.7714317109
1410	2.36603358293
1415	5.68610566541
1420	0.621576950626
1425	3.37382318067
1430	4.52980437981
1435	7.38716372138
1440	2.29911657068
1445	2.4438899389
1450	0.4
1455	4.19147549402
1460	1.03865380611
1465	4.60249413078
1470	3.9426843049
1475	6.101677228
1480	2.56899202955
1485	1.13592199148
1490	2.76255781495
1495	2.84809815907
1500	4.46615282537
1505	0.460467658993
1510	5.22776574795
1515	0.414847440473
1520	3.94926329047
1525	9.30848153153
1530	5.45005006509
1535	1.9732235123
1540	0.669159945013
1545	2.08554012067
1550	1.74919843895
1555	2.03128754096
1560	8.83239213713
1565	5.3453157373
1570	0.998940040692
1575	11.3211967667
1580	15.1854519146
1585	5.23645458225
1590	4.74645711333
1595	4.87221879362
1600	2.72159714523
1605	3.06370410723
1610	1.76876200185
1615	0.487277836813
1620	1.10172600349
1625	2.8151865065
1630	16.3470973388
1635	3.85908787654
1640	0.4
1645	2.3133181088
1650	3.46633704474
1655	0.4
1660	5.2241713882
1665	2.6237707674
1670	0.4
1675	2.76040057772
1680	7.33468118447
1685	0.725915908473
1690	6.00688311192
1695	4.44584792253
1700	0.470172073158
1705	10.3103923095
1710	4.29167909195
1715	5.5282157616
1720	0.4
1725	0.774412689796
1730	8.87579170786
1735	4.21493929108
1740	0.709858378537
1745	0.870194547192
1750	0.4
1755	4.58902170782
1760	1.14950825833
1765	4.82903445005
1770	4.98956869688
