0	6.58949358808
5	4.45736221288
10	4.77249803189
15	2.89211415131
20	1.27909339048
25	7.60257285839
30	13.3200034718
35	2.62184822456
40	12.0047010628
45	17.3717697327
50	0.632807680312
55	3.50522275264
60	0.4
65	0.892640382342
70	15.0657616965
75	9.0706107479
80	0.493517014804
85	2.40882709806
90	12.0744995011
95	5.69582199558
100	5.46057357656
105	13.0796040516
110	19.9501775586
115	2.64247162198
120	3.100890456
125	10.2950897326
130	11.1814802817
135	2.2298961814
140	6.09438098187
145	6.44399166727
150	9.93153533424
155	2.30453984006
160	6.27428600205
165	13.9229559018
170	8.71411093899
175	22.1034025046
180	1.42620487422
185	2.7201932072
190	1.96416635709
195	3.98262558284
200	3.18411486949
205	2.4540352094
210	0.4
215	5.52017028897
220	0.4
225	2.14176774501
230	23.9465281417
235	1.13641180489
240	15.3695368731
245	0.995524110074
250	14.98969841
255	8.07314827429
260	3.63417329236
265	1.34173356429
270	12.440343316
275	1.70461913025
280	10.7639058638
285	2.80558530202
290	0.937143528649
295	2.3215792322
300	14.1076586722
305	28.2215936281
310	12.85977857
315	1.67957428483
320	10.5844169764
325	4.67214944645
330	16.6459004126
335	23.2210858642
340	0.849651454576
345	10.11841243
350	12.5055303548
355	0.498621836038
360	8.59064517381
365	4.72978155649
370	8.26296714568
375	6.48819772098
380	39.350209312
385	10.7947612666
390	4.70906276392
395	15.1281958421
400	1.75497249074
405	5.46588058877
410	24.8299703557
415	21.8927534755
420	6.22040036792
425	0.990844717398
430	11.8738087709
435	5.46399862159
440	6.16814073142
445	7.98710740132
450	7.29329397126
455	0.429179473047
460	18.8944469431
465	4.72865372714
470	0.4
475	10.8536391418
480	19.3682135162
485	14.615558984
490	15.1288238752
495	31.6623693519
500	3.62782166094
505	8.14856385873
510	1.95720695899
515	0.748084672035
520	25.4947079839
525	0.944724503144
530	9.38052168823
535	0.726653283557
540	4.55136780692
545	0.60924464516
550	10.143984826
555	3.19259202846
560	16.4020405258
565	58.7707453531
570	18.9029933398
575	6.4236937814
580	7.8731539444
585	8.40931370798
590	0.514726978251
595	10.5861927445
600	1.43099643223
605	10.8985296077
610	2.48392157757
615	7.04587845218
620	12.9061491513
625	7.17412932821
630	2.32450728786
635	4.39529695222
640	1.69656025849
645	5.64719635603
650	1.04087009079
655	45.6048163138
660	9.77198293331
665	14.5668644228
670	1.97767781311
675	3.28099726266
680	5.34292798316
685	5.0317135038
690	0.641701914044
695	3.00118845216
700	2.51424785831
705	11.1647238157
710	7.86866000946
715	6.63071049913
720	9.88706460388
725	6.79341044707
730	21.4848292995
735	0.585622436078
740	3.85495034314
745	19.7134178601
750	3.35587980158
755	2.11559789186
760	0.797353705445
765	18.5287485635
770	1.89082550217
775	2.16787250644
780	19.3630379705
785	4.04818101127
790	11.9593060356
795	2.86115479618
800	2.93166115684
805	1.65644065143
810	21.0275984781
815	0.496310900701
820	15.4619893491
825	1.31706900647
830	3.93261229249
835	6.89299435529
840	18.7784001994
845	11.3810368546
850	7.89237525966
855	2.54977768465
860	8.15025958236
865	7.93330494601
870	1.87700716652
875	1.74564822674
880	6.02070525917
885	0.44740048696
890	12.3237666539
895	8.71218341132
900	1.09401184206
905	0.94346888965
910	5.84430236111
915	0.4
920	9.4381128867
925	6.63215540629
930	3.38157439985
935	8.2949925744
940	6.8546249971
945	0.4
950	11.229376405
955	9.3353564193
960	6.05763929312
965	7.46086522525
970	3.90719149258
975	1.89603359081
980	16.3607169615
985	2.40525011618
990	7.32937755931
995	19.1440357755
1000	6.64193625676
1005	5.52764273545
1010	4.97445208331
1015	2.79294163464
1020	16.9916196584
1025	0.4
1030	2.04022990955
1035	15.5100031561
1040	1.81580728878
1045	1.80772348711
1050	2.5626451578
1055	5.76933291618
1060	0.4
1065	1.18071988392
1070	2.18081513778
1075	1.40003956666
1080	0.814642897059
1085	0.86011119784
1090	10.209075826
1095	12.3942625201
1100	5.90911297034
1105	0.4
1110	2.36698198553
1115	16.0909608125
1120	12.9968926746
1125	7.33736166367
1130	8.59616032242
1135	7.4644808313
1140	6.36997805523
1145	9.01677746774
1150	0.4
1155	12.9762710574
1160	9.71475091807
1165	5.7546561645
1170	15.1664216689
1175	7.09260276202
1180	1.1426236463
1185	2.36327258948
1190	43.2463964931
1195	2.21496582154
1200	2.05017156386
1205	1.86686200888
1210	9.0343173745
1215	3.68038118098
1220	2.02229767405
1225	0.4
1230	2.61118891795
1235	14.9883218132
1240	5.15756675511
1245	2.401422501
1250	16.6290929483
1255	6.13057497013
1260	7.31884521604
1265	19.4772011938
1270	0.4
1275	11.3764710978
1280	3.45788938581
1285	19.8719233
1290	6.1056919241
1295	5.75667429149
1300	3.83537714085
1305	5.00543648685
1310	1.56736715951
1315	0.4
1320	9.24527830205
1325	0.558234227352
1330	15.0743371415
1335	0.4
1340	6.89251584916
1345	4.8770706016
1350	19.4365544123
1355	13.5414043905
1360	19.69454265
1365	2.85529620768
1370	5.53178965586
1375	1.26877913067
1380	1.141276011
1385	19.2465468935
1390	1.8472809446
1395	7.5336983517
1400	0.625887942548
1405	46.5480530476
1410	3.45787735578
1415	12.2793583668
1420	6.87723650039
1425	0.4
1430	15.4039660516
1435	3.71751119464
1440	0.939752465307
1445	2.10692653682
1450	13.8988369874
1455	18.2479701772
1460	5.31427074901
1465	3.09849212102
1470	3.23365731986
1475	1.19507088862
1480	11.5243420808
1485	1.86870764584
1490	7.33537600675
1495	4.26469784313
1500	5.07764716672
1505	12.6882833579
1510	7.42636825556
1515	7.04073376664
1520	11.3489167922
1525	22.3129386355
1530	6.74592732085
1535	0.900736629381
1540	2.03658725517
1545	11.3202491361
1550	14.6160946522
1555	15.898892451
1560	0.790640841238
1565	23.3430834307
1570	5.20747351252
1575	0.542955036168
1580	0.838270620356
1585	7.255568046
1590	7.82975336959
1595	0.558839838779
1600	4.98555540611
1605	2.47873557538
1610	9.79988106193
1615	3.02717850038
1620	0.824106391672
1625	4.88597873503
1630	5.36965124037
1635	22.7287448666
1640	5.43007016669
1645	0.637218982964
1650	24.6437339786
1655	0.565065370558
1660	4.98759314847
1665	5.98397519259
1670	0.4
1675	12.8267958029
1680	9.51831547311
1685	11.1169672051
1690	19.012167186
1695	13.0644025316
1700	9.57431506615
1705	1.21541914105
1710	24.1964808565
1715	10.7673858579
1720	12.9764572077
1725	1.48381564006
1730	5.36787625135
1735	1.14901747534
