0	1.8821871764
5	1.39369027264
10	6.51530546601
15	3.76017298699
20	5.75250787916
25	4.68811414577
30	3.48231082282
35	1.86609163928
40	3.57419699022
45	7.45366314224
50	9.86715682421
55	2.51037092165
60	9.57392245515
65	4.66648458299
70	0.951465738353
75	0.821952856048
80	0.433452903093
85	0.563884603063
90	1.65894410663
95	5.59059687058
100	3.66352802788
105	1.06530494844
110	0.685835735713
115	1.99499836895
120	3.49277816397
125	1.74357534821
130	4.20255645611
135	7.9649036436
140	1.98347166373
145	0.4
150	5.05658623149
155	1.97166633422
160	15.1777369039
165	4.64275966268
170	4.6091968124
175	6.10803127346
180	2.72579851014
185	1.66968723009
190	8.49210415859
195	4.45039160446
200	0.4
205	1.19925713728
210	2.20871475953
215	2.50348935509
220	3.87930610493
225	2.90181110758
230	2.44204767817
235	0.481404535552
240	3.8940867162
245	3.33962597308
250	2.57945562454
255	3.33153075265
260	1.489514988
265	0.766120532215
270	0.4
275	6.14677749797
280	6.77578332651
285	0.4
290	7.14713801996
295	0.4
300	1.39317345906
305	10.5278715166
310	13.5938168626
315	0.4
320	2.03820230463
325	1.63902742375
330	7.40912422004
335	2.74947909803
340	0.587366874727
345	0.4
350	5.88840159765
355	4.99630741394
360	1.0610076672
365	8.47244527095
370	5.18291995044
375	0.664076406815
380	13.8907281676
385	0.4
390	1.94756174417
395	2.18514439852
400	5.30411334374
405	0.559826416152
410	3.85954468655
415	0.593318568536
420	1.41342443722
425	3.90692052776
430	1.18721507938
435	3.38719913637
440	4.75191077031
445	4.99025908333
450	1.60342253005
455	6.45961343027
460	0.4
465	2.03561399949
470	0.4
475	1.12730621868
480	0.4
485	12.2112101117
490	5.42439089521
495	7.6230001548
500	0.4
505	0.4
510	3.90224363261
515	3.86004335711
520	6.34994613203
525	0.889570914534
530	1.02758592858
535	0.4
540	6.90392023003
545	2.16131892431
550	0.657667804466
555	2.90669980969
560	1.69625549339
565	4.48211892258
570	19.5322495246
575	3.67603984745
580	1.08888598823
585	1.28503747867
590	0.659306074458
595	1.40790478878
600	2.11286028402
605	3.46765197475
610	0.574434096122
615	0.427907076077
620	0.541285098915
625	1.05074756592
630	10.5531766385
635	5.25986494446
640	1.14150247008
645	0.4
650	2.72545944046
655	3.56431867358
660	6.59983497945
665	4.69172143781
670	1.99697396996
675	0.993901046114
680	6.94471936423
685	5.55665783384
690	5.13351346452
695	1.27191711474
700	0.4
705	2.34049190086
710	1.26077835054
715	0.4
720	0.4
725	0.4
730	9.08095246672
735	3.87251969624
740	2.13320598008
745	4.08736565334
750	2.28209420731
755	4.31759486571
760	2.14986624824
765	3.67268667282
770	3.34201094335
775	1.80410877243
780	5.2499822213
785	1.67997117563
790	1.44029056045
795	0.827519750424
800	0.695697384118
805	1.94397156315
810	7.8485566504
815	5.83964118493
820	1.79504324402
825	4.91990681478
830	0.571200506612
835	10.8178211537
840	1.38148018683
845	0.839033822207
850	2.52319241892
855	3.67707300257
860	5.73687636586
865	1.03590130179
870	1.14977004228
875	5.53669812383
880	2.74217027116
885	1.02701425122
890	1.98354831743
895	12.9335470234
900	0.4
905	2.09877149298
910	1.87111720363
915	2.18086801621
920	0.775275991777
925	2.83957317887
930	5.27673628271
935	1.81655278017
940	1.82136945432
945	6.53147733335
950	0.413739006194
955	2.87730999741
960	14.3994131684
965	4.8605319163
970	1.98083243631
975	6.87124821798
980	5.73455437118
985	3.07115340587
990	2.88065192585
995	13.3803156594
1000	3.85465515444
1005	6.28346731916
1010	0.508941142871
1015	6.32576091703
1020	3.69433602575
1025	3.02794950296
1030	1.71091497952
1035	9.15998694043
1040	6.509756604
1045	1.99584998163
1050	3.35205825566
1055	3.29543444874
1060	10.8908759089
1065	6.26449161642
1070	7.00962348059
1075	0.516012750148
1080	3.08421602343
1085	1.33460518968
1090	3.16490844529
1095	6.62207080662
1100	4.26728771621
1105	3.58797430005
1110	1.3554247938
1115	2.15841761782
1120	0.604994334045
1125	3.64886436445
1130	1.25316255051
1135	3.68537645688
1140	8.46025814689
1145	8.29704326922
1150	3.67483526396
1155	15.0534319214
1160	1.45608985233
1165	0.4
1170	0.50387536519
1175	0.435654307511
1180	3.46259051182
1185	1.94070306442
1190	4.66681348838
1195	7.59712105098
1200	8.52187026303
1205	3.19488462284
1210	6.46375017963
1215	0.4
1220	1.50914749987
1225	0.4
1230	1.49255652825
1235	3.34250482275
1240	0.4
1245	0.4
1250	3.73410755861
1255	2.96672030192
1260	0.589710799937
1265	0.4
1270	4.28466103272
1275	4.09324997782
1280	1.32096168927
1285	0.804269305976
1290	1.06275671594
1295	0.4
1300	1.40515584613
1305	2.62236501797
1310	1.98814115135
1315	2.92856021076
1320	0.4
1325	3.68719726193
1330	0.4
1335	9.32933476512
1340	0.4
1345	7.96868963076
1350	1.17021170639
1355	8.45049401098
1360	0.772817606681
1365	5.89507620503
1370	2.96804406645
1375	7.86646862336
1380	0.454405338842
1385	5.87836874553
1390	2.6989657062
1395	4.75521971325
1400	0.972977871338
1405	0.4
1410	0.872879641168
1415	0.4
1420	1.80104924142
1425	5.88844860284
1430	5.2019241471
1435	0.4
1440	0.412860769206
1445	6.45701417199
1450	3.61324064545
1455	6.3595720811
1460	1.45827960741
1465	2.15711493972
1470	2.85954922684
1475	2.33755206108
1480	2.52564763255
1485	0.558477813573
1490	0.621478175802
1495	1.3653394284
1500	0.4
1505	1.55507188915
1510	9.95636962244
1515	4.00997049886
1520	3.61608756022
1525	0.826730731367
1530	3.98507208441
1535	0.669721314891
1540	0.651709844152
1545	5.74370209378
1550	3.65529090185
1555	3.62360825082
1560	1.51346771563
1565	2.53011796846
1570	0.853849960354
1575	1.79805568146
1580	1.6049411025
1585	0.797478676812
1590	1.98863332806
1595	10.2755561656
1600	0.813459314581
1605	5.26504619102
1610	1.5658873579
1615	3.63705444464
1620	3.5194750694
1625	1.30283850721
1630	1.23930192541
1635	3.55157207385
1640	5.49304715477
1645	1.57415607663
1650	4.05231868942
1655	4.42906802657
1660	1.58999120053
1665	1.0332018177
1670	1.09248375267
1675	0.4
1680	10.9115730129
1685	4.24013745751
