0	3.68666805306
5	0.4
10	0.4
15	1.38150279228
20	1.14222073891
25	0.4
30	0.4
35	0.743817641611
40	0.852987838612
45	0.4
50	1.51145767838
55	2.87147821127
60	0.433739322411
65	1.60096715431
70	0.60763116662
75	1.02485438282
80	0.4
85	0.419012845536
90	1.70072490738
95	1.02478156642
100	0.4
105	0.660534090894
110	4.72856438136
115	4.57593628807
120	0.4
125	0.4
130	1.71090776684
135	4.116353327
140	0.4
145	0.902478626508
150	2.0649729488
155	1.88869597932
160	0.4
165	0.4
170	0.4
175	0.4
180	1.60098878849
185	1.30009647347
190	0.474726081174
195	3.419231827
200	0.560173830803
205	1.64201985279
210	2.23563154094
215	0.998612206959
220	0.468535359524
225	3.86476939504
230	0.54199890988
235	5.09718867969
240	2.05666314637
245	1.20464727987
250	1.03467732114
255	1.51622288072
260	0.525704079436
265	0.4
270	0.759892087098
275	3.18367874388
280	0.4
285	1.90929294289
290	2.13791535
295	0.723474259359
300	1.47091869484
305	0.985981609564
310	3.04630413152
315	0.4
320	0.4
325	0.4
330	0.4
335	1.29221818279
340	0.768612961181
345	0.4
350	0.4
355	0.649276641181
360	0.4
365	0.4
370	3.11822338354
375	2.29096674425
380	0.4
385	0.444673564715
390	0.836688850524
395	1.48802421005
400	0.4
405	0.4
410	0.4
415	0.4
420	2.36689678226
425	0.4
430	0.4
435	0.663450696045
440	2.45238520551
445	0.4
450	0.4
455	5.29492492086
460	0.720944803312
465	5.08024146581
470	5.24364413521
475	0.4
480	0.4
485	1.6152697839
490	4.8084454291
495	2.44320969837
500	1.08352242972
505	0.977829213453
510	0.4
515	0.991611541176
520	0.4
525	0.409798960707
530	1.6144052383
535	0.4
540	4.99676690824
545	0.419502835098
550	0.692521349595
555	0.964304395364
560	0.4
565	0.670934091127
570	0.4
575	2.76052075309
580	1.43970725953
585	0.4
590	0.4
595	1.59953799803
600	4.81706490137
605	1.29380945886
610	0.671632682851
615	2.40269002924
620	2.98789202978
625	0.4
630	0.411708811184
635	0.4
640	0.934392928888
645	2.25856315938
650	1.3409608852
655	0.4
660	0.4
665	0.61829756195
670	2.18058269239
675	0.4
680	1.0556536804
685	0.553641538502
690	0.616885543896
695	0.828704471421
700	0.675941842747
705	1.31841607574
710	0.636740163744
715	0.672289983703
720	2.01084462629
725	1.25219915016
730	1.67567520345
735	0.4
740	1.43305185599
745	2.26834255863
750	2.93225445254
755	0.4
760	0.495039500781
765	0.951885004458
770	2.6810731264
775	1.5440110134
780	0.515887988077
785	1.04275230783
790	0.4
795	0.847362590476
800	2.86546734249
805	2.60817725815
810	0.4
815	0.4
820	0.561166132007
825	5.91858563693
830	2.11722484486
835	1.12398429354
840	1.69332810384
845	0.4
850	2.74976820495
855	0.4
860	0.4
865	0.500381324423
870	4.40555241795
875	8.79612404394
880	0.999851549333
885	1.31595236226
890	2.19037276279
895	0.4
900	2.09807249295
905	0.599978085247
910	0.925968851789
915	1.58436271288
920	1.16256615955
925	2.27187131228
930	0.561562550114
935	2.49290419643
940	1.55151900141
945	0.4
950	2.5382582427
955	0.964047162877
960	1.1555959972
965	0.4
970	2.99780646325
975	1.22390642747
980	0.50490730119
985	0.4
990	1.90405390887
995	2.72032943033
1000	1.11872074571
1005	0.641447333273
1010	0.445851827089
1015	2.51903993211
1020	1.47633928683
1025	1.33487121148
1030	0.4
1035	1.53823892454
1040	0.4
1045	1.9624055385
1050	1.23473864529
1055	1.8116506527
1060	0.4
1065	1.20722079467
1070	0.744022317797
1075	0.4
1080	0.4
1085	3.0224898953
1090	0.4
1095	2.48978953828
1100	0.4
1105	1.66896488925
1110	0.68099772924
1115	0.63109438487
1120	0.4
1125	1.81167407832
1130	0.847260980259
1135	2.04626975101
1140	2.55363432089
1145	2.80217974472
1150	0.794274624957
1155	0.4
1160	1.86005842805
1165	0.590550946152
1170	0.536979294894
1175	0.816725532636
1180	4.91646367938
1185	0.788022396198
1190	0.411620982945
1195	0.670642850338
1200	1.63590882155
1205	3.87343472248
1210	3.97599245061
1215	0.827755911675
1220	0.637108382802
1225	0.4
1230	6.22770454005
1235	1.48380168813
1240	4.23625155559
1245	0.4
1250	1.1089709115
1255	1.23267829791
1260	2.95365868579
1265	2.33405679105
1270	2.00613888118
1275	4.7439842252
1280	1.12168588963
1285	0.4
1290	1.46796603502
1295	0.696451471008
1300	0.636847245671
1305	4.13860016284
1310	0.629784770921
1315	1.62494730446
1320	0.800833035598
1325	1.82306636331
1330	0.4
1335	0.419396196599
1340	0.4
1345	2.74446140856
1350	0.678046519937
1355	2.52974049061
1360	1.38799608128
1365	0.535751752931
1370	1.13211229602
1375	1.37852530406
1380	0.4
1385	1.18302790972
1390	0.4
1395	0.4
1400	2.69093377441
1405	1.50271115834
1410	0.4
1415	0.4
1420	1.66173755589
1425	1.892023937
1430	1.27576386348
1435	0.771441430328
1440	0.81865475843
1445	1.79988656926
1450	0.818531616792
1455	0.4
1460	1.09221494117
1465	2.10967283167
1470	0.890952241153
1475	1.17622495182
1480	2.84481262437
1485	1.09130378935
1490	5.17395152509
1495	0.4
1500	0.679875564096
1505	0.408493971536
1510	1.57073130578
1515	0.591684398348
1520	1.14480727217
1525	5.6053705224
1530	0.4
1535	2.6619213541
1540	0.575362679496
1545	0.653353410462
1550	0.876227202361
1555	0.4
1560	0.760810363479
1565	0.484717251266
1570	0.950202071948
1575	1.04066961601
1580	0.4
1585	0.4
1590	0.4
1595	3.52365443568
1600	0.4
1605	1.11671675864
1610	4.48875126351
1615	1.75961062823
1620	1.77912080263
1625	0.536426287261
1630	3.78188379272
1635	1.33914877981
1640	2.8701962042
1645	0.78155479827
1650	2.95503671239
1655	0.41573573321
1660	1.85141059414
1665	0.910426936798
1670	1.05572701583
1675	0.753059583298
1680	4.55807214091
1685	1.77407969032
1690	0.844830076514
1695	0.454050983973
1700	3.11837006083
1705	0.4
1710	0.997925930717
1715	1.80895550706
1720	0.901512951341
1725	1.11924636329
1730	0.525300634213
1735	1.01695142097
1740	0.649163965975
1745	0.928876869951
1750	0.4
1755	0.989202077906
1760	0.978114045821
1765	1.78700160287
1770	0.4
1775	0.4
1780	2.64174182776
1785	1.23061018077
1790	0.69804657303
1795	0.644712956645
1800	2.73905263309
1805	0.4
1810	2.01941531619
1815	1.17423989102
1820	0.4
1825	2.14351008559
1830	0.4
1835	0.611116293966
1840	1.23660237338
1845	0.4
1850	1.06069116488
1855	1.4176710834
1860	0.587505581638
1865	2.91668710281
