0	0.4
5	0.943599119686
10	3.40051132992
15	0.893920891046
20	0.4
25	6.57400921574
30	4.22547628715
35	0.4
40	1.18145632803
45	4.49805290149
50	0.678631720979
55	6.44774567463
60	1.71527012079
65	0.712578509112
70	0.557596552036
75	0.799694000873
80	0.801992973435
85	2.67741356273
90	4.0783710466
95	5.3683988233
100	9.32644316752
105	0.4
110	1.35689429306
115	2.21510789221
120	1.91999445175
125	0.579832479794
130	4.2077735455
135	3.2408780972
140	1.78516234619
145	1.91938807588
150	2.90465620266
155	0.4
160	3.35374921667
165	8.70808021383
170	0.4
175	0.989260976405
180	1.61597818254
185	13.3243405719
190	5.84151428353
195	2.21716861642
200	4.45161381425
205	0.4
210	0.4
215	1.90521797224
220	1.10444913654
225	5.11599743521
230	0.698365661821
235	0.4
240	0.719928092866
245	1.97577573945
250	0.4
255	1.39028903131
260	0.842379781895
265	6.38465945033
270	0.4
275	2.63123621349
280	1.25220964458
285	1.40120971929
290	3.3994762705
295	8.3157348291
300	2.40444693143
305	6.37394595489
310	6.04239309005
315	0.909519176249
320	3.42354091463
325	1.107460267
330	1.0842531479
335	0.4
340	1.85615189449
345	1.29823075802
350	0.76811630331
355	0.668098425976
360	0.4
365	0.4
370	5.04977931704
375	11.6918718649
380	5.07642551149
385	2.48338057402
390	2.69331533473
395	1.38956056367
400	0.4
405	0.4
410	0.825086207723
415	0.4
420	1.96383543824
425	0.479638472143
430	1.03704852642
435	5.63514577135
440	1.22244424041
445	5.49126147569
450	1.6181798521
455	0.61963790897
460	4.72849466647
465	2.47087379847
470	6.51150999854
475	1.88372027482
480	0.4
485	1.26702361752
490	2.9784614045
495	2.67928420721
500	3.29595240702
505	0.427436025462
510	0.4
515	0.4
520	2.07688116031
525	0.888937106617
530	0.447797152632
535	1.38282557389
540	2.61479978473
545	2.18890471436
550	0.419591960252
555	1.22157615842
560	0.799100211901
565	1.16451647862
570	1.42703020007
575	3.47546482325
580	0.4
585	3.94153313981
590	0.952398048087
595	3.69329277617
600	0.555037215733
605	2.94975392632
610	1.95478742042
615	9.15015176976
620	1.07263871452
625	0.4
630	1.13886375589
635	0.4
640	0.531387736207
645	5.68893031381
650	6.15371302766
655	0.612774969085
660	0.4
665	1.37932174345
670	5.82156541439
675	0.4
680	4.55018474468
685	0.4
690	4.47323649521
695	4.31257832358
700	1.23794303744
705	1.45833620194
710	1.18985196954
715	2.29834511649
720	1.82124085781
725	3.63912387829
730	0.4
735	0.4
740	0.4
745	1.37888750346
750	7.94838011887
755	0.48730386226
760	0.866178316336
765	3.13791522392
770	5.08521314237
775	0.883749688957
780	1.79161317708
785	3.62942219956
790	2.98257326323
795	5.70140157092
800	3.60001805102
805	0.69812920372
810	6.62614317122
815	0.4
820	1.04848686385
825	1.05934627475
830	2.79213938762
835	1.91855342818
840	0.4
845	2.11107093495
850	0.4
855	0.405826692917
860	1.95842481032
865	2.52306982871
870	1.54836083488
875	0.4
880	3.83586805336
885	1.77445209911
890	3.54857806943
895	3.99876354761
900	5.9132701824
905	0.4
910	0.515150909684
915	9.81189874209
920	2.53638838696
925	5.31810092885
930	1.26319578161
935	0.449428572721
940	0.536417069498
945	0.882962069762
950	0.4
955	2.50807301932
960	0.868172800024
965	2.87288842385
970	9.66311117917
975	0.4
980	1.25308477967
985	0.702555800176
990	0.4
995	0.4
1000	0.723209867846
1005	1.8413248354
1010	4.63181642103
1015	2.69061749445
1020	3.95183026876
1025	0.555760318371
1030	0.4
1035	0.974244309221
1040	0.546384715628
1045	0.4
1050	4.28957819669
1055	0.924164059886
1060	0.4
1065	0.405540223111
1070	4.39360701142
1075	1.34378752346
1080	1.3532832652
1085	6.28419453775
1090	3.03690225557
1095	1.09401749615
1100	4.36323936302
1105	0.905647825779
1110	1.65401863379
1115	0.410420961368
1120	2.13181111589
1125	0.4
1130	4.09384644526
1135	0.583113767658
1140	4.61173925551
1145	4.95619558996
1150	2.24494898555
1155	0.686688244727
1160	0.767853566759
1165	6.5158095123
1170	0.4
1175	3.19971353808
1180	1.00756632588
1185	2.01411740259
1190	0.4
1195	2.10532859529
1200	5.36999626646
1205	0.4
1210	1.03274663952
1215	3.63430220782
1220	0.4
1225	0.901326449516
1230	0.4
1235	2.84231244064
1240	4.73402196959
1245	2.98491300821
1250	1.83762234253
1255	4.23547618569
1260	0.777211258866
1265	5.51635314918
1270	0.420732770905
1275	6.58457823577
1280	2.24646317482
1285	5.40978609721
1290	2.08163112559
1295	4.54947024806
1300	1.06736655375
1305	0.4
1310	5.18786739227
1315	0.4
1320	0.63967026484
1325	1.71821904914
1330	1.44572302729
1335	2.32585741625
1340	1.47802503448
1345	0.431402754478
1350	4.81393156661
1355	0.4
1360	1.04521573192
1365	0.548379290398
1370	0.921213854748
1375	17.5411959732
1380	2.01028777215
1385	1.9225726779
1390	1.48322706864
1395	0.859067013776
1400	3.78424959536
1405	0.4
1410	1.22414036886
1415	2.42706753778
1420	0.4
1425	0.969421528985
1430	1.31469795667
1435	6.29390834873
1440	0.4
1445	0.4
1450	2.12353000093
1455	2.95748778213
1460	5.11360245335
1465	0.4
1470	1.0692819504
1475	0.839856512772
1480	2.17883155706
1485	1.38400212456
1490	1.55084693665
1495	0.630283456209
1500	0.788164788891
1505	4.58068789128
1510	3.56097152144
1515	0.554374091219
1520	0.4
1525	0.4
1530	0.4
1535	0.963252407924
1540	0.483609158441
1545	1.57747364412
1550	4.49997166468
1555	3.69990467655
1560	2.8264651512
1565	0.4
1570	1.64884538458
1575	7.75766497758
1580	0.4
1585	1.43347195418
1590	0.815750361349
1595	1.13267606898
1600	0.4
1605	0.771406065034
