0	1.63383225638
5	0.4
10	0.500403987064
15	2.89034614324
20	0.4
25	0.4
30	0.665301467518
35	2.02079517089
40	3.15200393661
45	1.95556975453
50	9.22970717965
55	4.92391280488
60	5.95958781984
65	1.52151556743
70	5.80380405392
75	5.62849185813
80	2.92554601394
85	4.96390587795
90	2.57349090005
95	11.7040276281
100	5.74468054905
105	3.57082271421
110	0.4
115	7.82965272326
120	0.634558179042
125	1.64646382514
130	0.938921723029
135	1.56349312644
140	2.14237861857
145	5.80631148465
150	2.27873128403
155	4.96671201166
160	6.20142765402
165	4.62092389901
170	5.12540811993
175	8.70325661333
180	0.876687268759
185	6.40989506882
190	4.48755818842
195	1.6790692898
200	0.4
205	0.727281936514
210	3.26137747195
215	0.931532213361
220	0.643198518103
225	1.35172879654
230	5.53770349202
235	4.55992921275
240	1.38982996167
245	1.65348691228
250	1.89998715905
255	12.6947855953
260	0.925668753324
265	2.42254484834
270	0.4
275	1.55259805551
280	5.11104876826
285	1.40278971067
290	0.767204001538
295	0.534540820091
300	9.63242052332
305	0.545253279138
310	1.96910183604
315	0.962847039345
320	1.05824687767
325	0.4
330	0.859617782368
335	0.4
340	2.29259980253
345	5.7666660012
350	3.20633455528
355	0.4
360	3.24499384542
365	0.477493767526
370	1.53139629759
375	2.11410722605
380	5.1222497077
385	1.73982221694
390	0.4
395	1.09951760623
400	1.13242478774
405	1.35918538144
410	0.4
415	0.4
420	0.527422446124
425	1.56742614459
430	2.72152244557
435	2.51924762584
440	1.36459291859
445	0.813946729336
450	0.599446419072
455	0.4
460	0.4
465	0.4
470	14.6793188964
475	4.4270086281
480	0.930912538176
485	4.13762499629
490	3.95352152814
495	10.1043057598
500	0.551067659063
505	0.4
510	7.55351463646
515	3.14878891505
520	8.27955764994
525	7.90187399544
530	1.92592098344
535	2.93032825864
540	0.4
545	5.25712110372
550	3.02298967102
555	9.30984433792
560	2.50820114998
565	0.656136913588
570	0.4
575	0.72262872802
580	1.05140770076
585	9.49380931449
590	1.93016158744
595	1.76740872278
600	9.02983720544
605	1.92896972748
610	1.22121682022
615	3.15406699151
620	0.4
625	8.57772828566
630	0.877530073129
635	4.05989441046
640	2.84934527031
645	1.05842468621
650	10.7548512068
655	2.27933050573
660	2.28065822545
665	2.09024152196
670	0.768295981394
675	2.73621184426
680	1.55523916574
685	1.12560122039
690	2.80274430855
695	0.4
700	0.4
705	6.75033324837
710	2.60022785159
715	1.27778530291
720	8.10238182991
725	6.73262667146
730	3.0790922334
735	2.11911465037
740	4.50122417598
745	1.46934208441
750	1.64804133667
755	0.4
760	5.94620521556
765	1.62592553304
770	3.22139526629
775	2.93883452817
780	2.43983072548
785	1.90415294172
790	3.75671550331
795	0.492353689839
800	0.666460644756
805	3.58515777806
810	0.961723158809
815	0.668295613697
820	0.587554850961
825	1.39913198369
830	1.06966108279
835	1.4462170685
840	0.4
845	4.12162759914
850	1.46698628818
855	2.60706560374
860	1.9596093011
865	3.47755266015
870	0.894229440197
875	0.568634317978
880	1.06780407382
885	0.926956155641
890	0.60947671832
895	6.68105322406
900	3.91216504707
905	0.675057076992
910	0.703196195821
915	2.67898446308
920	0.4
925	2.28019848873
930	5.57504005399
935	8.09802927031
940	0.440696327638
945	1.06795817877
950	0.571497054892
955	0.670052145994
960	5.48587502626
965	0.869050478603
970	0.745437863111
975	0.444366943869
980	1.88894069054
985	0.510371015875
990	0.4
995	9.09095233045
1000	0.4
1005	3.44777857934
1010	1.33557681947
1015	1.1005143319
1020	9.19972146516
1025	2.15674731735
1030	3.98489254878
1035	2.47062560794
1040	0.410666606183
1045	5.82060676609
1050	4.5203047247
1055	3.97049024386
1060	2.62761799339
1065	1.57247805408
1070	1.93302162378
1075	3.62449313267
1080	9.99846885199
1085	2.100529669
1090	0.4
1095	0.4
1100	1.44994841888
1105	0.678465228215
1110	0.838231554786
1115	5.75841905538
1120	2.45715240458
1125	3.62601582232
1130	7.72828720459
1135	4.50092334104
1140	1.06461275518
1145	0.780271548075
1150	0.4
1155	2.55306855355
1160	3.64617803805
1165	6.59656757103
1170	5.35759626626
1175	13.7876418123
1180	0.4
1185	2.66817664148
1190	3.6590984079
1195	3.02066814351
1200	0.4
1205	1.3114602449
1210	0.4
1215	0.983997235982
1220	3.71368336612
1225	1.27132649954
1230	0.4
1235	7.02288711148
1240	1.86448919301
1245	0.872884143092
1250	0.528771629903
1255	6.82732330513
1260	2.06598837629
1265	10.0841943242
1270	2.361897057
1275	1.94269357397
1280	2.02193212653
1285	1.32190655874
1290	2.09233084702
1295	2.3080925966
1300	2.07529555226
1305	2.72215476519
1310	5.98293634712
1315	0.464503442936
1320	1.79897958314
1325	8.91091765282
1330	0.864815379278
1335	2.24436989871
1340	4.5584424524
1345	0.4
1350	2.27865531321
1355	1.57689726031
1360	2.90414436447
1365	1.92889730665
1370	0.4
1375	4.04432985273
1380	1.30030157417
1385	0.4
1390	0.4
1395	1.01558554857
1400	0.579359396234
1405	2.9186095046
1410	1.41643384241
1415	8.90633134679
1420	1.80611718494
1425	0.769100477232
1430	0.981659150646
1435	0.798366318121
1440	0.740068598541
1445	1.09277988018
1450	2.99488021168
1455	1.60454171305
1460	0.4
1465	0.54014227536
1470	2.5559987096
1475	0.988530680883
1480	6.47157388478
1485	7.48111614491
1490	6.98805480874
1495	4.91360403479
1500	5.47487475305
1505	6.19862925726
1510	0.4
1515	2.87661245681
1520	6.31231725842
1525	3.73708260676
1530	1.10218458054
1535	1.19062785623
1540	5.32618924425
1545	0.893955704278
1550	2.10337165763
1555	11.7538329039
1560	1.48035461677
1565	4.19212693661
1570	10.2451946552
1575	1.44618220498
1580	0.664305529584
1585	3.93910542947
1590	3.53177192437
1595	10.1468140901
1600	14.7242152659
1605	0.90000503345
1610	1.2258094333
1615	5.10830021447
1620	3.91219369845
1625	1.68684055088
1630	4.94206447115
1635	0.4
1640	0.431736414284
1645	4.82605107128
1650	5.12914868091
1655	6.4859441728
1660	2.60681186899
1665	1.09752509897
1670	0.571274429766
1675	3.95141149118
1680	3.08577529159
1685	8.4822429556
1690	3.86849278436
1695	2.04440064888
1700	1.84532552811
1705	4.82269174428
1710	1.52378309643
1715	3.90461275972
1720	1.92329190108
1725	7.8042682852
1730	0.503721991467
