0	5.31106372444
5	2.68657895958
10	0.4
15	1.8400231852
20	0.4
25	7.40540275724
30	1.70505732181
35	2.53923925017
40	6.93899137372
45	5.29004028047
50	1.31381730493
55	12.9340712017
60	0.4
65	1.39089585405
70	4.45585355931
75	1.16760824371
80	6.0550780394
85	0.4
90	22.9842872014
95	1.13087659232
100	10.4432269951
105	1.12236213536
110	0.4
115	1.38162811145
120	0.501602298266
125	0.579911565128
130	2.61859474174
135	0.683037737276
140	23.6516924588
145	1.24699575808
150	4.9659712305
155	1.73817072478
160	11.5462206346
165	1.90093038541
170	10.0662689109
175	1.17857690065
180	5.10850919262
185	3.36516311936
190	9.21453561396
195	12.9611417907
200	2.28534353644
205	2.72370278528
210	4.75883312199
215	4.95384591178
220	9.61668031555
225	0.58440233547
230	2.47132939458
235	5.3601586734
240	13.2831404492
245	2.58564712607
250	5.14834534645
255	11.0300080171
260	8.50213583212
265	1.19873852175
270	0.534755236946
275	10.7037970184
280	2.35321044869
285	0.957601930346
290	0.4
295	0.425782509982
300	5.95305165536
305	5.05521151443
310	9.33988370089
315	14.4457727646
320	3.32151816966
325	18.4783371613
330	11.1658464036
335	12.6280310939
340	10.228268272
345	5.34267172545
350	3.25798926474
355	9.10307836668
360	13.3175910601
365	5.94650405747
370	1.09257732005
375	1.41751585736
380	10.6239785895
385	4.24240905293
390	1.0590613356
395	2.72998816557
400	4.80992390833
405	1.19418552482
410	1.58132767899
415	12.1597668478
420	0.846002872917
425	1.0300599691
430	4.29214410732
435	0.4
440	5.57003539411
445	0.4
450	0.4
455	1.07888898662
460	4.78155634785
465	11.1883923307
470	3.15229292643
475	2.99875512004
480	3.65521808228
485	12.0446800165
490	6.82623117645
495	1.09260113224
500	5.24201492037
505	0.4
510	7.59613891529
515	2.16663693212
520	8.9914863315
525	10.5787398028
530	3.35614069217
535	1.97779102487
540	2.72423242774
545	0.831657445833
550	6.4829429438
555	6.56354761154
560	1.8011769821
565	2.35974649429
570	6.28750363541
575	2.54705566409
580	4.58126052168
585	4.86331586167
590	4.08711214069
595	23.608739637
600	0.842768145082
605	0.662858036108
610	4.27545826232
615	15.3826561639
620	4.00252827796
625	5.69517045829
630	4.08462388092
635	1.10001439116
640	0.4
645	20.0458128112
650	7.66277761837
655	3.1427326058
660	0.652933840354
665	5.21128600263
670	2.2713530025
675	2.38162580565
680	15.4812612181
685	18.569767997
690	8.1181615739
695	2.68090288162
700	0.4
705	3.54959136516
710	9.08829297962
715	2.50884145803
720	10.7850210409
725	6.99490524179
730	5.39908985093
735	2.2019070849
740	16.9006971909
745	3.31708566627
750	0.4
755	8.60943978645
760	5.33426941059
765	15.3138197039
770	5.61389477358
775	3.45852252365
780	4.43987767198
785	2.3964632642
790	0.654306837841
795	6.60807482691
800	0.635322759646
805	15.5964261366
810	3.31857753721
815	4.5837642759
820	7.14685474194
825	12.8360833055
830	2.90122983368
835	15.7304207299
840	5.08783392714
845	3.25416139574
850	3.82700866735
855	5.26562767794
860	6.02060340341
865	1.55583713147
870	5.72531007635
875	0.840874792203
880	0.4
885	1.99160575475
890	2.63708194137
895	2.10781694244
900	9.32036131467
905	0.40313185052
910	3.60785357011
915	8.74382254385
920	4.28695506616
925	5.20058618674
930	5.08872964938
935	9.94994225504
940	2.66750122021
945	0.4
950	7.10010816484
955	6.0445820526
960	3.43859166452
965	0.4
970	10.8908141767
975	17.4126916178
980	3.92403705076
985	0.600069261096
990	0.637152015953
995	4.64190007777
1000	0.4
1005	2.53036193722
1010	0.863636784704
1015	0.675072244138
1020	9.23950239701
1025	2.10194792243
1030	2.36020271533
1035	0.682046898657
1040	18.7806594681
1045	0.464433961434
1050	6.96581505455
1055	4.66818955239
1060	1.32999861948
1065	1.40589693019
1070	7.88678823134
1075	1.28077624572
1080	16.3618921733
1085	4.49150276753
1090	24.699639058
1095	2.01989961819
1100	7.96163376992
1105	0.4
1110	8.96053934871
1115	3.24247246533
1120	0.964884217958
1125	3.01035323311
1130	3.3018410359
1135	4.6150324053
1140	8.91712707341
1145	4.4623560077
1150	13.7450907989
1155	7.18807177077
1160	20.851774496
1165	5.40058850076
1170	16.0866171837
1175	0.953740126004
1180	2.31111301055
1185	0.4
1190	17.53008184
1195	0.810906051966
1200	1.54227187598
1205	2.05522341082
1210	5.85431654496
1215	3.17300421208
1220	2.6625084056
1225	3.91104627982
1230	14.8684616041
1235	0.896898380706
1240	4.1560215053
1245	1.22866502589
1250	17.4451870495
1255	6.72484354794
1260	7.98751035853
1265	3.7040903499
1270	12.8770371507
1275	1.94050740439
1280	10.5441256587
1285	10.0040991236
1290	0.576520893972
1295	0.4
1300	9.79601718078
1305	1.78361935724
1310	13.0385916614
1315	5.02275387592
1320	2.81661516915
1325	15.5102918241
1330	1.05005272347
1335	1.34578986202
1340	4.35347087545
1345	5.90813695716
1350	2.8228675404
1355	2.62967219184
1360	3.74603636816
1365	0.4
1370	3.87247866701
1375	0.555837769519
1380	5.65177650706
1385	3.21820333825
1390	1.08422802054
1395	5.73778517796
1400	0.4
1405	8.02110851372
1410	6.74326146
1415	2.81816857938
1420	1.20773164305
1425	7.3433934162
1430	0.4
1435	3.58426010887
1440	9.8603720815
1445	1.98325606376
1450	1.21968290476
1455	11.6680774189
1460	14.6824832868
1465	0.691886187652
1470	4.0819822401
1475	7.96795731573
1480	3.37221679741
1485	14.283053258
1490	2.10913792902
1495	10.7809216009
1500	15.1634330319
1505	1.75356205762
1510	0.4
1515	5.40869799859
1520	3.05743310709
1525	8.58352933788
1530	3.03816240248
1535	11.0973458793
1540	4.66345889552
1545	3.19405471506
1550	0.685182587553
1555	6.36706324605
1560	1.49569487797
1565	8.80234603209
1570	5.59835117949
1575	4.83568799857
1580	0.4
1585	3.78685486832
1590	4.02875036773
1595	32.1486482869
1600	2.03166403217
1605	1.28507815554
1610	10.3355668844
1615	12.0348771228
1620	4.57088604129
1625	1.46574733788
1630	1.91707125008
1635	4.05091164028
1640	4.20734384776
1645	0.4
1650	12.0783355853
1655	6.60469343205
1660	4.74947622323
1665	1.89512318914
1670	2.21889657266
1675	3.54164510645
1680	3.92930783643
1685	0.4
1690	0.4
1695	4.71956497237
1700	5.15724949344
1705	0.799013406432
1710	9.74392693314
1715	0.721498895409
1720	1.81603697368
1725	1.80016416491
1730	13.5461436161
1735	4.19730776573
1740	2.99456746468
1745	0.4
1750	1.10145687228
1755	3.35958911018
1760	3.02433961073
1765	3.30962505023
1770	3.19300481353
1775	16.7131828238
1780	2.80182307998
1785	5.39129245599
1790	14.1364070193
1795	1.08212484249
1800	3.43541258819
1805	1.75796324939
1810	5.11627045024
1815	6.90770741895
1820	0.4
1825	1.52125714166
1830	0.923964976201
1835	10.9495646938
1840	8.68190008799
1845	2.24765767041
1850	0.67574198766
1855	12.4565523542
1860	4.33268315759
1865	17.6335180045
1870	3.11320295693
1875	3.66192582848
1880	4.8268174322
1885	3.74614180302
1890	3.53328797317
1895	17.5567282183
1900	1.01817226605
1905	10.8359938112
