0	9.26163487582
5	4.1026066702
10	14.3123243786
15	9.97436969926
20	10.235267441
25	3.34748743735
30	1.80126723133
35	4.95048358766
40	0.909662499298
45	2.65335171274
50	6.27001790224
55	3.09852080229
60	0.408655992867
65	1.20117206426
70	6.46719864204
75	11.9102776064
80	2.76699055179
85	1.35597634333
90	6.82449647025
95	2.2931823827
100	2.76875554691
105	3.78593264658
110	2.08122151488
115	0.4
120	3.59099901298
125	10.4048858368
130	21.6301994559
135	8.09509796791
140	3.61380862064
145	5.28881681605
150	1.05362878407
155	7.02717489058
160	4.00360024972
165	26.7888862587
170	11.2710636855
175	6.42765751864
180	13.4467680276
185	5.30075245627
190	6.4882538889
195	17.3353571977
200	9.77480387021
205	4.59417470043
210	11.3697376759
215	4.51231209687
220	2.9643741985
225	11.340304341
230	28.5112219299
235	9.28787229326
240	2.08296958837
245	16.8992907966
250	5.15036923999
255	5.4253639346
260	10.7745727928
265	55.3011059845
270	8.80051229675
275	3.31405088084
280	3.65544803009
285	4.09064304038
290	8.22409883498
295	14.8588034077
300	3.74099308774
305	3.28096656808
310	18.8157874233
315	0.4
320	10.8941828411
325	16.2140902629
330	20.3901494376
335	4.09200408099
340	0.850279008748
345	13.2924440423
350	16.2540325154
355	8.15930588996
360	6.35900525147
365	8.84585578235
370	4.32909235283
375	0.619961520855
380	9.31150190438
385	10.9718704692
390	7.68001190755
395	7.66955912935
400	4.17628364721
405	2.29338314573
410	8.63073835582
415	0.4
420	8.08662234007
425	7.59704594908
430	9.46687829383
435	18.123877805
440	8.35430550292
445	2.16569313218
450	14.6250910524
455	3.66924368919
460	3.11692293935
465	6.93757930968
470	5.00619636548
475	7.34644900091
480	2.96096990706
485	0.579661358377
490	3.90855954345
495	8.14692552849
500	0.934336851462
505	6.25188031452
510	2.86863464217
515	1.49321649245
520	11.7510726695
525	12.6669748532
530	4.44828950117
535	1.00539923174
540	15.927079278
545	17.0163659116
550	0.4
555	0.688438329401
560	0.792606983699
565	10.3334198626
570	7.11624697398
575	10.3718688243
580	2.16352305604
585	12.3496254281
590	11.2983554003
595	12.6100875931
600	12.3439796187
605	1.59120987916
610	4.14679737435
615	2.60746585888
620	2.1402694694
625	20.5227863533
630	5.6779009326
635	1.01491272745
640	2.24775853248
645	22.3962180663
650	12.9431095869
655	18.7489224535
660	2.8294521837
665	23.6174275112
670	40.4797573654
675	6.80659586308
680	9.61575716663
685	9.17833533618
690	2.51808105647
695	10.7321799037
700	6.75248383556
705	4.2232111467
710	1.94575188333
715	0.4
720	0.534741436346
725	28.267011118
730	0.4
735	7.61055133152
740	8.99501430433
745	10.7649867251
750	3.9563202397
755	12.0423793463
760	23.1660504202
765	14.9442074118
770	1.32218826549
775	0.610683869959
780	15.4249825945
785	14.3400297306
790	7.29733342031
795	2.89687531847
800	2.0154667902
805	3.82740736133
810	13.9590277113
815	1.42421918797
820	9.95590176131
825	2.0209743208
830	3.7415681011
835	8.87283647257
840	3.38213073648
845	3.22197535506
850	3.59220856231
855	1.43224029785
860	1.89841925468
865	2.45970601942
870	8.89032884464
875	2.60875369814
880	2.25986654925
885	18.9688559159
890	14.5225210882
895	3.92659542739
900	9.05098613147
905	15.9677075229
910	9.24783305812
915	4.42551372991
920	7.41840954611
925	16.9722188709
930	0.4
935	1.12522251375
940	3.24850423821
945	2.24981333102
950	4.089130904
955	8.72316283792
960	13.9201524506
965	13.6341341252
970	3.37128352539
975	2.60471794496
980	1.8423699372
985	9.31692674278
990	16.4819751966
995	12.2696625499
1000	18.2640372752
1005	4.86014595591
1010	9.60192827032
1015	9.60247965223
1020	4.825185524
1025	4.33329727122
1030	1.73972650277
1035	1.69014784316
1040	1.62423244014
1045	3.31926466826
1050	5.22538421496
1055	5.97430364212
1060	4.75339490639
1065	6.81255858865
1070	1.27425591306
1075	8.74052656219
1080	4.03296800871
1085	7.73844359915
1090	1.68863800262
1095	3.50499585204
1100	2.75274128412
1105	23.1526363122
1110	2.35545221919
1115	3.48527539499
1120	4.95869655823
1125	1.58399366676
1130	3.0077667169
1135	18.1889235801
1140	7.7898780141
1145	4.95109959896
1150	3.49513139771
1155	16.7856303689
1160	4.92133132989
1165	5.51990608728
1170	13.1076182721
1175	7.90914560865
1180	1.24700106074
1185	10.4030349857
1190	22.0898692638
1195	1.56606518631
1200	8.30840013398
1205	4.12329715664
1210	8.43165575153
1215	0.401567319254
1220	0.486065768771
1225	5.61436338275
1230	8.38702653383
1235	1.25685352381
1240	6.74989375783
1245	1.20604266206
1250	3.21217823148
1255	3.40211223274
1260	0.499772645975
1265	2.45055753282
1270	0.4
1275	6.09645660528
1280	0.4
1285	11.3177298709
1290	9.83508606943
1295	8.27076029976
1300	3.3737672893
1305	4.27588242528
1310	0.4
1315	19.7879658388
1320	3.00166024061
1325	1.1864217413
1330	13.824600233
1335	1.84322471015
1340	2.45794039195
1345	23.5288108522
1350	17.0104721527
1355	9.41374477327
1360	6.10424717942
1365	7.39037504748
1370	5.13500429923
1375	3.35501657474
1380	1.42082314029
1385	9.70076539577
1390	3.86620719641
1395	14.6053292676
1400	7.97688767446
1405	2.27572899125
1410	1.3293684147
1415	6.73074635956
1420	4.2290153834
1425	17.2722309679
1430	0.442158079887
1435	5.718077933
1440	8.8167175198
1445	3.57282338052
1450	2.88466442221
1455	4.29779829574
1460	0.894664992673
1465	3.91821936918
1470	9.88507917488
1475	0.695274346221
1480	24.8697302229
1485	3.90925017879
1490	29.9151609921
1495	24.1069678692
1500	0.4
1505	1.71444472558
1510	2.42698892113
1515	11.0821342281
1520	1.67481625924
1525	7.00060762545
1530	2.38519454119
1535	2.87177583561
1540	9.15459564938
1545	0.411127681492
1550	1.8686543232
1555	1.9820198669
1560	3.71411835845
1565	4.02766166675
1570	2.52254854222
1575	2.91445133925
1580	4.78451389617
1585	6.65341936949
1590	5.11786782334
1595	2.39123286073
