0	5.32282066451
5	9.89228557913
10	10.9708548305
15	13.2831728548
20	3.06944032985
25	4.93205810397
30	2.30250536004
35	10.4530130756
40	5.78173447553
45	15.2556291434
50	5.08784533642
55	4.08870496059
60	4.10186473123
65	1.65551877365
70	7.00470243678
75	4.46882840504
80	11.2018339128
85	3.03327260218
90	12.893536987
95	0.703384392158
100	0.4
105	9.896007288
110	0.4
115	0.848378411795
120	1.93617807801
125	0.4
130	3.79708553562
135	19.3793047058
140	0.795313499605
145	7.37347661215
150	12.7062443853
155	13.0611888257
160	17.8224655265
165	2.18838305314
170	13.514812864
175	6.39238755587
180	7.64019713892
185	3.37363437158
190	5.09146788993
195	24.9052162291
200	2.32898227638
205	0.4
210	5.79239394089
215	1.38330911565
220	0.613964802848
225	31.8359770728
230	6.31139564421
235	1.73700067642
240	9.95326143046
245	12.4045024966
250	0.571965166301
255	0.985950225257
260	7.27763805268
265	3.81377284326
270	0.4
275	5.1047479673
280	0.4
285	3.03091389452
290	7.4380446362
295	0.4
300	4.37252493519
305	4.34062798759
310	13.3123663454
315	0.657758292796
320	11.6458865611
325	11.3011350724
330	6.8585253682
335	8.67739755248
340	10.8988335258
345	10.7382017979
350	7.91966145725
355	3.6767987419
360	7.59304349858
365	7.80189409441
370	6.16097594112
375	5.68073609921
380	3.77763989911
385	3.26195950695
390	0.4
395	7.92131235624
400	5.40817190396
405	26.1243366944
410	0.524935901249
415	0.73490043139
420	0.4
425	3.47146802298
430	15.7874993453
435	6.44154482657
440	8.95585069486
445	4.0208359715
450	3.61507238384
455	7.18168647077
460	2.95604888494
465	13.6374258575
470	3.34366191118
475	6.80457026739
480	3.17779156931
485	3.16291236532
490	0.6873768243
495	29.7955439967
500	2.50449871992
505	0.478948981485
510	1.81302915533
515	16.4802117883
520	6.57773687746
525	3.79340320387
530	8.63802382429
535	2.09474439342
540	18.7692643099
545	7.3860023082
550	0.4
555	0.970513354147
560	2.30319107187
565	7.15751294474
570	0.4
575	8.9589185905
580	7.80967847555
585	3.04812151565
590	10.9609053143
595	3.35668577065
600	3.05816178389
605	0.4
610	0.50727599132
615	1.84245959702
620	0.965113214575
625	2.34049908893
630	1.47688191317
635	6.49542190305
640	1.78392413889
645	3.0636010694
650	8.93993561709
655	18.3918091559
660	2.64749291889
665	0.946617167411
670	21.6708171811
675	0.6790441922
680	1.59747104774
685	2.47493295434
690	8.06208061203
695	4.44365585815
700	3.26917477411
705	4.47006907266
710	11.1511961257
715	0.465141496839
720	9.30985479136
725	4.32369392268
730	7.3186711202
735	1.45419511925
740	10.3169394017
745	26.0825006825
750	0.4
755	11.1559062615
760	3.7421304994
765	6.19494983605
770	1.66097205175
775	4.0399924168
780	3.32450262991
785	5.55487804765
790	3.85421095893
795	0.4
800	0.4
805	7.86321506846
810	22.9745851854
815	0.616300128303
820	0.4
825	0.740693385459
830	12.7404559925
835	4.35767559004
840	4.47474354155
845	6.87325261574
850	4.00796526474
855	1.66789129008
860	7.87874782556
865	0.639134284601
870	0.423250823522
875	2.80546316191
880	15.1137214858
885	0.4
890	2.40242549386
895	14.2493415385
900	5.38433049692
905	2.09325334813
910	20.3644074457
915	11.8637527553
920	15.0053345507
925	5.42939863647
930	8.76167216672
935	4.02224051844
940	12.2317291771
945	6.42509569458
950	14.0665282158
955	2.29063315457
960	1.5571177295
965	3.66464855823
970	0.533321328174
975	22.4231434643
980	0.4
985	5.38783048251
990	9.03633441455
995	8.94787571707
1000	0.835961834808
1005	0.4
1010	4.15238747608
1015	9.09174563642
1020	4.86008896995
1025	9.14639689786
1030	7.24645081161
1035	1.80297550605
1040	4.21017221035
1045	0.4
1050	43.2897599706
1055	2.85294454016
1060	10.1230320078
1065	0.4
1070	0.748658609816
1075	0.4
1080	5.85081531833
1085	9.5849861915
1090	3.98350504707
1095	23.3010462599
1100	9.31060936222
1105	2.83504921109
1110	4.4976396368
1115	21.6135801752
1120	0.797432347351
1125	22.2019652413
1130	8.38287013734
1135	12.2401759251
1140	1.87178991643
1145	2.23677321392
1150	6.02123185384
1155	5.45488126585
1160	10.7857963258
1165	0.655559019532
1170	5.37625229292
1175	6.82908666533
1180	4.71034458185
1185	0.836478531149
1190	20.3034914612
1195	3.45494479884
1200	1.74544730705
1205	5.38538496077
1210	1.55918653397
1215	0.752936366273
1220	5.07091443245
1225	4.39379456754
1230	0.571650402897
1235	7.7926552615
1240	0.4
1245	1.60280310084
1250	1.1079969841
1255	8.00461466632
1260	3.53853209587
1265	4.69754792777
1270	1.53424229658
1275	1.81180640067
1280	9.02204105406
1285	14.3392168957
1290	2.76166975357
1295	3.58565886655
1300	3.79099291289
1305	7.24813745646
1310	5.12442964133
1315	3.66063299691
1320	18.2928340703
1325	8.99439523187
1330	1.41774783733
1335	4.22402489802
1340	6.87518372682
1345	22.9288484876
1350	13.6064733232
1355	0.4
1360	4.35351675317
1365	3.99641660235
1370	8.18952084185
1375	8.49436728375
1380	13.7151333523
1385	16.9839091591
1390	3.46344608955
1395	5.51742048756
1400	7.28420008103
1405	0.4
1410	4.69433850781
1415	1.90114656307
1420	2.20736182665
1425	7.18366080165
1430	0.678102384469
1435	4.91939640843
1440	2.39054605121
1445	1.68947238744
1450	5.00804864168
1455	4.06608648682
1460	5.98871646711
1465	1.70768333829
1470	38.4898661146
1475	7.51367673489
1480	4.31726024023
1485	2.71100803685
1490	1.02255227887
1495	0.958441636685
1500	0.49675266877
1505	0.4
1510	5.17021029223
1515	0.651611762803
1520	9.99286753063
1525	8.77844189314
1530	0.4
1535	8.27749522037
1540	9.32064104733
1545	0.432027171317
1550	6.3686822611
1555	5.89563280521
1560	0.904362572027
1565	3.27231399947
1570	4.11597650643
1575	1.16834536885
1580	3.87855021002
1585	6.20681453375
1590	4.48513485057
1595	0.4
