0	1.45726606606
5	4.44951957728
10	0.4
15	7.40105607945
20	2.50461300985
25	0.711189491235
30	3.60337653377
35	2.22635235839
40	0.4
45	0.870536957474
50	0.626435105042
55	1.44543118718
60	0.593454953047
65	0.489943628015
70	3.34441647933
75	8.74443302768
80	0.4
85	2.73388096089
90	3.48681461159
95	0.682456652503
100	3.04022909247
105	0.779012222114
110	0.908866676142
115	0.907940828832
120	2.71716510858
125	2.46869843556
130	1.60948873312
135	5.37261198795
140	0.872414222356
145	1.15802235771
150	1.68288211963
155	5.8378230058
160	7.00179753419
165	1.43634099806
170	11.2703182445
175	4.16911614034
180	2.64654501991
185	11.7832205655
190	0.629312652273
195	1.58613877039
200	0.87965524267
205	1.59288077372
210	3.73790999553
215	1.61982485964
220	0.678054119213
225	6.8248164074
230	3.30801002305
235	0.717728617174
240	0.465413185539
245	0.6231375129
250	2.02064523921
255	0.746174649872
260	3.22822020395
265	0.690297475951
270	6.28124939365
275	1.44778699611
280	8.37921377874
285	2.62448334201
290	0.4
295	4.09438528946
300	0.4
305	0.4
310	6.49773867749
315	4.8378128721
320	2.5574315663
325	1.54632987446
330	1.25023709182
335	0.65016292638
340	1.88504027875
345	3.06437718221
350	2.48090190276
355	1.5201078573
360	0.901800656072
365	4.01054517971
370	6.66510656505
375	3.04073293858
380	3.5764425352
385	0.4
390	5.81043430436
395	5.58863287746
400	0.4
405	0.4
410	3.25321678745
415	1.45975168545
420	6.7412118248
425	2.18571664314
430	2.52852646203
435	1.58093446505
440	1.4553443872
445	2.85280456659
450	1.7614380184
455	0.786548423814
460	0.882272371656
465	3.29649874353
470	0.4
475	1.80412837082
480	2.5364366053
485	0.4
490	0.4
495	1.24664659401
500	4.08087426127
505	1.08080096893
510	2.24251053004
515	5.13660147451
520	1.37546096026
525	1.43248538403
530	2.16709400608
535	1.52945302656
540	0.847350310656
545	5.9056789921
550	0.4
555	10.6250988394
560	1.95461512875
565	3.52085717794
570	3.52696628497
575	0.5205282172
580	5.32352786771
585	4.91881071093
590	1.63829181403
595	0.830083559307
600	0.4
605	1.40442827076
610	0.4
615	1.68674957573
620	10.4927356433
625	6.41577119666
630	0.4
635	0.4
640	3.84728951306
645	2.2104379814
650	2.95416332463
655	1.37147560983
660	6.71347508008
665	1.59387367372
670	6.33530063488
675	0.843419496786
680	1.67736217454
685	2.68871809659
690	2.91173659304
695	0.730493857545
700	8.12749107669
705	2.4270572314
710	0.620513639131
715	0.691813635882
720	0.886081601656
725	3.48875476817
730	0.783605073614
735	1.32060209982
740	2.70381501065
745	1.29791140415
750	2.51667016492
755	3.08315380901
760	2.54054617389
765	0.552514082143
770	0.651338113063
775	5.03750385145
780	0.506054499121
785	2.39714924095
790	4.26305853642
795	0.4
800	0.4
805	0.4
810	3.85729122814
815	0.62082057508
820	0.4
825	0.436169640801
830	1.62082463525
835	1.39354262925
840	1.6898663877
845	3.11294733934
850	1.60844038947
855	0.626093106805
860	6.25569310729
865	4.56428261698
870	3.14153316485
875	0.489394136858
880	0.61353554592
885	0.4
890	9.03562254422
895	0.660425153745
900	0.4
905	1.26662872817
910	1.822314926
915	1.02609546771
920	1.24809137819
925	1.45310892512
930	0.4
935	1.33623857672
940	1.08128387626
945	0.4
950	0.4
955	3.76418509148
960	3.10104137529
965	1.87159072491
970	3.52508939316
975	2.26292833523
980	1.47606967661
985	3.37507489995
990	4.36844923133
995	0.4
1000	0.4
1005	4.70706084665
1010	2.13099606889
1015	3.15058081969
1020	0.693001359959
1025	0.4
1030	1.18051392273
1035	4.9602268588
1040	0.554775308087
1045	1.12962188853
1050	2.08505522512
1055	0.791905384868
1060	1.46978561553
1065	0.4
1070	1.90687856751
1075	1.26959305196
1080	2.97613190961
1085	0.726108437388
1090	0.935736593345
1095	0.686157529076
1100	0.688773825433
1105	10.3817627137
1110	2.33016946521
1115	2.33108631444
1120	0.830961794807
1125	9.96510446407
1130	0.886813815547
1135	1.22210508277
1140	0.709146346749
1145	2.2513760186
1150	5.0611377851
1155	1.45191417574
1160	0.400326909773
1165	4.4598824968
1170	2.09314106191
1175	2.90478912769
1180	0.4
1185	0.558745858801
1190	1.2810569744
1195	4.18218098024
1200	1.34511381507
1205	1.63477829844
1210	0.4
1215	4.54173511895
1220	4.10034852102
1225	2.48077713533
1230	5.21975979876
1235	3.82904183395
1240	2.8440874354
1245	1.10819759815
1250	0.71727801787
1255	3.24600302571
1260	0.4
1265	1.50155645061
1270	0.480488628253
1275	3.49022003777
1280	0.71115833062
1285	8.05490141515
1290	1.80899905553
1295	3.34232601405
1300	1.74552600841
1305	8.3157056795
1310	1.6702517202
1315	0.577202744521
1320	0.867590301556
1325	4.0268912404
1330	1.99040406572
1335	0.4
1340	1.87352350314
1345	2.37460322478
1350	1.52597652607
1355	1.59389660113
1360	0.4
1365	0.4
1370	2.11293781039
1375	1.07070499804
1380	1.45370748591
1385	1.37127650143
1390	1.27721512001
1395	6.45470775256
1400	0.598254901484
1405	1.35461743335
1410	2.12432904991
1415	0.714603823546
1420	1.77109243012
1425	0.4
1430	1.57095012197
1435	0.864072610201
1440	4.42771638781
1445	4.25416320436
1450	1.35373855323
1455	0.4
1460	0.4
1465	2.96543941156
1470	1.29328639831
1475	2.11094165437
1480	0.4
1485	0.599253849172
1490	1.0667455019
1495	6.67051347404
1500	0.4
1505	0.507124741099
1510	2.09643739069
1515	0.4
1520	3.48166429451
1525	1.14048170875
