0	0.4
5	3.77729389856
10	1.2746300159
15	0.623811219356
20	3.51435747447
25	0.4
30	0.4
35	0.919650072979
40	0.707386128414
45	2.34554389413
50	0.665861886582
55	0.903141309036
60	0.939143752458
65	0.4
70	0.412352220175
75	3.07056280384
80	6.7395256784
85	0.862207640021
90	1.31680063377
95	0.72871052792
100	3.59285080383
105	0.454937550852
110	1.44578981186
115	1.37692031562
120	1.59356974863
125	2.93002859118
130	0.958331913003
135	1.61626735846
140	1.46253762714
145	3.79104431374
150	1.97904245516
155	0.4
160	0.678515170397
165	0.939929632986
170	0.563489363123
175	3.33346492383
180	3.33958083676
185	0.4
190	4.05327776157
195	2.3971397531
200	1.55016791844
205	5.12048892154
210	1.77955632349
215	1.75680466978
220	1.00237765071
225	4.35906581912
230	0.4
235	0.4
240	0.4
245	1.00435824805
250	0.4
255	0.738126649883
260	0.4
265	3.09315579515
270	1.43285065664
275	0.62485988259
280	0.569827347922
285	1.7394452748
290	0.4
295	0.4
300	0.4
305	1.53698890824
310	2.06626255498
315	1.83411733511
320	0.4
325	0.428759551564
330	0.4
335	0.512479680812
340	0.4
345	5.41110663735
350	0.4
355	4.07915914064
360	1.25763823856
365	0.968883509723
370	4.52340149481
375	1.58401913582
380	0.4
385	2.76184017373
390	0.4
395	4.53382975018
400	1.27885480228
405	2.42787561961
410	0.483597166434
415	3.16718862739
420	0.4
425	0.4
430	0.624279986683
435	0.4
440	1.63483666298
445	0.840091288313
450	4.92993059228
455	0.4
460	0.4
465	1.72145154655
470	0.4
475	1.52526263029
480	0.790054761354
485	1.3948887525
490	1.02398458946
495	0.4
500	0.4
505	0.575743200277
510	0.4
515	1.28144199112
520	0.554588147385
525	1.31073718685
530	0.4
535	0.4
540	0.424069315137
545	0.4
550	0.992598614739
555	3.0509600461
560	0.4
565	0.503847935544
570	0.526840639711
575	2.54063765266
580	1.0084046887
585	4.7465404554
590	3.80494111375
595	0.4
600	0.511112680594
605	0.452694869659
610	2.32182925765
615	0.900403406441
620	0.707643831115
625	6.96400666037
630	0.569140381047
635	1.02645718302
640	0.510635985582
645	3.3718603219
650	3.79911841545
655	7.27995197481
660	0.4
665	0.435006107331
670	0.4
675	1.94158401117
680	0.4
685	0.935859485022
690	1.70029688849
695	2.25362533957
700	1.81064059237
705	9.16048180816
710	0.772906895606
715	0.4
720	0.4
725	1.43818498864
730	0.4
735	2.98328573468
740	0.4
745	0.4
750	1.26356951193
755	0.4
760	1.94211173065
765	3.45030046516
770	0.712378569586
775	2.53016898097
780	1.14364319123
785	0.497736330369
790	0.4
795	0.4
800	5.70890517474
805	2.77899004467
810	1.35699858658
815	2.6927765397
820	0.4
825	0.4
830	3.28150862949
835	2.73879890702
840	0.4
845	4.81700715007
850	1.93889880174
855	3.74235764183
860	0.4
865	1.30099943176
870	1.72064766421
875	0.964796951055
880	0.684528831948
885	0.459450624566
890	0.457627106371
895	3.42470945964
900	0.928631252727
905	1.09359701924
910	1.59642106174
915	1.39034222702
920	0.4
925	0.4
930	1.93602417545
935	0.77113060429
940	0.913700633185
945	0.4
950	0.4
955	1.80478983291
960	6.11534794727
965	1.53203716488
970	1.09197734002
975	1.06373774844
980	1.97571735404
985	0.991469048506
990	0.4
995	1.38271191878
1000	2.27991457073
1005	0.921440297272
1010	2.07130386452
1015	2.17311794693
1020	0.4
1025	2.93492856165
1030	0.4
1035	2.09122221983
1040	0.780461875657
1045	0.838160861273
1050	2.74491044263
1055	1.04061048811
1060	0.4
1065	1.26733401449
1070	0.977885117835
1075	1.57916228266
1080	0.4
1085	2.04687628186
1090	1.11809187101
1095	1.09883522227
1100	0.4
1105	1.4196776474
1110	2.03920154529
1115	0.555172311965
1120	0.634785158848
1125	2.92704981938
1130	2.09909730735
1135	4.27867838544
1140	1.59582940067
1145	0.609992538965
1150	0.964785117347
1155	1.75489379557
1160	1.11184854794
1165	1.26583687957
1170	0.442163988909
1175	0.4
1180	4.86855157611
1185	5.04910393666
1190	1.81701998142
1195	0.4
1200	1.1896172585
1205	1.28899102059
1210	8.18674488055
1215	1.14306566892
1220	0.4
1225	1.04215497695
1230	1.49953222927
1235	3.39790021126
1240	0.703039986965
1245	1.78204587479
1250	2.26297615445
1255	2.14885435967
1260	0.884287427875
1265	3.92537243816
1270	0.588034820573
1275	1.61052708988
1280	0.4
1285	0.548382434292
1290	1.84579912438
1295	5.20488207458
1300	6.13699356148
1305	2.26321146347
1310	5.15271906065
1315	2.37152158947
1320	0.711811383816
1325	1.74466056892
1330	2.04686040546
1335	0.866930630601
1340	0.789182597653
1345	0.4
1350	1.02878313776
1355	1.38125394075
1360	0.4
1365	2.19216589991
1370	1.26835361604
1375	0.708678240159
1380	0.4
1385	1.05984229859
1390	0.488418267401
1395	0.4
1400	0.4
1405	2.39790333167
1410	1.81718124557
1415	1.2905241754
1420	2.31758289069
1425	1.71279546715
1430	0.4
1435	0.97145302461
1440	1.3187408918
1445	2.93016646489
1450	1.85809317165
1455	3.59995795118
1460	0.407013086068
1465	3.305379273
1470	7.46620280953
1475	0.63336628233
1480	0.93768729375
1485	1.97221523621
1490	0.541562174565
1495	1.83864719699
1500	0.687253050906
1505	0.4
1510	1.47576222323
1515	1.28016193323
1520	0.4
1525	0.595824696534
1530	3.78610838733
1535	2.89752417207
1540	2.570955656
1545	7.3513275159
1550	2.87115393966
1555	1.82831519515
1560	0.420928699305
1565	1.20105218987
1570	2.10493811596
1575	2.8093752487
1580	7.97841718757
1585	0.59462946976
1590	0.456249954702
1595	1.81147494265
1600	0.4
1605	0.4
1610	0.4
1615	0.546211069663
1620	1.28256365156
1625	0.4
1630	2.22861562048
1635	0.4
1640	0.4
1645	0.799192007636
1650	2.07168264561
1655	1.3204970452
1660	3.14815365411
1665	0.4
1670	2.45057580461
1675	4.08354380879
1680	2.55134979262
1685	1.24240721638
1690	0.605675390204
1695	0.702697479796
1700	1.78573383034
1705	2.16647311634
1710	2.02912372567
1715	0.833395316658
1720	0.62242806859
1725	0.4
1730	1.51231750855
1735	3.2066279057
1740	5.04178151578
1745	1.79365538149
1750	1.25841516197
1755	0.697165002997
1760	1.99054416557
1765	10.8923687712
1770	0.606100836466
1775	1.10404669305
1780	1.25941091564
1785	0.4
1790	0.4
1795	0.437018930719
1800	0.4
1805	1.95887364083
1810	0.4
1815	1.23732529524
1820	3.94319044574
1825	1.49376362627
1830	0.4
1835	0.841598406842
1840	0.985965147651
1845	1.56796501341
1850	0.4
1855	1.5689191157
1860	6.146439267
1865	0.4
1870	2.94091900364
1875	0.617331668448
1880	1.41714818245
1885	3.23336585489
1890	0.4
1895	2.28504163045
1900	0.478949557794
1905	4.86611193797
1910	0.4
1915	0.725543114157
1920	0.855062357996
1925	1.16918519574
1930	2.16822772297
