0	25.6679671976
5	108.453731227
10	30.4202193909
15	61.5499740088
20	134.016291415
25	70.7402249108
30	4.05408307832
35	6.16407993345
40	52.4802172223
45	102.064793515
50	101.209272333
55	173.707564209
60	222.637890497
65	38.4457040327
70	81.0589602588
75	76.9501443129
80	356.081839522
85	4.73236643659
90	25.2870546653
95	21.2635048301
100	10.5856399233
105	15.2179596497
110	121.014540146
115	52.5947625462
120	10.7774158025
125	182.897710006
130	40.1642178777
135	150.745519269
140	38.8350614151
145	162.312975984
150	64.7115201436
155	0.630269742078
160	124.118782427
165	144.436987229
170	35.042627809
175	58.375551755
180	129.827901871
185	146.084936286
190	40.0801610237
195	13.8873673995
200	44.3525266608
205	82.2826780503
210	60.8775319428
215	11.8196915993
220	73.662309021
225	5.65658665206
230	4.65404383042
235	2.63994670615
240	8.43277548311
245	165.900346212
250	28.0408805149
255	3.94886876839
260	1.18458847695
265	52.3446875364
270	56.2598302692
275	38.4182115079
280	2.57791797157
285	21.8912992931
290	75.2297494016
295	21.2658050841
300	47.9850198618
305	57.3477193685
310	14.3539708137
315	25.2276210412
320	197.635771425
325	37.1062079096
330	96.406875799
335	55.3147490429
340	24.2404013273
345	133.227074398
350	39.7768285242
355	47.609882139
360	18.0999548843
365	56.2297722453
370	57.5633889132
375	37.5334637234
380	35.0507665985
385	8.12294228809
390	2.41635131361
395	3.27726975402
400	17.62736268
405	25.7448157174
410	97.7390759952
415	125.510867528
420	23.6234482451
425	183.375541673
430	203.798302782
435	96.6290327111
440	96.9146812004
445	35.9092570801
450	22.4371704735
455	78.4657553327
460	28.5796364026
465	159.737549084
470	12.5902712077
475	54.4186467544
480	30.034719163
485	58.3381228238
490	180.099548105
495	1.9366914339
500	18.2479947885
505	92.5058404141
510	71.2737781773
515	32.6219196865
520	36.2959201109
525	46.6328155178
530	49.1049499467
535	32.6883328665
540	2.06254362392
545	33.1225516092
550	37.2849611729
555	176.425068211
560	32.4648293889
565	50.5924643979
570	76.7193671545
575	96.1392055066
580	11.8128073885
585	22.2708953201
590	79.0836051995
595	48.4877732038
600	9.61636186775
605	66.7909359699
610	4.25611623772
615	12.9410605965
620	12.7135022731
625	79.4324159601
630	2.34566750607
635	185.942635733
640	93.7320420939
645	148.141204131
650	59.8647952323
655	51.4595234955
660	145.402001946
665	55.0576649512
670	47.683697217
675	27.1068044858
680	6.54162757805
685	7.12370278154
690	58.5290432555
695	114.102150115
700	19.0064085649
705	19.4041829078
710	27.6805185542
715	9.90015031453
720	33.1362103654
725	1.98673701993
730	54.5945567499
735	5.62652086009
740	12.9207235918
745	70.1201753603
750	38.5660690261
755	12.407635319
760	99.4290896697
765	116.678973606
770	13.6141199965
775	15.6728215669
780	11.7445846743
785	13.2360947074
790	56.9645227757
795	53.6377966104
800	6.4449542267
805	21.2829141276
810	25.0033358427
815	60.5613974642
820	131.550086726
825	102.593793528
830	47.2976807388
835	22.4333979193
840	4.85924526599
845	56.1373051648
850	53.267218657
855	76.4824685864
860	3.10981977189
865	169.447344582
870	214.323316998
875	1.06746657075
880	8.74634358011
885	6.74120226013
890	45.8038580068
895	86.6371452577
900	15.4200528984
905	30.7213710356
910	80.2525664518
915	146.734845926
920	34.2876189074
925	97.7986135928
930	79.467387905
935	2.07782475846
940	42.6376456933
945	13.4665332504
950	2.7558402471
955	28.6029099733
960	9.41874943143
965	52.4988192694
970	55.0989805417
975	18.2388909123
980	3.5094652413
985	25.3553470996
990	13.4486916805
995	57.8920066751
1000	13.8925420011
1005	124.945240077
1010	8.82920785432
1015	89.8281059388
1020	4.76406947156
1025	43.6253448053
1030	22.5954373122
1035	1.9907534118
1040	12.9832949429
1045	68.9411850561
1050	59.1026094074
1055	12.0641703265
1060	3.95053045231
1065	12.4737422513
1070	106.41712475
1075	98.4070780091
1080	102.763144168
1085	40.7484366255
1090	46.8559299857
1095	9.31590702639
1100	50.0308944514
1105	76.0007099417
1110	114.294056703
1115	10.7863597064
1120	76.9363786539
1125	25.9622335778
1130	7.92124742435
1135	4.50767153168
1140	26.5556264215
1145	36.8324984837
1150	21.8012804863
1155	18.1883446194
1160	1.76693122307
1165	40.7499589026
1170	149.52034641
1175	33.5039674555
1180	83.8949964623
1185	0.509767970262
1190	3.73685364325
1195	11.679334657
1200	168.736110029
1205	93.3246763306
1210	30.9448419849
1215	18.3560106089
1220	11.7277696658
1225	44.8565330483
1230	28.5722142006
1235	80.1535279932
1240	51.9249585597
1245	8.57558125049
1250	5.24161298956
1255	27.8649968196
1260	15.1253580224
1265	3.63263290753
1270	21.8857550872
1275	20.4573006898
1280	67.6281374162
1285	9.1819231469
1290	95.0042138036
1295	53.2907550063
1300	145.200702433
1305	72.4151393883
1310	39.6895681994
1315	185.00686208
1320	29.8049325493
1325	0.903616293207
1330	0.527983927805
1335	151.757923646
1340	58.9204114583
1345	22.987386794
1350	82.2910772607
1355	47.4286841138
1360	69.8826099173
1365	63.9037989536
1370	200.231217711
1375	113.781396782
1380	69.2222824258
1385	48.7027472067
1390	106.354584762
1395	70.7517458989
1400	88.3064532889
1405	41.7003405325
1410	21.5291457761
1415	30.701040736
1420	0.851080914174
1425	53.8887594361
1430	3.80325860834
1435	22.1256218254
1440	83.4281170693
1445	48.1295827146
1450	65.0239163904
1455	11.8035157632
1460	92.7215759444
1465	35.5756055676
1470	6.47140954915
1475	1.85466101251
1480	0.4
1485	5.36328659284
1490	9.78240186845
1495	56.5654622938
1500	7.24262390057
1505	20.2053460105
1510	6.06934056346
1515	83.5697801667
1520	44.1136872025
1525	7.98737651675
1530	25.717263345
1535	7.54336376888
1540	329.480624277
1545	0.828985226869
1550	10.6829375348
1555	20.9138014578
1560	4.34564955793
1565	116.755911113
1570	20.2447098215
1575	56.1976494979
1580	15.9603234516
1585	65.0369874919
1590	84.4604651426
1595	0.988780905862
1600	68.8054885817
1605	108.198248158
1610	38.4741840203
1615	24.5944746855
1620	55.7929103107
1625	23.4002256391
1630	65.1184560271
1635	25.7918933504
1640	200.803788201
1645	2.95784707839
1650	11.6156599799
1655	52.633139317
1660	83.5655350516
1665	12.6075148015
1670	14.2825765303
1675	20.1930982373
1680	74.6961132246
1685	121.762279401
1690	61.7634799184
1695	70.1993845813
1700	34.2331040159
1705	18.3440509048
1710	59.598639349
1715	23.3025704125
1720	32.2081241588
1725	27.3669153075
1730	78.2228889595
1735	2.80258710382
1740	49.7418606288
1745	10.0249781072
1750	92.9696961507
1755	7.95686290355
1760	76.8826975103
1765	26.1016700478
1770	60.0742982914
1775	37.419462918
1780	120.00672197
1785	16.4368118815
1790	51.7562302967
1795	163.189398528
1800	4.23734726731
1805	66.6856722134
1810	6.38983785094
1815	1.80158536862
1820	3.046187747
1825	33.6888243635
1830	2.65637628598
1835	87.7824697749
1840	2.53406275793
1845	75.819669916
1850	10.6292300161
1855	60.6057528408
1860	25.5062847602
1865	83.0846666331
1870	5.26011416108
1875	36.8202658108
1880	24.3944875755
1885	73.204345035
1890	53.2496207132
1895	91.4189884772
1900	65.2471475417
1905	36.6891770195
1910	26.9651603876
1915	16.4547836943
1920	22.0202557205
1925	17.4931220167
1930	104.443762017
1935	53.2577063726
1940	32.813656059
1945	107.488375887
1950	32.3590740721
1955	115.72122988
1960	174.702923738
