0	1.5070254887
5	0.4
10	0.4
15	0.4
20	0.650950731315
25	0.4
30	0.481998898845
35	0.4
40	0.487071588458
45	0.4
50	0.4
55	0.4
60	0.4
65	0.4
70	0.4
75	0.431312359405
80	0.4
85	0.4
90	0.856677924046
95	0.455847027877
100	0.4
105	0.4
110	0.4
115	1.84051839338
120	0.489430446006
125	2.46984681721
130	0.4
135	0.954040430772
140	0.4
145	0.435548642638
150	1.08756818283
155	0.893649171787
160	0.47688180789
165	0.465045718982
170	1.55242017003
175	0.883355583113
180	0.4
185	1.26650224659
190	1.81667103276
195	2.4450488597
200	0.4
205	1.13818265326
210	1.44653280898
215	0.4
220	0.4
225	0.4
230	0.4
235	3.08858115584
240	0.4
245	0.4
250	0.614801072536
255	0.4
260	1.52217832984
265	1.3400368978
270	0.4
275	0.592274478205
280	1.60855351559
285	0.4
290	0.4
295	0.4
300	0.4
305	0.4
310	0.76798041155
315	0.4
320	0.406780391629
325	0.854009156818
330	0.4
335	1.07556865771
340	0.4
345	0.657407234493
350	0.4
355	1.03056989569
360	0.4
365	1.16222578798
370	0.4
375	0.4
380	0.4
385	1.13312609741
390	1.20883317484
395	0.4
400	0.546362500736
405	1.66595128432
410	0.4
415	0.4
420	0.687344417001
425	0.585610174818
430	1.15650040479
435	0.4
440	0.4
445	0.747593298267
450	0.4
455	1.49287511464
460	0.941133513136
465	1.5786647121
470	0.4
475	0.835857706083
480	1.69617535822
485	0.4
490	0.957539321088
495	0.4
500	1.32150948648
505	0.4
510	0.865343220732
515	0.4
520	0.702203674201
525	0.4
530	0.727199412882
535	1.06980511707
540	1.10764496284
545	1.11454765466
550	0.4
555	0.4
560	0.4
565	1.20930646089
570	1.08924619391
575	3.22443190661
580	0.634370898566
585	0.511050446918
590	0.4
595	0.4
600	0.715002162276
605	0.4
610	0.528426183686
615	0.4
620	1.09931689103
625	0.4
630	0.55414989787
635	0.660985668938
640	0.864168258701
645	0.544724846443
650	0.917413508708
655	1.24830666383
660	0.500682412335
665	0.4
670	3.72811422173
675	0.416710144601
680	0.4
685	0.4
690	0.4
695	0.569234151576
700	0.4
705	0.672132962141
710	1.37713146185
715	0.60937382865
720	0.4
725	2.44309628578
730	1.48541963026
735	0.4
740	0.573304098247
745	0.4
750	0.751475575284
755	0.4
760	1.30372323407
765	0.4
770	0.4
775	1.70705453165
780	2.45612945913
785	0.4
790	0.892664013928
795	0.4
800	0.4
805	0.4
810	0.4
815	1.05097913351
820	0.581362608224
825	0.4
830	0.4
835	1.11136433063
840	1.42571059467
845	2.48963010747
850	1.22242515202
855	0.751785561045
860	0.4
865	0.4
870	1.80479137064
875	2.03735535168
880	0.4
885	0.4
890	0.69714263361
895	0.4
900	1.12082184856
905	0.437496179358
910	0.4
915	1.93933397894
920	1.08042801786
925	1.65147739333
930	0.4
935	0.417618137778
940	0.569925340878
945	0.507753582372
950	0.4
955	0.4
960	0.70064825358
965	0.869520612118
970	0.814793723126
975	1.76753240681
980	0.912800809682
985	0.445251459219
990	0.4
995	1.53965464212
1000	0.4
1005	1.48760661039
1010	0.4
1015	0.4
1020	0.414357075331
1025	0.403159784153
1030	0.4
1035	0.4
1040	0.4
1045	0.877528474993
1050	0.4
1055	0.4
1060	0.811762865183
1065	0.4
1070	2.03806848423
1075	0.551885277534
1080	0.464430572934
1085	1.01216250534
1090	0.4
1095	2.5483634539
1100	0.548182572424
1105	2.47034294902
1110	1.75693651042
1115	3.00747240997
1120	0.4
1125	0.4
1130	0.539378323543
1135	0.848885395476
1140	0.4
1145	0.4
1150	0.4
1155	1.62947459006
1160	1.12588500397
1165	0.4
1170	0.4
1175	0.651738237244
1180	2.75708776631
1185	0.4
1190	1.32039447547
1195	0.598628619128
1200	0.4
1205	1.03979840939
1210	0.4
1215	0.4
1220	0.4
1225	0.651903724119
1230	0.4
1235	2.07575509831
1240	0.4
1245	0.738865207278
1250	0.659630778017
1255	0.4
1260	0.4
1265	1.61111824029
1270	0.4
1275	0.4
1280	0.4
1285	0.4
1290	3.72621269243
1295	0.4
1300	0.4
1305	1.50843705043
1310	3.60770805046
1315	0.489251707014
1320	2.10914293013
1325	0.4
1330	0.4
1335	0.4
1340	0.4
1345	2.66066266079
1350	0.539192576768
1355	0.617545476431
1360	0.4
1365	0.969834673853
1370	0.4
1375	0.4
1380	1.46047609974
1385	0.4
1390	0.4
1395	0.920925941379
1400	0.464107645375
1405	0.974431286816
1410	0.4
1415	1.00096033486
1420	0.4
1425	1.3530533225
1430	0.589153019369
1435	0.548718753675
1440	0.4
1445	0.4
1450	0.565130124348
1455	0.4
1460	2.56107992041
1465	0.4
1470	0.4
1475	0.587367932317
1480	1.71796206581
1485	0.4
1490	2.20189367804
1495	1.58186502141
1500	0.4
1505	0.4
1510	0.4
1515	2.33415775878
1520	0.447269536427
1525	0.4
1530	0.4
1535	0.4
1540	0.4
1545	1.05494236072
1550	0.461444952837
1555	0.773041549942
1560	2.15157018637
1565	0.6914225477
1570	0.4
1575	1.96148028014
1580	1.62588686407
1585	1.53624332455
1590	0.4
1595	0.4
1600	1.75388352934
1605	0.745986057408
1610	0.4
1615	0.70098595085
1620	1.5240201289
1625	0.4
1630	0.4
1635	0.4
1640	0.637709243167
1645	0.819815407523
1650	1.19060563701
1655	1.39112717121
1660	0.811011141775
1665	0.4
1670	0.424345908084
1675	1.30924816096
1680	0.4
1685	0.4
1690	1.7807142395
1695	0.4
1700	0.4
1705	0.4
1710	1.18882844891
1715	0.4
1720	0.4
1725	0.443694200667
1730	0.749638036875
1735	1.72206159559
1740	0.4
1745	0.4
1750	1.25290670229
1755	1.12521267503
1760	0.581858681709
1765	0.4
1770	0.4
1775	1.56372837102
1780	0.4
1785	0.4
1790	0.4
1795	1.15543401363
1800	0.956644924209
1805	3.17549333863
1810	0.690064666495
1815	0.4
1820	0.4
1825	0.839596818989
1830	1.6127675879
1835	0.486206988143
1840	0.4
1845	0.4
1850	2.10084453284
1855	1.47159725642
1860	0.4
1865	0.4
1870	0.4
1875	0.4
1880	0.4
1885	0.4
1890	0.4
1895	0.633189902907
1900	0.936204644659
1905	0.4
1910	0.4
1915	1.68451507743
1920	0.4
1925	1.45923543019
1930	0.784538723849
1935	0.78775975494
1940	0.4
