0	1.40478197519
5	2.04871584888
10	0.4
15	0.4
20	2.86513350942
25	2.15902047991
30	0.4
35	3.10492893224
40	0.4
45	2.95540273302
50	1.07844492409
55	0.4
60	2.88646481994
65	0.4
70	0.466903220545
75	3.55824681217
80	3.84551748178
85	1.53102754412
90	0.509732202616
95	3.89799398683
100	2.77022668491
105	12.4813841256
110	2.90293260658
115	1.61464743715
120	0.513889700195
125	3.59215676328
130	0.946938688916
135	0.4
140	0.4
145	3.1399817156
150	1.45177760362
155	0.534778020593
160	1.12287342857
165	2.73831425802
170	3.51081884332
175	11.5779341167
180	2.58631731102
185	0.678086889781
190	5.58875730081
195	0.849324786735
200	0.4
205	2.41710649654
210	3.85409572155
215	0.4
220	0.449763564836
225	0.4
230	0.463195490278
235	1.31322482929
240	2.78226799358
245	0.866974850912
250	2.10784269444
255	0.4
260	1.64472587675
265	1.09311912065
270	2.54809171761
275	2.22455128477
280	1.58212457063
285	1.46565747372
290	1.0914407619
295	0.491405867839
300	1.72786845394
305	0.4
310	0.4
315	0.976763426246
320	0.454533125164
325	0.746341639106
330	0.94559992897
335	0.4
340	1.14844572625
345	0.456730552511
350	1.11557875182
355	0.435878257495
360	0.521779809523
365	0.4
370	0.4
375	1.49359735785
380	1.16058438518
385	0.778650220134
390	0.669834099939
395	0.721384737003
400	0.4
405	5.82143841022
410	4.95828947573
415	2.66010077083
420	2.08003641133
425	0.958032213696
430	1.97133138722
435	1.23232584514
440	0.4
445	1.15800850282
450	0.699257476312
455	3.77883349179
460	0.4
465	3.48545818708
470	0.812028163254
475	1.22549428302
480	2.37130198675
485	0.614691073306
490	2.82063683023
495	2.0328816982
500	0.4
505	0.4
510	5.23318023774
515	0.871457756675
520	0.910051795726
525	0.938489349449
530	0.95280329896
535	4.50880090407
540	1.82869274354
545	0.599876517769
550	1.70462805822
555	2.76963691567
560	1.59137922674
565	2.47317747024
570	1.63054496116
575	3.59140713333
580	0.531356120123
585	1.12927719026
590	2.98717788831
595	1.14612745395
600	0.550893494811
605	2.09685237655
610	0.62351663215
615	0.4
620	0.470200568693
625	0.4
630	3.48320751746
635	0.4
640	1.62112916122
645	0.76855102371
650	2.09448896345
655	0.494657177016
660	0.4
665	0.94298453612
670	0.740105497804
675	5.17867117948
680	0.4
685	2.00466458223
690	1.07691828962
695	2.73102997841
700	3.58135100668
705	0.714006646237
710	3.69598499739
715	0.469325816353
720	1.97744142517
725	0.482745088981
730	0.4
735	1.41340397751
740	2.82710038778
745	0.841071918368
750	2.82348848756
755	2.84859626103
760	2.58460862948
765	0.4
770	1.24277966881
775	1.0825713483
780	0.85068504152
785	1.07462204037
790	0.434771691937
795	5.26352510991
800	0.4
805	1.51138068662
810	3.19348864425
815	0.4
820	0.890897861896
825	0.4
830	3.8695551751
835	3.4165284215
840	1.80601941463
845	1.12717179337
850	0.91839224583
855	5.31518427668
860	0.4
865	0.586056131156
870	0.549132726248
875	1.50737579552
880	1.25372967856
885	0.960908561728
890	6.52437209048
895	1.38227882768
900	0.8364916121
905	1.36771633475
910	0.4
915	2.28260010354
920	1.00685737917
925	1.74973616248
930	0.4
935	1.0756775377
940	0.707430984457
945	2.43616174884
950	0.559985714536
955	6.5143168379
960	2.37791545563
965	8.0786603498
970	0.722173648708
975	4.61908261759
980	0.502844668368
985	0.4
990	6.63831567862
995	0.863392652415
1000	0.718456395691
1005	7.29607864073
1010	2.65915156489
1015	2.04486169718
1020	0.440015795754
1025	0.4
1030	2.4778290932
1035	0.4
1040	3.7928481506
1045	6.1447367904
1050	1.02517826408
1055	0.4
1060	3.47664066136
1065	0.575475134274
1070	2.11053725855
1075	0.4
1080	1.04782208527
1085	2.91875171966
1090	4.05546815687
1095	0.4
1100	0.4
1105	0.4
1110	0.486154821303
1115	0.425950643968
1120	6.35045347369
1125	2.07196931507
1130	3.572734591
1135	1.03332504324
1140	3.53986756517
1145	0.4
1150	0.924148294929
1155	1.69220932935
1160	0.922603748644
1165	1.94849728665
1170	1.97545327857
1175	1.5126560455
1180	0.4
1185	0.4
1190	7.22136287472
1195	3.60931886043
1200	3.14009140829
1205	0.814615610509
1210	0.4
1215	1.10639244132
1220	0.969865338587
1225	0.4
1230	0.4
1235	2.05624184415
1240	2.43680418809
1245	0.4
1250	0.776343955079
1255	3.14422195044
1260	1.62805814588
1265	1.41791082826
1270	0.550305174071
1275	4.97979544057
1280	0.743394910656
1285	3.89082525764
1290	2.75844580119
1295	2.08895074825
1300	2.38069940258
1305	1.00654772894
1310	0.71992729135
1315	2.99795755478
1320	0.718734378441
1325	4.37483071278
1330	0.823633625963
1335	0.947005163129
1340	0.4
1345	0.520739391895
1350	1.02245261915
1355	1.5150569043
1360	0.4
1365	0.483700841688
1370	3.03736132734
1375	4.52559420437
1380	0.4
1385	0.4
1390	0.4
1395	0.4
1400	1.320209018
1405	0.411535790074
1410	1.05210749203
1415	0.6463801264
1420	3.39412733381
1425	3.65438695883
1430	1.96282240311
1435	0.744908083702
1440	2.53192005846
1445	5.31560580561
1450	0.583283793313
1455	2.14120328575
1460	4.30944172482
1465	1.11582532281
1470	1.10612753314
1475	1.27910386802
1480	0.775996747776
1485	0.402691266904
1490	1.4105700619
1495	1.13693378817
1500	0.4
1505	0.558194032405
1510	1.18042627049
1515	0.4
1520	0.4
1525	3.29946886878
1530	1.6787108929
1535	2.42418251133
1540	0.95145931707
1545	0.853184913025
1550	1.5603011502
1555	0.884275842274
1560	2.09376839697
1565	2.80597817054
1570	1.0770045153
1575	1.23954325344
1580	0.4
1585	1.64498596144
1590	0.404843706327
1595	0.4
1600	3.93089234443
1605	1.06262394278
1610	1.67794911152
1615	3.55702434136
1620	2.41979977944
1625	1.31093577413
1630	0.760007131152
1635	2.47376023863
1640	0.4
1645	2.24790186639
1650	3.16154297197
1655	0.4
1660	0.713770058663
1665	0.45375925517
1670	0.496557908687
1675	1.38619731506
1680	4.68768381624
1685	0.92824324565
1690	0.527557301548
1695	1.29166630393
1700	0.82692764557
1705	1.03873326618
1710	1.48648302955
1715	6.81677811819
1720	3.09350552636
1725	5.26866008181
1730	4.14988007787
1735	3.44104490719
1740	0.4
1745	4.89872824212
1750	0.4
1755	0.541887884043
1760	0.4
