0	2.08142080098
5	4.77181174065
10	5.98879135643
15	2.65480824836
20	1.34033735138
25	2.52065262039
30	0.72816649116
35	10.2650429193
40	0.768925655017
45	1.33331380722
50	2.77227280283
55	0.509468555984
60	0.4
65	3.46190507759
70	9.39182829085
75	13.9385608298
80	0.838469857017
85	1.35715898136
90	2.97007591772
95	0.564872628475
100	2.32352573803
105	4.54729277171
110	0.4
115	0.739717171797
120	0.4
125	1.92905988372
130	2.47079388829
135	5.15591313535
140	1.09601545976
145	2.59428087435
150	0.4
155	2.60793641863
160	5.14041108222
165	8.87162294411
170	0.864759769066
175	5.5104665427
180	6.28331663754
185	8.76960163434
190	3.9861497347
195	0.4
200	2.65874316852
205	7.92886370299
210	7.13229557707
215	8.47486927491
220	4.53505828451
225	0.96963855617
230	9.04445407
235	3.83807893348
240	0.841815451709
245	1.12931182504
250	10.2334196222
255	1.98421018012
260	10.4855662316
265	0.604853280728
270	0.894368678751
275	3.64764125182
280	6.10598600981
285	8.63272454111
290	2.8035499222
295	1.83076663972
300	0.4
305	2.33427419875
310	1.32612520911
315	2.49180414257
320	0.785006880067
325	10.7827185891
330	0.655656887744
335	0.4
340	2.74194257153
345	3.31852840032
350	12.4868057509
355	1.66374968483
360	1.73515532208
365	1.83896611679
370	0.611084074541
375	0.4
380	2.19617763877
385	3.62775645218
390	8.97590259003
395	0.4
400	7.22922134127
405	0.4
410	0.4
415	2.23168431298
420	5.43694404587
425	4.48674144979
430	1.05364311913
435	5.01815892153
440	4.56656725986
445	7.2606360595
450	1.95001235565
455	2.03136786099
460	0.4
465	0.60483393941
470	6.0932326678
475	0.625097379709
480	4.75329829002
485	14.3168717516
490	1.8846870972
495	1.67686895735
500	5.53000768376
505	7.15395309533
510	1.50201673186
515	0.4
520	1.92474544552
525	5.75345989371
530	0.445849059847
535	1.25227981789
540	1.50843209977
545	3.91147096122
550	4.59130665894
555	3.68702018253
560	15.5476588243
565	4.26444754819
570	7.51552382084
575	1.21800021573
580	4.2235047522
585	0.799161776426
590	2.23952963558
595	0.422927352634
600	2.38350273777
605	1.4010222558
610	2.5974948338
615	2.81223689856
620	4.8493688718
625	1.74688555975
630	1.52945289471
635	3.01594151367
640	2.25791995908
645	7.53306161693
650	0.4
655	2.30919807222
660	4.38361831544
665	11.9557739854
670	7.77299509132
675	0.4
680	0.555691730309
685	0.842449728398
690	0.882066410141
695	0.789803930395
700	2.08570422167
705	1.66359081272
710	4.52908729216
715	2.10106244777
720	0.77318083338
725	1.35073108779
730	3.26401226917
735	8.3110837219
740	0.875963787179
745	1.90337306328
750	2.74625941428
755	0.4
760	0.9113629756
765	0.4
770	9.77444134899
775	2.88739239225
780	7.73487979918
785	0.4
790	4.18833885254
795	5.11657897617
800	7.25620381431
805	0.876900109221
810	6.20927510376
815	1.36503799593
820	2.31369032538
825	0.630994811032
830	1.06480372473
835	0.827441484988
840	0.4
845	1.32997948582
850	0.503157331462
855	3.03807022
860	2.51201817905
865	1.98473949279
870	3.4142639869
875	6.07077762894
880	0.908382666235
885	0.507856882595
890	1.37281961211
895	5.70242779074
900	1.8578446495
905	9.5208718666
910	3.78293035479
915	5.66416442767
920	0.58349099882
925	4.93620268843
930	0.683145500066
935	0.4
940	6.08448819297
945	0.662148785013
950	9.69721337288
955	0.837133931387
960	9.76395128531
965	3.2140668694
970	0.516232927714
975	1.25335698173
980	5.46419027421
985	2.79137844848
990	0.4
995	0.4
1000	7.34198523867
1005	2.7431066023
1010	0.796194551242
1015	7.68312519241
1020	1.11561797038
1025	7.51155877828
1030	2.98574547992
1035	1.50681628317
1040	9.12642039474
1045	0.598171167123
1050	0.513458298958
1055	7.61597264938
1060	1.26618945616
1065	9.95543312631
1070	3.34747685921
1075	7.7121567416
1080	3.65966207598
1085	4.24539706584
1090	1.17368064108
1095	4.39352053036
1100	8.57796022709
1105	15.3855834389
1110	0.4
1115	4.08300313712
1120	2.34234571122
1125	3.43031830304
1130	12.5391253855
1135	0.4
1140	10.3238864698
1145	2.38277126895
1150	2.92889851977
1155	3.2846960434
1160	0.4
1165	6.41167263588
1170	2.55142068843
1175	1.1775444777
1180	1.72740147299
1185	6.9539724309
1190	5.09375317325
1195	2.30408481314
1200	0.914724291946
1205	4.34795161248
1210	3.24690162475
1215	3.14005289514
1220	2.24592057737
1225	5.63448401721
1230	5.60305792315
1235	9.52117881862
1240	4.52065233613
1245	2.3456939285
1250	2.02345548433
1255	1.06721895823
1260	0.4
1265	5.32262440651
1270	1.4155363024
1275	4.78431363813
1280	4.71066149802
1285	0.4
1290	4.87364169921
1295	0.4
1300	2.20601462635
1305	10.9335180479
1310	1.18618898335
1315	3.23932085638
1320	0.85064194385
1325	0.892659455964
1330	1.28669240299
1335	2.02334946965
1340	0.4
1345	2.77787940395
1350	3.39375911594
1355	0.975324431774
1360	2.87504578501
1365	10.2444921461
1370	2.97672922005
1375	4.36497936725
1380	3.50057592031
1385	1.67616988018
1390	4.5772288634
1395	6.70106276376
1400	4.09639798638
1405	5.39296632366
1410	7.58193295159
1415	0.4
1420	6.794901383
1425	15.5758160284
1430	1.47781748056
1435	0.471091725189
1440	0.466056856152
1445	1.99427833055
1450	3.81265554169
1455	1.60795015936
1460	1.16595047273
1465	3.40179450488
1470	1.81191057911
1475	5.33528447351
1480	1.35583051433
1485	0.4
1490	0.561024188922
1495	0.4
1500	5.26284070569
1505	7.95637182135
1510	2.63082952898
1515	1.45942931196
1520	0.926772108018
1525	2.08854510027
1530	2.27708210927
1535	8.84822105407
1540	0.677219481278
1545	0.562701819225
1550	0.936802472387
1555	17.0125119758
1560	3.29088746236
1565	6.04887797658
1570	2.09238539006
1575	1.63676463152
1580	0.568161505917
1585	0.623707764442
1590	1.92211761388
1595	2.16823903381
1600	9.34516747972
1605	2.07274674568
1610	1.53459895359
1615	3.16491908984
1620	0.635704127495
1625	0.787135242692
1630	1.07464031335
1635	0.710228567056
1640	3.26263615728
1645	2.98387276605
1650	11.4600810978
1655	0.4
1660	1.22696461805
1665	1.68226043059
1670	18.0334729873
1675	3.96584766433
1680	2.03121540293
1685	1.16182224659
1690	0.882955356798
1695	2.40432542211
1700	1.54648134532
1705	2.23091822577
1710	3.32636519063
1715	0.989462433815
1720	0.794743361068
1725	1.31708307208
1730	2.51187288242
1735	0.4
1740	0.768949333729
1745	2.17150275455
1750	4.14535629264
1755	3.49531282999
1760	0.706651545202
1765	4.90568821342
1770	6.70400384826
1775	5.01859020654
1780	0.559038578176
1785	11.0596120093
1790	15.7150383115
1795	0.99507107413
1800	0.4
1805	7.83847132319
1810	1.25052394346
1815	0.4
1820	1.32922415552
1825	0.4
