0	3.5932830749
5	7.07027927453
10	14.1733089967
15	2.69970512723
20	8.39994856272
25	0.4
30	4.34100607744
35	26.4740142202
40	3.52148500799
45	5.59496671672
50	5.74599505835
55	1.11004837795
60	2.19424746991
65	1.5267362036
70	5.90646672003
75	13.1449336709
80	7.70428176606
85	14.3763293914
90	12.280427596
95	1.2278890003
100	1.9595096346
105	3.38692912117
110	2.27296501623
115	8.41555259696
120	6.01548325582
125	4.80581044357
130	6.94012340632
135	4.67195862129
140	1.91776265818
145	8.99235205348
150	1.62059329088
155	10.0053676563
160	5.88823172691
165	6.82049671108
170	9.09237997482
175	4.96584676492
180	10.0693798668
185	6.74643482273
190	19.1995051236
195	0.600595111426
200	10.1458708305
205	13.6087948202
210	5.98406332556
215	8.49492949677
220	14.5112636275
225	8.552004451
230	0.4
235	6.80931664872
240	6.58528641432
245	15.7302762002
250	1.57257884079
255	41.8941557878
260	0.4
265	5.97484563257
270	10.2828667242
275	22.2859263671
280	3.39046216465
285	1.42074698162
290	4.24698503202
295	12.9352142015
300	6.42445592866
305	4.4843954306
310	11.2390496992
315	32.750847783
320	8.26152306546
325	1.12943189945
330	0.402009135804
335	3.02406274167
340	11.9111418922
345	2.48678584563
350	24.5617728133
355	1.07227864087
360	21.6983319751
365	3.82257176016
370	0.808965717085
375	4.57272914205
380	5.01397316202
385	4.32812348182
390	1.95098334001
395	0.719854406529
400	1.79210148767
405	0.914245268451
410	6.392365933
415	1.5338795757
420	7.10603365633
425	8.94261380662
430	11.0630023362
435	7.30992895332
440	8.07910661352
445	19.2129181972
450	11.7587201403
455	7.80837323317
460	8.34051227152
465	8.85414045354
470	12.4887784716
475	3.98207536384
480	11.3324673866
485	13.6317169291
490	3.62170857863
495	18.447634939
500	0.67388865995
505	0.954514654897
510	33.9703856179
515	1.14075182779
520	1.47769163449
525	1.79931607921
530	1.61088442769
535	2.79088248012
540	19.4877184678
545	0.975983655668
550	5.70336039681
555	13.9612679936
560	2.90346331368
565	2.97624932529
570	5.64588499591
575	13.4938556936
580	3.90729169592
585	10.3425435113
590	1.89696750219
595	2.2693865751
600	6.29912104058
605	0.4
610	2.75730660278
615	5.60045066979
620	24.7734346836
625	2.06377720813
630	2.79586346813
635	6.18535821434
640	13.7957374321
645	10.2753483545
650	6.01588476045
655	16.7242202023
660	0.4
665	12.9647137057
670	24.3474156583
675	1.93469040448
680	7.78532224569
685	4.95041844212
690	2.2124097315
695	15.5898079911
700	0.4
705	15.3863938305
710	13.7322275823
715	7.77160806667
720	8.19573693049
725	0.4
730	18.2901640917
735	1.53601751487
740	2.24154025173
745	2.35004093161
750	7.06911939646
755	3.98739150149
760	0.802663783738
765	6.91115372436
770	10.2024840514
775	2.5128145438
780	3.71618002678
785	5.37348690666
790	7.28133244255
795	5.2121520237
800	0.664692673351
805	8.95186556329
810	1.29627848611
815	18.5650044288
820	3.94635021822
825	23.9250096951
830	3.03984142765
835	11.2584005282
840	30.7112261693
845	7.77480849109
850	4.8203837557
855	15.9117584254
860	3.10329445
865	0.823599816496
870	20.3316084911
875	3.34482151633
880	4.3645931434
885	6.94864901453
890	14.9019969105
895	3.29600392613
900	16.8020986673
905	5.22054869005
910	4.2434365575
915	3.81754452473
920	1.00461063813
925	2.39052483814
930	0.4
935	6.43487883975
940	4.82860613198
945	13.9610871426
950	3.80846643801
955	1.04466245972
960	10.6995159363
965	13.7719514368
970	26.1706040559
975	7.99735002257
980	7.52258660353
985	12.3225769021
990	0.622933001638
995	7.51717910859
1000	9.91683934374
1005	1.69247078235
1010	1.20654480777
1015	8.35193411849
1020	20.332600712
1025	1.40083734864
1030	3.3747384342
1035	10.6858387234
1040	3.59130402798
1045	17.0211789759
1050	3.41025454476
1055	7.41772724709
1060	23.7083860262
1065	0.4
1070	10.1411764359
1075	2.84675120996
1080	3.89371727635
1085	7.42591646911
1090	0.4
1095	1.00299108639
1100	22.2408597571
1105	4.50187105997
1110	1.58246351919
1115	4.18777834626
1120	13.7527583364
1125	1.60202269115
1130	13.353150136
1135	3.13716816614
1140	0.800028665429
1145	34.3003624798
1150	2.55336856846
1155	0.4
1160	7.53069282912
1165	14.1724455983
1170	4.54543529894
1175	13.3585272192
1180	6.62032996271
1185	2.52011951909
1190	13.9223114569
1195	1.50992074098
1200	0.691265517695
1205	6.35912001438
1210	2.83560634067
1215	12.7756077578
1220	3.45881072422
1225	2.07083536076
1230	4.50280410717
1235	7.82636459544
1240	1.77561057742
1245	8.83761475635
1250	21.3686132759
1255	34.6164581796
1260	5.20049954271
1265	7.46335533452
1270	0.880769736363
1275	2.23264604999
1280	9.75343256609
1285	2.61209384953
1290	2.64154466739
1295	8.40567302804
1300	9.65620925297
1305	2.26209068753
1310	10.4275513459
1315	3.3656713204
1320	15.8057045842
1325	1.66238905597
1330	1.52044009837
1335	12.2787966957
1340	4.16796165108
1345	8.55850714163
1350	13.9542154715
1355	2.60004604716
1360	2.54095921548
1365	13.3916265579
1370	3.39072628748
1375	5.18969248252
1380	1.57347338211
1385	0.667364230518
1390	6.66081910887
1395	26.8927694505
1400	2.47470525764
1405	2.94820506871
1410	8.33343323289
1415	0.4
1420	16.4252267381
1425	4.90107462575
1430	4.14406152999
1435	0.4
1440	7.91121151191
1445	0.406007576712
1450	1.43611618055
1455	3.84759382197
1460	4.44467481235
1465	3.68851541713
1470	4.00316969234
1475	4.62462482719
1480	3.65412859662
1485	11.4945776654
1490	0.665144224341
1495	5.28271768003
1500	15.7806946781
1505	1.08961290748
1510	9.72998541725
1515	4.01095324478
1520	2.02152933565
1525	0.4
1530	2.34404633388
1535	8.28918963404
1540	7.08732472172
1545	3.0108451963
1550	17.5833708302
1555	0.601558576023
1560	4.02964689834
1565	0.994959605233
1570	2.25443426847
1575	5.33896043475
1580	1.01999097889
1585	9.34955952577
1590	21.2856723067
1595	1.96491842
1600	1.93771013547
1605	0.422596943283
1610	5.98698240243
1615	25.4134901179
1620	3.44612000301
1625	0.626843161872
1630	12.2217612549
1635	1.06814962593
1640	0.8713338447
1645	8.31849928034
1650	1.98247603304
1655	6.39272579326
