0	0.4
5	0.4
10	0.4
15	1.5505779396
20	1.45213742831
25	0.4
30	0.4
35	0.4
40	0.4
45	0.4
50	1.58433245138
55	0.884262588706
60	0.4
65	0.460537151926
70	0.4
75	0.512650011941
80	0.4
85	0.641020426088
90	0.482999703141
95	0.4
100	0.4
105	1.33462559983
110	0.4
115	0.432168885045
120	0.4
125	0.4
130	0.4
135	0.4
140	0.72225225148
145	0.770497167137
150	2.06689608757
155	0.4
160	0.702368029256
165	1.13139285265
170	0.4
175	0.489625209994
180	0.4
185	0.4
190	0.4
195	1.82780070474
200	0.4
205	0.57818044966
210	0.424175631128
215	0.4
220	0.4
225	0.4
230	0.4
235	0.578782557155
240	1.59690614437
245	0.662200649155
250	0.4
255	0.972406810021
260	0.4
265	0.526639682074
270	0.4
275	0.4
280	0.4
285	0.4
290	0.4
295	0.67461550557
300	0.841899621222
305	0.4
310	0.468093386861
315	0.4
320	0.4
325	0.735726593174
330	0.550172936876
335	0.452280922018
340	0.4
345	1.62356209651
350	0.4
355	0.4
360	0.4
365	0.650194683421
370	0.4
375	0.4
380	0.959123104155
385	0.4
390	1.54721101052
395	0.4
400	0.50422695764
405	0.715237531638
410	0.4
415	0.521622306498
420	0.4
425	0.4
430	0.4
435	0.4
440	0.66218684058
445	0.4
450	0.4
455	0.4
460	0.4
465	0.4
470	0.4
475	0.4
480	1.12408188648
485	0.44574090763
490	0.4
495	0.4
500	0.4
505	0.890434518827
510	0.80257749419
515	0.4
520	1.29723247512
525	0.73949802858
530	0.471341524059
535	0.4
540	1.9098550396
545	0.4
550	0.4
555	0.4
560	1.49045517695
565	0.4
570	0.4
575	0.459823153806
580	0.4
585	0.546159515667
590	0.4
595	0.642088445537
600	0.4
605	0.508425468765
610	0.743397015384
615	1.1924856938
620	0.4
625	0.4
630	0.4
635	0.4
640	0.801444575075
645	0.96395986187
650	0.4
655	0.4
660	0.4
665	0.4
670	0.64785036939
675	0.762116988906
680	0.4
685	0.699283428722
690	0.4
695	0.480113465087
700	0.420181879322
705	3.31463417446
710	0.4
715	2.02304860991
720	0.4
725	0.4
730	0.4
735	0.676624269448
740	0.683459170974
745	0.65213735341
750	0.4
755	0.748291855515
760	0.898315882405
765	0.539483227944
770	0.942702238373
775	0.470715222921
780	0.52878853404
785	0.4
790	0.4
795	0.4
800	0.4
805	0.4
810	0.42436607542
815	0.4
820	0.4
825	0.4
830	0.525437442773
835	0.4
840	0.4
845	0.4
850	0.4
855	0.4
860	0.4
865	0.4
870	0.4
875	1.39724352959
880	0.531605628626
885	0.4
890	0.4
895	0.4
900	0.4
905	0.700224919653
910	1.14192898974
915	0.4
920	0.4
925	0.4
930	0.478631305058
935	0.4
940	0.4
945	0.4
950	0.60817236009
955	0.4
960	0.428812038325
965	0.4
970	0.4
975	0.4
980	0.4
985	0.4
990	0.4
995	0.4
1000	0.4
1005	0.4
1010	0.434211313329
1015	0.4
1020	0.4
1025	0.974971454664
1030	0.4
1035	0.4
1040	0.4
1045	0.85280316213
1050	0.4
1055	0.4
1060	0.4
1065	0.4
1070	0.4
1075	0.4
1080	0.463158168181
1085	0.4
1090	0.4
1095	0.453433056241
1100	0.4
1105	0.4
1110	0.4
1115	0.4
1120	1.49350233436
1125	0.4
1130	0.706135955842
1135	0.796731762794
1140	1.33992138332
1145	0.4
1150	0.551971265762
1155	0.4
1160	0.4
1165	1.14386957156
1170	0.4
1175	0.4
1180	0.4
1185	0.4
1190	0.4
1195	1.00751806746
1200	0.4
1205	0.783487770129
1210	0.4
1215	1.06258819391
1220	0.575716626762
1225	0.4
1230	0.4
1235	0.4
1240	0.404708399162
1245	1.09419663691
1250	0.4
1255	0.4
1260	1.98105012814
1265	0.4
1270	0.4
1275	0.690801900398
1280	0.743057682755
1285	1.10991495007
1290	1.06880858978
1295	1.63191297282
1300	0.463380312453
1305	0.4
1310	0.4
1315	0.4
1320	0.513864161426
1325	0.4
1330	0.4
1335	0.4
1340	0.4
1345	0.67445495167
1350	0.981042303355
1355	0.4
1360	0.4
1365	0.4
1370	0.4
1375	0.4
1380	1.76206495275
1385	0.854515388215
1390	0.4
1395	0.4
1400	0.833292126082
1405	0.4
1410	0.4
1415	0.4
1420	0.858008127623
1425	0.603996351961
1430	0.4
1435	0.42426082578
1440	0.4
1445	0.4
1450	3.260844602
1455	0.427391648677
1460	0.521934005013
1465	0.408229983362
1470	0.890112535336
1475	0.4
1480	1.16548474856
1485	0.4
1490	1.01867880805
1495	0.916356921966
1500	0.449042049795
1505	0.4
1510	0.4
1515	0.4
1520	0.4
1525	0.4
1530	0.463293534268
1535	0.624810673402
1540	0.96988286887
1545	0.4
1550	0.778540120454
1555	0.53145264069
1560	0.494437926377
1565	0.4
1570	0.4
1575	0.61734596398
1580	0.549793852091
1585	0.544844897129
1590	0.874426030261
1595	0.4
1600	0.4
1605	0.4
1610	0.4
1615	0.4
1620	0.4
1625	0.4
1630	0.4
1635	1.03745309631
1640	0.538923162969
1645	0.416071731207
1650	0.418711756578
1655	0.907044854152
1660	0.4
1665	0.4
1670	1.22725885611
1675	0.4
1680	0.4
1685	0.4
1690	0.874893200969
1695	0.822910047394
1700	1.26493510693
1705	0.762726775932
1710	0.4
1715	0.4
1720	0.4
1725	0.4
1730	0.4
1735	0.4
1740	0.4
1745	0.4
1750	0.982058199474
1755	0.4
1760	0.4
1765	0.4
1770	0.4
1775	0.4
1780	0.55812862925
1785	0.4
1790	0.730621129138
1795	0.4
1800	0.4
1805	1.15577616441
