0	0.4
5	0.633139687115
10	0.4
15	2.09481690861
20	0.4
25	0.4
30	3.25292707712
35	0.852995793131
40	0.4
45	1.72536074747
50	2.89899148403
55	1.04541967815
60	0.5167574276
65	0.92911319781
70	0.4
75	0.554732577921
80	1.08404412798
85	0.643656503185
90	0.648361052903
95	0.4
100	1.49773430106
105	0.4
110	1.29023676531
115	0.513508754274
120	0.4
125	0.4
130	1.40793025516
135	0.53610049198
140	0.428245431318
145	0.4
150	0.4
155	0.4
160	0.4
165	2.75889136037
170	0.790182499906
175	1.57547294421
180	0.415738381422
185	2.45828836181
190	0.520593661147
195	1.7581846328
200	0.4
205	0.899343979957
210	0.791199522721
215	0.4
220	2.83799513071
225	1.07118349284
230	0.926903318217
235	2.06161227857
240	1.53725397981
245	0.4
250	0.534909339347
255	1.05534058526
260	0.82580212331
265	0.4
270	0.4
275	0.4
280	1.01077622835
285	1.51461166429
290	0.4
295	1.66233701376
300	0.402189502352
305	1.89809211191
310	0.720875798827
315	0.546076159235
320	0.652694605226
325	0.4
330	0.4
335	0.705634305858
340	4.5760952145
345	0.4
350	0.4
355	0.4
360	0.4
365	0.453201895365
370	0.4
375	0.4
380	0.4
385	0.625857367146
390	0.4
395	0.581840849583
400	2.06793010374
405	0.633305751349
410	0.539821767985
415	0.4
420	1.69216416414
425	0.4
430	1.37851379411
435	0.735767010443
440	0.4
445	0.4
450	0.74546419665
455	0.771144217906
460	0.425877575768
465	0.4
470	0.4
475	0.4
480	0.4
485	0.4
490	0.820057625091
495	0.4
500	1.44334156396
505	0.4
510	1.30878233524
515	1.22845939106
520	0.4
525	1.99065236627
530	0.45770821407
535	0.466135298851
540	0.4
545	0.4
550	1.57731321749
555	1.17629582519
560	0.426752236437
565	1.34970946036
570	1.20802101535
575	2.96461936169
580	0.4
585	0.789866688252
590	0.4
595	0.4
600	0.4
605	0.413524152517
610	1.87472583166
615	0.4
620	0.4
625	0.4
630	0.50832776963
635	0.728093330294
640	1.10295007814
645	0.4
650	0.4
655	0.4
660	0.4
665	0.489806441408
670	0.4
675	0.471269569015
680	0.4
685	0.4
690	0.4
695	0.830681048225
700	0.574287332209
705	0.558885244244
710	0.4
715	2.79807804853
720	0.804439311994
725	0.4
730	1.89535442947
735	0.4
740	0.4
745	2.23852753969
750	1.54212979952
755	1.71485042641
760	0.638886869693
765	3.64619334647
770	0.4
775	0.590394357131
780	0.4
785	0.4
790	0.4
795	0.844945879768
800	0.4
805	1.21419898902
810	0.676403437989
815	0.427610830961
820	0.735687127718
825	0.655933885994
830	0.539930778937
835	0.583177654606
840	0.650576063563
845	0.784019362408
850	0.571036942982
855	0.4
860	0.4
865	1.00198945002
870	0.649374401943
875	0.4
880	0.500786361937
885	0.439390110752
890	1.20347240695
895	0.411808443291
900	0.4
905	2.04614010936
910	0.4
915	1.68071728864
920	0.80106899096
925	0.420855205387
930	0.720172220749
935	0.4
940	1.57364909284
945	0.965405729891
950	0.731909643796
955	0.765519227167
960	0.4
965	0.4
970	0.579701951737
975	1.16797075868
980	0.4
985	0.4
990	1.73023393026
995	0.4
1000	0.4
1005	0.4
1010	0.4
1015	0.810665289648
1020	0.4
1025	0.685096160115
1030	0.499262253762
1035	0.4
1040	0.4
1045	0.4
1050	0.567925158508
1055	0.4
1060	0.4
1065	0.448357778135
1070	0.927789550315
1075	0.820701468349
1080	3.24510711392
1085	0.710973362446
1090	1.76658811259
1095	0.685220098174
1100	0.4
1105	0.4
1110	0.4
1115	0.900587235846
1120	0.4
1125	1.01174775713
1130	1.01050572183
1135	0.4
1140	0.686080786931
1145	1.52315283407
1150	0.518971820349
1155	0.523116015248
1160	0.960441738867
1165	1.31893982717
1170	2.48192603284
1175	0.4
1180	0.58597217708
1185	2.85353730974
1190	0.4
1195	0.4
1200	1.61317956598
1205	0.426765478181
1210	0.4
1215	0.4
1220	0.4
1225	0.4
1230	0.4
1235	0.470103752866
1240	0.4
1245	0.4
1250	0.655046028161
1255	0.585536895413
1260	0.4
1265	0.4
1270	0.851889730921
1275	0.957070198413
1280	0.4
1285	1.98583976008
1290	0.4
1295	0.606775016086
1300	0.781929739246
1305	0.540015342761
1310	1.16847134304
1315	0.4
1320	1.28935197832
1325	0.498996165605
1330	0.458900582255
1335	0.491433439391
1340	0.4
1345	0.824205166817
1350	0.410899635298
1355	0.4
1360	0.4
1365	1.10897159196
1370	1.75456181804
1375	0.4
1380	0.4
1385	1.29862221635
1390	0.548583585218
1395	0.4
1400	0.4
1405	0.4
1410	0.721947656712
1415	3.42625640925
1420	0.97161147987
1425	0.4
1430	1.21601993226
1435	1.22688262938
1440	0.4
1445	0.4
1450	0.4
1455	0.4
1460	0.4
1465	0.4
1470	0.4
1475	0.4
1480	0.4
1485	0.87498825189
1490	0.738790331405
1495	0.4
1500	0.4
1505	0.539030136045
1510	0.609556960867
1515	0.454220629632
1520	4.95901660447
1525	0.4
1530	0.822568406625
1535	0.4
1540	0.4
1545	0.4
1550	1.09300213967
1555	0.75850725944
1560	0.482604466461
1565	1.24798915719
1570	0.678955601206
1575	0.4
1580	1.206859623
1585	0.932367802739
1590	0.984188462648
1595	3.13902962644
1600	0.973124899976
1605	0.4
1610	1.0872276733
1615	0.4
1620	3.13500909487
1625	0.4
1630	0.4
1635	0.4
1640	0.899231112283
1645	0.4
1650	4.66494426189
1655	0.4
1660	0.820402282675
1665	0.4
1670	0.4
1675	0.4
1680	0.4
1685	1.87252568478
1690	1.49640495425
1695	0.4
1700	0.4
1705	0.4
1710	1.84182523262
1715	0.4
1720	0.4
1725	1.31703055936
1730	0.432944075699
1735	0.4
1740	1.27435735068
1745	1.29738292202
1750	0.4
1755	0.478764039673
1760	1.29830800473
1765	0.4
1770	0.4
1775	2.34744633244
1780	0.4
1785	0.461584723505
1790	0.4
1795	1.64330329469
1800	0.4
1805	2.34229047788
1810	0.925938736146
1815	1.11297402542
1820	0.729803230394
1825	0.736249967167
1830	0.4
1835	0.4
1840	1.83838183746
1845	0.4
1850	1.01017191584
1855	0.4
1860	0.6307223784
1865	2.44861905551
1870	0.4
1875	0.623734254365
1880	0.4
1885	0.4
1890	0.4
1895	1.48905072109
1900	3.60025375223
1905	0.4
