0	0.4
5	3.65704390246
10	3.46646378705
15	0.787209501163
20	0.489598882857
25	0.478113774262
30	5.46759666392
35	4.67644713634
40	0.947643021131
45	2.63402874797
50	3.19661196315
55	10.7334251413
60	1.445547531
65	4.15926946674
70	9.65292593029
75	0.531659018851
80	5.56489582894
85	1.40380781403
90	0.4
95	1.223554713
100	0.4
105	4.37495545419
110	2.69209225633
115	0.4
120	4.83318019342
125	1.31713163621
130	1.4450008529
135	0.447598515739
140	12.2266217365
145	1.54849893336
150	1.26575772682
155	8.09126881685
160	0.661739724477
165	1.24972398279
170	1.55661288171
175	0.4
180	0.4
185	2.46448026492
190	7.3481014008
195	4.2567046605
200	0.4
205	3.72871227479
210	1.90554071194
215	6.73136629791
220	3.61329547684
225	1.56721700365
230	4.86833900396
235	2.65542800416
240	0.4
245	10.3413921307
250	7.27895124085
255	7.54649616119
260	2.76461064337
265	5.82399031116
270	2.54512407811
275	5.06147108449
280	7.58884080306
285	1.77407522782
290	7.128452227
295	3.81601050513
300	1.10302306389
305	1.24822936426
310	5.59867706201
315	2.94673530248
320	3.09296828627
325	13.5638727072
330	7.08848982768
335	3.55169066311
340	1.8095781186
345	1.61307299875
350	0.410826780038
355	0.911115142822
360	1.40537128673
365	0.513337479823
370	5.60195055971
375	0.729923379283
380	2.23847266395
385	2.32599149527
390	1.70637011234
395	2.53636061157
400	3.80858626435
405	2.85301817538
410	4.58398882769
415	0.907600563208
420	1.27691021605
425	2.48967056243
430	2.58493595323
435	0.553426890976
440	1.43350723651
445	3.54007789157
450	1.35837652622
455	6.14316384776
460	2.10969743172
465	1.71001715076
470	1.54004609597
475	1.83147266055
480	0.691095807941
485	6.12197211377
490	3.81301656338
495	2.74413145941
500	8.28065444009
505	4.85707035771
510	2.09225376682
515	2.11927062391
520	1.93679195861
525	0.4
530	10.8834617962
535	0.589494132145
540	4.1104885257
545	1.19318633882
550	1.36179520444
555	3.74658779932
560	3.29750245903
565	10.6127199476
570	3.4914899879
575	0.4
580	8.99177859277
585	7.01644145936
590	9.97885522909
595	0.4
600	8.03700821333
605	2.10073277315
610	3.07504269209
615	2.01178666065
620	8.44208243404
625	3.55675011091
630	0.411925643973
635	4.94181940085
640	1.33651068635
645	4.26851126521
650	0.615632137627
655	1.55396339723
660	0.494135758107
665	2.81148161877
670	1.34150909446
675	0.4
680	1.3341589514
685	2.49541168539
690	0.4
695	3.59595887297
700	3.4583071702
705	6.70287126179
710	1.95970903912
715	0.4
720	0.4
725	5.66688808634
730	3.07574099482
735	0.4
740	1.20957878496
745	2.87860382561
750	3.31150571931
755	8.53971908076
760	1.04780802768
765	3.94597705494
770	7.82757430924
775	2.31967018959
780	6.35259088428
785	1.18096127543
790	12.4411046158
795	4.69572659835
800	10.1811929973
805	0.879738461798
810	2.46136552808
815	0.596846734089
820	0.4
825	1.59355051557
830	8.02911996885
835	1.19994588985
840	6.04012081881
845	6.32188252674
850	0.627657653563
855	2.71494642544
860	2.33199265754
865	11.4835651684
870	2.37948790197
875	1.07029000175
880	0.443596744036
885	5.10221934092
890	1.09158897372
895	1.69191754818
900	5.22985067332
905	2.6037324429
910	1.98735337599
915	3.61409898391
920	11.4119705453
925	1.88928761645
930	0.78502651237
935	3.18743136795
940	3.22785752326
945	2.01614002355
950	0.943412151849
955	7.30904707692
960	1.19426977276
965	5.17637023546
970	1.48665757015
975	1.78575998995
980	2.2195365302
985	2.19189369828
990	3.46656498273
995	7.68063555859
1000	6.8676811986
1005	1.67843993625
1010	1.59727857837
1015	0.813221925596
1020	5.10757120148
1025	0.447671489636
1030	1.54103644172
1035	3.07032878551
1040	6.32905022092
1045	0.61877693062
1050	2.06696087139
1055	18.6146047201
1060	3.99384600099
1065	2.18828989748
1070	0.413846397695
1075	4.75511935462
1080	7.54809942232
1085	0.4
1090	0.4
1095	1.39266116869
1100	0.715684834153
1105	1.42852563242
1110	4.51858262988
1115	1.4233658216
1120	2.69046566311
1125	3.30814486518
1130	2.29714410122
1135	2.3759613095
1140	9.19802238053
1145	11.9807797414
1150	1.06872378867
1155	0.757345163029
1160	0.4
1165	0.4
1170	1.13923814936
1175	0.430271487133
1180	7.65852039573
1185	5.97067437885
1190	2.93490364573
1195	2.1266459327
1200	0.715760914039
1205	2.41191789059
1210	4.25771938836
1215	3.62866926743
1220	0.801156609122
1225	0.884664280368
1230	4.99655847898
1235	7.51209989485
1240	0.413488909952
1245	3.39464516992
1250	11.2800646712
1255	0.942289563414
1260	0.4
1265	4.21052985029
1270	6.31265542023
1275	0.463422233848
1280	2.27044037497
1285	1.1599849596
1290	5.05818750778
1295	3.64721297147
1300	0.4
1305	1.03792504799
1310	2.36295172626
1315	5.28326974904
1320	1.44055451192
1325	7.06961850075
1330	1.53454743444
1335	13.4355927386
1340	7.22380388836
1345	0.4
1350	1.21085360226
1355	1.87554389083
1360	0.740489691359
1365	0.94494766068
1370	2.80080482432
1375	10.8796954113
1380	0.860000683937
1385	7.91537090056
1390	0.4
1395	1.4166045873
1400	2.58336727366
1405	0.4
1410	1.8320227803
1415	0.401695521695
1420	4.04163375663
1425	0.411413739993
1430	1.38046905866
1435	9.91512182435
1440	8.83487907551
1445	1.04082947673
1450	3.75202541273
1455	2.02557168347
1460	1.07140303842
1465	1.14007841143
1470	0.822354188428
1475	4.5518269825
1480	8.34818621615
1485	4.99888390687
1490	3.53117791093
1495	1.74638811247
1500	1.7076907576
1505	2.24263642503
1510	0.4
1515	2.72385369931
1520	4.32932405661
1525	3.52867683993
1530	8.13686913708
1535	0.4
1540	3.30017005789
1545	4.0249214452
1550	0.954371760064
1555	13.6478624632
1560	3.58885631194
1565	7.22453969364
1570	3.88436268519
1575	0.4
1580	1.24927278288
1585	7.14551551357
1590	0.4
1595	0.967169008172
1600	0.4
1605	1.88713530913
1610	3.04162017152
1615	1.87593138523
1620	4.22499647071
1625	1.11674499802
1630	1.60431131909
1635	2.08390164301
1640	3.34146899468
1645	2.46602024895
1650	9.71414379354
1655	1.12887152413
1660	0.4
1665	3.81004883843
1670	3.86779519215
1675	0.4
1680	3.00072100436
1685	1.47714612405
1690	1.26301385521
1695	1.18045631523
1700	1.62643266378
1705	1.73505529413
1710	4.16991603453
1715	1.10606512455
1720	4.17815132911
1725	1.23165245668
1730	1.74953311795
1735	0.950598161864
1740	0.406877209346
1745	0.844228062615
1750	2.74428646268
1755	12.7605973917
1760	2.19137521218
