0	3.12127715289
5	1.40106521114
10	2.05344779003
15	0.4
20	2.51922398386
25	0.506294196041
30	0.4
35	0.727845802761
40	0.680916946618
45	0.4
50	0.823723897785
55	2.17132246785
60	0.4
65	0.4
70	0.548860296756
75	0.4
80	1.94754419537
85	1.67342100873
90	1.45945635935
95	0.781796704104
100	0.4
105	0.951966555562
110	1.9827880992
115	2.72928599512
120	0.4
125	1.43004233284
130	0.4
135	0.452432502197
140	0.689720416294
145	0.984071100763
150	0.59614026293
155	1.58709599184
160	0.4
165	0.959187156689
170	2.5949577458
175	1.11901000235
180	1.2676219408
185	2.15939935401
190	2.18595073826
195	0.997550921706
200	0.760346706765
205	1.79325802197
210	0.58424276852
215	1.04373038045
220	0.4
225	3.75075800759
230	0.4
235	0.4
240	0.4
245	0.59449232867
250	0.4
255	1.10534535733
260	0.4
265	0.4
270	0.4
275	1.08323304205
280	2.35119299104
285	2.84826214843
290	1.13521495762
295	1.62701712869
300	1.66180642277
305	0.4
310	1.79738681142
315	1.68624746331
320	1.2854001425
325	0.4
330	0.4
335	1.00894600002
340	5.05433532909
345	0.974036081801
350	1.45826091353
355	0.856322157749
360	2.40346458863
365	0.4
370	0.4
375	1.36115451747
380	0.401588871401
385	0.970540287906
390	1.84199786326
395	0.4
400	1.08297162979
405	0.4
410	3.16298768627
415	0.734185395697
420	1.2474999203
425	0.4
430	0.858067460225
435	3.50028374922
440	0.4
445	2.50726268197
450	0.401605441347
455	2.05717698348
460	5.15640765521
465	0.421571490318
470	1.30876796294
475	0.4
480	2.90038018944
485	0.739093818116
490	1.46537027461
495	0.4
500	1.27157871028
505	0.4
510	1.46738622135
515	0.522266362207
520	0.4
525	2.08460119808
530	1.52992862344
535	0.4
540	0.7064931462
545	0.76614036451
550	0.959456482848
555	2.7737154859
560	2.53683729207
565	0.997507123293
570	0.4
575	1.79033505492
580	1.29034755793
585	4.25726584603
590	1.55385118892
595	0.412406051325
600	0.4
605	0.4
610	0.4
615	0.659727646409
620	1.6948065205
625	1.08964863768
630	3.50426729577
635	1.32473295618
640	1.34538436723
645	3.4766522075
650	0.52063819821
655	0.4
660	0.4
665	1.92084058354
670	0.988132438517
675	3.92881130937
680	0.4
685	1.39171173088
690	5.72645551405
695	2.57258327499
700	0.68971513367
705	0.540364567184
710	3.34925322248
715	0.4
720	1.51741026321
725	1.26205473872
730	0.787502713762
735	3.46600768685
740	1.20449507668
745	1.77472119646
750	3.75499391604
755	3.59079911134
760	0.948746002278
765	1.58541783349
770	0.57556616939
775	0.622304859905
780	0.4
785	0.943529289877
790	0.4
795	1.43620792537
800	0.579347014715
805	0.437871092242
810	0.713398716526
815	3.77229458813
820	0.4
825	1.1922022203
830	3.44559376858
835	1.19193873795
840	0.5221683966
845	0.4
850	1.60240856637
855	6.64623062693
860	0.4
865	0.4
870	1.62527160992
875	0.611366366259
880	7.57741555168
885	1.45442586015
890	0.4
895	2.86271373276
900	0.4
905	0.4
910	0.778032036027
915	0.4
920	2.67878694544
925	1.13478394064
930	1.11223705268
935	1.54291776972
940	0.407829304329
945	1.06073693737
950	1.47474056985
955	0.424916189703
960	0.4
965	1.37888119496
970	3.0681577766
975	1.56703260414
980	3.18096287398
985	0.4
990	0.647942823629
995	1.64948971273
1000	2.07916599712
1005	2.00565087509
1010	1.93107309733
1015	0.4
1020	12.1498217093
1025	0.885172270076
1030	1.46206500245
1035	0.539833118837
1040	2.38339567073
1045	2.53975033391
1050	0.785683165926
1055	0.4
1060	0.4
1065	0.645838773185
1070	0.936032288786
1075	2.91814751236
1080	0.4
1085	2.38122197909
1090	0.466676433902
1095	1.05810271009
1100	1.01601294958
1105	0.4
1110	2.35961213515
1115	0.440203048006
1120	0.4
1125	3.87346696586
1130	0.4
1135	1.33884966175
1140	1.52505206582
1145	1.91095428726
1150	0.4
1155	0.767792275169
1160	0.814582543137
1165	1.01478391501
1170	3.15433551974
1175	0.67267673336
1180	1.73186904636
1185	1.34007846195
1190	0.57583796463
1195	2.77814890044
1200	1.30617259606
1205	2.44156978406
1210	0.616791392747
1215	2.47644362679
1220	1.62451690632
1225	1.63978037955
1230	1.08390525951
1235	0.404380839833
1240	0.4
1245	2.62112390448
1250	0.4
1255	0.847617754649
1260	0.4
1265	1.31523192708
1270	2.82647401116
1275	0.4
1280	0.4
1285	1.00838653332
1290	1.11705348485
1295	0.886965076793
1300	5.70739475879
1305	0.4
1310	2.88489548216
1315	0.74989799277
1320	0.4
1325	0.4
1330	1.06665705719
1335	1.38444252486
1340	2.23207360611
1345	2.30587529637
1350	3.86727973341
1355	1.28118262735
1360	0.4
1365	0.4
1370	0.4
1375	1.17472143529
1380	0.4
1385	1.11888212519
1390	1.18527248944
1395	0.4
1400	0.889851604768
1405	3.66765211049
1410	3.7016430422
1415	0.656170287636
1420	4.66318177316
1425	1.13123365562
1430	0.4
1435	0.545651515805
1440	0.4
1445	0.933007529934
1450	1.59986355017
1455	1.13705954777
1460	1.3515805836
1465	0.835946248109
1470	0.846034466947
1475	2.62008561036
1480	0.985206739905
1485	0.460930872549
1490	2.15338368592
1495	0.478840175901
1500	1.20722622079
1505	0.933752139585
1510	1.82990900731
1515	0.4
1520	1.25558847992
1525	0.4
1530	0.929696567767
1535	0.4
1540	1.16298961493
1545	0.4
1550	1.83475815465
1555	0.410464762454
1560	1.08191790399
1565	0.4
1570	2.02352769006
1575	1.81230181085
1580	0.4
1585	1.26288303165
1590	0.823692331486
1595	0.541998484953
1600	1.22157804664
1605	0.4
1610	1.23440805443
1615	2.94049936099
1620	2.47214789821
1625	1.2089857154
1630	0.681903596138
1635	0.766745989798
1640	1.47555891919
1645	0.4
1650	1.20207230768
1655	0.436561391708
1660	3.22045094108
1665	1.51311945062
1670	0.96531850894
1675	0.948728236729
1680	4.86332186588
1685	2.37855131274
1690	0.4
1695	1.19726754082
1700	0.858277285138
1705	0.82908538761
1710	0.4
1715	0.4
1720	0.4
1725	0.4
1730	2.928487381
1735	0.4
1740	0.4
1745	0.431762273577
1750	1.14652031197
1755	0.4
1760	0.4
1765	0.4
1770	0.937256101254
1775	0.4
1780	0.4
1785	1.58347597175
1790	0.4
1795	1.42364890176
1800	0.4
1805	0.4
1810	1.2447888094
1815	0.508405368769
1820	0.420213069199
1825	2.07689909132
1830	4.54489975582
1835	1.14211654222
1840	1.05642942365
1845	0.4
1850	0.860782463109
1855	0.4
