0	2.72509094404
5	0.654741678001
10	0.4
15	0.4
20	3.2138171975
25	1.27474362222
30	0.934591834209
35	1.77761535794
40	2.26110574814
45	0.813890129841
50	3.25656056173
55	2.53377808396
60	0.4
65	1.05104962037
70	0.4
75	2.52433718973
80	2.45612615406
85	0.4
90	0.657069973914
95	0.65300389048
100	2.59315953612
105	1.4443166029
110	0.4
115	0.4
120	2.00980467931
125	2.26339423053
130	1.17629368047
135	5.70927704786
140	1.00337726815
145	1.08696820968
150	0.593571734776
155	0.4
160	0.4
165	0.479293858854
170	0.4
175	1.3659547662
180	1.51299550718
185	0.4
190	5.8851383272
195	1.50697654516
200	1.33505640956
205	2.85820181
210	0.92398667846
215	1.63708234002
220	2.81866615367
225	6.82922536284
230	0.507774788519
235	0.4
240	3.42769729972
245	0.478876798457
250	3.09256637451
255	0.933790310767
260	0.4
265	2.31475170756
270	1.17527460783
275	3.50051617307
280	0.4
285	3.22653799141
290	0.974561617023
295	2.89113774032
300	1.16572983087
305	0.811755887718
310	4.24744348282
315	0.4
320	0.659202716094
325	1.8525219743
330	0.4
335	4.84882466607
340	6.89952698591
345	0.705627010426
350	4.3687535056
355	2.40052431057
360	2.59154970319
365	0.4
370	0.4
375	0.669499421445
380	0.450345104445
385	3.91001234861
390	4.93768049198
395	2.48278157051
400	0.4
405	0.692153529015
410	0.898138854262
415	0.787966083205
420	0.4
425	5.14966847871
430	3.24165884046
435	1.2565490796
440	2.32862297066
445	2.16099694585
450	2.72309390445
455	0.792020859823
460	0.4
465	2.22718545787
470	1.43057387272
475	2.53641714485
480	0.4
485	1.74119658675
490	0.4
495	1.25388875817
500	0.4
505	2.84825651752
510	1.78232845188
515	0.4
520	0.945165301689
525	0.413154403271
530	2.19114326396
535	0.821837450019
540	7.99561347895
545	1.75777952208
550	0.4
555	5.15731498051
560	1.88461646238
565	1.84882012124
570	1.54678189898
575	3.20546547104
580	0.4
585	2.5122138413
590	0.4
595	2.34496781307
600	1.26641318506
605	0.942692678013
610	0.4
615	0.57343888432
620	0.4
625	3.63024319747
630	0.4
635	0.4
640	0.4
645	2.90697259661
650	0.441991734607
655	5.38732312181
660	2.11362077768
665	2.25995912258
670	5.62255603374
675	1.42266499543
680	0.4
685	0.4
690	0.485889786317
695	1.01250746909
700	0.4
705	2.74578845418
710	3.31744874049
715	0.933167089415
720	0.964233418244
725	6.94624781066
730	3.79345083861
735	2.74894437185
740	0.4
745	0.4
750	2.87797989079
755	0.4
760	1.80961734923
765	1.52063982646
770	3.33354024888
775	0.4
780	2.58400770573
785	5.50530969956
790	0.423989767808
795	0.4
800	1.93233043576
805	0.791009879192
810	1.6295511253
815	0.897638541603
820	1.42718094993
825	0.4
830	0.4
835	2.73226123098
840	0.4
845	1.23077935007
850	1.53714584637
855	2.72966580662
860	2.72814948143
865	0.4
870	0.430645104534
875	2.23542614181
880	0.4
885	3.51381534851
890	1.18023547022
895	2.65370452986
900	0.4
905	3.48556378555
910	0.742702424861
915	1.62850829206
920	0.4
925	1.05820491232
930	0.476404474478
935	3.56136169314
940	1.03981427525
945	1.05106030205
950	7.37622805408
955	0.4
960	1.75314607415
965	5.94611249668
970	6.55391296112
975	0.4
980	2.18725167508
985	1.32362039808
990	1.02786475946
995	1.36839455264
1000	0.844853398397
1005	0.4
1010	5.13172208623
1015	0.724264585251
1020	0.883883515074
1025	3.89221516785
1030	1.29306671104
1035	1.78913113214
1040	2.89581669451
1045	0.4
1050	2.78578169724
1055	0.473421568024
1060	0.4
1065	5.6792683953
1070	1.38228810027
1075	1.70285077671
1080	2.88892145799
1085	1.14771843881
1090	1.88779701414
1095	1.30668234421
1100	2.5891183628
1105	0.77710774836
1110	0.828245228545
1115	0.4
1120	3.17353900899
1125	0.4
1130	1.7349126405
1135	0.62411117685
1140	1.73226573484
1145	2.26516604659
1150	1.58351762129
1155	2.16478441878
1160	0.476816860036
1165	1.37301086491
1170	0.4
1175	2.32017953381
1180	0.49571470973
1185	0.847316387753
1190	6.41653279953
1195	0.768755740891
1200	0.4
1205	1.5787700615
1210	3.37960759517
1215	5.93849628772
1220	4.19314816483
1225	5.35328399314
1230	0.4
1235	0.534369613288
1240	2.90818970853
1245	4.19284701255
1250	0.4
1255	2.49188912451
1260	3.31457498508
1265	0.4
1270	0.4
1275	3.49598910562
1280	2.07031519916
1285	0.979333688379
1290	1.19650610409
1295	2.5930305965
1300	0.4
1305	0.403802273855
1310	0.4
1315	2.56451301217
1320	0.537803529641
1325	1.866178436
1330	2.78462766095
1335	0.4
1340	0.4
1345	0.4
1350	0.4
1355	0.858203656076
1360	2.34045514651
1365	2.05418407492
1370	5.98717674872
1375	5.57442568841
1380	1.93765215186
1385	0.430932922469
1390	0.639349808778
1395	1.68796515081
1400	2.85344586447
1405	1.01386939998
1410	2.5070452386
1415	0.921917930356
1420	3.53746208411
1425	1.42441332103
1430	2.37420128713
1435	0.936177102338
1440	3.35823259464
1445	0.572717057672
1450	2.30631117449
1455	0.4
1460	1.62343651613
1465	1.04959226044
1470	0.4
1475	0.490348973737
1480	4.19829053867
1485	1.36587359506
1490	0.4
1495	0.907855357376
1500	4.49486599067
1505	2.57566263107
1510	5.96245507235
1515	1.30273439994
1520	2.0888938396
1525	0.4
1530	3.73295332756
1535	0.971842417555
1540	6.3843998195
1545	0.4
1550	0.529911046178
1555	0.4
1560	0.798903985403
1565	5.77179201914
1570	0.414052419404
1575	0.973438084554
1580	5.47721567445
1585	2.43024075088
