0	4.72966468403
5	7.28979557788
10	1.14195583658
15	5.03735460507
20	0.4
25	2.17413403642
30	0.691620615661
35	5.04171163942
40	10.7511069904
45	0.745748208514
50	5.50655300592
55	6.10040263064
60	2.70150105537
65	0.4
70	0.4
75	4.32393297522
80	8.90776807953
85	14.36369994
90	18.1930269111
95	0.4
100	3.43098239856
105	9.10260590686
110	7.67249011053
115	3.71901857467
120	2.17724694381
125	1.37544675301
130	3.83889820243
135	3.96843221932
140	6.25532674386
145	5.33190776095
150	5.34592309932
155	0.765576103371
160	8.90026801608
165	1.8587480735
170	0.939692086511
175	1.3180616914
180	2.90434847435
185	0.500269359109
190	2.25558280335
195	3.93289846172
200	3.81162594329
205	0.743449251503
210	11.1940158295
215	2.2970394414
220	0.600421890036
225	5.77397118038
230	9.08203100903
235	1.03724293215
240	0.686848552243
245	4.78449668072
250	2.18297193431
255	1.4479533604
260	3.94213474817
265	15.6857480881
270	0.681550785242
275	5.33211799677
280	2.36101124406
285	2.52494131399
290	4.67433096163
295	0.4
300	4.25459229475
305	2.89606620178
310	4.62122812617
315	17.625823891
320	3.23967986385
325	10.0776913294
330	1.84463229703
335	0.665367212216
340	4.22731804787
345	25.7528244048
350	9.08974006202
355	0.698719333516
360	5.83724292698
365	1.37236024537
370	1.58408244381
375	23.5381512277
380	0.849186142029
385	2.98280650183
390	6.36266941323
395	1.0073464197
400	1.21754519609
405	1.3232002979
410	2.4653067343
415	15.0312337682
420	5.20309908055
425	2.86662925739
430	3.53319408066
435	5.13691400051
440	5.19967159075
445	4.16418660878
450	0.409776474712
455	9.00798409888
460	1.26451885479
465	2.49249779582
470	10.4614490573
475	0.4
480	7.16079427839
485	0.587136970365
490	7.01432322361
495	6.55226091729
500	1.86861081433
505	0.680169528689
510	3.24947861304
515	10.1049280446
520	0.989186876533
525	5.60276469405
530	1.13301885974
535	1.91557719507
540	7.53577044924
545	22.0157309507
550	1.46903437219
555	8.29058601211
560	9.7917089471
565	0.785903583635
570	13.3722864446
575	4.77763818828
580	0.801112423779
585	1.00686092245
590	4.43907247542
595	0.674941958768
600	0.466381446065
605	13.944412069
610	7.06630597354
615	33.0791372057
620	2.41065499681
625	2.08548247074
630	3.45904218595
635	8.96845473672
640	4.35668158571
645	8.82420091324
650	1.49631007985
655	1.84256443508
660	5.12628321272
665	5.92797924022
670	3.52971843531
675	3.74381594794
680	6.09471415516
685	13.5161204958
690	8.49109023249
695	15.1354045982
700	0.4
705	1.62696189947
710	0.4
715	6.38314471641
720	15.2957750442
725	1.26037503003
730	1.1328121738
735	1.01082921693
740	6.37559433539
745	1.3821448053
750	1.32019362491
755	0.993216947253
760	4.58971345911
765	1.16071485105
770	0.575274324279
775	13.3587818776
780	7.41513596281
785	1.57607593185
790	5.33982548156
795	18.2766818301
800	3.35975073308
805	0.4
810	3.22976500277
815	4.88129479098
820	9.5527065356
825	0.4
830	5.45330364318
835	5.77570295115
840	6.34704989406
845	0.840689968097
850	0.4
855	0.554717005297
860	2.30569873433
865	1.48000515402
870	0.810735916668
875	0.72818075086
880	1.23923007328
885	1.44219384016
890	5.58462727518
895	4.076506999
900	1.83098177387
905	3.52875653447
910	0.4
915	11.8728956006
920	10.8253689323
925	4.90328788165
930	14.133442678
935	5.87151447226
940	2.47509766581
945	1.15193167299
950	12.9962283311
955	1.26102238393
960	3.08034286236
965	3.22784817793
970	5.89938152662
975	1.14832886865
980	2.39801251811
985	0.4
990	7.37426134603
995	0.4
1000	8.55891934172
1005	4.29087921489
1010	0.4
1015	3.65239653623
1020	8.45996232012
1025	0.4
1030	0.409515032384
1035	2.36391376298
1040	6.4284685436
1045	15.1780668418
1050	3.87956246734
1055	0.667641988934
1060	4.27654688857
1065	10.5182316184
1070	15.2951778466
1075	6.6827745156
1080	4.05058978477
1085	0.697185308976
1090	1.10068161417
1095	3.27433026588
1100	3.84646470785
1105	5.4851762525
1110	8.56431799967
1115	6.00100748551
1120	4.9474737571
1125	14.6077408601
1130	17.0618365881
1135	8.9480746825
1140	2.74789572026
1145	3.04645661038
1150	0.730311230389
1155	0.927753910861
1160	1.98237666931
1165	4.59455344112
1170	7.53053266697
1175	0.437956600681
1180	6.48205944376
1185	3.85170815753
1190	4.20785234178
1195	6.27477196456
1200	7.22586901778
1205	5.23228595455
1210	0.4
1215	5.41574840627
1220	0.972708988878
1225	8.23966381525
1230	6.56572217785
1235	9.8456605128
1240	3.61605016845
1245	12.4385714695
1250	4.67313118929
1255	3.87676799954
1260	3.81208181822
1265	2.80956229735
1270	8.82597833538
1275	3.77706363735
1280	2.27320084909
1285	2.89329820686
1290	1.4728590362
1295	0.4
1300	2.65932300889
1305	6.04038794757
1310	6.66299026729
1315	7.80584137415
1320	9.55719749589
1325	1.59303450036
1330	5.94763447682
1335	0.4
1340	2.6741484298
1345	4.72019605332
1350	1.94619126967
1355	1.36041897001
1360	1.19950728466
1365	6.63396683694
1370	2.72228093926
1375	3.73862528851
1380	1.15938266705
1385	1.41523378075
1390	7.96878292887
1395	2.00688233693
1400	6.19032259245
1405	0.901323345866
1410	0.4
1415	4.41180503454
1420	0.4
1425	8.5086623797
1430	19.9371767895
1435	4.11805865004
1440	2.54985110693
1445	3.16900904285
1450	13.9233282209
1455	0.572598315319
1460	5.66655081566
1465	3.69989481729
1470	0.846279608949
1475	12.4615916872
1480	2.85556623804
1485	0.886532277794
1490	6.5422744517
1495	0.4
1500	2.54851601938
1505	1.88419891325
1510	11.5506342735
1515	1.65664919961
1520	0.664201106033
1525	1.49335092073
1530	1.92088794569
1535	17.4084084317
1540	1.63282102154
1545	5.89288923326
1550	8.28134210593
1555	2.79149025415
1560	4.23548880621
1565	2.27365701606
1570	2.81825397038
1575	10.0789909714
1580	10.6495300344
1585	1.3308982593
1590	10.0539434986
1595	0.958437913771
1600	4.98162540209
1605	4.80553837663
1610	16.7637537641
1615	4.20172149977
1620	9.90525786307
1625	1.91246109251
1630	1.77505719577
1635	2.29128649113
1640	1.83201991734
1645	3.8103799356
1650	5.11754844607
1655	7.90301212441
1660	1.47911448776
1665	14.5136961686
1670	7.12311298322
1675	1.07220744418
1680	30.7693265393
1685	0.699645676847
1690	1.8103424379
1695	4.66912366096
1700	22.3599301079
1705	5.80043797455
1710	1.23203175268
