0	1.30358214176
5	1.32884522506
10	1.90336562908
15	2.18111549275
20	1.50042584813
25	0.961670298139
30	0.679561546415
35	0.4
40	2.6075148339
45	0.4
50	2.83322816578
55	1.857782459
60	5.5642020012
65	1.49155538637
70	8.95527506265
75	1.37897253528
80	0.86940634757
85	0.4
90	1.61996272537
95	0.995735447869
100	1.58653254945
105	0.429526816788
110	0.849622930911
115	1.74029258721
120	1.09521961878
125	0.445387526858
130	1.94387000421
135	1.44867738598
140	3.99009798409
145	1.87878895714
150	6.49557408479
155	3.78333953884
160	0.4
165	3.57280784752
170	7.15895617814
175	1.22987996855
180	1.59697379269
185	0.752259988558
190	5.96244324694
195	2.22201745096
200	2.63358402146
205	2.78182509996
210	0.4
215	1.26579861444
220	2.75443213913
225	0.771894283334
230	0.602987018207
235	2.22807679344
240	0.613049790617
245	4.17997197387
250	3.64648890467
255	3.37067864434
260	1.17582909085
265	10.5261296874
270	3.11116892129
275	6.00416629296
280	1.5846271694
285	1.24587747171
290	0.930649018656
295	2.94064641024
300	3.63313917974
305	0.4
310	0.4
315	2.72604664757
320	0.638876869204
325	1.16946151016
330	0.4
335	1.840100697
340	4.02159275294
345	0.4
350	2.89258087111
355	0.4
360	0.4
365	2.82665127881
370	0.911945106214
375	6.22675152316
380	4.12671278752
385	3.03925526229
390	3.89843585376
395	4.6738002856
400	3.67764910593
405	0.631869691751
410	0.984481808401
415	3.90240113879
420	1.86444873755
425	0.4
430	2.57835424745
435	3.89964374017
440	0.903420288032
445	1.28239707565
450	1.1434705095
455	2.36238446006
460	1.10982693157
465	1.74920293513
470	1.49965411936
475	3.26423929724
480	2.62406097575
485	0.482978859979
490	2.7377458801
495	0.4
500	1.18222726967
505	5.03917752283
510	1.49711735576
515	5.29802016237
520	1.45257052106
525	2.89489171484
530	0.701690520854
535	5.40484970772
540	2.40057868489
545	2.38660977699
550	1.63819411419
555	1.03773551229
560	1.98088147569
565	0.4
570	3.90339128047
575	3.44146766866
580	0.4
585	1.54014023972
590	1.85043760977
595	0.986182380798
600	0.4
605	5.30544166839
610	2.67311130164
615	1.10362754189
620	0.4
625	4.87214638334
630	2.73937469041
635	0.719496981161
640	1.36530591804
645	8.08945745126
650	0.4
655	0.468942949388
660	0.4
665	2.51440498112
670	8.91193450569
675	0.400317401107
680	0.54595189912
685	0.439579881232
690	3.99340564336
695	0.974128205201
700	0.695732557417
705	0.4
710	1.42834248585
715	0.4
720	1.81883853988
725	2.46223113798
730	4.49041207274
735	0.4
740	6.81023145154
745	0.413312792621
750	9.13707122176
755	0.428719725783
760	0.827241205908
765	3.19589619042
770	7.45332534179
775	0.4
780	7.70901728859
785	0.4
790	0.683831985429
795	0.72843365417
800	0.539339871584
805	0.855943468636
810	3.23040506567
815	4.56146292355
820	1.19396317226
825	0.767360628859
830	2.10427996003
835	0.934129873337
840	5.93113377295
845	1.74671281848
850	4.0268561846
855	0.517058392503
860	0.940685287877
865	1.65883382813
870	0.4
875	7.44262146994
880	0.533649688479
885	7.32811686548
890	0.628174257986
895	2.4979142061
900	0.649321129992
905	1.41812266929
910	1.05266848945
915	1.41447033824
920	5.45057056346
925	0.4
930	1.77411117501
935	4.46135075788
940	0.4
945	0.4
950	1.31419059014
955	2.03608593691
960	0.683673894234
965	0.402880046415
970	1.21973201321
975	0.984081135459
980	0.4
985	3.1383908126
990	3.05506290894
995	0.4
1000	1.91212819298
1005	0.676261954217
1010	0.644445825532
1015	1.70766212682
1020	7.79100237952
1025	6.79326215074
1030	0.736134675337
1035	2.83406121031
1040	1.55474218191
1045	2.66450760992
1050	2.06885514895
1055	3.13014110457
1060	1.83799419035
1065	0.745853976199
1070	0.4
1075	1.80597397941
1080	0.508046771966
1085	3.11967526245
1090	4.21509749434
1095	0.62342652374
1100	3.90308187934
1105	0.4
1110	0.4
1115	0.580372797406
1120	0.752115536645
1125	0.618455747411
1130	5.66350305343
1135	4.22642353001
1140	1.29915167221
1145	4.05864460649
1150	1.57010127314
1155	0.546483553106
1160	1.7293869583
1165	1.32610234418
1170	0.4
1175	3.21397464096
1180	3.42750604227
1185	1.97123573214
1190	1.70986429688
1195	2.32542180706
1200	1.31350685668
1205	1.19899009784
1210	5.88444055356
1215	1.18758997231
1220	4.24406555194
1225	4.54086560693
1230	5.09078165035
1235	1.08676770314
1240	0.4
1245	5.60022734722
1250	1.20948086482
1255	5.29885833044
1260	5.38783828962
1265	5.08194890554
1270	2.66422596516
1275	5.14337573434
1280	0.4
1285	4.17820129857
1290	0.53569765139
1295	1.07477770136
1300	0.4
1305	1.15546898587
1310	1.71944880478
1315	0.4
1320	0.4
1325	0.4
1330	0.4
1335	1.68025610093
1340	2.84716767349
1345	0.4
1350	0.490866565747
1355	0.4
1360	2.98639589289
1365	2.27522622754
1370	0.766569208932
1375	2.01196699877
1380	2.16474498404
1385	2.96460143574
1390	0.4
1395	0.465781945121
1400	7.45940360227
1405	2.88813547912
1410	0.4
1415	1.72192210105
1420	1.47326235878
1425	2.6095313457
1430	1.63286486927
1435	3.07420358435
1440	1.07355108885
1445	2.51703614729
1450	1.79468715814
1455	1.29313187964
1460	3.34336995276
1465	2.96854809578
1470	0.4
1475	10.8576291559
1480	1.05836297034
1485	0.4
1490	1.97227908863
1495	3.41566307512
1500	1.09645287938
1505	2.73954483231
1510	3.11729733103
1515	3.55893886505
1520	4.42890176245
1525	0.4
1530	1.31564773767
1535	3.57808751617
1540	9.50343598672
1545	0.634971528044
1550	4.48471028563
1555	0.963281654792
1560	1.29110556225
1565	11.3928849466
1570	0.4
1575	2.42568299632
1580	0.577119111053
1585	0.63223508982
1590	2.28551911685
1595	0.4
1600	2.0796308737
1605	2.0439500365
1610	3.10354127725
1615	0.4
1620	1.52126421889
1625	3.51739614927
1630	0.835557032924
1635	1.00119328809
1640	1.79775252622
1645	1.02615459047
1650	1.77763416419
1655	2.40847169173
1660	0.861384582705
1665	8.68197676102
1670	0.4
1675	3.25520964847
1680	1.92119207751
1685	1.72262601284
1690	1.97696204939
1695	0.4
1700	4.51358829588
1705	0.4
1710	3.70204250372
1715	0.4
1720	0.4
1725	1.35583337671
1730	3.44019466489
1735	3.04384530351
1740	0.4
1745	2.26530641311
1750	3.74283533123
1755	0.4
1760	1.08771639749
1765	1.65641806648
1770	2.36992141697
1775	0.4
1780	0.4
1785	8.0612529525
1790	1.42036494907
1795	0.602307228373
1800	0.4
1805	1.54647812238
1810	0.4
1815	1.99192594283
1820	0.4
1825	0.71288821308
1830	1.77622457931
1835	3.54121309828
1840	4.6545507493
1845	2.7006602323
1850	0.910113295464
1855	2.68935335583
1860	1.20195324909
1865	0.4
1870	0.4
1875	0.64331353503
1880	0.4
1885	2.82705719974
1890	1.58424717446
1895	0.4
1900	5.64364187669
1905	2.53894408512
1910	0.59794574432
1915	0.4
1920	1.63521824935
1925	0.4
1930	1.21098429068
1935	0.663858031415
1940	1.06114113722
1945	1.213471023
1950	0.4
1955	9.64371502517
1960	0.4
1965	0.4
1970	3.61605518411
1975	0.672569877379
1980	0.413347898105
