0	0.4
5	3.54770875255
10	1.92503439899
15	0.746116769393
20	1.05199198232
25	0.895759494219
30	0.541499004663
35	2.25930919506
40	0.4
45	6.76815094571
50	0.4
55	1.2843577496
60	1.86390357035
65	0.731217263257
70	0.4
75	0.517642884815
80	0.610813367684
85	3.5868086002
90	0.497571009336
95	2.6399939672
100	1.92213455537
105	0.4
110	0.785243848584
115	3.01551470261
120	3.37254213483
125	0.665345575557
130	0.723856561391
135	3.07124212599
140	2.33321899767
145	0.4
150	0.4
155	0.4
160	0.989510118818
165	1.44478753182
170	0.4
175	0.617904677812
180	2.29555570288
185	1.83208675846
190	0.4
195	4.05279699225
200	2.27990253318
205	0.4
210	0.687672539821
215	1.44100216477
220	6.3925270741
225	2.14248067355
230	0.4
235	1.58062136984
240	0.42559666077
245	0.916899306368
250	1.43625523627
255	0.4
260	1.11904268316
265	2.85781927307
270	3.9153456811
275	6.29575103647
280	1.25372452001
285	0.4
290	3.93157799195
295	3.8307837864
300	1.19334596181
305	1.3972459396
310	1.37197901199
315	2.48720279632
320	0.428522230237
325	4.30223322682
330	2.27582602938
335	1.91416274242
340	1.45741466208
345	0.972290285973
350	1.82833133047
355	0.960968488874
360	0.4
365	2.16460701771
370	1.11686422437
375	0.61663483808
380	0.636981437482
385	0.4
390	1.39739330834
395	2.47138171174
400	0.4
405	0.4
410	1.05104956781
415	1.61823813517
420	0.4
425	1.09146757105
430	3.00900270469
435	0.4
440	2.38995191258
445	1.99831936379
450	3.01985099784
455	0.580026846814
460	4.11376017574
465	1.58445935164
470	2.17259286704
475	2.83442241922
480	3.85296280643
485	4.23905013398
490	1.0548597902
495	3.34656701636
500	2.75515677973
505	0.4
510	5.42309640135
515	5.10427738804
520	8.67473822225
525	0.4
530	0.4
535	3.6769214001
540	4.0487226271
545	0.4
550	3.476309572
555	0.891904820334
560	2.08356628864
565	0.982426395594
570	3.7738490294
575	0.495016494382
580	0.4
585	1.42091939078
590	0.725159146875
595	7.40786566286
600	0.4
605	1.20634614882
610	2.792911893
615	0.496789730489
620	0.4
625	1.88052950803
630	1.73586858477
635	1.93810770727
640	1.07623056778
645	3.68747842699
650	3.38533097946
655	4.50918040276
660	0.648152010897
665	0.453775166923
670	2.62487305465
675	3.46201087869
680	3.2955925885
685	3.22184684344
690	0.4
695	0.4
700	0.4
705	1.09712170042
710	3.82334750699
715	1.9696109693
720	0.4
725	2.20411649201
730	1.62555962655
735	0.9662000359
740	1.8123451916
745	15.9354001674
750	1.67946413295
755	0.4
760	0.59811119993
765	1.93187682073
770	2.45217224627
775	3.31382655317
780	1.79576775633
785	4.59483965807
790	2.48075075418
795	4.47379439252
800	0.4
805	0.505280842994
810	3.93015488484
815	2.41326625279
820	5.01433028292
825	2.02808557569
830	2.52384461568
835	0.4
840	4.04089053066
845	1.58188985432
850	0.4
855	0.4
860	0.4
865	0.426042800117
870	0.4
875	0.416496120157
880	0.4
885	0.473340999735
890	0.4
895	2.36166239446
900	0.995497851079
905	0.744183216254
910	0.4
915	1.33820320744
920	1.09398748527
925	0.454807822792
930	2.27752079849
935	1.90348084901
940	0.4
945	0.418894483781
950	3.13072954754
955	0.850919827738
960	0.823665842603
965	2.67907749165
970	2.63277142325
975	1.05579118949
980	0.978737695578
985	1.94371004462
990	1.14143708834
995	0.837395806146
1000	0.4
1005	3.2553133261
1010	1.12462793218
1015	0.660498109719
1020	1.52472214739
1025	1.37569477966
1030	0.548885705408
1035	0.525945706378
1040	5.13045559466
1045	0.4
1050	0.567559886023
1055	1.74258353072
1060	3.22213877928
1065	5.02325127195
1070	1.84301941234
1075	1.47291205401
1080	0.636958208793
1085	0.4
1090	3.14920267098
1095	0.4
1100	5.79440217117
1105	0.906681272377
1110	0.664879141627
1115	0.4
1120	2.39318763618
1125	1.06325174443
1130	7.80455938775
1135	2.27557712784
1140	1.57239041492
1145	2.85430313046
1150	2.13696841437
1155	0.9409749116
1160	2.36745666713
1165	2.16184349721
1170	1.10988950014
1175	0.4
1180	1.82174624041
1185	2.73406536
1190	1.66808058163
1195	1.49779641506
1200	1.8582965929
1205	2.47632764813
1210	0.42499738243
1215	1.52734978364
1220	0.593667751467
1225	0.4
1230	0.476821947171
1235	4.3561516936
1240	0.947279621747
1245	0.4
1250	1.02737723875
1255	7.19521060597
1260	1.24678066956
1265	4.93771950919
1270	0.404174820011
1275	0.954575955427
1280	2.72756058396
1285	1.45709926648
1290	1.92867211418
1295	2.36622256838
1300	2.17753312875
1305	0.403211258775
1310	2.16564256752
1315	0.707055517676
1320	0.560929364878
1325	3.74303237849
1330	2.25104862365
1335	0.4
1340	0.723687996938
1345	1.07013001424
1350	2.42281673841
1355	0.541122522569
1360	2.31948803819
1365	2.45865944369
1370	0.995928491661
1375	1.17614197317
1380	5.51211506213
1385	0.4
1390	0.713606967496
1395	0.4
1400	3.49958770085
1405	0.4
1410	1.11614203129
1415	0.426241378599
1420	0.4
1425	2.55475975421
1430	1.24193216508
1435	0.4
1440	1.60150244947
1445	0.703423820747
1450	0.718522778959
1455	1.69328708329
1460	0.4
1465	3.15995701938
1470	0.4
1475	0.503650074673
1480	0.4
1485	0.48251165886
1490	0.857269541934
1495	0.787521658397
1500	1.76869284461
1505	0.661044602022
1510	3.37723065284
1515	2.98309746087
1520	0.4
1525	0.528907126117
1530	1.27361963777
1535	0.4
1540	5.63192830487
1545	1.00698574125
1550	0.920181452933
1555	0.4
1560	1.38993537869
1565	0.937745489119
1570	0.529059609428
1575	0.96305245689
1580	0.4
1585	0.4
1590	0.4
1595	1.19019797814
1600	5.89144310166
1605	1.11601363594
1610	0.533359717058
1615	1.65079960558
1620	2.05236162057
1625	1.0521647397
1630	4.37396493756
1635	1.29024303149
1640	1.16096815115
