0	0.4
5	1.49596531392
10	4.67591922555
15	0.4
20	3.89127002924
25	0.575713209099
30	0.4
35	6.80925021976
40	0.4
45	1.59842261993
50	0.447125560155
55	0.889054707929
60	0.4
65	2.0590273497
70	0.625437615375
75	0.4
80	0.4
85	0.62001228814
90	0.778136995465
95	1.89709892647
100	2.53533484527
105	1.42249350337
110	0.4
115	0.4
120	0.922550350604
125	0.582045946251
130	0.4
135	2.35457906557
140	1.99951424201
145	0.4
150	0.4
155	3.68436084456
160	0.624275881093
165	0.4
170	0.700739479757
175	1.59337078852
180	0.4
185	0.403229009455
190	1.25413763111
195	0.7474617241
200	2.76963142866
205	1.25795289486
210	1.17705189041
215	1.81812709154
220	0.4
225	0.4
230	1.83026324919
235	0.4
240	1.16715769821
245	0.4
250	0.647840490206
255	3.68817947216
260	3.13551565025
265	1.75058450832
270	2.52416508783
275	1.40787318303
280	0.4
285	1.41418379972
290	0.668775075349
295	0.547874744644
300	1.49169232309
305	0.4
310	0.836467914078
315	0.928161935492
320	0.820571568911
325	1.13191486197
330	2.66371853478
335	1.04196927995
340	0.568152988432
345	0.4
350	0.807935799218
355	0.4
360	1.44529093643
365	0.4
370	0.425556788243
375	1.7383134436
380	4.25046316085
385	1.43011579311
390	1.42470664224
395	1.07890787488
400	2.21528458701
405	1.5430892171
410	1.62887276088
415	2.27557717099
420	3.66631096827
425	2.25079050006
430	0.80238851424
435	4.96459007364
440	0.4
445	2.75054531723
450	3.18772024112
455	0.616269650803
460	0.4
465	0.636129437093
470	1.79870728844
475	0.4
480	0.4
485	0.435461159088
490	1.0843831415
495	4.17130838852
500	0.4
505	0.4
510	2.68228667871
515	4.05033498291
520	4.22100311838
525	1.08256179931
530	0.4
535	0.4
540	1.52414015486
545	3.03141503503
550	3.28421328728
555	1.38533070089
560	3.30966073626
565	0.4
570	0.4
575	0.939070733641
580	1.49310878347
585	4.103596277
590	0.4
595	1.17975818055
600	0.4
605	0.4
610	0.636787459257
615	1.01785274083
620	0.419975466462
625	0.929305187395
630	0.4
635	0.4
640	0.552051926291
645	0.4
650	0.4
655	0.765946209887
660	7.74664422368
665	0.4
670	0.997143412076
675	2.61041947763
680	0.907008576321
685	0.974229756547
690	0.717319678953
695	0.483182157779
700	0.720720266378
705	0.4
710	1.53503188207
715	1.0072614428
720	4.35423910863
725	1.08247901605
730	1.59089967266
735	2.43614145498
740	1.89533898269
745	0.775269545358
750	0.478839881699
755	1.3710828059
760	0.923230945018
765	1.37156823226
770	0.803748212196
775	0.4
780	4.05128165486
785	0.4
790	1.56269912971
795	0.4
800	1.70872631885
805	0.62401206005
810	0.817446023149
815	4.41054518141
820	6.65675587151
825	0.4
830	0.4
835	1.82443107171
840	0.4
845	0.602318533529
850	0.408500483578
855	0.4
860	0.585327432011
865	0.4
870	0.4
875	0.708211688314
880	1.53015286722
885	3.53162067069
890	1.35966326505
895	0.467693984416
900	0.436421316097
905	0.829878261679
910	1.54768525724
915	0.470124134107
920	0.4
925	0.523313969848
930	0.4
935	0.775248279796
940	1.15778906965
945	0.580118751612
950	0.4
955	1.0342813596
960	0.981552576205
965	0.4
970	0.73940267351
975	0.4
980	3.79457394339
985	2.8278940844
990	1.12287158202
995	1.84239380897
1000	0.465741143757
1005	0.4
1010	0.636018217139
1015	0.4
1020	0.4
1025	0.780597070744
1030	0.866019125264
1035	0.4
1040	0.4
1045	0.4
1050	0.4
1055	0.4
1060	0.4
1065	1.864949975
1070	0.4
1075	1.56128382691
1080	0.454141441926
1085	2.83610942497
1090	1.1151213391
1095	0.4
1100	0.4
1105	0.897218588597
1110	0.548689720862
1115	2.44685556723
1120	0.508028786551
1125	3.35378339688
1130	2.10497424755
1135	1.65535187865
1140	1.14120402322
1145	0.4
1150	3.05888539351
1155	0.918125152975
1160	1.35347704143
1165	1.31833313233
1170	0.567354231606
1175	0.4
1180	0.4
1185	0.4
1190	2.91640063424
1195	0.784674705833
1200	10.7083976926
1205	0.52010895083
1210	0.4
1215	1.38897969182
1220	1.72248538256
1225	0.853949230725
1230	1.88536442359
1235	0.91616263443
1240	0.535259933676
1245	0.411465710475
1250	0.4
1255	0.4
1260	0.890709150353
1265	0.4
1270	11.522928425
1275	1.21306648125
1280	0.4
1285	2.61609421164
1290	0.4
1295	0.4
1300	2.84436217594
1305	0.4
1310	4.56598050345
1315	0.793909419258
1320	1.67987137547
1325	0.840704538753
1330	0.7454921487
1335	0.450758250596
1340	0.859429943485
1345	0.4
1350	6.00877418107
1355	1.29394572532
1360	0.527331031739
1365	1.74960706398
1370	0.4
1375	2.04766733665
1380	2.65614824677
1385	0.4
1390	2.35556297587
1395	1.23929852742
1400	0.869186445631
1405	0.4
1410	0.460156773197
1415	2.59302427166
1420	1.79660231912
1425	0.656811910174
1430	2.32697280021
1435	1.49962693172
1440	0.842292888335
1445	2.23018601985
1450	0.4
1455	1.04483771511
1460	0.4
1465	1.47031896824
1470	0.678577425117
1475	0.552472124097
1480	0.4
1485	0.4
1490	2.91784089253
1495	1.56106053462
1500	3.94618264904
1505	0.859261270091
1510	1.76291020975
1515	0.4
1520	0.4
1525	0.4
1530	0.898289980106
1535	0.4
1540	2.67364858331
1545	0.4
1550	0.516111391172
1555	2.06367394845
1560	1.4656999325
1565	0.670473920072
1570	0.937663811045
1575	0.4
1580	0.4
1585	0.86045125312
1590	1.38759590455
1595	0.791533182143
1600	0.4
1605	1.54095222762
1610	0.4
1615	0.4
1620	2.62563944902
