0	0.4
5	0.4
10	0.4
15	0.468940994321
20	0.4
25	0.4
30	0.4
35	1.13978763975
40	0.476236139636
45	0.4
50	0.917586973632
55	0.4
60	0.4
65	0.4
70	1.13100967778
75	0.4
80	0.717559565015
85	0.4
90	0.4
95	0.4
100	0.4
105	0.4
110	0.4
115	0.494186681023
120	0.4
125	0.4
130	0.4
135	0.4
140	0.4
145	0.4
150	0.423061257247
155	0.4
160	0.458569530338
165	0.4839083992
170	0.621093630495
175	0.4
180	0.4
185	0.4
190	0.4
195	0.890263823362
200	0.821123483739
205	0.4
210	0.4
215	0.700883067369
220	0.4
225	0.508563934455
230	0.4
235	0.4
240	0.446649667895
245	0.4
250	0.4
255	0.4
260	0.702572202205
265	0.4
270	0.416530027712
275	0.566443937726
280	0.4
285	0.4
290	1.93968983306
295	0.4
300	1.06560936428
305	0.4
310	0.618720584615
315	0.440023992573
320	0.4
325	0.4
330	0.681785933164
335	0.4
340	0.4
345	0.4
350	0.453741989866
355	0.4
360	0.4
365	0.919663085422
370	0.402963859503
375	0.486818097938
380	0.4
385	0.4
390	0.4
395	0.4
400	0.4
405	0.539089583973
410	0.432179727862
415	0.69820549207
420	0.4
425	0.4
430	0.444900886263
435	0.4
440	0.4
445	0.621525059838
450	0.4
455	0.4
460	1.69665345762
465	0.4
470	0.4
475	0.829241706783
480	0.4
485	0.4
490	0.85313464819
495	0.463590920384
500	0.4
505	0.4
510	0.4
515	0.4
520	0.4
525	0.4
530	0.4
535	0.4
540	0.483905252086
545	1.30477945931
550	0.4
555	0.4
560	0.4
565	0.4
570	0.4
575	0.4
580	0.649085514545
585	0.4
590	0.51093837515
595	0.926369971794
600	0.4
605	0.4
610	0.820004552663
615	0.4
620	0.4
625	0.4
630	0.4
635	1.3737301107
640	0.958434853705
645	1.51197565938
650	0.4
655	0.4
660	0.4
665	0.4
670	0.4
675	0.78150047376
680	0.62408139284
685	0.4
690	0.4
695	0.4
700	0.4
705	0.4
710	0.689604678613
715	0.497383162943
720	0.4
725	0.4
730	0.542673787597
735	0.4
740	0.4
745	0.4
750	0.4
755	0.4
760	0.4
765	0.4
770	0.402846360504
775	0.419360507536
780	0.4
785	0.4
790	0.505897276683
795	0.4
800	0.4
805	0.4
810	0.849881547806
815	0.543841838267
820	0.556180355062
825	0.583844254259
830	0.4
835	0.980298613417
840	0.553080258189
845	0.680231635055
850	0.4
855	0.671829857835
860	0.4
865	0.4
870	0.4
875	0.4
880	0.4
885	0.4
890	0.4
895	0.4
900	0.4
905	1.01225805962
910	0.4
915	0.4
920	0.4
925	0.4
930	0.4
935	0.4
940	0.4
945	0.554057205564
950	0.4
955	1.36248467835
960	0.4
965	0.4
970	0.977280275203
975	0.4
980	0.427545421535
985	0.4
990	0.4
995	0.4
1000	0.4
1005	0.446563678199
1010	0.631114904253
1015	0.4
1020	0.886287787123
1025	0.4
1030	0.4
1035	0.455421453976
1040	0.652487947433
1045	0.485071508814
1050	0.479444006226
1055	0.4
1060	0.4
1065	0.4
1070	0.493231169758
1075	0.4
1080	0.663021091255
1085	0.4
1090	0.4
1095	0.4
1100	0.4
1105	0.4
1110	0.420710383363
1115	0.4
1120	0.4
1125	0.4
1130	0.4
1135	1.56646625912
1140	0.4
1145	0.4
1150	0.4
1155	0.4
1160	0.490044201229
1165	0.5184630444
1170	0.4
1175	0.835350802876
1180	0.4
1185	0.53928226351
1190	0.874362990527
1195	0.4
1200	0.4
1205	0.446914710448
1210	0.573728969997
1215	0.4
1220	0.4
1225	0.4
1230	0.4
1235	0.4
1240	0.4
1245	0.4
1250	0.738419860326
1255	0.4
1260	0.439198815017
1265	0.462835204653
1270	0.4
1275	0.780784464826
1280	0.423461731349
1285	0.4
1290	0.413481215357
1295	0.4
1300	0.577810910177
1305	0.4
1310	0.758844300642
1315	0.4
1320	0.428200758229
1325	0.45458654129
1330	0.789154802582
1335	0.491625343648
1340	0.4
1345	0.4
1350	0.4
1355	1.05535177445
1360	0.992189076284
1365	0.4
1370	0.4
1375	0.452687268625
1380	0.4
1385	0.4
1390	0.4
1395	0.4
1400	0.4
1405	0.4
1410	0.4
1415	0.4
1420	0.4
1425	0.4
1430	0.4
1435	0.4
1440	0.4
1445	0.4
1450	0.4
1455	0.4
1460	0.899084360855
1465	0.4
1470	0.4
1475	0.4
1480	0.4
1485	0.4
1490	0.4
1495	0.4
1500	0.4
1505	0.4
1510	0.4
1515	0.4
1520	0.4
1525	0.517128091793
1530	0.887991612107
1535	0.4
1540	0.4
1545	0.4
1550	0.4
1555	0.4
1560	1.45874396598
1565	0.4
1570	0.68737454253
1575	0.4
1580	0.498973232106
1585	0.936001609949
1590	0.417342790129
1595	0.4
