0	0.4
5	1.74014525543
10	0.4
15	0.801302910336
20	2.30494682938
25	0.4
30	0.894530548822
35	0.821508122298
40	0.791696161717
45	0.71661859392
50	0.597502255984
55	3.00055283518
60	3.32722013275
65	2.59161820251
70	0.970557067173
75	2.47880216904
80	1.52920907007
85	0.872028414178
90	2.1292391526
95	1.96163613592
100	0.4
105	0.733895343433
110	0.656375626246
115	1.24434518364
120	4.28190504813
125	1.12589706221
130	0.4
135	1.12816853479
140	2.33261327676
145	0.4
150	3.77151317221
155	1.53163600991
160	1.51680876865
165	2.38924018387
170	2.05187288669
175	3.64943532942
180	2.60188461557
185	1.70956904062
190	1.49153889452
195	4.83109470293
200	0.4
205	1.37909156607
210	0.4
215	0.448369655798
220	0.726418429836
225	5.70766568517
230	2.23045335538
235	0.4
240	1.47967698231
245	2.7050235109
250	0.4
255	1.28569059798
260	1.9872918564
265	1.64690144925
270	0.4
275	0.453357755731
280	4.00089910812
285	1.63160287721
290	2.16965936811
295	3.34060277733
300	0.758384717367
305	1.70158029551
310	0.4
315	2.8146541091
320	0.505373766501
325	0.4
330	0.4
335	0.4
340	2.90679485433
345	0.4
350	1.17143598745
355	1.37111445313
360	0.585516980074
365	0.4
370	0.4
375	0.4
380	2.06075504698
385	0.702598858255
390	2.72543424291
395	0.4
400	1.61235146388
405	1.02181405786
410	4.64061283063
415	0.4
420	0.4
425	2.91589652383
430	0.879323411561
435	2.39274934782
440	1.34871030708
445	1.30165915405
450	0.940573400991
455	0.501437864394
460	0.826517208782
465	0.4
470	0.69057734313
475	0.4
480	0.842587319186
485	0.72460518665
490	3.154887263
495	0.87122319077
500	0.4
505	0.4
510	0.4
515	0.903582180028
520	0.4
525	0.4
530	3.09167139624
535	0.405223148136
540	0.660574589415
545	0.423544802783
550	0.4
555	0.4
560	0.4
565	0.404003824333
570	2.39912518013
575	0.966686697461
580	2.67834587504
585	1.52187227732
590	1.53912526162
595	1.70608168196
600	0.4
605	2.51307536236
610	0.4
615	1.52671503485
620	1.54806451549
625	0.47553875385
630	0.570117218104
635	2.63783938859
640	0.679572608587
645	0.626203801052
650	0.4
655	0.664688810202
660	2.68902648115
665	0.944923827744
670	0.431708697041
675	0.4
680	0.4
685	0.71417871786
690	0.918303052777
695	0.899945932168
700	0.430460055684
705	0.851065088919
710	4.19190753359
715	1.584540312
720	0.853690133242
725	0.746136133426
730	0.550422909368
735	0.4
740	2.78458989991
745	0.888737530376
750	0.667978660946
755	0.461799075186
760	0.4
765	2.41746513921
770	0.4
775	0.4
780	6.87142792277
785	0.4
790	1.5132432309
795	3.41298085195
800	0.4
805	2.65832887063
810	2.32148337693
815	1.74086789942
820	2.07512658411
825	0.703269166804
830	0.4
835	0.638586798613
840	0.526945951943
845	2.35335336057
850	0.4
855	0.749986037352
860	2.09538584435
865	4.2931081463
870	0.665435874645
875	2.62384535566
880	4.26392681798
885	7.25415224656
890	1.00765200303
895	1.39799519974
900	2.58657946304
905	1.14422879934
910	0.424149448981
915	3.1925044965
920	0.4
925	1.32158757477
930	2.62146556117
935	0.4
940	2.55815012739
945	0.507714382582
950	0.4
955	0.925004657538
960	1.39422111555
965	0.4
970	1.31475548213
975	2.37800345824
980	4.96857755775
985	0.570610290108
990	0.4
995	0.404357244613
1000	0.4
1005	1.72777006697
1010	0.451071213176
1015	0.4
1020	4.29240050232
1025	1.04069408598
1030	0.4
1035	0.899970043816
1040	0.638042106162
1045	1.45750103621
1050	0.4
1055	1.13047129247
1060	0.4
1065	0.873946415261
1070	0.796794499075
1075	0.4
1080	0.4
1085	2.2140693124
1090	1.17503933066
1095	1.24757712515
1100	0.916292394538
1105	0.505896120741
1110	4.38970331771
1115	0.4
1120	1.12219968228
1125	1.31731254804
1130	1.81107657344
1135	0.4
1140	1.86669185643
1145	1.33252833699
1150	0.4
1155	2.96060360423
1160	1.37863275557
1165	0.4
1170	0.873361453148
1175	1.64275950299
1180	0.4
1185	1.21357571691
1190	0.4
1195	0.4
1200	1.66750654867
1205	0.531363727966
1210	1.20391837913
1215	2.86846235912
1220	1.79803029188
1225	2.08367694902
1230	0.602842487927
1235	1.25389335098
1240	2.35767732137
1245	1.79705802738
1250	2.91765405678
1255	0.995910281342
1260	1.39952112886
1265	0.98476204932
1270	0.792784379523
1275	3.35638658596
1280	1.77503072202
1285	0.685633704397
1290	0.705579057254
1295	0.4
1300	0.4
1305	1.29560586139
1310	0.644743629024
1315	0.863688520941
1320	0.4
1325	0.712727450404
1330	0.4
1335	2.50716802956
1340	1.65532561013
1345	0.823807861265
1350	1.29524943862
1355	3.62013485977
1360	1.54823365311
1365	0.4
1370	0.872938577667
1375	0.839578995682
1380	0.4
1385	1.45975247187
1390	0.562561926482
1395	1.58184269573
1400	0.4
1405	0.954791799046
1410	0.4
1415	0.481763325656
1420	1.64709575911
1425	6.63182839573
1430	2.29366487984
1435	0.4
1440	1.77848050406
1445	1.19091446073
1450	0.429635032485
1455	1.12257935513
1460	1.62217162625
1465	0.597912883884
1470	0.789908946676
1475	1.15808785229
1480	0.4
1485	2.04501657967
1490	0.68950149749
1495	1.05099704536
1500	2.80688370659
1505	3.16323511234
1510	1.69262178406
1515	0.617904648843
1520	0.4
1525	0.4
1530	0.907830613209
1535	0.905636687298
1540	0.4
1545	1.33295164083
1550	0.4
1555	0.4
1560	0.700780943446
1565	1.22803132667
1570	0.4
1575	1.53950944598
1580	2.27036275805
1585	0.740433490013
1590	1.17187904335
1595	0.437187926995
1600	1.18101276106
1605	1.3751777783
1610	1.27376682822
1615	2.58584873635
1620	3.21935628377
1625	0.602601390806
1630	0.520808458284
1635	2.55418727715
1640	1.5284015206
1645	0.4
1650	1.67267139878
1655	0.4
1660	0.830980762796
1665	0.4
1670	0.4
1675	0.620477014562
1680	0.4
1685	1.01745392689
1690	0.4
1695	1.83737086491
1700	1.25906817626
1705	0.864966171166
1710	1.44306241316
1715	1.52293941842
1720	0.873268910903
1725	0.919706244399
1730	0.608661607236
1735	0.878824949319
1740	2.27211793423
1745	0.4
1750	0.4
1755	0.4
1760	4.57881548616
1765	0.811312963884
1770	0.593324843766
1775	0.4
1780	0.4
1785	0.851890504371
1790	1.38682143489
1795	0.950475778873
1800	0.4
1805	0.882340921356
1810	3.54198486566
1815	0.920650694155
1820	1.22354207388
1825	1.31915642445
1830	1.83871023285
1835	1.159105355
1840	2.39102328646
1845	0.961357314758
1850	1.20544088229
1855	1.79108709167
1860	0.98906338197
1865	0.791381188968
