0	1.10830939218
5	1.76540550501
10	0.58764279507
15	1.69713192902
20	1.2649217206
25	1.48792928271
30	0.44052063209
35	1.6821732078
40	1.60661409688
45	0.4
50	4.18823861838
55	7.8150622581
60	4.70736837885
65	1.6603366747
70	6.38514286265
75	3.22645205789
80	0.922482472165
85	1.90785069242
90	0.860501909335
95	3.18597707782
100	1.45602865295
105	0.580943938832
110	4.07676158566
115	2.13404037541
120	2.45847951218
125	1.28945546467
130	0.515747886116
135	1.77457906833
140	2.94870207114
145	0.461111067293
150	0.4
155	6.79665561409
160	0.464648628092
165	0.4
170	0.4
175	0.4
180	1.34029504038
185	1.39451404259
190	0.4
195	1.40603196581
200	2.52461445664
205	0.628658934683
210	4.55610366844
215	0.4
220	0.4
225	15.2790610555
230	1.57037873882
235	0.878597698165
240	0.563712090801
245	10.0138062607
250	1.08904626241
255	5.69113127141
260	0.427348463758
265	5.18842322244
270	2.09147204348
275	7.2099695039
280	1.10834484591
285	0.411377767382
290	0.4
295	0.4
300	2.46738964846
305	4.43568026429
310	5.351988372
315	0.444946491966
320	0.4
325	0.650779042597
330	1.51883649496
335	0.4
340	6.95516937726
345	2.16267405133
350	0.706838356433
355	1.08971707053
360	6.17312152864
365	3.31494744899
370	2.0923135497
375	6.66292238046
380	5.24146779431
385	3.44307292559
390	0.573497219909
395	0.4
400	2.04723304411
405	6.95855292487
410	3.05120623253
415	2.0087660656
420	3.08829402453
425	3.25533827298
430	0.4
435	1.92265296293
440	1.93265564439
445	0.4
450	3.55153374224
455	2.59579945924
460	1.32995005649
465	6.89604623098
470	0.96757664715
475	0.561798139085
480	2.43068309058
485	0.645956400162
490	1.17768137818
495	10.2150680208
500	0.403791405447
505	5.56977643839
510	2.67549742438
515	0.4
520	2.56068905807
525	5.52599138605
530	1.71037553955
535	0.820742479568
540	2.78725247014
545	2.15040446232
550	2.97330446608
555	0.4
560	0.568876592378
565	10.4137289526
570	0.672211103998
575	0.4
580	3.41046291768
585	1.04982866654
590	3.53842643145
595	0.4
600	0.685979324482
605	1.70681845697
610	2.55791858221
615	5.07580542128
620	1.6566152503
625	2.62018361458
630	5.22233118612
635	2.82002102405
640	1.36342460748
645	0.4
650	6.04057778746
655	3.8054993359
660	0.511235191152
665	1.4180871091
670	7.13876886701
675	2.35105437845
680	7.95745141353
685	0.4
690	1.35505682592
695	0.677186287255
700	0.4
705	4.51330822304
710	11.0621705311
715	5.65919800558
720	0.41669126681
725	0.4
730	8.94109645893
735	1.57599222427
740	0.4
745	13.5444779381
750	2.06155077313
755	2.52764613166
760	0.850135837594
765	5.61604000254
770	0.4
775	9.14292375002
780	5.33330857005
785	0.451128037975
790	2.41096650792
795	2.70771378264
800	1.21381377132
805	0.721629332629
810	2.60869232386
815	5.61221954103
820	3.56726629978
825	2.3360085882
830	13.5547386554
835	1.65471275868
840	7.52813936804
845	1.40003933439
850	2.85202868649
855	4.03086398952
860	4.40079540035
865	0.4
870	0.804075979889
875	3.63347163953
880	1.47107181123
885	5.12117337212
890	3.46435032053
895	0.4
900	0.454830972716
905	2.16282413629
910	0.940868105523
915	1.18222720081
920	4.12123333322
925	1.28318529869
930	4.71847127566
935	5.91498920057
940	5.7684125155
945	10.2838221644
950	12.592030172
955	3.15380421327
960	6.81327012386
965	0.543984125561
970	6.87622232368
975	3.06583940616
980	3.00492356514
985	0.813180064436
990	1.65389915782
995	0.529258657497
1000	1.07223992912
1005	4.66618450207
1010	1.35657107256
1015	2.22638502176
1020	5.4516407337
1025	1.98150024446
1030	0.4
1035	2.52899445335
1040	2.91520243221
1045	1.70384664233
1050	7.04981464013
1055	0.4
1060	1.81162422269
1065	1.1420212554
1070	0.4
1075	2.3683102307
1080	3.17798450721
1085	1.0058632704
1090	4.86328834378
1095	3.02089176039
1100	2.17606483714
1105	5.79847618561
1110	4.30522826524
1115	1.8470437207
1120	2.38930932078
1125	5.37655795701
1130	0.691664299534
1135	4.16925102935
1140	5.27373260527
1145	0.4
1150	1.23132821395
1155	2.55540091258
1160	0.816492475945
1165	2.2789205247
1170	4.01429080645
1175	1.67500243221
1180	2.4223442356
1185	2.07192338512
1190	3.49574176775
1195	1.38466795901
1200	3.15270463272
1205	1.55182972166
1210	3.50417502762
1215	0.4
1220	4.69902335268
1225	1.83635556823
1230	1.62766019841
1235	5.69558300248
1240	6.64457472217
1245	1.51775648089
1250	0.960441052436
1255	1.01175198437
1260	3.61756911099
1265	0.51095248882
1270	5.12436019297
1275	3.20281548848
1280	0.4
1285	0.4
1290	7.66548376618
1295	1.43841982925
1300	2.02382892828
1305	0.4
1310	1.40987383995
1315	3.23912592194
1320	2.70476408769
1325	7.03525008256
1330	1.15520100009
1335	2.78101363998
1340	3.43587476089
1345	2.02385334809
1350	1.12722641625
1355	0.651103858699
1360	4.09941022291
1365	0.4
1370	0.516940462426
1375	2.59569745155
1380	0.4
1385	0.4
1390	6.94630243662
1395	1.96633890929
1400	2.20914243446
1405	0.4
1410	1.47741428597
1415	3.50800202942
1420	0.663303370128
1425	1.00872618316
1430	3.85709133447
1435	2.40925075736
1440	7.73816437963
1445	3.40967991879
1450	4.47652807769
1455	1.9559511556
1460	0.7834287352
1465	10.8266315128
1470	0.855464378519
1475	5.79662508689
1480	0.4
1485	0.4
1490	5.69682639947
1495	0.850165970309
1500	8.54504798768
1505	6.83668227517
1510	0.4
1515	3.2187440029
1520	0.811920657692
1525	3.33782308798
1530	2.40263502332
1535	7.56653550314
1540	1.27571295186
1545	1.56218844373
1550	8.13277660234
1555	2.1791023457
1560	8.08733126309
1565	2.35247519073
1570	0.97890076453
1575	1.26077212726
1580	4.23490349976
1585	3.46268725652
1590	7.26603153056
1595	0.494683287544
1600	4.90197636343
1605	4.62987129626
1610	3.74720200646
1615	2.33105944427
1620	4.3930787607
1625	0.421172128342
1630	3.71472265558
1635	4.57310144351
1640	0.867597593839
1645	0.4
1650	1.07266072297
1655	4.93478033229
1660	0.992942125548
1665	3.63657525752
1670	3.96902432052
1675	3.14313927427
1680	0.4
1685	3.07143345903
1690	3.72676177525
1695	1.5649586737
1700	3.47144179702
1705	1.6452547576
1710	4.14608586031
1715	4.34399551969
1720	1.34232384726
1725	0.886886474595
1730	0.4
1735	7.11750810292
1740	3.24011763061
1745	7.1887179277
1750	0.523364135033
1755	0.757348235869
1760	1.14910456517
1765	0.4
1770	0.4
1775	8.48953191148
1780	1.66363390523
1785	0.842667883075
1790	2.72270680512
1795	1.87430616173
1800	5.95172729314
1805	2.44853974462
1810	2.08510359418
1815	1.52207451564
1820	0.799197854318
1825	1.31004812651
1830	1.78341407741
1835	10.2058272577
1840	2.75166339451
1845	0.660044399871
1850	5.2683582423
1855	1.46860185236
1860	2.06122489647
1865	2.01943228404
1870	2.41403740438
1875	1.05513701908
1880	0.4
1885	4.05688329995
1890	2.25747686824
1895	5.13351044306
1900	6.0115038476
1905	2.55700505183
1910	1.71565843224
1915	0.650385334745
1920	3.61410225572
1925	0.4
1930	5.38876078854
1935	1.68219879999
1940	0.584017602919
1945	0.4
1950	0.447829953443
1955	0.4
1960	1.65787664735
1965	1.15635938382
