0	2.39536490134
5	0.857115451385
10	1.21845008221
15	7.61057243342
20	10.5335245317
25	11.8947361383
30	26.6077813814
35	2.78081939692
40	2.90993877384
45	4.43789444082
50	2.2269044805
55	2.43294521436
60	0.4
65	6.89260909256
70	4.56223848722
75	5.79919149378
80	9.63124091687
85	3.49521369034
90	17.3308913112
95	9.95462499552
100	1.20131931766
105	0.452587419966
110	2.63465837762
115	4.42686128116
120	5.45635243464
125	1.95934954611
130	2.50691733917
135	2.23722158007
140	2.62955627648
145	5.37990703158
150	2.57883086295
155	6.80879804592
160	2.57406102577
165	7.510368571
170	5.84333606604
175	1.54327325905
180	1.36423926146
185	8.36032109097
190	8.96186473305
195	13.9703322893
200	3.0895887304
205	12.0806039157
210	7.47811287117
215	7.24497620445
220	3.5588024881
225	4.61332287917
230	14.4954237357
235	18.8803572189
240	5.70517745588
245	5.05834026598
250	4.2407212717
255	4.24013726837
260	5.70443282607
265	4.82731206262
270	2.72544903497
275	6.93302522788
280	2.48661805115
285	0.4
290	2.76277957224
295	43.8071551382
300	2.30481555542
305	12.0354416475
310	2.84146537109
315	4.28783690192
320	1.62266695947
325	1.47447294124
330	12.9194062648
335	5.42378513361
340	1.40261246524
345	6.24976149007
350	9.70348111283
355	4.15582601486
360	12.9598557404
365	2.05920287507
370	6.49027391095
375	6.17367832662
380	1.75698070689
385	2.5332885672
390	6.48511786503
395	5.35820751221
400	2.75331902256
405	0.595704861103
410	6.83398534473
415	1.65381379137
420	14.146000281
425	0.942502619936
430	3.10075008523
435	1.13637988948
440	0.410927390977
445	2.51929855332
450	4.00080656812
455	5.4626145821
460	3.92237672738
465	8.16212417787
470	1.59479449423
475	17.7363122745
480	2.12667289129
485	19.7739677637
490	0.4
495	9.07961339787
500	7.05999394241
505	6.54137184833
510	1.22950206409
515	5.12883925818
520	6.26764252164
525	6.47954125009
530	2.67434094629
535	1.19872320304
540	2.56722457508
545	0.934379024429
550	12.8914350896
555	2.16376189649
560	0.989168500753
565	2.7318607729
570	2.95612982911
575	0.4
580	16.6623919915
585	1.8995917436
590	18.1529396204
595	4.90286547122
600	0.486908410298
605	2.18686359996
610	6.03851241672
615	2.97528109793
620	2.87673731695
625	1.39207228561
630	2.68511978291
635	0.4
640	2.66362737748
645	7.17008380856
650	4.39388033655
655	3.30887080181
660	10.7527403994
665	4.50414689088
670	2.91931859023
675	1.50420923839
680	1.93442206403
685	0.4
690	1.09644896651
695	1.22430355678
700	7.63306471636
705	4.38622710443
710	2.25064056964
715	3.61595083298
720	0.4
725	1.87102844009
730	0.834366061819
735	0.604882984108
740	0.826545445723
745	8.75297023457
750	12.3682943496
755	9.31639546088
760	10.3096739473
765	7.29517724039
770	5.73928766217
775	4.91394687058
780	0.45963078861
785	9.51753289089
790	0.728181018777
795	5.13311515304
800	3.89401181907
805	2.21835955906
810	5.27227707463
815	6.03728228389
820	0.569525682068
825	5.91916027146
830	0.513413002287
835	9.25815480057
840	6.82254101012
845	2.7621143796
850	17.0479471654
855	13.8073908377
860	2.96589817206
865	4.57494500184
870	10.0934868943
875	2.86617052165
880	4.31078744684
885	0.4
890	0.4
895	12.809536017
900	2.8081457421
905	5.08060620879
910	14.7408449269
915	1.74606700715
920	39.3864430673
925	1.46012942875
930	1.4224333642
935	4.12736806169
940	11.3439845277
945	18.7090116414
950	2.74558088179
955	1.77072189224
960	0.960403356957
965	1.76003717864
970	14.3093758695
975	6.31223914598
980	0.674031127054
985	4.67235995823
990	1.08199275395
995	13.545801868
1000	13.6543892359
1005	8.27059479841
1010	0.844538024842
1015	4.63138614607
1020	19.6420633689
1025	2.67583865561
1030	7.92480056778
1035	17.3181260703
1040	7.17911352952
1045	5.08483901686
1050	1.24804260699
1055	9.45082913777
1060	2.65496090353
1065	6.99903743746
1070	2.87970007753
1075	0.4
1080	2.83660282781
1085	4.23976592615
1090	7.15587659028
1095	2.55401182976
1100	0.980686926151
1105	17.1394744703
1110	7.737162373
1115	6.03996395831
1120	0.774834149657
1125	3.91504424729
1130	3.52275777963
1135	9.79500961321
1140	1.98698290868
1145	1.18565209156
1150	2.09597977382
1155	2.78097879231
1160	0.4
1165	3.02372548692
1170	3.45173684756
1175	5.3764988709
1180	6.71845451424
1185	0.795997042527
1190	0.6662380498
1195	1.25922571906
1200	4.5177408208
1205	13.5253668884
1210	0.613251049387
1215	10.5372736114
1220	0.4
1225	7.57746160482
1230	0.713241473285
1235	14.2887015752
1240	10.4724987747
1245	3.3821706465
1250	9.48745824811
1255	3.8639913884
1260	5.69324032753
1265	0.4
1270	8.49701758394
1275	10.0887360536
1280	0.684632478067
1285	8.64849856494
1290	1.27654026852
1295	3.02207146978
1300	4.61481039618
1305	2.83241965822
1310	2.53498500445
1315	0.987222839638
1320	0.4
1325	0.627126077525
1330	11.8535804864
1335	1.05962264128
1340	18.790228827
1345	9.55188576188
1350	1.5257910263
1355	5.7835699295
1360	0.879389595478
1365	1.29592125484
1370	2.00454165166
1375	3.37874805933
1380	4.98656885931
1385	1.82982885561
1390	0.4
1395	0.638566609715
1400	3.8133841755
1405	4.82339009484
1410	8.49618057179
1415	7.92212329894
1420	6.56080741572
1425	6.9595058935
1430	3.30002994955
1435	11.4321393204
1440	1.2653057041
1445	10.9299782204
1450	3.03465488782
1455	9.50712307208
1460	3.88696441335
1465	0.624016084888
1470	34.1499794983
1475	1.78226871408
1480	1.17125841037
1485	1.73541654452
1490	7.72758446242
1495	3.43996461401
1500	0.560024330264
1505	0.759014763009
1510	3.5689243147
1515	6.29123597368
1520	2.54563152996
1525	2.48831217521
1530	6.57316642818
1535	3.8424637385
1540	7.57174252429
1545	0.840933081957
1550	11.6040823649
1555	2.79353456987
1560	3.57300300126
1565	0.473805342157
1570	4.70749320184
1575	0.845055036488
1580	9.62545751632
1585	1.38113217529
1590	4.30982371648
1595	1.34011183194
1600	1.31491414939
1605	4.31258997472
1610	1.65069895127
1615	4.32755259011
1620	4.87775899897
1625	2.08983142297
1630	3.15997333713
1635	0.803116243159
1640	2.05818688801
1645	0.960277534309
1650	3.31368737974
1655	0.827515241132
1660	0.45967088071
1665	4.44237712118
1670	5.58798277083
1675	0.570266865137
1680	4.78138501282
1685	1.22264969511
1690	5.56358754041
1695	6.80405062515
