0	1.36471984518
5	1.55129500115
10	0.591210445981
15	5.39684116566
20	1.74493147246
25	0.4
30	3.02121272387
35	0.732432699863
40	3.04640333156
45	2.27413808111
50	17.6711287065
55	1.05757616434
60	0.764258925956
65	0.4
70	0.4
75	1.9831333058
80	8.07276080354
85	1.09481462343
90	1.89455113382
95	0.4
100	0.4
105	1.10934365707
110	1.47852082656
115	4.13574100586
120	1.07702751562
125	2.01126128706
130	5.73387568073
135	1.23759354438
140	0.503445463813
145	1.63897803406
150	2.76079331818
155	2.24048297818
160	0.577920124752
165	4.30642799329
170	0.607263839162
175	14.6875220342
180	3.69647639574
185	8.58885441443
190	0.4
195	1.58495998053
200	2.75840208105
205	2.03133968463
210	2.07348294162
215	1.30990222061
220	3.36670280728
225	1.97038540026
230	2.31712682053
235	7.51777922426
240	0.58167724771
245	1.27859048593
250	0.4
255	0.4
260	1.51251213851
265	1.93765483296
270	9.21699774038
275	4.36530985533
280	0.4
285	0.962017793
290	1.27703007749
295	8.814153143
300	0.4
305	3.59007455507
310	0.4
315	0.402275355497
320	10.4365562341
325	1.06645850394
330	0.4
335	3.39408040888
340	2.84641884153
345	0.4
350	2.18780974867
355	4.57678969993
360	2.7403561158
365	1.33838215643
370	0.4
375	0.676075577811
380	0.4
385	7.36569747487
390	12.2319504021
395	5.01477185437
400	2.38029919132
405	4.38905361748
410	9.89843369481
415	1.06071861058
420	1.16711416289
425	0.4
430	5.77843490919
435	0.4
440	4.29872762521
445	1.28554605222
450	0.43178118874
455	0.574536138212
460	9.98387282636
465	0.4
470	3.0187356535
475	1.12885041964
480	2.39506214631
485	0.830588600935
490	1.07695004022
495	1.53695437867
500	2.91311120587
505	9.67548203577
510	1.36703387795
515	3.5514689925
520	5.92732643861
525	0.447632938984
530	1.30089288126
535	2.66544271586
540	2.6630787402
545	0.999541641865
550	2.87921005277
555	2.00424618254
560	1.10781774426
565	2.57673621608
570	2.21367628306
575	1.49026039426
580	5.83543221941
585	5.41542886174
590	1.85307967918
595	6.61581488194
600	1.63343871159
605	4.6847304782
610	1.15492196632
615	0.4
620	1.28453343955
625	0.4
630	0.417611604113
635	3.47027431551
640	0.4
645	0.911498901836
650	0.510142112682
655	1.62992033583
660	0.4
665	0.4
670	1.84511429792
675	0.889918230845
680	0.4
685	3.12219932394
690	10.3926692848
695	1.68089985635
700	2.62121498603
705	4.52103324466
710	1.10452127007
715	1.46743053213
720	1.76706901905
725	0.826966455071
730	4.71378111621
735	0.421199078026
740	5.00098151525
745	2.92731542404
750	0.4
755	0.607579452243
760	1.01374076212
765	2.44458000494
770	6.14048311042
775	3.00350793794
780	2.1470377885
785	5.06504369791
790	2.54090639413
795	0.4
800	1.74087041376
805	1.1188821276
810	0.4
815	5.15504874112
820	0.668223849693
825	1.91377398557
830	2.57592377553
835	2.59538081425
840	7.44965392847
845	2.27353803405
850	2.18544987055
855	0.4
860	4.34690366653
865	4.44738501429
870	1.80135774149
875	4.87408328476
880	0.4
885	4.5485550804
890	0.557745123374
895	13.1413372599
900	2.27793695668
905	2.45560307977
910	0.4
915	17.7309154933
920	0.4
925	13.7421933175
930	0.4
935	4.34964542662
940	2.5913327216
945	0.90828462408
950	0.692673994346
955	1.26661022284
960	4.07479344983
965	2.68491662035
970	0.826911903183
975	5.29841304913
980	1.69351290072
985	2.06953636878
990	4.27858493476
995	1.66396497594
1000	2.39516067629
1005	4.43324010329
1010	0.4
1015	1.33273863406
1020	3.98437287295
1025	0.4
1030	9.50258828182
1035	0.626764743627
1040	3.42014298988
1045	0.4
1050	4.84387150399
1055	4.32112134298
1060	1.38259540616
1065	7.95289846869
1070	1.67537934428
1075	1.04998838834
1080	0.549275866441
1085	0.527776985596
1090	2.39139532981
1095	2.53282404011
1100	4.18974227238
1105	3.20004993886
1110	3.1149646475
1115	1.66856770775
1120	5.45915465053
1125	1.7619752593
1130	4.66418096077
1135	2.56069522444
1140	3.27179641416
1145	0.4
1150	5.18948667801
1155	1.02592675712
1160	0.4
1165	0.4
1170	0.618553510696
1175	4.53653891795
1180	1.83733040828
1185	2.90773936414
1190	7.4209914211
1195	6.55191945242
1200	4.20598720826
1205	0.89721153614
1210	0.989780939766
1215	1.78353420131
1220	5.01148919138
1225	0.4
1230	6.61172853181
1235	0.767320813082
1240	0.958419662859
1245	3.50245712261
1250	7.96359612448
1255	3.74830138667
1260	1.64087317194
1265	7.80486809928
1270	1.38336844294
1275	1.392994852
1280	3.03436920571
1285	8.00214903159
1290	9.02242176041
1295	0.4
1300	0.4
1305	1.52477341852
1310	3.8620283234
1315	3.59215377758
1320	0.4
1325	5.95657786396
1330	1.54166727713
1335	0.515067242347
1340	0.755790439942
1345	2.62639833494
1350	1.99149370295
1355	0.894794881702
1360	0.94266446283
1365	4.57306756238
1370	1.13116346885
1375	7.0131201974
1380	0.60692259363
1385	1.09786238757
1390	11.6514839518
1395	9.11826604399
1400	3.39345047166
1405	0.4
1410	0.4
1415	2.41894159986
1420	0.781029942729
1425	1.83512227783
1430	7.93323113105
1435	0.4
1440	0.483527656775
1445	2.6958577301
1450	3.68275289352
1455	3.38293121569
1460	0.659253697977
1465	3.60706692038
1470	0.521496693378
1475	2.1392818477
1480	0.94288102636
1485	3.77387864668
1490	3.10986808888
1495	1.83083296295
1500	4.18605228044
1505	2.39630433053
1510	2.18169443652
1515	4.75820122876
1520	1.03529576906
1525	6.96384224108
1530	1.35306400851
1535	1.44154329727
1540	5.28754389132
1545	8.12988536204
1550	3.58763540836
1555	6.12512097888
1560	4.75959417249
1565	3.78924040885
1570	2.83955663392
1575	2.45511721293
1580	0.506877891362
1585	0.4
1590	0.488304328398
