0	1.23987738433
5	2.51166111491
10	0.794469292882
15	2.56790649236
20	5.67530328282
25	3.38964034205
30	2.02734703535
35	0.450104767949
40	0.490899525892
45	0.4
50	5.49379581094
55	0.79281523597
60	2.9151207234
65	2.13609924312
70	1.73015424859
75	1.01242032646
80	2.19890326583
85	0.903435622058
90	0.419994067503
95	0.4
100	2.2266089052
105	9.72737146775
110	5.29986050492
115	0.4
120	1.75742213295
125	2.65985500085
130	6.4292347755
135	0.4
140	3.04481859463
145	1.51333264924
150	3.24874187489
155	0.804207816784
160	1.16100150771
165	4.05111321293
170	0.897192447182
175	0.4
180	2.13001011767
185	0.658912153199
190	2.07844034199
195	9.68790910569
200	1.21411818705
205	0.4
210	5.74307577591
215	0.40624349877
220	0.4
225	3.67369512236
230	1.8662588863
235	3.56964236268
240	0.44788058162
245	0.4
250	0.694748428928
255	3.61032908405
260	0.4
265	3.41048780164
270	2.53518611503
275	0.450703866391
280	2.55003364019
285	0.4
290	3.44931906551
295	0.580462005406
300	0.546087158253
305	0.4
310	1.27412427306
315	1.40504414252
320	2.64837700378
325	3.17523456254
330	0.648468040066
335	6.23446410943
340	9.09512470326
345	8.6468570133
350	1.11806553933
355	0.800156561819
360	1.14000793458
365	1.71059228416
370	0.686427184486
375	3.29653168317
380	2.08775479041
385	1.81647362853
390	1.67992434394
395	0.818254174636
400	2.7395406158
405	4.11193109337
410	9.48460271804
415	1.80359697843
420	3.28612543641
425	0.4
430	7.14916905586
435	1.63766416711
440	1.18517803599
445	1.05356509011
450	1.94135371813
455	12.259245776
460	0.894161704244
465	0.551334041821
470	7.13756529925
475	11.7014084421
480	4.10565531819
485	0.4
490	1.87084155242
495	0.760938569036
500	4.0525377394
505	2.26221122984
510	0.4
515	4.41289548143
520	0.4
525	0.4
530	0.609893895792
535	1.396888236
540	0.4
545	1.5946529057
550	2.32853724606
555	5.95293948554
560	1.784790027
565	13.7800214198
570	2.6965439616
575	4.69185532983
580	0.763774844684
585	1.73817862115
590	2.07809295086
595	1.38361696667
600	9.91946436039
605	2.16175540198
610	0.683718558366
615	1.46287989024
620	2.01511326519
625	4.32311115821
630	0.551593378633
635	0.4
640	0.4
645	1.27168785019
650	0.4
655	1.54007409811
660	0.465673392441
665	2.4233568787
670	0.4
675	2.04045068248
680	0.4
685	9.34757538982
690	0.4
695	1.55381362493
700	1.97652633685
705	1.21903190323
710	2.4242489492
715	0.619535826898
720	2.69720219589
725	1.04773161568
730	5.05278074615
735	3.06492915047
740	0.535889432434
745	0.4
750	0.865398242161
755	1.04956288472
760	0.572343129843
765	1.56422830385
770	0.754326235135
775	5.86255209677
780	6.72596221603
785	1.87262830106
790	2.44541599898
795	0.45564810764
800	1.76700658219
805	0.746684600593
810	0.4
815	2.75838904349
820	2.10613941921
825	1.29621679866
830	1.23134554154
835	1.77237408515
840	4.46774266611
845	0.4
850	5.23970492666
855	0.4
860	5.36253602356
865	2.36979427838
870	2.45454288392
875	0.4
880	4.0777549572
885	1.31561566173
890	7.97777179614
895	2.45276218006
900	0.4
905	4.07258398844
910	0.404700964382
915	1.19916115838
920	2.41187005863
925	1.28356616169
930	4.50381543074
935	7.53371124095
940	3.31704637481
945	1.1948978935
950	0.4
955	3.5406137926
960	1.65047885413
965	1.71627506653
970	5.33448179625
975	3.7152497821
980	2.51768423343
985	2.43186490759
990	2.38306640566
995	5.54517057575
1000	2.94338982973
1005	3.17748627702
1010	0.4
1015	12.1168147887
1020	2.05524890429
1025	1.30864662036
1030	0.4
1035	1.72229119649
1040	0.628536871943
1045	0.758530983371
1050	0.90780513533
1055	7.35583470279
1060	0.60280364021
1065	0.747947314271
1070	3.47973501398
1075	12.0389195249
1080	3.16995085252
1085	4.95836267611
1090	1.42997893871
1095	1.19273464586
1100	1.60262752908
1105	2.54088089896
1110	0.431471516351
1115	1.2258017266
1120	2.10896318105
1125	0.658100785708
1130	2.46088471433
1135	0.4
1140	4.01184508901
1145	6.23696155684
1150	0.4
1155	0.771290320944
1160	0.981913810828
1165	3.16359282878
1170	5.19552577849
1175	5.15804084942
1180	3.93205550034
1185	0.995003057463
1190	3.52709720397
1195	0.944177863966
1200	0.4
1205	0.5324636646
1210	1.07632514575
1215	0.829449607096
1220	2.62236998439
1225	3.10339681347
1230	3.5216968749
1235	2.15080199092
1240	4.57192511026
1245	3.47150332136
1250	2.90748375601
1255	2.67011544029
1260	4.24065732373
1265	7.88620962308
1270	0.4
1275	3.98883013866
1280	0.4
1285	5.30525595038
1290	1.08820403335
1295	0.507037185524
1300	0.429359143853
1305	0.4
1310	2.62762402806
1315	0.779667084726
1320	0.99838334728
1325	0.4
1330	2.72398551568
1335	2.0826674879
1340	1.80331739709
1345	0.8752411398
1350	10.7825469381
1355	0.427051783621
1360	0.749015357463
1365	0.785285511779
1370	6.61731003097
1375	4.90929364196
1380	0.4
1385	0.4
1390	8.16004044441
1395	3.65537201402
1400	4.53725912586
1405	3.07992444715
1410	8.26106011307
1415	0.4
1420	0.508232065754
1425	0.89862485284
1430	2.31410546489
1435	2.1660407963
1440	0.4
1445	0.4
1450	1.72971874901
1455	0.4
1460	0.4
1465	3.53634749448
1470	3.41835019711
1475	0.59608114556
1480	0.698362341566
1485	1.82202905247
1490	0.4
1495	0.4
1500	1.64954369121
1505	0.908924637383
1510	3.90136503848
