0	0.4
5	0.4
10	0.4
15	0.512488653264
20	1.09225809566
25	4.70425622439
30	30.8648996191
35	14.4728295508
40	4.91735963654
45	4.51096287743
50	4.36795054669
55	0.4
60	0.563566789807
65	6.96788629472
70	3.6337583265
75	7.1823558852
80	16.1638742717
85	7.1639145817
90	3.55858316776
95	0.4
100	1.88558513508
105	0.4
110	0.4
115	3.03832613976
120	5.98000953196
125	5.45024324131
130	0.4
135	1.97410538163
140	17.5218895423
145	0.4
150	0.4
155	2.92693413546
160	0.4
165	4.8196282964
170	14.2644717281
175	0.4
180	0.4
185	2.00125325747
190	1.36262835559
195	1.15224138891
200	5.6497832873
205	0.4
210	4.85412759409
215	8.08784567984
220	6.9144200083
225	13.0937666198
230	10.6433283617
235	2.08360681343
240	8.30138009044
245	12.4006679937
250	7.56089076464
255	2.56209715384
260	0.4
265	12.2980543719
270	3.65613092743
275	4.92024157435
280	5.02380727995
285	0.4
290	6.89943671197
295	9.42337062124
300	12.3207300649
305	14.0832768826
310	0.4
315	5.7135772384
320	0.4
325	7.097110851
330	11.5477254607
335	6.20867899842
340	4.5470368142
345	3.44391245453
350	10.2889885214
355	6.52403007515
360	0.4
365	0.4
370	0.4
375	0.4
380	8.04483951405
385	5.39928076295
390	3.09993273965
395	0.4
400	0.4
405	0.4
410	12.3485444743
415	5.3770556759
420	1.45454872184
425	0.4
430	2.85687498113
435	5.17823287665
440	0.4
445	3.99201104349
450	6.81906221351
455	11.2628182354
460	6.16013168718
465	0.4
470	4.53425595315
475	11.8877989306
480	3.28065701199
485	5.11450315283
490	3.39585571281
495	10.2232261739
500	1.14252506283
505	5.50558764266
510	0.4
515	0.4
520	5.81964471917
525	11.636163084
530	0.505552532035
535	6.40193005437
540	0.4
545	17.734324528
550	0.963480421274
555	0.4
560	5.2932796329
565	0.4
570	6.89056841639
575	4.550768548
580	0.4
585	6.69946965387
590	7.13604161575
595	9.2669849941
600	0.4
605	0.4
610	15.2021563098
615	5.88604084459
620	0.4
625	4.60588302479
630	2.94116039699
635	3.22812849378
640	8.04627942508
645	4.41597700313
650	0.4
655	4.10700663068
660	0.4
665	1.693549016
670	10.1099428228
675	3.39290461671
680	0.4
685	4.12179915857
690	0.4
695	7.63297950655
700	8.18057437867
705	5.08329555094
710	3.59307482526
715	9.32164447442
720	0.4
725	0.4
730	10.3546894482
735	0.4
740	11.2942338111
745	1.23408214344
750	11.9626667382
755	4.52142511204
760	2.17961737896
765	0.4
770	6.82337559604
775	2.05081282137
780	7.18989533357
785	0.4
790	7.99468377586
795	8.71470250278
800	2.53330458257
805	0.4
810	10.2701588874
815	5.97587892028
820	6.34731727819
825	0.4
830	0.4
835	0.4
840	11.3372652467
845	9.99113679311
850	6.97235648276
855	14.5458414609
860	0.4
865	8.97538080318
870	0.4
875	2.27818813162
880	1.34633312699
885	8.52539858001
890	0.4
895	8.21307524077
900	0.4
905	2.56945285979
910	11.3036698165
915	14.9604924446
920	1.52223491334
925	5.9575764968
930	0.4
935	5.51001854519
940	0.4
945	7.28418804063
950	7.89021963003
955	2.21050197177
960	8.38004928084
965	0.4
970	2.92122093123
975	4.99645760951
980	6.70483925666
985	1.89851277788
990	0.4
995	0.4
1000	3.04106406336
1005	17.587222815
1010	5.42547987354
1015	0.4
1020	7.88098315982
1025	3.21326066356
1030	3.97509206794
1035	9.8650207117
1040	0.408966778955
1045	5.79437864362
1050	5.62194133384
1055	8.70492338779
1060	7.75891571058
1065	2.49893321634
1070	8.46653648005
1075	9.29104551087
1080	0.4
1085	0.4
1090	13.4381328558
1095	5.32497706778
1100	6.41063327298
1105	6.40957456215
1110	11.356360689
1115	7.98817703721
1120	8.55815809644
1125	9.79591179519
1130	4.63775719486
1135	7.05059062346
1140	0.4
1145	6.54846553382
1150	8.24950258514
1155	7.57860885483
1160	1.03034030604
1165	0.4
1170	4.83706579687
1175	4.27743261663
1180	8.10956643969
1185	1.91777878245
1190	16.0715827453
1195	9.72367466658
1200	10.0111765615
1205	4.46448806233
1210	3.10280737127
1215	8.02044166061
1220	9.03790511071
1225	2.94109702681
1230	11.7451785016
1235	0.4
1240	10.0502904389
1245	9.95031586136
1250	0.4
1255	2.26235296656
1260	8.50094537073
1265	7.65897891367
1270	3.40325679132
1275	0.4
1280	0.4
1285	2.62299023571
1290	0.4
1295	6.13684297291
1300	8.81201933777
1305	6.11009921378
1310	3.72100262778
1315	0.4
1320	8.44883417299
1325	6.09217549667
1330	2.17305075559
1335	18.3625341682
1340	4.81763591299
1345	0.4
1350	7.09778462093
1355	2.86833406298
1360	6.66678689429
1365	5.34808810947
1370	4.02924267063
1375	9.85517190149
1380	11.5384042395
1385	11.9091809651
1390	0.4
1395	4.92199107966
1400	4.14410566948
1405	5.0380012167
1410	2.8092193618
1415	4.49082842358
1420	6.75306515113
1425	0.556573875591
1430	0.4
1435	0.4
1440	10.5280859394
1445	4.03260245735
1450	6.62726964545
1455	8.04838223156
1460	0.4
1465	1.38820763858
1470	1.8436232882
1475	0.651712531543
1480	1.71819913947
1485	6.76174751405
1490	4.28865942736
1495	5.51680932349
1500	0.4
1505	14.0062095181
1510	6.56845689162
1515	11.6641190499
1520	7.97408755512
1525	16.0957352451
1530	2.76605280339
1535	3.09354015508
1540	9.37276804769
1545	7.10857621111
1550	9.27301057612
1555	6.96671754011
1560	6.3299941065
1565	6.26446882523
1570	5.5539410493
1575	7.08607596189
1580	15.8598555301
1585	6.9845412871
1590	3.95480453397
1595	0.4
1600	6.34736171812
1605	4.41106671643
1610	2.79879062731
1615	1.80410195957
1620	4.68080245563
1625	13.0242381686
1630	10.9587609282
1635	0.4
1640	3.38344483012
1645	4.56051613871
1650	9.39075748078
1655	12.1537749557
1660	7.27023160932
1665	0.4
1670	0.4
1675	15.994473185
1680	2.13542232713
1685	1.64793999731
1690	4.26356483893
1695	0.749030869848
1700	6.05968283883
1705	7.63954849704
1710	5.57072419218
1715	7.26978115316
1720	0.4
1725	2.69220364947
1730	4.84575681771
1735	6.03396350701
1740	4.86122086923
1745	6.7971641349
1750	7.87953093046
1755	2.14500713313
1760	3.30264943906
1765	6.8874001713
1770	8.66728501474
1775	9.71538075652
1780	0.4
1785	0.687433830122
1790	9.51127112714
1795	1.43163953155
1800	8.97455587306
1805	5.78583295055
1810	14.9028594578
1815	4.90095566379
1820	0.4
1825	0.4
1830	7.9380862644
1835	3.89409507695
1840	4.34308700561
1845	0.78168851696
1850	4.54493924971
1855	8.0740554553
1860	1.14330594454
1865	1.54895005763
1870	3.76866266904
1875	3.81073054403
1880	2.47003438983
1885	1.00957967865
1890	0.4
1895	11.9131553182
1900	7.11494349298
1905	10.1933236462
1910	12.3013037757
1915	2.67975571836
1920	2.13014461418
1925	9.84969584194
1930	16.4421776168
1935	0.4
1940	1.83610259707
