0	1.18053239605
5	5.45298531483
10	0.4
15	1.8094742983
20	5.2567929747
25	8.99271942719
30	3.18203074255
35	0.4
40	0.4
45	2.44275494391
50	4.70293068609
55	0.4
60	1.52402661065
65	0.4
70	1.76473755177
75	0.4
80	0.4
85	1.67962565932
90	0.987686570863
95	4.65836942816
100	0.60552512159
105	0.4
110	2.77740681874
115	0.4
120	0.4
125	0.4
130	1.03613799658
135	3.35250463785
140	0.4
145	0.4
150	0.451521162356
155	0.4
160	2.53020585006
165	1.8122105661
170	1.252620902
175	0.4
180	0.4
185	3.32441833046
190	0.4
195	1.66521522592
200	1.51120943364
205	1.95582110828
210	5.41016252833
215	2.13404395745
220	1.31321734248
225	0.4
230	5.71380358666
235	2.58615071517
240	1.39658932919
245	1.46747817836
250	0.4
255	0.4
260	5.26142656454
265	0.4
270	3.93127318945
275	0.4
280	0.4
285	0.4
290	0.4
295	1.83836899881
300	5.31048918378
305	0.4
310	3.23053493687
315	1.32809143434
320	0.4
325	0.929765575422
330	0.602167268604
335	0.4
340	0.992562822952
345	1.23527746987
350	1.32744544735
355	5.05838519083
360	0.408540429521
365	2.25528985001
370	4.00558989696
375	0.4
380	4.15450074541
385	0.4
390	2.19153820136
395	0.4
400	6.10876469831
405	1.749154439
410	4.13900370867
415	0.4
420	1.71477967405
425	1.14365980245
430	2.536882799
435	0.4
440	0.4
445	0.4
450	0.4
455	7.32480043944
460	1.28863653407
465	0.595654845222
470	4.90024663229
475	0.4
480	0.4
485	2.35756151655
490	0.4
495	4.29705348248
500	0.752858731583
505	0.55354841298
510	0.4
515	0.4
520	0.4
525	0.656126687182
530	0.4
535	0.4
540	5.77184948656
545	3.925029773
550	4.52353465055
555	0.4
560	0.4
565	0.4
570	4.20630813519
575	0.4
580	2.89429729017
585	0.4
590	0.4
595	0.4
600	0.830360342303
605	0.4
610	5.72793224173
615	3.577417536
620	1.99174511963
625	0.4
630	2.00221542381
635	3.96665283278
640	1.24291849436
645	4.27382803743
650	0.4
655	3.06357275306
660	4.76534002594
665	3.83906902894
670	0.4
675	0.60255760351
680	2.17607103032
685	0.4
690	2.20339524727
695	0.4
700	0.740945162729
705	2.03320650552
710	5.11231782241
715	0.4
720	0.609747972274
725	3.01237561965
730	1.80847081555
735	5.26177143552
740	2.85099510388
745	3.92426782122
750	2.23640750621
755	1.93295691294
760	0.855058128277
765	3.85526166261
770	0.4
775	3.16577648511
780	4.3181370176
785	0.4
790	0.4
795	0.4
800	0.4
805	1.08763284086
810	0.999439959535
815	0.4
820	0.4
825	3.02844117202
830	0.4
835	0.4
840	4.12715046425
845	2.49661273115
850	0.4
855	0.4
860	0.4
865	1.24384904586
870	0.827518901625
875	0.4
880	1.56197787201
885	3.16648071129
890	1.92912593942
895	3.31252110713
900	2.84491133316
905	1.5744797549
910	2.42307687027
915	0.4
920	1.92268962433
925	0.666128546939
930	2.48225684606
935	0.4
940	0.4
945	3.61599374035
950	0.4
955	1.83670247443
960	0.4
965	0.562793370313
970	3.55528752723
975	2.32193560204
980	3.50781626961
985	0.4
990	1.17153550604
995	5.31132442602
1000	0.4
1005	2.88991906873
1010	0.4
1015	4.13055868207
1020	2.30380099999
1025	0.4
1030	0.4
1035	0.4
1040	0.4
1045	0.4
1050	0.4
1055	4.46422213265
1060	1.96457498358
1065	0.4
1070	1.80968498809
1075	0.684312561822
1080	0.4
1085	4.174367921
1090	1.04224527306
1095	0.4
1100	0.4
1105	4.21006200255
1110	1.85603577558
1115	0.4
1120	0.624446560807
1125	0.4
1130	5.4189842289
1135	2.83349949447
1140	5.0975332565
1145	0.692730906879
1150	1.43480996583
1155	0.4
1160	0.4
1165	0.4
1170	0.4
1175	0.47030655611
1180	0.4
1185	0.4
1190	0.650387471646
1195	0.921240876856
1200	0.4
1205	0.877437012761
1210	0.485737746574
1215	0.4
1220	1.85675518663
1225	3.41191052975
1230	0.4
1235	0.883077525494
1240	4.48183304697
1245	2.41930907511
1250	0.4
1255	1.20549031357
1260	0.4
1265	0.4
1270	4.07637167569
1275	0.4
1280	4.76919336864
1285	6.59971719161
1290	0.4
1295	4.65239813543
1300	0.4
1305	0.64731407007
1310	0.4
1315	9.44491408108
1320	9.3371948475
1325	0.4
1330	0.4
1335	0.4
1340	0.4
1345	0.4
1350	0.4
1355	0.4
1360	0.4
1365	0.4
1370	0.4
1375	0.4
1380	1.50703603688
1385	0.620848270876
1390	2.4463826202
1395	0.4
1400	0.4
1405	1.21419889603
1410	0.4
1415	4.42816266185
1420	2.54062993507
1425	1.26796344835
1430	2.57681465973
1435	1.02393085036
1440	1.05234474577
1445	1.30888240788
1450	1.35513324735
1455	0.4
1460	1.85938902503
1465	0.599419906827
1470	0.433001924449
1475	0.90504943849
1480	2.23337674666
1485	0.4
1490	0.4
1495	0.4
1500	5.41929612295
1505	0.4
1510	0.650994228288
1515	2.05797510066
1520	6.90325670576
1525	0.4
1530	2.33513780609
1535	0.4
1540	0.4
1545	1.25647434728
1550	3.44672468539
1555	0.4
1560	1.19598269934
1565	0.4
1570	3.84921224492
1575	3.42945977136
1580	3.60255752681
1585	0.4
1590	0.4
