0	0.4
5	4.85819125574
10	1.32852271225
15	3.5648144859
20	1.9985962343
25	3.2641510994
30	1.94117421954
35	2.90402483552
40	0.4
45	0.4
50	2.62131541774
55	0.745296439758
60	2.9801277461
65	2.70948959343
70	0.4
75	1.09335917783
80	1.01068175302
85	1.48763043429
90	0.449001207006
95	2.92412023888
100	1.20681021149
105	2.25582113949
110	4.69817560227
115	0.4
120	1.58181087905
125	3.19908301358
130	3.39867120615
135	4.88106510231
140	1.18393599468
145	0.432365430329
150	1.85762549668
155	0.4
160	3.76632819525
165	0.604774103633
170	0.4
175	1.23266724256
180	3.22913900423
185	0.403770747405
190	0.4
195	3.25507719035
200	0.687666374249
205	0.514262876447
210	6.12359614953
215	8.1951628909
220	1.67312753218
225	2.40139391328
230	0.719324645524
235	2.15855447439
240	4.25751720425
245	2.35721597014
250	3.67051735983
255	7.46804545621
260	3.25972405101
265	0.4
270	3.44524372947
275	3.5830555536
280	0.4
285	0.4
290	0.4
295	1.73428806112
300	0.4
305	1.8052713275
310	3.65624840385
315	0.4
320	5.16920354627
325	1.07146804205
330	1.94837316934
335	0.4
340	2.3736307137
345	0.4
350	4.04755662476
355	0.655409473774
360	0.916042889763
365	2.12253354819
370	1.33335540811
375	0.4
380	2.34147168306
385	0.4
390	0.4
395	5.75470415404
400	1.28112895618
405	1.78720093477
410	4.76674785705
415	3.84173676387
420	0.4
425	0.4
430	0.4
435	0.4
440	0.445346164438
445	2.65401895256
450	2.69886735202
455	0.4
460	1.56206880804
465	0.4
470	0.664277451766
475	0.4
480	0.4
485	1.91031209353
490	5.7942184203
495	1.15180078665
500	0.4
505	0.4
510	0.4
515	3.63789905134
520	0.4
525	3.33170320061
530	0.4
535	3.47008623621
540	4.9755558772
545	0.4
550	1.15980571196
555	2.85164849247
560	1.63086374337
565	4.38091105452
570	0.4
575	2.02656470762
580	4.26019113305
585	1.29545353078
590	7.17969902434
595	0.4
600	3.61376776448
605	1.12083067131
610	0.990972583994
615	0.4
620	0.906325560119
625	0.864789243893
630	2.47929692525
635	0.829241179293
640	0.4
645	6.5032141622
650	4.22871846713
655	1.66102974428
660	1.47353737075
665	0.4
670	2.5868540503
675	0.762686584807
680	1.24102256358
685	0.4
690	0.4
695	1.7080430165
700	0.422302746789
705	2.4748951583
710	0.618987746342
715	0.4
720	0.702416913725
725	7.49304537528
730	2.50245962404
735	0.909766694143
740	3.19883498013
745	7.68689717203
750	1.19212697007
755	0.4
760	0.4
765	0.4
770	0.4
775	1.11928735294
780	0.881998762828
785	0.857565701693
790	3.16641539525
795	0.4
800	0.4
805	3.64935835662
810	1.069916896
815	0.4
820	0.4
825	3.08974418177
830	3.45339462842
835	0.4
840	4.77792862736
845	0.4
850	2.06712160629
855	0.4
860	4.79121836476
865	2.18273335476
870	0.4
875	0.4
880	0.4
885	1.17940076593
890	4.42280581788
895	3.63505247225
900	1.39299404895
905	0.4
910	0.4
915	5.6952919295
920	5.13994172084
925	0.4
930	1.35946441775
935	0.4
940	0.4
945	1.52319878983
950	3.61991881654
955	1.42706851502
960	3.61192168871
965	0.4
970	0.4
975	1.05662527234
980	0.4
985	3.43126307206
990	1.65515157964
995	1.82347392787
1000	0.4
1005	6.59434658119
1010	3.89288001156
1015	2.82987429913
1020	0.4
1025	0.676629770639
1030	2.13536605079
1035	0.4
1040	0.4
1045	0.4
1050	0.4
1055	0.4
1060	0.4
1065	0.872330351789
1070	0.4
1075	2.58845398026
1080	0.4
1085	2.60394621608
1090	7.55537048292
1095	0.802900203444
1100	0.541878684448
1105	2.0177789649
1110	0.4
1115	3.00223956831
1120	1.40878619708
1125	0.4
1130	2.94746090028
1135	0.4
1140	0.4
1145	2.26930022081
1150	1.58079070769
1155	0.4
1160	0.4
1165	0.53253048868
1170	1.20507882573
1175	0.4
1180	6.63589808201
1185	4.21109490914
1190	6.93984336305
1195	0.593989248407
1200	4.89808064414
1205	1.32357898354
1210	5.05523738041
1215	0.659897621613
1220	0.4
1225	0.4
1230	4.42967667898
1235	0.4
1240	2.32066770936
1245	0.4
1250	0.4
1255	0.857782841684
1260	0.4
1265	1.41925038526
1270	0.4
1275	0.815389623291
1280	0.4
1285	2.62105079596
1290	7.18749845669
1295	1.1349440379
1300	1.98846878388
1305	1.04745023986
1310	0.4
1315	0.4
1320	0.4
1325	0.4
1330	0.698933715573
1335	0.4
1340	0.4
1345	0.4
1350	0.4
1355	0.4
1360	0.4
1365	1.61876666198
1370	3.77667838195
1375	0.4
1380	2.32657102637
1385	0.4
1390	4.58945059928
1395	0.4
1400	0.4
1405	3.37379961767
1410	4.61936257874
1415	2.90914351106
1420	6.23559012393
1425	1.94186179195
1430	1.65882894772
1435	3.73164050264
1440	0.4
1445	2.32078226657
1450	2.96912959163
1455	0.672627124835
1460	2.32327898444
1465	0.4
1470	2.95038124097
1475	2.43014952368
1480	0.4
1485	0.4
1490	0.4
1495	0.4
1500	6.11447371281
1505	1.29193891387
1510	3.21803595302
1515	5.33553071168
1520	1.76773888172
1525	0.4
