0	4.67568908215
5	7.37674740898
10	4.02511831133
15	9.48086686853
20	14.6021936281
25	0.4
30	5.75473908217
35	0.459028098731
40	1.40616742387
45	7.81979950084
50	1.44333921
55	6.15193053518
60	2.63885798207
65	11.2767340389
70	14.264016216
75	1.96920230809
80	4.1703750555
85	1.78327053037
90	0.4
95	3.50295280537
100	3.44802072935
105	0.4
110	12.7014734066
115	7.62014385996
120	8.83987145217
125	4.77153053479
130	3.76192369082
135	3.12089925362
140	7.58447314951
145	7.0059510562
150	8.92636574938
155	14.5443681538
160	0.4
165	2.29268458131
170	4.44261502578
175	3.15163378492
180	2.74221182954
185	7.63660523804
190	6.77207758387
195	5.91535104682
200	10.9164480146
205	0.751673116019
210	3.22277559356
215	4.50026136004
220	3.43993388304
225	3.29299098364
230	1.14810797781
235	9.2053237176
240	0.4
245	6.42430004621
250	10.2130841936
255	6.43126686262
260	1.80121774268
265	0.563512370128
270	2.00823114418
275	3.41042104599
280	0.4
285	1.33733750376
290	0.4
295	0.4
300	0.824415049396
305	10.9148153972
310	2.12570958367
315	0.4
320	3.34957980535
325	9.54958360744
330	0.4
335	13.9247227115
340	5.5476175848
345	8.29748518499
350	0.4
355	4.64373215028
360	1.9301209752
365	6.97687605259
370	11.6854096305
375	0.4
380	4.96371745415
385	2.86016166116
390	0.4
395	10.5652790683
400	8.51797028626
405	4.95734283293
410	2.5917432033
415	1.29428413862
420	0.4
425	4.63496200769
430	4.33920491902
435	2.84639370943
440	11.126825195
445	0.4
450	0.4
455	2.50185880661
460	5.92715834166
465	6.13785026499
470	2.20508820843
475	3.47971437935
480	0.4
485	12.6657012282
490	5.31183801025
495	1.63944498829
500	0.4
505	0.4
510	1.90010910514
515	0.4
520	0.951592314113
525	3.06036600699
530	7.93267683958
535	8.87737563028
540	8.35747778196
545	11.9167410137
550	9.36733350461
555	5.28561312477
560	13.4327738446
565	10.2368375466
570	10.9486873211
575	6.91446766652
580	0.4
585	7.85250711128
590	4.43541734362
595	17.4387199659
600	1.80957198205
605	1.53970365472
610	2.31212891891
615	0.4
620	15.6385110997
625	3.94756994771
630	3.60436211217
635	7.29462718635
640	8.38780087969
645	3.49048990648
650	2.71426302766
655	3.30643941672
660	0.4
665	0.4
670	10.9933731297
675	0.4
680	2.71169017097
685	9.12233619892
690	5.16260145166
695	3.74062413324
700	2.47979050489
705	8.78121989724
710	4.0859622434
715	1.34828322253
720	5.49173740567
725	8.10417695587
730	2.48393907606
735	9.80498252236
740	2.86047958987
745	1.17211652591
750	1.86508778354
755	4.66340327441
760	5.78293584218
765	8.26700519573
770	0.806918062911
775	4.3501160868
780	0.4
785	12.9183032271
790	4.917756144
795	5.98623140227
800	6.63763657634
805	6.97024317833
810	8.32103816072
815	6.97390799375
820	5.78699288539
825	0.4
830	3.88654232288
835	0.515801168413
840	16.6388430153
845	8.90071739122
850	5.73447479672
855	13.50226166
860	4.98707615695
865	10.902864906
870	0.4
875	2.36376878552
880	2.82146672543
885	3.34329125107
890	0.4
895	2.72948165412
900	0.4
905	10.0880534427
910	0.4
915	1.48341716173
920	0.4
925	6.62823354042
930	11.1350519273
935	12.5342088318
940	4.88795370507
945	6.60369238333
950	5.34326089987
955	3.50346929789
960	8.25997032874
965	2.55254002821
970	3.66418004943
975	1.63500087901
980	4.07481358572
985	5.57544610404
990	11.6337781945
995	3.96880143653
1000	2.10848589032
1005	0.403333060565
1010	0.4
1015	4.27193638195
1020	3.09530079817
1025	0.4
1030	0.4
1035	10.1049952759
1040	2.32598385498
1045	6.81921273227
1050	8.38616859007
1055	7.07934986464
1060	0.4
1065	1.03614981535
1070	6.77644742861
1075	5.0629597461
1080	2.4127644433
1085	5.91840572424
1090	13.4253344236
1095	8.15890838051
1100	0.4
1105	2.85581007148
1110	2.75265629695
1115	2.23922271184
1120	0.4
1125	2.63050420091
1130	0.707676621932
1135	18.6314903536
1140	2.55987294647
1145	0.4
1150	13.6400189124
1155	0.4
1160	2.69646168305
1165	0.4
1170	4.60128936261
1175	5.20455958386
1180	0.4
1185	8.21640148013
1190	12.7051777394
1195	16.195044865
1200	9.88303452968
1205	0.4
1210	6.01327918881
1215	4.01227909377
1220	0.4
1225	9.3054202603
1230	0.4
1235	0.4
1240	0.4
1245	7.96400628965
1250	0.4
1255	2.06501912723
1260	8.29994837878
1265	0.4
1270	2.88820208709
1275	6.90672337838
1280	4.01250784684
1285	2.63533102894
1290	6.64301091666
1295	23.3762969335
1300	0.4
1305	2.20616062743
1310	15.214737513
1315	0.448058516631
1320	8.8335326336
1325	17.2323985121
1330	0.4
1335	2.54817856965
1340	0.4
1345	1.66043706757
1350	6.63998878375
1355	2.48686844916
1360	9.78576783474
1365	6.63422679815
1370	2.33345575638
1375	2.42656276335
1380	3.13388237572
1385	1.04781802742
1390	10.4973728594
1395	13.9898398438
1400	0.4
1405	17.1766321144
1410	1.34227910699
1415	0.4
1420	2.2134249529
1425	7.36145013078
1430	4.07594091016
1435	7.16598361349
1440	10.3061500241
1445	1.53805018215
1450	3.11216541078
1455	7.17844620315
1460	13.8019901764
1465	3.68191321884
1470	1.65677592459
1475	9.22231458548
1480	5.49821238468
1485	4.73618895932
1490	6.59233274098
1495	6.68404300255
1500	7.79242441476
