0	0.4
5	0.4
10	0.620647415468
15	0.4
20	1.37330996852
25	3.27809597163
30	3.61875501155
35	0.4
40	4.12171468574
45	2.81560507884
50	2.52013185872
55	1.47852138775
60	0.4
65	0.4
70	0.4
75	0.753747107559
80	3.00767950148
85	1.04061030345
90	0.447262965117
95	0.4
100	0.4
105	0.4
110	0.4
115	0.4
120	0.4
125	3.96477044916
130	0.4
135	0.4
140	0.4
145	7.21472756152
150	4.94596976163
155	0.687665332246
160	1.76187053199
165	0.4
170	2.69449220125
175	0.4
180	3.19617652273
185	1.00088046513
190	5.35689382548
195	3.06116769918
200	0.578777820898
205	0.488364587072
210	0.4
215	3.71361176962
220	0.689874585155
225	0.4
230	3.86141062038
235	1.47506637579
240	1.06799264311
245	3.19484745653
250	0.4
255	0.4
260	1.02865160819
265	0.4
270	1.52873337787
275	2.50133754238
280	2.76442113396
285	0.4
290	5.23539712459
295	2.985412683
300	0.4
305	4.06883735561
310	0.4
315	1.47384363479
320	0.4
325	1.88531261005
330	1.97042853225
335	0.4
340	3.9798906626
345	0.4
350	0.4
355	0.4
360	1.79751911928
365	0.4
370	0.4
375	1.22396248505
380	0.4
385	2.73418312754
390	0.4
395	5.74803904352
400	0.4
405	0.4
410	0.4
415	4.38381892208
420	0.4
425	4.28468528369
430	3.38443624164
435	3.40002049264
440	0.4
445	0.4
450	0.4
455	0.4
460	0.4
465	0.89734411728
470	4.13117177311
475	0.4
480	5.36199153055
485	1.48924482641
490	0.4
495	0.949932514169
500	2.427845325
505	0.4
510	0.4
515	4.30323808819
520	0.4
525	5.08652216347
530	5.85605158375
535	0.4
540	0.4
545	0.4
550	0.4
555	1.36515867496
560	1.60424757567
565	0.4
570	0.4
575	0.4
580	0.4
585	2.99943099336
590	3.71794958991
595	0.4
600	0.4
605	0.4
610	0.4
615	0.4
620	0.4
625	3.51702106155
630	1.21673213292
635	3.01159986241
640	0.4
645	0.411542186629
650	3.02657033512
655	2.55723462424
660	2.20594411243
665	0.79916006742
670	1.77202700252
675	3.17027944778
680	0.669282025824
685	6.37197726996
690	4.32151604209
695	0.4
700	1.12677382524
705	2.60765368169
710	0.898164994751
715	0.4
720	0.4
725	0.4
730	3.36639115961
735	0.4
740	1.74035800675
745	0.4
750	0.4
755	0.699142574975
760	3.63411319857
765	0.4
770	0.4
775	2.91540496156
780	0.4
785	0.4
790	0.545872914829
795	2.24348808521
800	0.4
805	1.92451340958
810	2.78939881482
815	0.4
820	3.26856664622
825	0.4
830	1.97958570131
835	3.07308844564
840	0.4
845	0.4
850	0.4
855	0.4
860	0.481982666532
865	5.27171587121
870	0.4
875	0.4
880	1.67253374797
885	1.44258103044
890	0.4
895	3.40160084849
900	0.735053125021
905	2.73732762578
910	0.4
915	2.11931291141
920	0.4
925	1.24747308303
930	3.33239668089
935	3.25266176204
940	0.4
945	0.746396226918
950	0.930266092436
955	0.71656378087
960	2.25911982788
965	0.4
970	0.4
975	1.8577747809
980	0.459804617628
985	0.4
990	0.4
995	0.4
1000	0.4
1005	1.18532410579
1010	2.31760079307
1015	1.95905072306
1020	3.17073578755
1025	1.67603525281
1030	3.77064981179
1035	0.4
1040	1.47858261289
1045	0.4
1050	0.4
1055	0.4
1060	0.4
1065	1.4852098092
1070	0.4
1075	2.7348880623
1080	0.7439297292
1085	2.75592023994
1090	0.4
1095	0.4
1100	4.39864563094
1105	3.13912960482
1110	0.4
1115	1.72276703993
1120	0.4
1125	2.76234518428
1130	0.4
1135	1.44648027838
1140	0.4
1145	0.893088826649
1150	0.4
1155	3.1685673489
1160	0.4
1165	0.4
1170	0.4
1175	0.4
1180	0.851096803539
1185	0.4
1190	0.4
1195	5.12670803941
1200	0.4
1205	7.58618218467
1210	3.32964508389
1215	1.81444843457
1220	0.4
1225	3.49787366878
1230	0.4
1235	0.726630927454
1240	5.08775693708
1245	1.65295703268
1250	0.609600142132
1255	0.4
1260	0.4
1265	0.4
1270	1.01080407603
1275	0.4
1280	0.4
1285	0.4
1290	0.4
1295	0.4
1300	0.4
1305	0.4
1310	0.663719217772
1315	0.4
1320	5.41675522761
1325	3.00027331529
1330	0.4
1335	5.79603469231
1340	0.4
1345	0.4
1350	0.4
1355	0.4
1360	0.646759115448
1365	3.13451563276
1370	1.74153583401
1375	0.4
1380	1.9358214012
1385	0.4
1390	0.4
1395	6.15243401193
1400	0.4
1405	0.4
1410	0.4
1415	4.48663072419
1420	6.33559281336
1425	0.4
1430	3.47733835366
1435	0.589418803927
1440	0.875910417717
1445	10.3825955761
1450	0.4
1455	4.72385613051
1460	3.61380367458
1465	0.4
1470	1.78821376765
1475	2.2791600201
1480	0.4
1485	0.4
1490	0.4
1495	4.819710835
