0	0.4
5	0.4
10	1.26002815381
15	3.50419658227
20	0.4
25	0.4
30	4.26713538075
35	0.4
40	0.479502541546
45	0.969555144806
50	5.10503983553
55	2.87732420468
60	0.4
65	0.4
70	2.47027018346
75	1.06866150122
80	1.09938273627
85	0.442841708309
90	2.2847182248
95	7.92031803945
100	0.4
105	1.7264445551
110	0.992565616216
115	0.4
120	0.4
125	1.84463027467
130	0.4
135	0.4
140	1.8681145542
145	0.4
150	2.38043278829
155	1.60226818757
160	1.07055149727
165	1.43446819657
170	1.27601532806
175	1.34177460758
180	0.4
185	0.462475429239
190	0.4
195	0.701736612369
200	5.75060855469
205	0.4
210	1.7249793918
215	2.5303275144
220	4.89033907997
225	2.92301949348
230	0.595212331648
235	2.47416456827
240	0.4
245	0.4
250	5.05088440747
255	5.64589789559
260	0.891810015127
265	0.4
270	0.4
275	2.50233075711
280	0.4
285	2.54877785285
290	0.4
295	2.82913510237
300	2.26452641896
305	2.0441894823
310	4.36107870209
315	3.02765536325
320	0.806288471385
325	4.17138994076
330	1.26834879185
335	3.69342069865
340	0.4
345	0.4
350	2.63160612439
355	1.32785125195
360	0.4
365	0.99019190455
370	0.4
375	4.77525776807
380	5.51199874206
385	0.994192214227
390	0.4
395	0.4
400	2.65544508597
405	3.86739965051
410	0.4
415	0.4
420	0.939483155371
425	1.82724883731
430	4.29260838169
435	0.4
440	0.4
445	0.496524711398
450	0.4
455	0.4
460	2.09288075631
465	8.1484925569
470	0.4
475	0.4
480	1.70096896395
485	0.4
490	0.4
495	3.23312300999
500	4.75442330488
505	0.4
510	3.78108015179
515	1.52406387585
520	1.56505698048
525	2.70769297313
530	0.4
535	0.4
540	1.01533160602
545	2.40906631468
550	2.57530983764
555	0.605178774713
560	2.87810007215
565	2.06020326184
570	0.4
575	1.07903876523
580	0.4
585	3.5242264792
590	0.4
595	0.4
600	0.4
605	3.9378449924
610	0.4
615	1.80027556086
620	0.4
625	0.4
630	1.6826441383
635	0.4
640	3.21134035886
645	3.18752953763
650	0.4
655	0.4
660	1.65832484788
665	0.4
670	0.4
675	0.4
680	2.40294720813
685	2.93891649733
690	8.83012380156
695	0.816982700895
700	1.82160961997
705	4.95475372927
710	3.05178457547
715	3.86477052679
720	1.6416271128
725	1.00960034616
730	3.07271200526
735	2.79976001484
740	1.85180474514
745	1.44663500007
750	0.4
755	2.56215626613
760	1.40565340387
765	3.21521979794
770	0.4
775	2.13022407175
780	0.4
785	0.4
790	4.32150153299
795	5.15598648358
800	0.4
805	2.35296880735
810	0.724387539202
815	1.54869028147
820	0.4
825	3.46639785424
830	2.92462849493
835	0.613772449457
840	2.72693894289
845	1.22588378221
850	0.921625848222
855	5.0576546038
860	0.82480674602
865	5.36150764089
870	0.441086314174
875	1.22291340644
880	0.958970453643
885	0.4
890	0.4
895	0.4
900	0.4
905	0.4
910	2.53319266768
915	0.4
920	0.905610087641
925	2.8629903376
930	0.4
935	0.942256778386
940	0.4
945	1.43965057106
950	1.25904290225
955	0.541777688674
960	0.4
965	0.4
970	1.71904764909
975	3.65096052756
980	0.4
985	7.13990840658
990	1.88769982033
995	2.32268703849
1000	0.4
1005	1.30955263132
1010	2.89854189439
1015	0.4
1020	2.03065344186
1025	4.99616989466
1030	0.4
1035	0.4
1040	0.927031942889
1045	0.4
1050	0.4
1055	0.4
1060	0.4
1065	1.16381219433
1070	2.01973332927
1075	0.4
1080	1.91788109707
1085	0.4
1090	0.4
1095	1.37440366991
1100	2.31981402431
1105	0.4
1110	6.92929999916
1115	2.3115865313
1120	0.4
1125	0.4
1130	0.4
1135	0.659218331421
1140	4.46869004126
1145	0.4
1150	0.4
1155	1.54881329196
1160	6.15746390031
1165	4.61251338025
1170	0.4
1175	2.64577241536
1180	2.06181701304
1185	0.4
1190	2.84113317125
1195	0.4
1200	0.4
1205	4.03381394249
1210	0.748095136374
1215	2.46269664636
1220	0.672948514968
1225	2.25679587896
1230	0.4
1235	2.25248725478
1240	3.16205045056
1245	3.09318562615
1250	8.87549308526
1255	2.28441456253
1260	2.7531347927
1265	0.4
1270	0.4
1275	2.56371264161
1280	1.28851648427
1285	2.71661689047
1290	0.4
1295	1.3488069447
1300	3.52700017612
1305	0.501682539831
1310	3.96761524781
1315	1.70760086513
1320	0.4
1325	0.4
1330	0.4
1335	3.14407263356
1340	1.30275992477
1345	0.4
1350	6.73777596014
1355	2.35602200576
1360	0.4
1365	0.942598988595
1370	1.93289807714
1375	3.35835894182
1380	2.544713372
1385	2.55310435568
1390	0.776680077616
1395	0.4
1400	0.4
1405	2.92102544559
1410	1.30885388739
1415	6.63553987812
1420	5.55185306263
1425	3.23190208789
1430	3.76640837955
1435	1.82560922045
1440	2.41226767671
1445	2.38699476356
1450	4.58411866543
1455	1.96418176476
1460	2.47013893464
1465	0.604586395438
1470	3.19330829393
1475	4.2452484355
1480	5.85933806139
1485	0.4
1490	0.992797442542
1495	2.15556063953
1500	0.450949840825
1505	0.4
1510	0.993324630379
1515	2.90088857173
1520	6.62680415218
1525	0.4
1530	0.4
1535	0.849827742073
1540	5.22128988109
1545	0.4
1550	0.6685956581
1555	1.5638566445
1560	4.40892606323
1565	0.4
1570	2.68486635859
1575	0.44418315903
1580	0.4
1585	2.02878944271
1590	0.4
1595	1.30425000483
1600	0.547705693894
1605	0.4
1610	0.4
1615	0.691264445138
1620	0.4
1625	0.4
1630	4.60673923479
1635	0.4
1640	12.875076958
1645	1.17727556881
1650	0.4
1655	0.4
1660	1.26179250292
1665	3.6584365522
1670	0.4
1675	0.4
1680	2.03108548469
1685	3.84562108054
1690	4.72436760785
1695	0.4
1700	2.7271214007
1705	0.688243595756
1710	0.425335819157
1715	2.44206036667
1720	3.737323074
1725	0.4
1730	3.57629066115
1735	1.94324403848
1740	0.4
1745	0.776642308107
1750	0.4
1755	1.18653240976
1760	2.54085067599
1765	1.85414992423
1770	3.07541037922
1775	0.4
1780	3.823891435
1785	0.4
1790	0.637161368875
1795	2.26806969835
1800	0.4
1805	3.79741677057
1810	4.27514969831
1815	1.50097870342
1820	3.24013098708
1825	5.57739657309
1830	0.4
1835	2.17684845512
1840	0.4
1845	0.4
1850	0.4
1855	1.15508252898
1860	1.87429110998
1865	2.15224437507
1870	0.772367269854
1875	0.4
1880	0.602358696745
1885	0.4
1890	0.566827496232
1895	1.91105923622
1900	8.62166624785
1905	1.72686684369
1910	1.79462119258
1915	0.981285779771
1920	1.60877320375
1925	8.3855900824
1930	0.4
1935	1.99834036033
1940	0.4
1945	3.35864358877
1950	6.0599644037
1955	9.61277120321
