0	3.06184694273
5	1.36568987991
10	0.4
15	2.33757526654
20	0.4
25	1.48766051209
30	0.4
35	2.31622694045
40	2.17682154898
45	3.93083229181
50	5.56455208343
55	4.55552881514
60	0.4
65	0.4
70	3.22312435333
75	0.4
80	3.94325528695
85	2.267021707
90	0.4
95	1.56175347526
100	1.61556310423
105	7.59083667719
110	6.70377553376
115	0.4
120	2.8507117399
125	0.4
130	1.42945762763
135	1.7350355534
140	0.4
145	5.8027694802
150	2.94300660919
155	2.92618082061
160	3.69578688409
165	0.4
170	6.82869454547
175	6.49085084017
180	0.4
185	0.869140295814
190	5.78404296379
195	2.58085661065
200	0.4
205	1.68238384853
210	0.4
215	1.22363928059
220	1.34199218308
225	6.87609860391
230	3.82104879959
235	1.13797296796
240	1.05555033941
245	0.4
250	0.4
255	2.50204200246
260	0.4
265	4.3059771703
270	1.0117415869
275	3.40968116352
280	0.4
285	2.99527850774
290	0.4
295	5.68572434044
300	1.7367221753
305	4.78295203741
310	1.30679310175
315	6.63835532932
320	3.83030919104
325	0.4
330	2.80505739393
335	0.4
340	5.8101000787
345	8.14983221162
350	0.734397186045
355	0.698988914051
360	0.4
365	0.417416908752
370	8.38129065908
375	1.19375838706
380	0.412304063698
385	6.63132646317
390	2.59147401684
395	3.22003931977
400	2.68434268873
405	1.5169025928
410	1.17185730361
415	0.4
420	4.10953588345
425	2.18760639689
430	0.4
435	0.4
440	1.23546582424
445	3.40894910288
450	2.54793103972
455	6.66545685459
460	1.2682977315
465	5.33464032253
470	3.30363783285
475	2.42280358169
480	0.4
485	0.4
490	2.48008017505
495	6.67445389848
500	0.4
505	2.96444399849
510	8.04741553933
515	3.14804847158
520	3.16698251861
525	3.13741423037
530	3.77574335205
535	1.55821667313
540	0.4
545	4.14533321054
550	5.45539792709
555	1.67289457336
560	3.99087652923
565	0.69653615004
570	3.99685957144
575	4.18909691619
580	0.4
585	1.60355275473
590	0.4
595	0.827896497878
600	1.85050265686
605	1.91745988535
610	1.49910085517
615	0.465643040227
620	3.32280801419
625	3.58443710632
630	2.67302401832
635	0.4
640	5.22216114566
645	0.4
650	2.74312379469
655	5.36270506215
660	1.6578744463
665	0.4
670	0.4
675	0.4
680	4.87810163375
685	0.748197445365
690	6.11956262259
695	2.84288454565
700	0.418149909149
705	1.89082678962
710	4.84033103629
715	0.693584262653
720	2.63513083812
725	6.51820345761
730	3.20621954827
735	0.4
740	4.05965378
745	0.4
750	2.98533588769
755	1.32008876937
760	7.90811005057
765	2.27384478602
770	0.4
775	0.4
780	3.24854634762
785	2.18812520916
790	1.07218158969
795	0.4
800	5.00608056779
805	2.19047776476
810	3.89164022196
815	0.4
820	6.79243410377
825	6.59107738155
830	0.4
835	6.41086636694
840	0.4
845	0.4
850	2.70774540685
855	5.11847998938
860	1.43156847208
865	2.31240423443
870	0.4
875	0.4
880	0.4
885	0.502463107174
890	1.56824521806
895	0.4
900	3.20742712685
905	0.4
910	0.4
915	1.39131618418
920	1.28199751754
925	3.45367982366
930	0.4
935	2.555324648
940	1.76797532123
945	2.29746404954
950	1.76661140144
955	0.4
960	5.54387064857
965	3.04477847389
970	1.16304410721
975	6.41112619659
980	4.36536171212
985	0.4
990	1.56222719323
995	0.420686456395
1000	1.02560628073
1005	0.4
1010	0.4
1015	0.4
1020	1.77238683218
1025	3.30996880336
1030	0.4
1035	1.83794796068
1040	5.33853368255
1045	5.38579154382
1050	4.59116025542
1055	4.00781795573
1060	1.44195112307
1065	5.1850511887
1070	0.569496831119
1075	0.4
1080	3.14453236472
1085	1.34289570185
1090	3.20653240422
1095	0.4
1100	1.48809618178
1105	1.95341404501
1110	3.109342692
1115	1.90992338889
1120	0.4
1125	3.51423327623
1130	1.75020323789
1135	1.83040402679
1140	3.9103631417
1145	0.4
1150	3.29300172881
1155	4.08155814239
1160	1.14861146623
1165	2.00062787471
1170	1.69619817599
1175	0.4
1180	0.4
1185	2.66900164681
1190	0.4
1195	1.00827343086
1200	3.76927922354
1205	0.754850676575
1210	4.38143895729
1215	3.09499291616
1220	0.4
1225	2.12084571618
1230	0.4
1235	4.93884196464
1240	0.4
1245	4.64027147537
1250	0.4
1255	5.7067338813
1260	2.11295179154
1265	2.79177849993
1270	0.4
1275	2.17217290035
1280	2.41242805649
1285	4.17433945053
1290	2.87979055133
1295	2.13876118169
1300	5.71131437673
1305	3.90798502378
1310	0.4
1315	0.4
1320	0.4
1325	4.79191239634
1330	3.44074329029
1335	2.55677117786
1340	3.46142330124
1345	2.94345153861
1350	2.92876527003
1355	0.4
1360	0.743087238338
1365	3.22667603121
1370	0.4
1375	0.4
1380	0.4
1385	8.22421258152
1390	0.904946159446
1395	2.15351018249
1400	3.7500112682
1405	0.952428118497
1410	1.47711853636
1415	0.4
1420	2.58920000079
1425	1.01585021076
1430	1.59282801452
1435	0.4
1440	2.37373024707
1445	0.4997548181
1450	5.00671616396
1455	2.34620450423
1460	6.26725541782
1465	2.974178839
1470	3.08755059146
1475	6.93474997985
1480	0.4
1485	0.4
1490	2.98074342596
1495	0.402748864589
1500	1.94623462475
1505	0.4
1510	2.72375321638
1515	0.4
1520	3.75631461133
1525	3.22348916582
1530	2.35191017896
1535	0.4
1540	3.34840100633
1545	2.82611311866
1550	3.43613792363
1555	4.14657218567
1560	6.38377250157
1565	6.20402105234
1570	0.4
1575	0.885037370361
1580	4.18521652818
1585	5.8646512562
1590	1.35466653655
1595	2.08617586991
1600	0.4
1605	0.4
1610	4.67713101026
1615	0.4
1620	4.5043001716
1625	3.89631218347
1630	1.79775424904
1635	0.4
1640	0.886286167516
1645	2.87810285395
1650	0.4
1655	0.4
1660	0.521139991935
1665	0.4
1670	3.33779921141
1675	2.92152248813
1680	1.14466585108
1685	0.4
1690	0.4
1695	0.4
1700	0.4
1705	0.4
1710	0.737332794423
1715	0.4
1720	4.12141505726
1725	0.4
1730	1.79334023847
1735	1.20691144895
1740	4.91929643757
1745	0.4
1750	2.67639616834
1755	0.4
1760	0.75664127027
1765	0.4
1770	3.099884539
1775	2.15526251159
1780	1.75467175198
1785	2.70407215342
1790	1.22657302984
1795	0.4
1800	0.5773189348
1805	4.41563702199
1810	0.4
1815	2.06252305605
1820	0.4
1825	5.93736490128
1830	5.02215920636
1835	0.4
1840	3.53744387667
1845	0.479324307321
1850	0.4
1855	1.4406396682
1860	3.96502536506
1865	1.50776166096
1870	2.40909227192
1875	5.18204253126
1880	1.8609732856
1885	5.96368952742
1890	4.70202307017
1895	0.4
1900	0.827223630947
1905	1.87649410735
1910	0.4
1915	2.21937289515
1920	4.28107055673
1925	0.4
1930	0.467523889754
1935	1.24170604986
1940	2.18506792017
1945	0.4
1950	6.59689989697
1955	0.4
