0	4.37870999626
5	0.4
10	1.81407818182
15	2.07857582577
20	3.48374853413
25	0.4
30	0.4
35	4.66372125854
40	0.4
45	0.4
50	0.553902404769
55	0.4
60	2.68975069808
65	0.4
70	3.14361061387
75	0.4
80	8.22782438579
85	3.59953765271
90	4.82639209729
95	1.07152700538
100	0.4
105	3.87036349747
110	7.22532426868
115	0.4
120	2.70302856813
125	1.77032009346
130	4.20856394172
135	3.07222823527
140	0.973257670945
145	3.85392765653
150	2.72347202419
155	0.4
160	0.4
165	0.4
170	0.4
175	0.4
180	0.4
185	0.649662968626
190	8.8146648495
195	0.4
200	1.42860612832
205	2.63395906023
210	0.4
215	2.48955110632
220	0.4
225	2.55625701936
230	1.66367306715
235	1.68882387953
240	0.4
245	3.73087278834
250	7.92289704439
255	4.15304640154
260	7.44713899585
265	0.4
270	1.10215891456
275	0.4
280	1.93705963415
285	2.20946736209
290	3.29267812715
295	0.4
300	3.67437085523
305	2.74772957885
310	0.4
315	0.801528754325
320	1.55393040701
325	2.30949598501
330	0.4
335	0.503431752301
340	4.97860126187
345	0.721379786507
350	2.63205512336
355	1.39511462494
360	6.56252438597
365	1.9953188311
370	6.40222059495
375	0.751519946865
380	0.4
385	5.46961637841
390	2.87934684273
395	0.4
400	0.4
405	1.9033331136
410	0.4
415	3.3703026343
420	0.905889379034
425	2.69954319034
430	3.36147567784
435	2.43603136734
440	0.4
445	3.59021483794
450	1.0411336548
455	0.4
460	0.4
465	2.74084784351
470	2.86417249986
475	7.50523945395
480	0.4
485	0.840747934212
490	0.4
495	0.4
500	0.521001307593
505	1.9963963746
510	0.4
515	0.4
520	4.6673819013
525	0.4
530	0.4
535	2.91772033388
540	6.91364818932
545	0.4
550	0.4
555	0.4
560	3.83171489078
565	0.4
570	0.4
575	1.09706771144
580	2.89559960178
585	0.713750275274
590	0.4
595	1.74130528299
600	4.4603943964
605	0.4
610	5.58141628658
615	5.47490518345
620	4.02129010822
625	0.4
630	0.4
635	2.79653127265
640	1.25436703807
645	1.82463759035
650	0.723975629677
655	3.9929876176
660	0.4
665	0.4
670	4.66667908131
675	2.66627980648
680	2.0753550222
685	2.02765241694
690	6.30203247359
695	1.32076267498
700	2.65940064106
705	1.98879952808
710	0.4
715	2.65245088567
720	0.4
725	2.7104598562
730	0.4
735	2.66211924281
740	1.92850077844
745	4.32768364799
750	0.4
755	0.4
760	4.87250182563
765	0.783580521479
770	2.06331115028
775	6.28170235066
780	0.4
785	0.657774131242
790	1.01715784959
795	0.4
800	0.453702834936
805	0.4
810	0.824037518746
815	0.4
820	2.19953595789
825	0.481231407441
830	0.4
835	0.4
840	0.4
845	1.73029677048
850	0.4
855	0.4
860	3.23605289376
865	1.85021378652
870	0.4
875	1.81894133621
880	2.77209953819
885	2.34794061121
890	0.4
895	1.67945427705
900	1.6857701629
905	3.85752057556
910	0.4
915	2.90587634634
920	0.751956727681
925	6.18446522887
930	0.629754171371
935	1.44647937949
940	0.4
945	4.59078673875
950	2.18617377413
955	0.633502765976
960	4.26520765662
965	3.24681041675
970	5.4058591601
975	2.22045738534
980	1.17947352048
985	1.48485528425
990	0.4
995	0.714277467096
1000	0.4
1005	2.40669646382
1010	0.4
1015	0.4
1020	0.4
1025	1.00391473262
1030	3.65524130634
1035	5.2550731827
1040	0.4
1045	4.34313223625
1050	2.13104570069
1055	1.08503001877
1060	0.4
1065	4.82139733798
1070	3.05617419903
1075	3.16188737684
1080	0.4
1085	3.77162704805
1090	0.882812061579
1095	4.38246223606
1100	0.4
1105	3.63893658638
1110	4.94105651923
1115	1.7991369007
1120	0.4
1125	0.4
1130	0.678793021247
1135	0.4
1140	2.10546940254
1145	5.27358124431
1150	1.17672948297
1155	2.2614006169
1160	2.23516509987
1165	2.68352712484
1170	0.4
1175	1.5444123177
1180	5.99592234447
1185	0.4
1190	8.79648463046
1195	4.02145274314
1200	0.4
1205	0.4
1210	0.4
1215	0.4
1220	3.29343262969
1225	3.5718435087
1230	3.71148881065
1235	3.91203213181
1240	5.68660725933
1245	2.53274639017
1250	5.26530574324
1255	2.08898593405
1260	0.4
1265	1.56224761115
1270	1.94408428303
1275	8.31323104691
1280	4.38717429642
1285	8.40944236323
1290	1.69782260844
1295	0.4
1300	0.4
1305	4.35989946796
1310	2.78642887417
1315	1.1910251693
1320	0.4
1325	2.77037109447
1330	0.4
1335	0.524363549185
1340	0.76893096406
1345	2.22363992101
1350	0.403273460904
1355	8.46587047119
1360	0.4
1365	0.4
1370	0.4
1375	4.43397554578
1380	0.4
1385	3.83164016643
1390	0.4
1395	0.4
1400	10.5963302403
1405	0.4
1410	0.4
1415	2.37012377994
1420	0.4
1425	3.85170683376
1430	3.15226482223
1435	4.63577778853
1440	0.826287776462
1445	9.6631608705
1450	1.59773879521
1455	2.73742959602
1460	0.4
1465	1.78836337534
1470	6.37088527994
1475	0.4
1480	1.90230427096
1485	4.36778065108
1490	3.8233214329
1495	0.4
1500	1.94328088899
1505	4.30978546874
1510	0.4
1515	0.842456449983
1520	3.70926862584
1525	1.30710662631
1530	2.26040752957
1535	3.27551604882
1540	0.4
1545	1.25115038838
1550	2.48289946502
1555	0.4
1560	2.38303466922
1565	3.4436656308
1570	4.55456168777
1575	2.629559553
1580	5.26778032026
1585	0.4
1590	0.4
1595	0.4
1600	0.4
1605	0.743900697158
1610	3.53622756267
1615	0.734483779618
1620	2.9019990603
1625	1.92905354972
1630	3.50068727212
1635	1.9163402953
1640	0.4
1645	0.4
1650	0.4
1655	1.47415873646
1660	3.59383615365
1665	0.4
1670	2.50535450832
1675	3.32770138861
1680	1.69827074199
1685	1.63084721662
1690	2.33173777469
1695	1.62102940126
