0	4.82090563943
5	1.22898195813
10	4.25182459914
15	1.57661237352
20	2.70785251976
25	1.87982889014
30	0.4
35	3.08518477035
40	0.4
45	5.95869253084
50	0.555502761978
55	0.539306191418
60	0.4
65	0.663722246963
70	0.4
75	1.70117123156
80	2.94593903545
85	0.4
90	1.29213660784
95	0.4
100	1.22427426673
105	1.47231939765
110	0.4
115	1.22302513329
120	2.28998592018
125	2.84459164361
130	0.900728586414
135	5.37990736924
140	0.4
145	0.4
150	0.4
155	0.4
160	2.65082468924
165	3.93657734196
170	2.68031724671
175	1.60973131428
180	0.4
185	4.68455025071
190	3.73277226655
195	1.86719068763
200	4.15768038178
205	0.4
210	2.56663293131
215	2.07159848365
220	0.4
225	1.70469106879
230	3.60483635809
235	2.15295049783
240	0.4
245	1.06319722704
250	0.4
255	6.64942391313
260	2.03026496171
265	1.58845620695
270	2.00125152966
275	0.4
280	0.4
285	2.82036635495
290	0.4
295	1.35285218886
300	0.563252111963
305	0.4
310	2.60175096132
315	0.4
320	1.44340987179
325	0.4
330	0.4
335	1.91603095393
340	0.4
345	1.55129720826
350	2.05438664134
355	0.605049702034
360	0.4
365	5.12806886646
370	0.4
375	0.4
380	0.4
385	1.58751139709
390	0.4
395	0.4
400	2.12478728212
405	2.94872250891
410	3.59474124969
415	0.4
420	0.4
425	0.4
430	6.01087222357
435	0.4
440	3.73301779041
445	1.33820699114
450	1.1202019782
455	3.89500282183
460	0.4
465	0.4
470	4.53717215453
475	3.14647820125
480	0.70034094879
485	5.23066265906
490	2.60939490125
495	2.47633339955
500	8.90706992687
505	3.45500035243
510	0.4
515	0.4
520	4.46435357703
525	0.658284537797
530	0.4
535	0.4
540	3.11023847062
545	0.4
550	2.35472307355
555	0.4
560	0.4
565	2.41804514858
570	1.30942546731
575	2.63806006756
580	0.4
585	0.706663690527
590	0.4
595	0.4
600	1.28835461697
605	0.4
610	0.771701872836
615	4.97551421855
620	0.475968626332
625	3.33551590371
630	0.4
635	0.4
640	5.0233384092
645	2.49399296979
650	0.904296557837
655	0.821434185795
660	0.4
665	0.686370379345
670	3.89892996674
675	0.4
680	3.66253855649
685	1.61232010564
690	0.4
695	0.4
700	3.4775524112
705	0.4
710	0.4
715	2.49066795091
720	4.29018360875
725	2.06590879776
730	1.19110697621
735	0.4
740	0.4
745	7.87057813947
750	0.4
755	0.4
760	0.4
765	6.05865827593
770	3.61044102542
775	0.752461759489
780	0.499546179091
785	3.03434304432
790	2.80649331794
795	0.4
800	0.4
805	0.4
810	0.664111734014
815	0.47878946193
820	3.91240689368
825	0.40459764562
830	5.14691346943
835	5.46940068221
840	0.4
845	0.472510625239
850	0.4
855	0.596702111837
860	2.65378881943
865	0.775509422423
870	1.13433140187
875	1.32699153561
880	5.34318337565
885	3.42558860105
890	2.10171618384
895	4.64820028186
900	0.4
905	2.29865847295
910	1.7469654155
915	0.4
920	2.74724756675
925	3.75640112986
930	3.51064285327
935	0.4
940	2.67790979395
945	0.4
950	0.4
955	2.03369177108
960	0.4
965	3.01275567268
970	3.0698493918
975	0.4
980	2.98079891068
985	5.37214549222
990	1.56632791463
995	0.4
1000	0.4
1005	0.580737623487
1010	1.87514289825
1015	0.4
1020	1.24403560094
1025	0.561409436901
1030	1.32736331838
1035	0.961310559364
1040	6.97377155285
1045	0.4
1050	1.46447711497
1055	4.56127027616
1060	1.46432617049
1065	2.90305120245
1070	0.4
1075	2.09773372303
1080	1.41551220699
1085	0.686239885135
1090	0.4
1095	0.622131806033
1100	4.96888701372
1105	2.3840150442
1110	3.11463272255
1115	2.830284357
1120	0.4
1125	0.4
1130	0.4
1135	1.44217354553
1140	1.5966855687
1145	0.4
1150	0.4
1155	1.70222267862
1160	2.78112541217
1165	1.68548116619
1170	0.4
1175	0.642029176815
1180	0.4
1185	0.4
1190	3.38430178273
1195	0.791315415705
1200	0.4
1205	2.43199337769
1210	1.76201716896
1215	0.4
1220	5.79719536536
1225	2.81144968739
1230	1.62151558885
1235	0.4
1240	3.79305609087
1245	1.80085703506
1250	1.43142644895
1255	0.408074624209
1260	1.5595920907
1265	0.4
1270	1.8639302214
1275	0.4
1280	0.4
1285	4.61680770339
1290	0.4
1295	1.54341208564
1300	0.4
1305	4.6615177172
1310	2.75389702912
1315	1.7134441916
1320	0.46123674149
1325	5.50468766732
1330	1.98880505575
1335	3.056258353
1340	1.22269206623
1345	0.635595051761
1350	0.4
1355	2.35299842445
1360	0.4
1365	0.4
1370	1.20552117754
1375	1.98501249024
1380	2.58800767003
1385	0.4
1390	0.4
1395	1.98578801845
1400	0.830816333583
1405	0.4
1410	0.4
1415	0.4
1420	0.982253450762
1425	2.09166229649
1430	0.795140817509
1435	0.4
1440	3.65865812637
1445	0.4
1450	0.4
1455	0.4
1460	1.41646019182
1465	0.536670475767
1470	0.4
1475	0.4
1480	0.4
1485	0.4
1490	1.18783704113
1495	0.4
1500	0.667776824407
1505	0.519288565204
1510	0.4
1515	5.57011423867
1520	2.35116205139
1525	0.4
1530	3.16531034255
