0	5.01604196193
5	3.1722169825
10	3.23713921697
15	0.4
20	0.4
25	2.27255219089
30	1.47378954727
35	5.9699237292
40	0.4
45	1.28578728565
50	2.21023540043
55	3.147563664
60	0.4
65	0.4
70	0.4
75	3.75781550063
80	0.4
85	0.4
90	0.4
95	2.74627767418
100	0.4
105	0.4
110	0.523474231487
115	3.90719236813
120	2.6846923736
125	4.33876163032
130	0.4
135	0.4
140	2.05556900931
145	0.402529358668
150	0.791225296748
155	2.67832361334
160	0.4
165	0.4
170	0.4
175	0.4
180	0.4
185	0.67974729886
190	0.4
195	3.95888818843
200	0.4
205	1.58412206511
210	2.78811031887
215	2.36746791984
220	2.37926816889
225	0.4
230	3.47722537523
235	0.4
240	0.4
245	0.598294575781
250	2.43230900275
255	0.4
260	3.30638811793
265	0.4
270	1.34392812508
275	1.2657117115
280	3.80486815558
285	0.4
290	0.4
295	0.4
300	1.74129351264
305	0.4
310	6.11958089205
315	0.4
320	0.4
325	3.10058943139
330	0.4
335	0.4
340	1.36014189892
345	2.4607591916
350	0.4
355	0.4
360	3.58697070956
365	2.84742984042
370	0.4
375	0.4
380	0.4
385	0.560102304881
390	0.4
395	2.42677832372
400	2.75766889622
405	0.4
410	5.63350747686
415	4.93616313366
420	0.4
425	0.4
430	0.4
435	0.870309614966
440	0.4
445	0.4
450	2.19395830727
455	1.47698138728
460	2.37655268081
465	0.4
470	0.850116666947
475	1.8323991192
480	0.4
485	0.4
490	3.14866032206
495	3.93763561503
500	0.4
505	0.4
510	0.4
515	0.4
520	0.4
525	3.16918312895
530	0.4
535	1.01094461787
540	0.4
545	0.4
550	2.13442398201
555	0.4
560	0.4
565	0.4
570	5.68220662149
575	3.08200124128
580	0.4
585	1.84581567435
590	0.4
595	0.4
600	4.06187067452
605	0.56617518048
610	4.2560264925
615	0.4
620	2.21710134221
625	0.4
630	5.53878413332
635	0.4
640	4.33269750422
645	0.4
650	7.71892783853
655	2.4943739319
660	0.4
665	0.4
670	4.58965078054
675	2.63272511806
680	0.489592189747
685	0.4
690	0.4
695	0.4
700	0.4
705	2.70913383893
710	0.4
715	0.4
720	8.80496037141
725	0.4
730	0.4
735	3.01723482867
740	0.581785667804
745	0.4
750	1.80619463295
755	0.4
760	5.10027095016
765	1.11864277296
770	0.759345204366
775	0.4
780	0.4
785	0.654897784168
790	3.02368137843
795	4.73012486388
800	0.4
805	5.06626212297
810	0.4
815	4.51557370873
820	3.78897710076
825	3.12398423207
830	1.2926937582
835	0.4
840	1.16202819041
845	0.4
850	0.923544459656
855	0.4
860	1.8500331893
865	0.4
870	2.07628163127
875	0.4
880	4.14409158954
885	3.6014385472
890	4.83918541742
895	7.65145600991
900	4.00562187163
905	1.32191227462
910	0.4
915	0.4
920	5.17267251034
925	1.18039140678
930	0.4
935	4.9041672385
940	0.4
945	0.4
950	1.27178424789
955	3.06991761226
960	7.08720267088
965	0.4
970	1.14321025133
975	1.46237979035
980	0.998648061076
985	0.4
990	0.587257866673
995	0.666878759696
1000	1.39524639438
1005	5.26612463473
1010	0.4
1015	3.23015173173
1020	1.00581371388
1025	0.4
1030	2.0067048242
1035	1.38892736822
1040	0.815818451184
1045	2.403783628
1050	0.4
1055	0.4
1060	0.44759470032
1065	0.4
1070	1.97321031383
1075	2.97197271551
1080	0.4
1085	0.4
1090	0.4
1095	3.9954870876
1100	0.4
1105	0.707215362028
1110	1.26703124734
1115	0.4
1120	1.33098660562
1125	0.4
1130	0.4
1135	0.4
1140	1.1617958437
1145	0.516075854168
1150	1.95121292249
1155	0.4
1160	1.38270271096
1165	0.4
1170	2.2854284407
1175	4.86068880193
1180	0.4
1185	0.4
1190	0.4
1195	3.61242229711
1200	2.85304196412
1205	1.01467836237
1210	0.4
1215	0.4
1220	0.4
1225	0.465550276618
1230	0.575043236334
1235	0.4
1240	0.4
1245	4.17352125933
1250	0.684814608047
1255	0.4
1260	0.4
1265	3.70861526006
1270	0.4
1275	3.69079421002
1280	1.07171523851
1285	1.28350494353
1290	2.22637533701
1295	3.20589483603
1300	0.4
1305	0.4
1310	0.61422407587
1315	2.68907148973
1320	3.26187389536
1325	0.4
1330	4.88344090808
1335	3.56635482317
1340	0.687572130133
1345	2.05538313611
1350	4.72329862811
1355	0.4
1360	0.4
1365	0.698237946917
1370	0.4
1375	0.4
1380	2.17402152812
1385	0.4
1390	0.4
1395	3.11425230961
1400	1.33635521539
1405	2.42087279969
1410	2.53357229137
1415	0.4
1420	7.8550180224
1425	0.4
1430	0.4
1435	0.4
1440	0.4
1445	0.4
1450	0.645513208284
1455	0.842181980485
1460	3.78337491078
1465	1.37075688075
1470	5.57899084422
1475	2.92333838035
1480	0.4
1485	5.51515617698
1490	1.99695392728
1495	1.22749065563
1500	0.555747738794
1505	0.4
1510	0.4
1515	5.5083220502
1520	1.03987363089
1525	0.4
1530	1.77523906518
1535	0.4
1540	0.4
1545	1.53023918475
1550	5.46747193138
1555	0.4
1560	0.4
1565	0.4
1570	0.4
1575	4.13151267262
1580	9.79995243294
1585	2.07347776405
1590	5.62179081262
1595	0.4
1600	2.63666321493
1605	0.4
1610	0.4
1615	0.4
1620	0.4
1625	7.67938483126
1630	0.4
1635	2.53727818282
1640	0.4
1645	2.34512600563
1650	4.29915929817
1655	6.16918868633
1660	2.40154898381
1665	0.4
1670	2.07125570833
1675	0.4
1680	1.29504375947
1685	1.14449893117
1690	0.4
1695	0.4
1700	0.4
1705	2.71437338556
1710	0.4
1715	0.4
1720	0.664333170714
1725	1.51241383998
1730	5.41121653671
1735	0.727532543304
1740	0.4
1745	1.54405888446
1750	0.891442676324
1755	0.551690755104
1760	0.4
1765	0.4
1770	0.4
1775	0.4
1780	0.4
1785	5.79314781929
1790	0.828578198354
1795	1.52592000311
1800	4.69429139783
1805	0.684116980508
1810	0.4
1815	1.51860490556
1820	2.38050476729
1825	3.84546492641
1830	1.0351321149
1835	0.4
1840	1.62304073766
1845	0.4
1850	0.731437734795
1855	0.4
1860	1.00586074112
