0	0.989937758286
5	3.81326023638
10	3.23326277903
15	0.4
20	0.489834835792
25	0.4
30	1.4838633501
35	2.55799361063
40	0.467406060575
45	0.4
50	1.77696221206
55	0.4
60	0.4
65	0.856295413023
70	1.16332008079
75	1.27970521071
80	0.4
85	2.60759082652
90	0.4
95	0.570911882443
100	0.862228158438
105	1.05777536829
110	0.4
115	0.945828529186
120	0.4
125	1.43660090321
130	1.28820607341
135	0.976180955538
140	2.96194943331
145	1.02668895024
150	0.714154364547
155	0.4
160	0.4
165	2.86035690222
170	1.55578080496
175	0.4
180	0.4
185	0.4
190	6.17340223788
195	0.4
200	3.38224270232
205	0.578301320494
210	2.14244705701
215	0.815622887906
220	0.4
225	0.786474881309
230	0.4
235	0.77384392044
240	0.958458092412
245	1.28494891758
250	0.4
255	0.4
260	0.4
265	0.4
270	0.4
275	0.4
280	0.4
285	0.4
290	0.4
295	0.4
300	0.50312012004
305	0.4
310	0.4
315	1.54212269045
320	2.32102467726
325	0.4
330	0.445754671094
335	0.4
340	0.4
345	1.46173336858
350	0.443783983392
355	2.19478068732
360	0.4
365	1.4581819799
370	0.4
375	0.4
380	1.04831457561
385	1.83589834635
390	0.4
395	2.00055960106
400	4.06543760401
405	1.71712845013
410	3.09448464793
415	0.4
420	1.83306929014
425	1.75565202798
430	0.631036738515
435	1.87709176926
440	1.22038763094
445	1.98555894091
450	0.4
455	2.27028186937
460	1.13829805139
465	0.767767050778
470	0.4
475	2.94677276979
480	3.3385379728
485	0.4
490	0.4
495	0.705249676175
500	0.711269745098
505	0.4
510	0.4
515	3.79133842583
520	0.4
525	0.4
530	0.4
535	0.4
540	2.1142337734
545	1.57346500953
550	0.4
555	1.57857923332
560	4.53123519383
565	0.4
570	3.7582412222
575	0.4
580	1.10488882243
585	2.92384605242
590	0.4
595	1.08296300932
600	0.4
605	2.27735297019
610	1.2532142413
615	0.4
620	0.4
625	3.74655749528
630	2.85535641452
635	1.06476510281
640	0.4
645	1.07372287239
650	1.08600747865
655	0.822893139355
660	0.4
665	0.4
670	3.25884967481
675	2.48624834504
680	0.4
685	0.536996104573
690	0.4
695	1.43050751361
700	0.793702125379
705	1.50005356024
710	3.06241597041
715	0.561788080009
720	0.4
725	0.4
730	0.4
735	0.718299131908
740	2.57305803903
745	0.4
750	4.68152222305
755	1.22469668281
760	2.28090247961
765	2.05006550706
770	0.4
775	0.4
780	1.61752213508
785	0.491860910387
790	0.451873392278
795	0.4
800	0.4
805	1.74963785226
810	1.41783184148
815	6.81225158074
820	1.46858367214
825	3.88255988919
830	0.4
835	2.08098837244
840	0.4
845	0.922649482437
850	2.32575569927
855	1.14017249591
860	2.61369488433
865	3.1419868606
870	0.703375870573
875	1.23767789243
880	1.24763409128
885	0.4
890	2.45420041263
895	0.4
900	2.56795146791
905	0.69881082506
910	0.4
915	3.20408324382
920	0.4
925	0.4
930	1.76826110693
935	0.4
940	2.9407307562
945	0.658931123825
950	1.36987175726
955	0.4
960	0.556914693717
965	0.4
970	1.36920482943
975	3.13076949963
980	2.08148877936
985	0.525241939688
990	1.48914736429
995	1.92843916432
1000	1.00183500334
1005	6.59210506036
1010	1.57816670825
1015	1.82956338919
1020	2.13180559886
1025	1.11141009015
1030	0.4
1035	0.4
1040	0.835663210665
1045	1.00155146932
1050	1.62286740479
1055	1.35464626889
1060	0.4
1065	0.4
1070	1.12096244995
1075	1.44675931924
1080	1.3233320157
1085	0.4
1090	0.899982571517
1095	0.749873296431
1100	0.530092865446
1105	0.97947691429
1110	0.4
1115	0.4
1120	2.42580018652
1125	0.48646826723
1130	1.05842843574
1135	0.4
1140	1.20979577666
1145	0.975689684168
1150	2.33916683781
1155	2.68465619585
1160	0.4
1165	0.4
1170	0.724229257563
1175	2.65406460077
1180	0.4
1185	0.4
1190	0.533568736464
1195	2.18941100433
1200	0.4
1205	0.4
1210	1.0713387383
1215	0.4
1220	1.24047503014
1225	0.4
1230	2.41325784553
1235	2.81457846492
1240	4.16945923309
1245	0.836076071084
1250	0.4
1255	0.4
1260	0.87093099801
1265	0.676490411184
1270	0.483850057705
1275	0.4
1280	0.717462021701
1285	0.4
1290	1.70199468192
1295	1.29795121519
1300	1.18506042384
1305	0.802859507749
1310	2.07013480096
1315	0.4
1320	1.67413994171
1325	0.4
1330	0.4
1335	5.55070169194
1340	0.4
1345	0.4
1350	0.4
1355	0.940498100313
1360	1.39702193804
1365	2.48450481494
1370	0.4
1375	0.4
1380	0.4
1385	0.874163133756
1390	0.4
1395	3.31600229908
1400	3.71921858939
1405	0.4
1410	0.4
1415	1.10231677236
1420	0.4
1425	3.03436008344
1430	0.4
1435	0.81706099088
1440	2.58472318089
1445	0.852480418905
1450	0.4
1455	3.34808864121
1460	0.4
1465	1.58922499682
1470	0.4
1475	1.56187058653
1480	2.08042970976
1485	0.4
1490	0.4
1495	0.995770892766
1500	2.42857708489
1505	1.40573515547
1510	0.4
1515	0.4
1520	1.25476079873
1525	0.4
1530	0.4
1535	0.4
1540	0.4
1545	4.2689851994
1550	1.65607585132
1555	0.708570028645
