0	0.458439482918
5	2.3258121561
10	1.80637695471
15	2.71068474087
20	1.4358218272
25	2.6660831136
30	2.23711018054
35	2.42111311066
40	1.31103494496
45	2.19631525342
50	3.05671663016
55	1.97709321889
60	2.74652865196
65	1.96227473047
70	2.07982244569
75	2.56382817081
80	3.6424336414
85	1.29644831098
90	5.76719016406
95	2.17151371983
100	1.30522595628
105	1.58269269717
110	1.34546797599
115	2.94506032171
120	2.67956895891
125	2.87722942338
130	3.57196208927
135	2.21512761202
140	2.80070493186
145	2.28051257914
150	2.83231117544
155	3.64458505037
160	1.21755965196
165	1.67655176286
170	0.4
175	0.4
180	1.68051021639
185	0.659761509329
190	3.88945661652
195	1.66756478991
200	1.61670951165
205	5.77153325109
210	1.11582331481
215	4.9856479699
220	0.831870079181
225	1.09758675113
230	0.4
235	4.04439277149
240	3.15943553777
245	3.12154385565
250	3.27395286059
255	3.7107287197
260	1.62207605735
265	2.39860375781
270	3.1740124589
275	4.72226305663
280	1.79510381312
285	2.47295240309
290	2.00110604097
295	2.19404821536
300	3.27292373207
305	2.98092011656
310	3.84712367108
315	0.4
320	1.40071236514
325	1.64508170796
330	2.84102296512
335	2.52198486793
340	0.4
345	4.99189900829
350	3.89431887421
355	1.48919718014
360	3.04906078956
365	1.98889524312
370	2.61842912093
375	4.41806752897
380	1.99199598353
385	2.36494799775
390	2.81896495483
395	0.4
400	0.4
405	3.11908033288
410	0.716998953847
415	3.5250080783
420	5.00694791883
425	2.85348370326
430	4.02743255065
435	2.22029134634
440	1.91433768464
445	2.599335654
450	2.36579151687
455	3.31124782288
460	0.681324758185
465	2.58793650658
470	2.70654571646
475	1.3509571708
480	2.92480000403
485	2.82859076576
490	2.37097528454
495	3.68077358742
500	2.01810238922
505	1.19478716039
510	0.4
515	3.48859420533
520	2.67897287245
525	1.80505652489
530	4.92418448836
535	0.599423125604
540	2.61377200057
545	1.59087492775
550	2.03324469896
555	2.38749245881
560	2.31424591204
565	0.4
570	2.57843383743
575	1.19074898867
580	2.00600633468
585	3.89821964034
590	3.08074969226
595	3.62716922868
600	1.96158104319
605	4.0381749724
610	1.52219032583
615	1.63519470314
620	1.26350874237
625	2.82065229835
630	3.08359552332
635	3.54942229459
640	1.00959968194
645	3.82060186951
650	4.41231235263
655	4.31923341961
660	2.35135525843
665	2.9231312236
670	2.03638464016
675	0.4
680	2.72701106453
685	1.52788287773
690	3.21925869514
695	1.64799747379
700	1.95997840879
705	3.08310834952
710	2.79379618017
715	2.71398056406
720	2.72720848843
725	4.30769359401
730	4.45461683132
735	0.63915788955
740	1.46282471959
745	2.77423646305
750	2.62418007658
755	3.25733932225
760	3.91427208375
765	0.61764434467
770	3.63675205447
775	2.00112226056
780	1.80471956138
785	1.81820506607
790	3.35867037604
795	2.30390751227
800	1.35291277624
805	0.716416214852
810	2.72688897478
815	2.44351193097
820	2.84844995186
825	3.40081492042
830	2.92958102937
835	3.41024736014
840	2.62594695882
845	1.28269751233
850	1.63229723637
855	2.20793616735
860	2.15238590965
865	3.23089469879
870	1.96199307558
875	0.4
880	3.08838334887
885	3.91306678125
890	2.87592691021
895	4.27751086748
900	1.75851467846
905	3.25988814351
910	1.46649738489
915	3.92790389876
920	0.4
925	1.8016816891
930	4.79762552459
935	4.82642716473
940	3.57407136114
945	0.4
950	0.87286475284
955	3.48655567542
960	2.83879985154
965	1.09239177663
970	1.55884219971
975	3.79178305144
980	2.69378601107
985	5.12491913749
990	2.48238546155
995	2.88556275752
1000	0.723998404985
1005	0.4
1010	3.20701189257
1015	0.93129921289
1020	3.82843221365
1025	5.20726501882
1030	4.97790435929
1035	2.70685669878
1040	2.01644438023
1045	5.4242312415
1050	5.33551803669
1055	1.65261963946
1060	1.76148136781
1065	3.96559067536
1070	2.40419957699
1075	1.6324876499
1080	0.4
1085	0.4
1090	1.32279752064
1095	1.74823255901
1100	5.74627636948
1105	0.926267585506
1110	0.4
1115	2.17006713677
1120	0.4
1125	3.84963580382
1130	2.44207469993
1135	3.26755068987
1140	1.95520831507
1145	3.26692166757
1150	5.06504033461
1155	2.73234122341
1160	0.495079186885
1165	2.22100742384
1170	3.07333236732
1175	3.86320816216
1180	3.654037086
1185	0.4
1190	2.55049064048
1195	3.72963266785
1200	0.4
1205	2.92325911402
1210	4.53343837742
1215	4.1118510926
1220	0.588320053304
1225	1.53961869477
1230	1.3137589973
1235	1.18456403693
1240	1.23365575912
1245	1.56300991186
1250	1.26570239948
1255	3.99794048389
1260	2.43382007469
1265	0.4
1270	2.95305217569
1275	3.50111161606
1280	3.05390159799
1285	1.59284700286
1290	2.29745002664
1295	3.13165209176
1300	1.34205428524
1305	1.12877791036
1310	3.58719436447
1315	0.4
1320	0.4
1325	3.30117850153
1330	1.23701461458
1335	1.07719587107
1340	3.04448371418
1345	5.01812332753
1350	3.69926737138
1355	3.19199377832
1360	2.51545455372
1365	2.7127050235
1370	2.77196389263
1375	2.65782777866
1380	2.93256836894
1385	0.4
1390	1.71726252842
1395	2.02330409244
1400	1.17635808927
1405	2.33348043225
1410	2.72721576554
1415	1.59828241332
1420	3.66041038226
1425	4.95302046735
1430	3.56128929556
1435	0.456518614201
1440	0.4
1445	1.61823291088
1450	0.854866219521
1455	1.9359485158
1460	0.4
1465	2.91381506936
1470	1.8340609386
1475	2.3277321957
1480	0.49608288148
1485	3.45261241034
1490	2.22219639194
1495	2.79821304838
1500	2.74737639851
1505	3.84311006359
1510	2.21751392937
1515	3.91606535643
1520	3.3981506032
