0	4.83006376086
5	0.4
10	0.4
15	2.37838979893
20	0.4
25	0.4
30	0.4
35	6.90811069598
40	0.4
45	0.74682219849
50	1.10954975823
55	0.4
60	3.33031799732
65	0.4
70	3.5024401437
75	0.4
80	7.47194831062
85	5.03605579638
90	0.4
95	3.44996944528
100	0.4
105	0.4
110	0.4
115	0.4
120	0.4
125	2.07601689409
130	0.4
135	0.4
140	1.77463703452
145	0.4
150	3.38875347429
155	3.0966627837
160	0.4
165	3.29037473596
170	0.4
175	0.4
180	1.39272341625
185	8.1809963332
190	0.4
195	0.937933208541
200	0.4
205	0.781979472202
210	0.506493149533
215	0.4
220	0.639842680486
225	0.889141459192
230	0.4
235	3.16373460924
240	0.4
245	8.82850532069
250	7.15991518672
255	0.670927048142
260	0.4
265	0.4
270	0.4
275	0.4
280	4.13982243415
285	0.4
290	0.960239439998
295	0.4
300	7.82406570987
305	0.4
310	1.1618191694
315	1.69521007985
320	2.48270272035
325	2.20004340231
330	2.87495569739
335	2.73156907762
340	0.4
345	1.49576698707
350	2.43121562529
355	0.4
360	0.4
365	4.05769059929
370	2.04307960604
375	6.33080856266
380	0.4
385	0.4
390	0.927170703675
395	0.4
400	3.41789766076
405	2.04596666696
410	1.36174895841
415	6.81040026264
420	0.4
425	0.495979053997
430	0.4
435	10.4029641575
440	0.4
445	0.4
450	1.79870396666
455	2.84629852901
460	3.80783465535
465	1.24229771255
470	1.66687214331
475	0.654896708934
480	0.4
485	1.54839087791
490	5.4445165834
495	3.48468086713
500	0.4
505	0.4
510	0.4
515	0.4
520	0.881453474478
525	0.4
530	0.4
535	2.00916710891
540	3.17064390976
545	0.4
550	0.4
555	0.726076351248
560	1.89520475123
565	1.09407143232
570	1.1374920765
575	0.4
580	3.49346977227
585	2.664948658
590	0.4
595	0.4
600	5.46212667971
605	5.95820907187
610	0.4
615	0.4
620	0.4
625	0.4
630	0.4
635	0.4
640	0.400130572293
645	1.67559566744
650	5.86975387789
655	0.4
660	5.39280113347
665	0.837934724512
670	0.4
675	0.4
680	3.47938952135
685	1.4170872427
690	0.931030645956
695	1.63518787043
700	6.60574675928
705	7.97572798035
710	4.46140139882
715	0.4
720	0.4
725	2.20341622135
730	3.68023468158
735	3.70355306386
740	0.610547746586
745	0.4
750	2.78423789189
755	0.4
760	3.51141507524
765	2.74642523265
770	0.4
775	1.64020907462
780	3.50733818377
785	1.77476127094
790	0.4
795	0.4
800	3.8162326408
805	2.6151018737
810	2.54080203864
815	2.483726869
820	0.4
825	0.4
830	2.40748830707
835	0.4
840	1.19629570716
845	6.34382187875
850	0.4
855	0.4
860	2.12648985776
865	1.09645648307
870	7.50792028608
875	4.53721773138
880	4.36310863528
885	0.4
890	0.4
895	0.4
900	0.4
905	0.4
910	2.40968317369
915	2.51460606674
920	0.4
925	2.76643181144
930	3.21011725496
935	5.23899580873
940	0.4
945	0.4
950	0.4
955	0.863180678465
960	0.4
965	4.6932445771
970	0.4
975	3.05678088194
980	0.4
985	0.4
990	1.78317386167
995	0.4
1000	1.55405276137
1005	0.4
1010	0.4
1015	0.4
1020	0.4
1025	0.417612151262
1030	3.80641788658
1035	2.45402077068
1040	1.7712689593
1045	0.781666385738
1050	2.24099028547
1055	0.864756021077
1060	0.4
1065	1.0913867544
1070	0.4
1075	0.4
1080	0.4
1085	3.22072959904
1090	1.44587056519
1095	0.4
1100	0.949661990992
1105	0.4
1110	2.49506281198
1115	2.40926799581
1120	3.96851845526
1125	0.755016416223
1130	3.62868655131
1135	2.51101157798
1140	4.76671187694
1145	2.52811280767
1150	2.2347279811
1155	0.4
1160	7.39984243515
1165	0.4
1170	0.4
1175	0.4
1180	6.54406581559
1185	2.00755699268
1190	0.4
1195	7.83805964647
1200	1.71721261854
1205	0.4
1210	2.28362682567
1215	2.77282925138
1220	0.418993323598
1225	4.31463363558
1230	0.4
1235	0.4
1240	1.87910373959
1245	6.33979202793
1250	5.52470481143
1255	1.41764390493
1260	1.54569965498
1265	3.00456685379
1270	6.62075815926
1275	0.4
1280	5.14804674448
1285	0.4
1290	0.4
1295	4.11603575709
1300	0.794149606215
1305	0.4
1310	0.4
1315	0.4
1320	1.91517809555
1325	2.1768131276
1330	0.46182414133
1335	0.4
1340	1.17871739261
1345	3.33702277103
1350	0.4
1355	0.4
1360	0.4
1365	0.4
1370	5.13554942811
1375	5.63358460128
1380	1.96809639905
1385	2.07920366661
1390	0.4
1395	0.4
1400	10.2170718888
1405	1.96919541388
1410	0.4
1415	6.78461969632
1420	0.4
1425	1.82521905481
1430	0.4
1435	3.90775770815
1440	0.4
1445	3.80528538525
1450	1.79068483782
1455	1.88518028523
1460	2.49324594068
1465	2.01888523519
1470	2.53473088024
1475	0.4
1480	0.4
1485	3.98043701159
1490	1.08431495949
1495	0.4
1500	1.03007460287
1505	0.404098308267
1510	1.93785683693
1515	0.4
1520	2.63702009367
1525	0.4
1530	0.4
1535	0.4
1540	0.4
1545	0.4
1550	0.4
1555	0.4
1560	1.98161679522
1565	0.4
1570	0.694485290205
1575	0.452267480577
1580	1.24338390002
1585	0.566543085048
1590	0.4
1595	1.22430870444
1600	0.4
1605	0.4
1610	2.02753194596
1615	0.4
1620	5.27246181904
1625	1.99005670209
1630	5.65276025671
1635	0.4
1640	3.57658780037
1645	0.4
1650	7.15377200636
1655	0.4
