0	0.617101925066
5	0.746315005839
10	2.93704576324
15	0.837027732373
20	0.714163319711
25	0.4
30	0.4
35	0.4
40	0.411563920264
45	2.76316599896
50	1.54835217737
55	2.30981257421
60	1.06097109714
65	0.753270553805
70	2.04412141006
75	0.845067799359
80	1.55773012668
85	0.714599128648
90	1.75627754849
95	0.963694483998
100	0.4
105	0.920266514928
110	1.3118102147
115	0.4
120	2.79886162034
125	0.4
130	2.0363343307
135	0.4
140	1.56385983388
145	1.72993727333
150	0.4
155	0.928656600602
160	0.4
165	0.4
170	1.34609656047
175	1.25141207174
180	0.414606132155
185	0.682974080142
190	0.529202199988
195	1.23638971181
200	0.481265387795
205	0.933202821812
210	0.4
215	1.91378556887
220	1.09073901112
225	1.78774812488
230	0.4
235	0.4
240	1.22244649405
245	0.824268498716
250	0.608772923768
255	0.4
260	0.4
265	1.54745335426
270	0.531084115901
275	0.4
280	0.4
285	0.4
290	0.4
295	0.4
300	0.569563511431
305	0.4
310	0.4
315	0.4
320	0.4
325	0.4
330	1.40297876835
335	0.696926062892
340	0.4
345	0.423780940025
350	1.92408647487
355	1.35177197737
360	1.99344694275
365	0.941364423112
370	0.430557241103
375	1.45297036421
380	0.768166287519
385	1.20776075389
390	1.02225616257
395	1.04637174024
400	0.430574378827
405	0.4
410	0.4
415	0.4
420	1.29086990447
425	0.4
430	0.521723479448
435	0.4
440	0.4
445	0.4
450	0.417996564967
455	1.16164785712
460	0.4
465	0.862592640765
470	0.698367468413
475	0.501000743787
480	0.4
485	0.949266268273
490	0.4
495	1.77757912221
500	0.673375779981
505	0.4
510	0.4
515	1.14285281514
520	0.4
525	1.04740535249
530	0.720568789255
535	0.622259411456
540	0.4
545	0.4
550	1.03097104448
555	0.4
560	1.1750933572
565	0.4
570	1.71205766248
575	0.537100881412
580	0.585028065765
585	0.579873988787
590	0.4
595	1.49719411605
600	1.34345167594
605	0.4
610	0.4
615	0.4
620	1.43966895868
625	0.4
630	0.4
635	0.4
640	0.4
645	1.05049053441
650	0.471243338536
655	2.25459175567
660	1.22925775449
665	2.287948487
670	1.75119030201
675	0.869019133922
680	1.41262109223
685	0.708637379947
690	0.623746003713
695	1.12796762201
700	0.4
705	0.4
710	0.4
715	0.4
720	1.21866423444
725	0.4
730	0.927465734782
735	1.05038936721
740	0.4
745	0.740588620242
750	0.542865189558
755	1.06840890218
760	2.42943896091
765	0.705877480153
770	2.8569321738
775	0.964188657582
780	0.4
785	0.4
790	0.944358482324
795	0.4
800	0.590720433734
805	0.4
810	0.4
815	1.19151617446
820	0.4
825	1.01160691443
830	0.656555075991
835	0.930443681467
840	0.498260415236
845	0.4
850	3.00117164038
855	0.4
860	0.784792540578
865	2.53593684164
870	0.795394857242
875	0.4
880	0.699426832707
885	0.775170245056
890	0.4
895	0.4
900	0.4
905	0.862149421904
910	0.4
915	0.735692943811
920	0.449554594395
925	0.4
930	0.4
935	0.467353530459
940	0.72409797891
945	1.65725796621
950	0.4
955	0.4
960	1.14546204837
965	1.53554497528
970	0.593725671588
975	0.4
980	0.4
985	1.03177814504
990	0.4
995	0.4
1000	1.54647549739
1005	0.78393570838
1010	0.4
1015	0.459262141537
1020	0.4
1025	0.4
1030	0.4
1035	0.4
1040	2.53081444624
1045	0.761070299901
1050	0.62159915161
1055	0.4
1060	0.456812967543
1065	1.87255262078
1070	0.613513920594
1075	1.24502575852
1080	3.34129023571
1085	0.4
1090	0.4
1095	0.757076597445
1100	0.4
1105	0.524605980334
1110	0.926243847109
1115	0.4
1120	0.4
1125	1.28475365132
1130	1.71430664559
1135	1.84399549088
1140	0.4
1145	0.4
1150	0.4
1155	0.4
1160	0.4
1165	0.4
1170	1.171658567
1175	0.610808617918
1180	0.4
1185	0.4
1190	0.4
1195	0.4
1200	0.896761712812
1205	0.697553334576
1210	0.62100328637
1215	0.4
1220	0.4
1225	0.67205323454
1230	0.4
1235	0.4
1240	0.4
1245	0.875381415914
1250	0.797039561518
1255	0.4
1260	1.36931531899
1265	0.4
1270	0.4
1275	0.815094716073
1280	0.4
1285	0.4
1290	1.29741484776
1295	0.4
1300	0.435583171916
1305	1.76769597847
1310	1.12315434134
1315	0.676347218505
1320	1.26965948536
1325	1.97971276141
1330	0.783010451759
1335	0.4
1340	1.77058879185
1345	1.54410545589
1350	0.670262497028
1355	1.19949664132
1360	0.4
1365	0.4
1370	1.58020165681
1375	0.80830818134
1380	0.474849800052
1385	0.4
1390	1.23618969708
1395	0.496156147869
1400	0.4
1405	0.500649635894
1410	0.74460486816
1415	0.4
1420	1.29248745575
1425	1.19969537494
1430	0.4
1435	0.841124690308
1440	0.4
1445	0.4
1450	1.06814726121
1455	0.45506535352
1460	1.15209313059
1465	0.4
1470	1.19506755319
1475	0.601799080569
1480	1.031960107
1485	0.4
1490	0.4
1495	0.4
1500	0.4
1505	0.762841939789
1510	0.4
1515	0.4
1520	2.80677682551
1525	1.6478525627
1530	0.4
1535	0.420824287142
1540	0.4
1545	0.46861236841
1550	1.50614769514
1555	0.4
1560	1.39577513733
1565	0.4
1570	2.06014072159
1575	1.22977853156
1580	0.4
1585	0.4
1590	0.58290500624
1595	0.99233866571
1600	5.29703028131
1605	0.4
1610	0.4
1615	0.4
1620	0.4
1625	0.4
1630	0.4
1635	0.706704056379
1640	0.630725271669
1645	0.575203936484
1650	1.88382802033
1655	0.4
1660	0.4
1665	0.4
1670	0.434504196919
1675	0.58867905309
1680	0.724501640728
1685	0.4
1690	1.87769960135
1695	0.933740440892
1700	1.78026219109
