0	1.74480287172
5	1.09238071369
10	0.4
15	1.40817168377
20	0.4
25	2.60678070063
30	2.21853273088
35	0.4
40	1.29148959598
45	0.612944825146
50	1.92751875542
55	3.37964011423
60	4.33047969248
65	1.59466769976
70	0.6392575686
75	0.878238195946
80	0.677650296739
85	1.38897836273
90	1.44419382119
95	0.614788640755
100	1.37762195057
105	1.82497778575
110	0.4
115	1.83263809223
120	3.10624250683
125	0.4
130	1.91663916184
135	0.4
140	0.4
145	0.4
150	1.0868192051
155	3.67327332604
160	1.98684565644
165	1.95187992562
170	0.4
175	0.4
180	2.35013730338
185	2.53100799706
190	0.733225818629
195	1.18825576004
200	2.46471543191
205	0.4
210	1.17634147297
215	0.758444575386
220	1.47032072582
225	1.59260387814
230	0.4
235	0.4
240	2.20166871099
245	1.43109022365
250	1.10398521553
255	1.71920866204
260	0.4
265	1.05320395646
270	2.30990922997
275	0.983018439484
280	1.13376537719
285	0.852733919303
290	1.04559381547
295	2.99177707548
300	0.4
305	1.37898816903
310	0.607767681236
315	2.23470666255
320	0.559660512814
325	1.13401848621
330	0.86184297774
335	0.4
340	1.1738120009
345	0.4
350	0.4
355	1.90462114807
360	1.61809283804
365	0.426257940428
370	0.4
375	2.53494939139
380	0.95663417136
385	1.46281525235
390	1.67680349272
395	0.4
400	0.4
405	0.4
410	0.745884071283
415	0.831782849781
420	1.51496881515
425	0.4
430	0.4
435	0.4
440	0.4
445	0.4
450	0.4
455	3.59429241927
460	0.861597352056
465	0.587391641303
470	1.33337467173
475	1.6876009862
480	4.20841372976
485	0.4
490	0.549964831508
495	1.81568804994
500	1.39248701208
505	0.750090793969
510	3.63129197023
515	1.8459165191
520	0.434769271396
525	2.00633680496
530	2.92862941869
535	0.4
540	0.988774366003
545	1.63595105184
550	0.4
555	0.4
560	0.759126985437
565	0.617988461764
570	0.4
575	0.4
580	0.4
585	0.673603531286
590	1.36163047612
595	0.668377504847
600	0.4
605	0.4
610	0.58341446194
615	1.52869313696
620	0.4
625	0.58804032472
630	0.637318287641
635	0.686529483135
640	3.09051322922
645	0.887090268639
650	0.4
655	0.654746030361
660	0.966151602942
665	1.81312161157
670	2.3398846739
675	0.4
680	0.4
685	2.2326715463
690	0.4
695	0.4
700	2.43257930454
705	2.66922058609
710	0.4
715	2.80800128022
720	2.60616894999
725	1.07411138448
730	1.9906041947
735	0.496167482745
740	2.46528069192
745	0.4
750	0.4
755	2.09211066075
760	0.462219579472
765	2.62716004928
770	0.4
775	2.07135508917
780	1.37519819576
785	1.57357417901
790	0.4
795	1.72363127564
800	1.32271401504
805	1.80874457174
810	0.812061229655
815	1.84713161114
820	2.4671717559
825	2.04273010982
830	1.12049429328
835	0.511134694738
840	0.4
845	0.86588580556
850	1.54962271551
855	2.37221634826
860	0.883933871857
865	2.80659778205
870	1.76475126252
875	1.79902122463
880	0.4
885	0.593447763153
890	1.1329390806
895	0.4
900	1.68546417063
905	0.998471424911
910	1.0858667158
915	0.4
920	0.4
925	2.86144089499
930	2.6600471864
935	2.38963874371
940	0.4
945	1.49161479772
950	1.46795060626
955	1.00490045851
960	1.27366982326
965	0.4
970	1.6565767904
975	1.81533649225
980	0.4
985	2.79157558431
990	0.4
995	1.91686299746
1000	0.488522237738
1005	2.5421419432
1010	2.1885295633
1015	1.06311547094
1020	2.04137215194
1025	0.4
1030	0.959498319596
1035	0.4
1040	1.9429189516
1045	2.95826739651
1050	0.4
1055	0.4
1060	0.4
1065	0.622402849696
1070	0.578081810127
1075	0.4
1080	2.35881194548
1085	1.52417110963
1090	4.88390172982
1095	3.28961842166
1100	2.73682901525
1105	0.4
1110	2.12843454109
1115	1.1099727837
1120	0.4
1125	0.4
1130	0.4
1135	2.2806164097
1140	0.4
1145	1.29310113104
1150	1.19201943749
1155	2.43963047442
1160	1.45331115656
1165	0.4
1170	4.68486398644
1175	2.57480233513
1180	1.34956531548
1185	3.13489754932
1190	1.99887763559
1195	0.402326736194
1200	0.461136384322
1205	1.96075312176
1210	1.56192110421
1215	0.891931961511
1220	1.42537056027
1225	1.63414377011
1230	1.92677444466
1235	1.62653445301
1240	0.447245840441
1245	1.44728594514
1250	0.4
1255	1.11401197018
1260	2.85637030353
1265	0.643012538571
1270	2.03801039548
1275	4.23437505707
1280	0.817313020206
1285	0.934644010255
1290	1.00149009248
1295	0.659361370911
1300	1.39945517021
1305	1.70327586955
1310	0.980855162469
1315	2.90511775212
1320	0.451337275216
1325	0.623319721822
1330	0.845773534044
1335	3.48336119084
1340	0.4
1345	1.94040948575
1350	2.49633039288
1355	1.24887378919
1360	0.4
1365	1.43575907054
1370	0.4
1375	1.53628051435
1380	1.38135168747
1385	1.66784146081
1390	1.52500485278
1395	0.672363325372
1400	1.8994055905
1405	2.32668731449
1410	0.967967040796
1415	2.78383432975
1420	1.28113317365
1425	0.455376831001
1430	2.25439933978
1435	1.6370012873
1440	0.4
1445	3.69330060366
1450	0.465671529239
1455	0.4
1460	1.20798912125
1465	1.34978300192
1470	0.4
1475	0.4
1480	0.4
1485	1.13590313509
1490	2.21025576375
1495	0.4
1500	2.65963992258
1505	0.957354172184
1510	0.4
1515	1.08673805373
1520	0.426750809146
1525	1.44895120546
1530	1.33691095381
1535	2.57501995749
1540	1.89000896759
1545	1.01697660053
1550	0.4
1555	0.828197689495
1560	1.02949599402
1565	0.4
1570	4.07170171116
1575	3.00520315885
1580	2.99125069612
1585	0.4
1590	1.37364558784
1595	1.45835967946
1600	0.4
1605	1.85223666263
1610	0.4
1615	1.54046452173
1620	0.462121422485
1625	1.4921341342
1630	1.43084230719
1635	0.4
1640	0.467894540064
1645	1.31089863394
1650	2.99129160798
1655	0.4
1660	2.38060627208
1665	2.72633918818
1670	0.4
1675	1.77392740019
1680	1.52233869435
1685	2.19633083692
1690	3.65776495997
1695	0.4
1700	0.4
1705	1.30834278695
1710	0.621152942645
1715	0.4
1720	2.54737411429
1725	0.746577849182
1730	0.45424461978
1735	1.9563453698
1740	3.39078431638
1745	0.907689040361
1750	0.45443784019
1755	0.4
1760	2.38626140165
1765	0.4
1770	0.811923108636
1775	1.90187754464
1780	3.02579331573
1785	1.66900828509
1790	3.61569291394
1795	0.823685424875
1800	1.60787624085
1805	1.28999419841
1810	0.4
1815	2.07308036668
1820	3.70890733641
