0	1.6398848646
5	1.84562087077
10	3.29196191151
15	0.570487793737
20	1.56429334736
25	0.4
30	4.2622734727
35	0.4
40	0.4
45	1.23974047299
50	0.832110896039
55	1.5530128049
60	1.03450360183
65	0.4
70	1.67288699702
75	0.4
80	1.37917257369
85	0.883471793807
90	3.6088375684
95	0.672782053819
100	1.91147835502
105	1.08818360195
110	0.4
115	5.54060281832
120	0.937917953222
125	0.461446410544
130	1.04153299595
135	0.4
140	0.627375248054
145	3.15278011074
150	1.21253588217
155	2.01641459946
160	0.4
165	1.86367143511
170	3.07772327985
175	2.7242086874
180	0.4
185	1.59373319228
190	1.78542405628
195	1.21214805619
200	1.58032669082
205	1.81714414476
210	1.00836691916
215	1.24157749437
220	1.02185719063
225	0.4
230	1.63870405742
235	0.704472287879
240	1.46446831361
245	1.48374403142
250	0.595437627945
255	1.54794130035
260	2.41000257752
265	3.38486189212
270	0.87060781365
275	1.32788794183
280	1.36678463533
285	0.4
290	0.966193978617
295	0.404587215869
300	2.60791526234
305	0.4
310	0.716379616521
315	0.4
320	0.792925563508
325	1.4320360644
330	0.514780850084
335	0.4
340	1.67977514815
345	0.790280882808
350	1.43273189681
355	1.08587440053
360	1.97475444959
365	0.4
370	0.4
375	0.449102473943
380	1.19409177006
385	0.4
390	1.22577177658
395	2.888091356
400	0.4
405	0.820727512338
410	3.72471772165
415	0.4
420	1.79829408073
425	0.4
430	0.4
435	0.4
440	2.45013187967
445	1.12756405446
450	0.4
455	1.73933307469
460	1.52041498693
465	0.998337759611
470	1.97772781372
475	0.568570015041
480	0.4
485	0.83468870703
490	0.4
495	3.97038234732
500	0.4
505	2.42935630487
510	1.59698154777
515	4.66470110307
520	0.4
525	2.6846131777
530	2.67248143796
535	1.6367336592
540	0.4
545	1.79063107935
550	1.8195793364
555	0.773702354979
560	2.03347795307
565	0.808073943352
570	1.83355289883
575	3.19949683158
580	0.677512134835
585	0.4
590	0.823631951911
595	1.12900778845
600	3.18033843454
605	3.48980111827
610	1.5380248864
615	0.4
620	1.30394862791
625	2.16678321615
630	1.55175625275
635	1.00928034104
640	0.42598487943
645	6.81733264773
650	0.4
655	0.4
660	1.96819837224
665	4.59629608036
670	0.4
675	1.53077709829
680	0.4
685	3.29126184458
690	2.20614209988
695	0.4
700	0.4
705	0.4
710	1.59275184179
715	1.61628678779
720	2.30273896563
725	2.56487634106
730	0.4
735	1.42990532155
740	0.705082828481
745	3.02724431878
750	0.4
755	1.66268270172
760	0.867080517556
765	1.17261548858
770	2.98485955701
775	1.51940034754
780	1.44446877673
785	0.4
790	1.32217821838
795	1.26839232869
800	0.4
805	1.89402357201
810	1.46626363323
815	1.71300010676
820	0.908692824427
825	0.418807927414
830	2.93040890062
835	0.4
840	0.4
845	1.50275780993
850	1.44268898973
855	0.4
860	0.87812489166
865	2.33334432937
870	1.03527408147
875	0.572988067147
880	1.52140159176
885	0.4
890	1.86795217298
895	3.88955169942
900	0.969488412599
905	0.707375046046
910	0.4
915	0.4
920	0.963356368811
925	0.4
930	0.4
935	0.578036987029
940	2.41387162857
945	1.51778501235
950	0.407005434786
955	3.12476918944
960	3.83859315751
965	0.853402841863
970	0.850872812885
975	0.4
980	0.4
985	1.42258033862
990	0.4
995	0.680871342202
1000	2.76714786006
1005	2.61014252048
1010	1.12394438864
1015	1.49038909515
1020	0.4
1025	0.4
1030	2.67521081334
1035	1.58587181665
1040	0.590891784769
1045	0.4
1050	4.02402570766
1055	5.12782575077
1060	1.59337683202
1065	0.78586940617
1070	0.4
1075	1.97471514623
1080	2.16097748712
1085	0.4
1090	2.19030639972
1095	0.911811552257
1100	3.22403556245
1105	0.4
1110	2.06525912291
1115	0.4
1120	2.13915194971
1125	2.41046484793
1130	2.3994248337
1135	0.819744910254
1140	1.38155796388
1145	0.4
1150	1.66804667732
1155	3.37863404733
1160	1.07194849555
1165	0.696980513463
1170	1.87726793134
1175	0.4
1180	3.49856366633
1185	3.13117077186
1190	1.91965279796
1195	0.971069943411
1200	0.4
1205	0.4
1210	0.4
1215	2.74925084603
1220	2.02237976801
1225	0.978794836169
1230	2.02593684598
1235	3.48502743836
1240	0.4
1245	1.9897704265
1250	1.38519611347
1255	1.25565782434
1260	1.54303190309
1265	0.4
1270	0.4
1275	3.57407815405
1280	2.79025416696
1285	3.64025111124
1290	2.88531378538
1295	0.4
1300	3.80708230549
1305	0.4
1310	0.4
1315	1.79112002099
1320	0.4
1325	2.36380863271
1330	0.681538355595
1335	0.683724843847
1340	0.4
1345	1.35602921454
1350	0.4
1355	0.4
1360	1.13264285542
1365	4.58994911632
1370	3.34835990121
1375	0.4
1380	0.416863459299
1385	1.2437014795
1390	3.54022583936
1395	0.4
1400	1.71994295858
1405	0.74442621348
1410	0.712682048474
1415	3.01464675962
1420	0.4
1425	1.75584818256
1430	0.4
1435	0.4
1440	1.13142034189
1445	0.641330833592
1450	2.55388502592
1455	0.4
1460	0.4
1465	0.532156760989
1470	1.47331228341
1475	1.58600334945
1480	1.82944354588
1485	1.65130816383
1490	1.22175230239
1495	3.63271610912
1500	1.09540382375
1505	2.13317567501
1510	0.80375166887
1515	0.4
1520	0.4
1525	1.12066621687
1530	2.74358708993
1535	0.4
1540	3.040387477
1545	2.55365237655
1550	0.4
1555	0.4
1560	1.69576751292
1565	0.4
1570	0.4
1575	5.48977300267
1580	0.4
1585	0.427722881571
1590	0.4
1595	0.893531458615
1600	3.59748933839
1605	1.27266057728
1610	0.484993487964
1615	3.24164664284
1620	0.4
1625	2.0767337372
1630	0.4
1635	1.16258289305
1640	0.4
1645	2.29923954397
1650	2.16751220253
1655	0.694428544123
1660	2.4630872905
1665	0.4
1670	0.4
1675	1.75904905524
1680	3.615518337
1685	3.80093236476
1690	3.1006349031
1695	1.9008153695
1700	3.41513785928
1705	1.70021965695
1710	0.4
1715	0.4
1720	2.10352637242
1725	3.93128010824
1730	3.48370033684
1735	3.28410311026
1740	0.4
1745	3.26896075949
1750	0.458762792452
1755	7.28654798896
1760	1.22772978033
1765	5.67988793928
1770	1.37345545779
1775	0.4
1780	0.41375630907
1785	2.16215356161
1790	1.54116802263
1795	1.65151077051
1800	0.4
1805	0.615849124663
1810	0.49031090149
1815	1.3646332264
1820	1.21310284641
1825	0.4
1830	0.650279446567
1835	0.873872943076
1840	1.50104250922
1845	2.4276050865
1850	0.4
1855	1.43881410498
1860	0.846425382641
1865	1.46829856609
1870	1.23093397184
1875	1.71365014164
1880	1.49244208941
1885	0.4
1890	0.4
1895	1.8025641653
1900	0.4
1905	2.18624447352
1910	1.45677016683
1915	5.92871250065
1920	0.4
1925	0.816986961975
1930	0.929417654682
1935	0.475839926418
1940	1.27800943651
1945	3.02059449062
1950	2.59859295208
1955	0.4
