0	0.4
5	3.08973215592
10	0.4
15	2.38021829188
20	9.70539230109
25	0.4
30	9.69458052387
35	0.4
40	7.45445943474
45	0.4
50	5.27101700859
55	5.27975823405
60	3.03715194162
65	0.58597167471
70	3.15959707026
75	4.67762484988
80	9.86300207115
85	3.18774981287
90	6.04935771896
95	5.58315363076
100	5.88153988024
105	1.85327781511
110	2.28511118416
115	0.4
120	3.86464816419
125	1.77168913849
130	5.18869935392
135	4.13712751668
140	1.9361046242
145	0.4
150	4.5425658469
155	2.80312446718
160	2.65188598853
165	3.1803742474
170	0.468776314903
175	0.4
180	0.4
185	4.2172166363
190	1.88971712208
195	4.94774702239
200	0.4
205	2.50933950818
210	5.26359736759
215	3.64740380853
220	6.18101307202
225	4.07410258594
230	4.74729638043
235	11.3453733897
240	8.6064804418
245	6.58740449922
250	0.671441819798
255	3.58473523312
260	4.22985897768
265	3.63806410391
270	0.4
275	0.4
280	4.81252907969
285	12.9234650852
290	2.72349087936
295	0.4
300	6.23807888084
305	0.4
310	7.0539353216
315	0.4
320	9.83952867282
325	7.77018289701
330	2.85194715142
335	3.74961022005
340	5.57576517836
345	1.08232551829
350	2.7945542879
355	0.4
360	3.18109567885
365	4.61936121889
370	3.3757601193
375	1.2475432473
380	3.35804512058
385	5.29395866124
390	5.01508349981
395	10.5634946676
400	4.79351201655
405	4.89058799945
410	2.17819242177
415	4.06178972955
420	2.73957563004
425	6.26309370575
430	0.4
435	0.504595724953
440	2.13488368448
445	8.42776422626
450	0.545711053628
455	7.80085999704
460	0.4
465	9.22875267878
470	1.88027107315
475	2.76471750096
480	3.58574141542
485	4.57168408205
490	1.51264912865
495	4.75436635113
500	2.20457889797
505	2.32709460182
510	1.02033524403
515	6.10358342357
520	7.65804062717
525	4.06314072097
530	0.4
535	8.76523770697
540	14.1834829721
545	1.86279320925
550	5.00134080675
555	12.3248914758
560	9.11706817449
565	5.27895704352
570	3.91325484819
575	1.49089499949
580	0.4
585	1.95989271621
590	6.46137653365
595	4.81523011241
600	5.10989351724
605	4.33797448209
610	0.4
615	1.78586210259
620	0.914794678317
625	5.38132883508
630	2.74925110871
635	10.7664567559
640	3.71796408761
645	2.19654990634
650	0.4
655	2.62788499588
660	0.4
665	0.4
670	9.83147055207
675	5.84047573132
680	8.0409556027
685	2.10443156985
690	10.0108531407
695	7.45588594764
700	0.4
705	3.19753709671
710	4.73917712533
715	11.1572258284
720	5.89808909498
725	0.4
730	0.4
735	0.4
740	1.74997210218
745	3.14292208185
750	15.5813478391
755	7.6166995616
760	1.64449954674
765	6.21037741464
770	3.83028716904
775	1.82288812584
780	4.95353035209
785	0.4
790	8.77528490477
795	5.17631550099
800	6.215063919
805	0.4
810	1.98836604699
815	3.81233465978
820	4.41307412148
825	6.58809232762
830	4.90794771339
835	4.18282903427
840	1.7971986217
845	3.52813593882
850	2.18671921816
855	4.96893252648
860	8.56371333274
865	3.71330312742
870	7.33514859691
875	4.30526501674
880	3.49401656474
885	0.4
890	3.34583213591
895	2.87881026705
900	4.74072132915
905	2.95640951263
910	6.03243237881
915	5.89173188322
920	0.4
925	4.40272419035
930	3.33917810795
935	0.4
940	4.45665092147
945	0.4
950	0.4
955	1.5656956336
960	1.48310251068
965	4.00392802414
970	4.85350590711
975	0.707142743688
980	5.1640639915
985	0.4
990	3.9303714021
995	0.4
1000	6.0329413361
1005	1.21208048605
1010	0.4
1015	0.991637774861
1020	7.09926042228
1025	5.67555037212
1030	6.17831468797
1035	1.80753281144
1040	4.69241706324
1045	0.582006870297
1050	1.19130996963
1055	5.08484729146
1060	5.41882251683
1065	0.4
1070	10.1812127867
1075	1.26268301214
1080	2.30317870134
1085	2.99176006417
1090	1.5143037299
1095	9.58051582108
1100	8.10077172553
1105	6.71152917645
1110	0.4
1115	0.864515619903
1120	0.4
1125	3.89132932979
1130	1.61293483846
1135	0.4
1140	4.83890447086
1145	0.4
1150	6.35064209656
1155	7.15165978549
1160	7.56387919724
1165	2.74428467386
1170	5.06656068371
1175	10.890616188
1180	2.73331889034
1185	2.8652811572
1190	3.68908347229
1195	8.0255237984
1200	7.86666763329
1205	1.96739654016
1210	3.82251174883
1215	2.54654778238
1220	8.16436763496
1225	7.54183482758
1230	5.72270619763
1235	0.4
1240	3.49720156677
1245	2.86938938091
1250	0.4
1255	2.46852867761
1260	6.13022470747
1265	8.64369059207
1270	2.73981357055
1275	4.93944981088
1280	0.4
1285	0.4
1290	6.10620983556
1295	3.46402575238
1300	0.414090530995
1305	6.13899141058
1310	0.4
1315	3.95756668714
1320	4.88516766634
1325	13.0218422278
1330	0.4
1335	2.66523067147
1340	4.53858887436
1345	2.23174686073
1350	1.05826219835
1355	5.04948935097
1360	2.63491628187
1365	4.11152742604
1370	9.42610153493
1375	5.60502710935
1380	2.22433989687
1385	0.971213054664
1390	0.4
1395	2.30626860173
1400	0.4
1405	4.69026346326
1410	5.65355827036
1415	1.07852533628
1420	5.17588725461
1425	2.63390839102
1430	1.1979841433
1435	1.08363616987
1440	0.798303869273
1445	3.40877251573
1450	6.2942846637
1455	6.8633110836
1460	9.47914939881
1465	5.35082633576
1470	4.73376052909
1475	0.4
1480	0.4
1485	1.68918373306
1490	5.78545778206
1495	0.4
1500	3.11966053701
1505	2.19871180523
1510	1.68173734639
1515	1.26822448528
1520	7.44701741803
1525	2.46753541358
1530	7.18379180661
1535	4.8151351211
1540	2.11820522331
1545	3.43137975833
1550	6.543675888
1555	0.4
1560	7.40413891639
1565	0.4
1570	4.4245618796
1575	0.4
1580	0.4
1585	0.4
1590	0.856808070354
1595	5.15706929776
1600	3.1945880273
