0	9.59314594166
5	8.55167780688
10	5.76969017763
15	6.89035706129
20	8.64652595425
25	19.5452472452
30	8.41151411613
35	7.22578151814
40	6.83358971597
45	6.40680369632
50	1.80106210657
55	8.50735304836
60	14.4156635297
65	0.4
70	1.22367460789
75	5.34227978404
80	23.6555800384
85	0.4
90	8.54759255654
95	5.21284683079
100	7.80464242245
105	0.4
110	0.526557171497
115	8.68049137096
120	4.92445420119
125	13.3119619402
130	1.65131401653
135	5.55152575325
140	11.3891838066
145	6.10196335414
150	13.9441945665
155	0.4
160	22.7485607426
165	14.547523114
170	0.4
175	6.54114514956
180	1.11329064811
185	9.50576792622
190	4.63785657524
195	0.64731884581
200	5.98278488794
205	1.98071914384
210	10.1222905933
215	8.75216148401
220	10.6080028353
225	18.1160878761
230	6.80570936383
235	16.1935213674
240	18.2535583516
245	6.49813701685
250	10.6590334613
255	7.42456019119
260	10.9605095377
265	11.3396180864
270	19.7412096091
275	0.4
280	10.9130075716
285	3.38889629858
290	0.4
295	7.93633979684
300	11.5405817596
305	15.9794582827
310	11.7631160829
315	5.1986643978
320	12.4764527391
325	0.4
330	14.5394059131
335	16.0685812136
340	4.66119619965
345	9.85523180217
350	0.4
355	0.4
360	4.81682638826
365	0.4
370	6.75607391658
375	10.5873015434
380	9.38276459878
385	6.43620221217
390	12.7570596533
395	6.09822967973
400	2.5539512146
405	13.6605959547
410	4.09460388559
415	0.4
420	8.10617452768
425	0.4
430	9.99171675482
435	8.95015207581
440	12.0117733406
445	5.47639926424
450	5.62007655915
455	3.68262322794
460	6.63315604437
465	0.462814935285
470	11.97729489
475	8.78946150283
480	6.7948690847
485	3.06442711509
490	15.1074795257
495	2.1164300378
500	6.74833740595
505	8.56535171662
510	1.22270244987
515	4.72328985545
520	9.02446980229
525	0.470212504469
530	11.6788157064
535	12.9107239313
540	8.57445655643
545	7.57915400707
550	0.4
555	10.963300238
560	6.02712620788
565	15.1389022974
570	1.07957524689
575	0.4
580	4.37924795526
585	13.0039201126
590	0.4
595	8.54833489262
600	13.9466908987
605	4.15007131196
610	0.4
615	3.40552958719
620	3.48470676269
625	11.8472360298
630	8.10795745516
635	9.3665558227
640	11.6883587838
645	1.88818653865
650	13.1397721053
655	9.59920744815
660	12.6747093412
665	9.11025875597
670	15.1019685719
675	7.68782521938
680	8.00220908392
685	0.4
690	17.8352915484
695	12.4538066834
700	0.4
705	0.4
710	0.4
715	7.31240435352
720	8.42273984852
725	15.5673914586
730	17.2606214716
735	1.74172844722
740	6.53621619148
745	12.6631957664
750	0.4
755	6.56437457893
760	3.41400701061
765	0.487819601377
770	12.0610657583
775	0.4
780	9.93406518245
785	4.82224913637
790	13.7585296253
795	0.4
800	7.05803282168
805	3.38903305286
810	0.4
815	8.69974865075
820	6.54454837409
825	5.67142772586
830	21.15163694
835	8.54167401637
840	0.4
845	6.82478739239
850	0.4
855	0.4
860	0.4
865	2.70465320829
870	0.4
875	0.4
880	12.6898838151
885	0.4
890	4.92754416122
895	9.17049933075
900	13.0913162373
905	6.92588599114
910	6.46994059864
915	6.96972818319
920	7.74012288527
925	7.39865104167
930	8.40276062446
935	7.74997291553
940	5.4132650154
945	6.67437251014
950	0.4
955	5.90280208714
960	4.27682635523
965	15.1785995249
970	14.2920694228
975	5.73700862853
980	5.41987231182
985	11.5796593708
990	0.4
995	0.4
1000	7.70584976252
1005	8.62553690677
1010	6.2471308039
1015	7.57935720336
1020	6.4953046051
1025	9.13874770394
1030	18.4112998832
1035	1.63519855276
1040	7.67716974416
1045	4.31748701563
1050	6.52798817564
1055	4.40791207994
1060	4.26667529935
1065	3.85514859618
1070	3.11407257095
1075	14.046339913
1080	14.8402097979
1085	2.90588880025
1090	1.86081443959
1095	14.6450669638
1100	0.859979792987
1105	14.8252234234
1110	10.8717733979
1115	6.50838901994
1120	0.4
1125	10.4016003841
1130	0.4
1135	3.07432779484
1140	5.47713228012
1145	16.0105890781
1150	13.924835513
1155	9.34600472945
1160	15.5007936188
1165	13.4005833599
1170	3.40012627063
1175	9.00317470977
1180	6.36824418708
1185	11.3529649544
1190	11.3969390517
1195	7.31331397427
1200	8.25171389752
1205	8.34911868488
1210	1.97023195143
1215	0.848183568761
1220	0.4
1225	5.14054429086
1230	1.91945528504
1235	0.4
1240	2.71227438926
1245	18.2568763386
1250	0.4
1255	0.4
1260	6.18889572314
1265	0.4
1270	0.498062439344
1275	0.4
1280	14.1018193458
1285	10.1390370324
1290	12.3074687755
1295	12.1456944334
1300	0.4
1305	26.4935819369
1310	13.7108396517
1315	14.6933658851
1320	8.03690572678
1325	0.4
1330	7.19370986813
1335	5.44008114265
1340	13.8422115669
1345	12.9558527506
1350	8.69561301405
1355	18.197885593
1360	0.63975475994
1365	4.95876466153
1370	0.4
1375	11.6538563505
1380	16.6736233618
1385	5.66858486484
1390	8.22746144569
1395	13.8152310875
1400	16.4964301779
1405	15.5588585922
1410	8.50540075585
1415	5.44067665722
1420	5.25238600036
1425	0.4
1430	5.98092634109
1435	13.5391862238
1440	0.4
1445	8.78788311245
1450	0.4
1455	6.75770111327
1460	10.3977696524
1465	12.6479808992
1470	1.9506792851
1475	15.2976632097
1480	10.9117234284
1485	10.9652498289
1490	11.0087587489
1495	10.3819870161
1500	7.16773364673
1505	7.24561261381
1510	7.91992571227
1515	12.3482253701
1520	0.4
1525	4.96979404566
1530	7.68781713982
1535	12.5537799572
1540	0.4
1545	0.4
1550	11.285396792
1555	7.12952992703
1560	0.4
1565	7.87731831473
1570	0.4
1575	0.4
1580	5.15782332915
1585	0.4
1590	26.4614869883
1595	4.47174765038
1600	12.0431177335
1605	16.9103370745
1610	1.18316060079
1615	9.05767789057
1620	8.05861221252
1625	0.4
1630	1.19168568002
1635	3.89272812654
1640	6.01190945735
1645	12.8762808934
1650	14.6589319764
1655	4.58962346634
1660	10.3612845889
1665	11.5790817099
1670	10.303589064
1675	8.22139170236
1680	0.4
1685	13.5852645481
1690	11.1997145439
1695	8.81260529282
1700	8.17457960721
1705	5.26898205409
1710	10.433179788
1715	5.06253942781
1720	7.10395735687
1725	12.8280704547
1730	8.54327328183
1735	0.517410174243
