0	1.47321791324
5	0.4
10	0.4
15	2.28064766615
20	4.27229749945
25	1.97717439806
30	1.48765374371
35	1.01506335496
40	1.00177786583
45	0.4
50	3.07518689436
55	0.4
60	0.4
65	0.498577357023
70	1.41505504839
75	1.6444143238
80	0.4
85	0.4
90	0.4
95	0.4
100	1.22393219733
105	1.90122488478
110	2.43210247107
115	0.4
120	1.89715201465
125	0.4
130	1.58499641265
135	0.736837321859
140	2.41094220336
145	0.4
150	0.4
155	0.572976222284
160	0.529509374941
165	0.4
170	0.4
175	0.709662142105
180	3.73441646782
185	1.73802955362
190	2.3241295202
195	0.540637407318
200	2.31279370185
205	0.72603939499
210	1.6339137315
215	2.24643312766
220	1.32715836254
225	3.66929145725
230	1.04598493569
235	0.506172714195
240	0.4
245	0.4
250	1.37966529069
255	1.80033337589
260	0.4
265	3.03344560939
270	1.34659525392
275	0.4
280	0.4
285	3.23089796578
290	0.4
295	0.4
300	0.4
305	0.4
310	2.1603513694
315	0.591831532483
320	0.961491156524
325	0.4
330	4.66396782535
335	0.4
340	1.23982421708
345	1.66340727111
350	1.04714908218
355	2.64308082344
360	0.798762517229
365	2.00760454058
370	1.87857876026
375	1.64104374503
380	0.4
385	1.49557260181
390	0.611259877629
395	1.16366488154
400	1.99552692045
405	2.64928532087
410	0.4
415	1.16430512191
420	0.4
425	1.51868233875
430	2.79334877878
435	0.4
440	1.45836679796
445	1.23039255419
450	0.4
455	0.4
460	0.4
465	3.06688717243
470	0.4
475	0.4
480	0.4
485	5.12905769167
490	2.88440360699
495	2.74701046712
500	0.4
505	0.4
510	2.48523682656
515	0.4
520	0.4
525	0.410668074399
530	0.4
535	0.4
540	1.96253688982
545	3.4354545007
550	0.4
555	0.565115779177
560	1.38998330453
565	0.4
570	0.4
575	2.55572008069
580	1.07941002397
585	0.4
590	0.4
595	0.4
600	0.4
605	0.842562739627
610	1.76277548335
615	0.4
620	0.4
625	2.1105165525
630	1.25169110984
635	2.66785947529
640	1.69512157782
645	0.4
650	2.94658233484
655	2.42393258882
660	1.6605801472
665	3.46643465801
670	0.4
675	1.94820325132
680	1.7766202943
685	2.53087588164
690	1.10617947872
695	0.4
700	0.4
705	1.93155237297
710	0.4
715	0.62057077429
720	2.65264700713
725	2.27413127812
730	1.71151014121
735	3.32450850634
740	2.36821336391
745	2.37156266245
750	3.67839941064
755	3.68794354619
760	0.940327792625
765	1.22357833845
770	0.4
775	3.27945692768
780	3.0207616421
785	0.4
790	0.857324383547
795	0.962601629662
800	0.4
805	6.2773801177
810	0.4
815	0.4
820	0.4
825	0.4
830	0.4
835	0.4
840	0.4
845	0.462872802595
850	1.15705354574
855	0.4
860	3.33157702385
865	2.98763449531
870	0.4
875	0.4
880	0.4
885	4.04280759194
890	0.688119280751
895	0.4
900	0.473987638016
905	0.516375937732
910	1.37197098319
915	3.60116663534
920	0.406311643931
925	3.52174350439
930	0.4
935	2.51202884469
940	6.43361162382
945	0.4
950	0.4
955	0.987841166926
960	1.88577791714
965	0.4
970	1.28966229654
975	1.37589605881
980	0.4
985	0.444750891813
990	0.4
995	0.602081938026
1000	0.4
1005	0.517977585171
1010	1.38261509946
1015	2.05570553638
1020	4.02637926875
1025	2.16892168558
1030	5.39136860741
1035	1.50443936978
1040	7.70106725762
1045	0.4
1050	0.4
1055	0.4
1060	0.4
1065	1.79928796419
1070	5.24505855111
1075	0.4
1080	0.4
1085	2.68996777514
1090	0.4
1095	2.7061974909
1100	0.658645829095
1105	3.64889605626
1110	0.4
1115	3.12140299523
1120	0.4
1125	2.37074142702
1130	0.582049815225
1135	0.4
1140	0.4
1145	3.3006741621
1150	0.63401435018
1155	2.65923441542
1160	0.4
1165	3.86984136488
1170	5.44364131477
1175	1.0938881744
1180	0.4
1185	0.4
1190	3.66120444721
1195	1.97827282466
1200	3.24001862094
1205	1.19698658813
1210	0.4
1215	1.33348306868
1220	0.557398090503
1225	1.23175757547
1230	0.4
1235	1.33999302033
1240	3.87105293198
1245	0.4
1250	0.948894993872
1255	1.24732667556
1260	0.4
1265	1.48338450643
1270	0.4
1275	0.4
1280	1.20327416588
1285	6.83919736625
1290	2.69006727627
1295	0.4
1300	1.57677620901
1305	2.69075243008
1310	1.93338997796
1315	0.4
1320	0.4
1325	0.4
1330	0.4
1335	0.4
1340	0.915009926179
1345	0.4
1350	0.4
1355	6.70576833752
1360	0.81171834498
1365	0.4
1370	0.4
1375	4.38966306272
1380	3.30168626272
1385	0.4
1390	2.32170473737
1395	0.4
1400	0.4
1405	0.4
1410	1.88612062117
1415	2.06123845269
1420	1.78194891729
1425	1.24632041973
1430	1.42029619597
1435	4.64079971808
1440	3.32551549992
1445	0.4
1450	0.4
1455	5.77667925914
1460	1.94936458569
1465	0.4
1470	2.34744211385
1475	2.03229358737
1480	2.04281974203
1485	0.4
1490	0.4
1495	1.46341161472
1500	2.78421246586
1505	0.4
1510	2.69179076879
1515	4.17098216354
1520	0.821509434906
