0	1.13256114351
5	1.22927619586
10	0.4
15	3.02935216073
20	2.18607106241
25	0.4
30	2.89051272563
35	1.13035762388
40	1.14871811677
45	3.59555565926
50	2.23337578524
55	2.16639158648
60	3.49444066073
65	2.6345438832
70	4.35166857896
75	0.4
80	2.51658138366
85	1.86842916122
90	3.10510731575
95	1.27350897832
100	0.4
105	0.4
110	4.12343899314
115	3.50343842332
120	0.4
125	0.4
130	0.4
135	3.40984333805
140	2.26412107861
145	7.0655025888
150	1.18301236957
155	3.95521793156
160	0.4
165	2.44023632601
170	2.70472648349
175	0.415704136239
180	0.4
185	6.6674974747
190	3.21749956616
195	1.69779972152
200	1.7245648574
205	2.22024228867
210	1.10103970618
215	3.01324209621
220	2.64219904385
225	1.46599545804
230	0.4
235	0.4
240	3.05090704422
245	0.4
250	0.4
255	2.31556794099
260	2.0218346802
265	1.47889360645
270	3.77111276371
275	3.21568159024
280	5.33554411402
285	3.03201182105
290	4.97569325243
295	1.31660824841
300	3.83639382569
305	1.04509968214
310	0.4
315	1.472790702
320	0.4
325	0.4
330	2.63229923994
335	2.48001037254
340	2.47496049311
345	0.4
350	0.4
355	6.89456352236
360	4.30430530462
365	2.63752998898
370	0.957318748591
375	0.663404157677
380	2.17105698326
385	3.40494213365
390	2.17417766293
395	2.69988019393
400	2.58042622856
405	2.37285292914
410	0.4
415	5.948156196
420	1.25681118936
425	0.817080340365
430	4.78150912938
435	0.736947799145
440	0.80636960446
445	0.753108970869
450	1.48003266227
455	1.31861792991
460	3.17209539406
465	0.633930896774
470	0.4
475	0.4
480	0.4
485	5.46561237676
490	1.52954884736
495	4.07521822485
500	5.59246387377
505	2.41774202636
510	7.30632961278
515	0.4
520	3.57075462962
525	5.72270273247
530	0.998114515614
535	3.0572401139
540	3.1222927387
545	7.40002477032
550	2.42140556336
555	0.4
560	3.5850196279
565	4.64246616539
570	3.28966145999
575	0.4
580	2.83165767234
585	1.81049311524
590	0.4
595	4.27257429314
600	0.4
605	5.1004853456
610	1.03488756092
615	1.06622594619
620	2.64744395056
625	1.71425548434
630	2.4093636036
635	2.70263889202
640	1.91601918421
645	0.4
650	0.4
655	2.30093745575
660	1.62409607457
665	1.88314469833
670	0.95680939576
675	6.50002960577
680	6.18660316893
685	1.1475157414
690	0.4
695	2.08689499646
700	1.8326883197
705	4.5519574004
710	8.30592718649
715	5.3278373247
720	3.29952116416
725	0.4
730	1.631252818
735	2.33575333429
740	2.20307057035
745	2.61928058727
750	3.64874349242
755	1.2360146437
760	0.848144466086
765	6.90740615156
770	2.64304699512
775	0.42633952545
780	0.4
785	4.57071611889
790	0.4
795	1.39710427227
800	6.97499033416
805	0.668865201144
810	4.87846715941
815	3.01009592228
820	3.25212537003
825	2.01187769011
830	0.4
835	2.54927970525
840	3.34317040991
845	0.4
850	2.83869639639
855	0.661826647701
860	0.4
865	3.90942116211
870	1.57905309204
875	2.36452084821
880	3.69221324838
885	2.05639149892
890	1.96769280974
895	1.4929524548
900	5.74418086609
905	0.4
910	2.55075667939
915	3.36808841609
920	3.76116082752
925	0.4
930	3.24209353628
935	2.41865364021
940	0.4
945	3.06203940376
950	4.06827853835
955	5.12622717195
960	3.51749522578
965	2.20366395375
970	1.59172654759
975	2.13872324564
980	3.34429792579
985	0.4
990	2.12822028669
995	0.4
1000	1.3384882901
1005	0.4
1010	0.4
1015	4.64460233244
1020	6.42592545598
1025	2.25532568322
1030	0.531767617145
1035	2.67060525393
1040	2.81411135345
1045	0.896412924473
1050	0.4
1055	1.3618205002
1060	0.4
1065	5.35132404706
1070	1.02073628443
1075	0.814866360411
1080	0.4
1085	2.73341061153
1090	0.561306130147
1095	2.41800666433
1100	2.63821907835
1105	3.526806125
1110	0.4
1115	2.38511308189
1120	0.4
1125	0.587579061077
1130	1.04407902718
1135	0.4
1140	3.41852904506
1145	6.55848635142
1150	1.04744271646
1155	5.2596800579
1160	4.63106916089
1165	0.986576675256
1170	0.736151581693
1175	0.4
1180	0.4
1185	0.4
1190	0.4
1195	1.19006794534
1200	2.37803459136
1205	3.41380502867
1210	0.635050348799
1215	0.4
1220	0.4
1225	3.18174133836
1230	4.82674593488
1235	0.4
1240	7.59683699475
1245	3.34331727973
1250	4.92581374503
1255	0.902524341954
1260	5.65826527401
1265	5.67390243216
1270	1.4539199606
1275	5.4035723026
1280	0.4
1285	3.95560517253
1290	0.4
1295	3.14787738311
1300	3.91171186089
1305	1.75869530942
1310	0.772210536115
1315	7.18848512616
1320	4.46280070976
1325	3.72030674129
1330	2.63369929713
1335	4.43528408841
1340	1.91577829435
1345	1.20140060242
1350	0.4
1355	0.472573590703
1360	1.75056976257
1365	2.57560141209
1370	2.9164099722
1375	0.4
1380	1.56693426139
1385	3.5618371191
1390	0.905480892013
1395	3.13364640946
1400	2.58695748203
1405	0.527826513318
1410	3.83965575753
1415	6.73339234882
1420	1.35873913552
1425	1.6308923663
1430	0.4
1435	3.17807299806
1440	3.46223508583
1445	4.64742669754
1450	0.996000860013
1455	6.1137119099
1460	4.70196508637
1465	0.807918898788
1470	2.04247638549
1475	0.961765265151
1480	0.4
1485	2.74089951113
1490	2.37474970229
1495	0.4
1500	3.31003802368
1505	0.4
1510	3.32145066338
1515	1.22117134334
1520	2.17815224026
1525	0.4
1530	0.4
1535	0.4
1540	2.64636658375
1545	2.37617971459
1550	0.4
1555	2.73879400687
1560	0.4
1565	0.878193777401
1570	0.65833173915
1575	4.09319481809
1580	2.52248902892
1585	2.87561164088
1590	1.99550499671
1595	1.46242911755
1600	0.4
1605	3.17759032888
1610	4.247600387
1615	1.21377228976
1620	1.91249069785
1625	2.5451455129
1630	1.58214394033
1635	1.03830710929
1640	3.71931768875
1645	3.8900173158
1650	3.71667675966
1655	3.06516352392
1660	0.4
1665	1.52035171475
1670	2.368949354
1675	5.15081929163
1680	3.22608830633
1685	0.4
1690	2.94714584576
1695	2.80116672979
1700	4.05551642826
1705	1.37683749985
1710	0.4
1715	3.94467074439
1720	4.14525814347
1725	1.15310411102
1730	3.64655908347
1735	0.808872791289
1740	0.4
1745	0.920082410965
1750	0.4
1755	2.14222769031
1760	5.25551316016
1765	1.47014999669
1770	1.79215178011
1775	1.35627225594
1780	1.15317764267
1785	0.4
1790	0.4
1795	4.24673405411
1800	0.882315495776
1805	3.18796711726
1810	0.4
1815	0.4
1820	1.10077947765
1825	1.45147443802
1830	1.58539926312
1835	5.96687365506
1840	2.5980716236
1845	4.89325603386
1850	0.487784093319
1855	1.04336105757
1860	0.4
1865	6.26029525584
1870	4.0912989422
1875	0.4
1880	3.79532303301
1885	3.41797671357
1890	2.50565652802
1895	2.27535265942
1900	0.4
1905	0.4
1910	0.4
1915	2.73552932759
1920	3.07341494233
1925	0.4
1930	0.4
