0	1.26097837523
5	0.4
10	0.4
15	1.55853513729
20	0.427712922023
25	1.14370180561
30	1.42277806783
35	0.4
40	2.06019087298
45	1.69411155777
50	0.751350450917
55	0.4
60	0.4
65	0.4
70	0.4
75	0.479561006863
80	0.4
85	0.4
90	1.46551372556
95	0.4
100	0.4
105	0.4
110	0.4
115	2.68757286334
120	0.4
125	0.794604136615
130	0.4
135	0.4
140	0.4
145	0.706204253023
150	3.22873609278
155	0.4
160	4.13012929743
165	0.4
170	0.720960454945
175	0.457220405065
180	0.4
185	0.54574933056
190	1.32689431424
195	1.9704387754
200	0.4
205	0.830075348095
210	1.22200646827
215	0.4
220	1.34994919943
225	0.4
230	1.28693813864
235	0.4
240	1.0057400871
245	0.970879945813
250	0.83953041463
255	1.00296034059
260	0.4
265	0.4
270	1.16290750402
275	0.799295016965
280	1.11696629556
285	0.740166185905
290	0.4
295	0.4
300	0.656796928963
305	2.28684720479
310	0.4
315	2.00254200876
320	1.51833054493
325	2.33683928836
330	1.36300248027
335	2.72577799219
340	0.4
345	0.4
350	0.4
355	2.53843447558
360	1.37563216174
365	0.632126805957
370	0.4861465529
375	2.23929143762
380	0.987893378264
385	0.4
390	2.67198555334
395	0.4
400	0.4
405	0.4
410	3.20323028986
415	0.737395279553
420	0.4
425	2.65940225222
430	0.4
435	0.4
440	0.4
445	1.84972169876
450	1.53657862139
455	0.824374930654
460	0.514220115723
465	0.4
470	0.4
475	1.61345903185
480	0.4
485	0.4
490	1.20662175203
495	0.4
500	1.36388548543
505	0.4
510	0.4
515	0.712103719973
520	1.85897219888
525	3.18605598473
530	0.875470421008
535	1.27361908848
540	0.424283373634
545	0.4
550	0.730291637835
555	0.4
560	1.79114932857
565	1.39535856625
570	0.4
575	1.0747048133
580	0.602394751328
585	0.4
590	0.4
595	0.4
600	2.25396121184
605	0.4
610	1.86537514707
615	0.4
620	1.38198561884
625	1.27985642845
630	0.558758923771
635	0.4
640	2.67919273375
645	0.4
650	0.870024306851
655	0.4
660	0.4
665	0.4
670	0.563592163444
675	0.403642789034
680	0.4
685	0.4
690	0.4
695	1.24623079651
700	1.76004089736
705	0.4
710	1.76835436167
715	0.4
720	0.4
725	0.4
730	0.4
735	0.940087715368
740	0.4
745	1.74488964433
750	1.40677297074
755	0.430886930138
760	0.4
765	0.736939229281
770	0.4
775	0.4
780	2.37575251048
785	0.4
790	0.476642073515
795	3.04853918288
800	0.4
805	0.4
810	2.17272477689
815	1.5940082138
820	0.4
825	0.4
830	0.4
835	0.4
840	0.4
845	0.4
850	1.56651898666
855	0.4
860	1.15756392558
865	0.4
870	1.31746210753
875	0.4
880	0.4
885	0.4
890	1.39771273803
895	0.4
900	1.01471047688
905	0.4
910	0.4
915	0.448547630797
920	0.4
925	0.4
930	1.23681322038
935	0.973450292556
940	0.4
945	1.88814513438
950	0.605782767049
955	0.4
960	0.4
965	0.4
970	0.690392852759
975	1.60777409323
980	0.4
985	1.45197351843
990	0.4
995	0.4
1000	0.4
1005	2.02537218258
1010	2.16748772617
1015	1.51817219776
1020	0.4
1025	1.690257901
1030	0.4
1035	0.942888649325
1040	1.80261154709
1045	0.79279352461
1050	0.4
1055	0.4
1060	1.28990778003
1065	0.4
1070	1.24433067799
1075	0.4
1080	1.74409923854
1085	1.04927668626
1090	0.4
1095	0.4
1100	1.56143633075
1105	0.4
1110	2.25922755208
1115	0.997241530596
1120	0.4
1125	0.4
1130	0.4
1135	0.4
1140	0.4
1145	0.4
1150	0.4
1155	2.02041102949
1160	0.4
1165	0.507513426135
1170	1.667676957
1175	0.689200341382
1180	0.4
1185	0.4
1190	0.4
1195	0.4
1200	5.41235072871
1205	0.546938975006
1210	0.4
1215	1.19232741762
1220	1.35891348945
1225	0.4
1230	0.4
1235	0.765049186271
1240	0.417688982479
1245	0.59151363419
1250	0.4
1255	2.31874983579
1260	1.69890196848
1265	2.64374691342
1270	0.4
1275	0.4
1280	0.4
1285	1.83677107745
1290	1.74865675033
1295	0.491179432388
1300	0.4
1305	0.4
1310	1.20368255924
1315	0.4
1320	0.433693863401
1325	0.4
1330	0.918541008745
1335	0.4
1340	0.808083498705
1345	0.4
1350	0.4
1355	0.510632531328
1360	0.4
1365	1.35679972234
1370	0.4
1375	0.4
1380	0.410332894457
1385	1.13021536373
1390	0.4
1395	0.4
1400	0.679939778072
1405	1.75024996783
1410	1.25071371525
1415	1.38727231757
1420	0.4
1425	0.892813240294
1430	0.4
1435	0.4
1440	0.4
1445	1.15661701704
1450	0.586638742467
1455	0.4
1460	2.42320875091
1465	0.917840519
1470	1.35473083632
1475	0.623331014736
1480	0.4
1485	1.61761877622
1490	1.47693872706
1495	0.4
