0	0.4
5	0.4
10	0.4
15	0.4
20	0.914344907859
25	0.4
30	0.518742375185
35	3.49525703301
40	2.5875084671
45	2.43355323824
50	4.14785857815
55	5.69546748662
60	0.4
65	2.32777618352
70	5.43555468203
75	4.35989388065
80	4.4281676907
85	2.07879811032
90	1.41916109849
95	1.43788150229
100	3.13682290431
105	0.4
110	0.461378092394
115	3.2387644852
120	0.4
125	1.07220379773
130	0.4
135	0.4
140	0.428780563862
145	3.7877320894
150	1.70592820999
155	0.4
160	0.4
165	1.0256474658
170	3.60589361256
175	7.24159792269
180	2.96208916408
185	2.79702370539
190	0.495721216709
195	0.4
200	5.46059681647
205	0.4
210	0.4
215	1.61120555825
220	0.715636151824
225	1.96305830106
230	0.4
235	3.4054682222
240	2.97912839773
245	3.05767483917
250	0.4
255	6.00000893273
260	0.4
265	2.77317450057
270	0.4
275	2.24485328838
280	0.4
285	1.46050216822
290	2.06834415297
295	0.928349819076
300	0.4
305	0.4
310	0.4
315	0.4
320	4.22776128364
325	1.70128544845
330	1.70167466166
335	0.4
340	4.02017943579
345	1.32217217712
350	0.4
355	2.93647786548
360	2.90884652747
365	1.50243827707
370	1.77587777618
375	0.4
380	3.3875539902
385	0.968909348177
390	0.4
395	2.13348857539
400	0.4
405	1.20765273516
410	0.4
415	0.4
420	0.4
425	3.37012519925
430	4.7548127939
435	4.85466223779
440	4.60727756697
445	0.4
450	4.52777722719
455	0.4
460	2.75482224206
465	3.35958134925
470	0.4
475	0.941272507252
480	0.4
485	0.4
490	3.45850304883
495	0.4
500	3.27330854402
505	0.4
510	0.4
515	2.69104278936
520	3.5548534656
525	1.72100514926
530	2.76685625431
535	0.4
540	3.87044308673
545	0.4
550	4.43328703555
555	0.4
560	0.4
565	0.4
570	0.4
575	0.4
580	7.3993436828
585	0.4
590	0.693639820466
595	0.4
600	2.50970983768
605	0.4
610	0.4
615	0.902855234476
620	0.4
625	1.59363545517
630	1.85099754437
635	0.4
640	2.32447101571
645	2.40526552626
650	2.71771560388
655	0.4
660	0.4
665	0.4
670	0.4
675	0.4
680	5.038333867
685	5.71672343099
690	1.67257451026
695	1.01477683243
700	1.76307307913
705	3.81738287358
710	0.4
715	6.61737819307
720	2.63684718916
725	8.86090697081
730	1.20483896337
735	2.45277783549
740	1.69617407537
745	0.971779922059
750	5.48763481123
755	2.5133832091
760	1.87436193717
765	0.4
770	1.63929366974
775	1.56847351685
780	0.4
785	1.47124047819
790	0.4
795	1.73053533219
800	2.86760418839
805	1.33786631374
810	4.45028608598
815	1.65565950213
820	0.4
825	0.4
830	0.674536774437
835	0.997723064562
840	6.80895852044
845	2.10388641017
850	3.78147978343
855	0.4
860	4.80771116824
865	0.888704312613
870	4.64801976901
875	2.12552112146
880	0.4
885	2.15355566892
890	2.76043540644
895	0.4
900	0.497885112517
905	2.81360367388
910	0.4
915	5.40690732364
920	0.4
925	3.48242031431
930	0.4
935	0.4
940	6.1982396046
945	1.55977789311
950	3.08662807895
955	2.60932013434
960	2.15707362645
965	0.4
970	0.713212728654
975	0.4
980	3.75370632453
985	0.4
990	0.4
995	4.70431577875
1000	1.5406313353
1005	8.02612357168
1010	1.67727368255
1015	3.36256534052
1020	4.86778290512
1025	2.29231623926
1030	1.77561158535
1035	6.36215398868
1040	0.4
1045	0.4
1050	0.4
1055	0.4
1060	2.23073560447
1065	4.48192358805
1070	0.4
1075	0.636955257507
1080	2.92442597949
1085	4.13336627655
1090	1.07174489997
1095	2.88837792602
1100	0.4
1105	4.77064804798
1110	4.8496972085
1115	0.4
1120	0.4
1125	4.39084116748
1130	2.14928045403
1135	3.65364165932
1140	3.30412596184
1145	0.4
1150	1.02510991515
1155	0.4
1160	6.53465651616
1165	6.27209871179
1170	1.1922155303
1175	5.36360174174
1180	0.810471472383
1185	1.11848475402
1190	2.21237602038
1195	1.98494451981
1200	0.4
1205	5.72658757886
1210	0.4
1215	1.25931959334
1220	0.4
1225	9.20731447671
1230	1.37748056409
1235	0.4
1240	0.4
1245	1.87541596508
1250	1.29396644241
1255	2.51340683893
1260	0.4
1265	3.23073956297
1270	0.4
1275	3.10208380171
1280	3.05574713537
1285	0.557788985125
1290	1.78663895935
1295	0.4
1300	0.4
1305	0.4
1310	0.602320068555
1315	1.44653928968
1320	0.4
1325	0.4
1330	0.4
1335	11.4721823851
1340	0.597370007856
1345	2.74679561224
1350	0.748391854014
1355	0.4
1360	0.778634460936
1365	4.42605242474
1370	0.4
1375	0.433985581689
1380	3.60260957375
1385	0.4
1390	5.82619693206
1395	5.53055799656
1400	0.4
1405	0.612746338135
1410	6.822512241
1415	4.70694332162
1420	0.90287421958
1425	1.88803670054
1430	6.9034848696
1435	4.124771706
1440	6.4374525275
1445	2.32514556217
1450	2.40683083633
1455	7.30298164913
1460	1.18544866658
1465	0.4
1470	0.885987955101
1475	0.416751692954
1480	0.4
1485	0.88804206285
1490	0.700882987573
1495	0.4
1500	4.0089340046
1505	0.4
1510	0.4
1515	4.35986601553
1520	1.81541845181
1525	0.95473276346
1530	0.4
1535	4.97225404395
1540	0.892072461381
1545	0.4
1550	0.4
1555	0.689392023668
1560	0.4
1565	3.48267337447
1570	0.4
1575	2.16256571518
1580	0.962485228316
1585	1.25156342932
1590	0.4
1595	2.31891839129
1600	0.4
1605	3.12934009409
1610	0.4
1615	0.4
1620	0.4
1625	0.4
1630	0.4
1635	1.4222799528
1640	0.4
1645	1.71426074453
1650	1.30696183841
1655	1.32063075239
1660	0.4
1665	0.4
1670	0.4
1675	0.752106543821
