0	0.4
5	3.24753991469
10	0.4
15	0.4
20	1.22511041217
25	3.56465720343
30	1.9806736373
35	5.78678171897
40	1.11994036213
45	1.86169491503
50	0.667940553167
55	1.615901837
60	0.4
65	1.07343725046
70	6.5369564742
75	6.27121886029
80	2.51341565898
85	0.4
90	3.42074031012
95	0.839903059321
100	3.25872746868
105	1.04746099924
110	1.92609937693
115	3.79142213552
120	2.8341695704
125	1.10267691572
130	4.97230972757
135	0.914921946239
140	1.46964468417
145	1.29979025072
150	0.4
155	0.673377808998
160	0.4
165	0.520776303234
170	2.91170089958
175	0.4
180	2.20603248258
185	0.781732529666
190	4.13876352831
195	0.4
200	0.4
205	0.4
210	2.12004351259
215	0.4
220	3.7582518213
225	0.974419993179
230	4.54586808076
235	0.976750551947
240	3.49019917907
245	0.4
250	1.0624048871
255	4.36734154034
260	2.34113006185
265	3.42560032861
270	1.72124091859
275	0.4
280	1.71867664088
285	0.4
290	4.35251066385
295	0.4
300	1.20239586717
305	0.457003025378
310	2.93796347022
315	0.4
320	0.4
325	1.45182573509
330	0.830829740423
335	2.36900104623
340	0.443754742682
345	2.31086866395
350	0.4
355	3.55166572268
360	0.4
365	0.626054678728
370	0.4
375	0.4
380	0.749335599054
385	0.4
390	0.4
395	1.74889628494
400	6.16973880256
405	0.4
410	0.853913781496
415	1.55052333413
420	0.4
425	0.4
430	0.4
435	5.57009605718
440	6.02160767938
445	0.4
450	3.44827503842
455	0.4
460	0.4
465	0.536735557506
470	3.62561131806
475	2.02578584536
480	2.54748003287
485	0.4
490	0.4
495	0.4
500	6.69309077192
505	0.4
510	1.43474000727
515	0.4
520	0.574398779896
525	0.4
530	0.697212221313
535	2.29008064001
540	1.16043766064
545	0.4
550	0.4
555	2.6669023713
560	0.4
565	0.450128912626
570	1.0263512454
575	0.4
580	0.4
585	3.67880786937
590	4.08548353022
595	6.7386719921
600	0.4
605	3.69264282217
610	5.12473826485
615	0.448270283782
620	0.4
625	0.4
630	5.40444389567
635	6.52717236394
640	0.4
645	1.18631142212
650	3.35163248717
655	0.668016217007
660	1.6423903638
665	0.4
670	1.54302611009
675	7.11034653088
680	0.4
685	0.4
690	0.813777558769
695	0.4
700	0.4
705	4.80414543237
710	0.4
715	0.4
720	2.53890305005
725	0.491854204822
730	6.07962412101
735	0.4
740	4.00972113335
745	1.77643368582
750	0.4
755	0.4
760	10.7423510086
765	0.900417200472
770	2.65671879072
775	0.953210412342
780	0.4
785	1.22184809416
790	1.32997722859
795	0.4
800	0.4
805	0.4
810	1.06931338611
815	3.70663445273
820	0.4
825	3.36618484979
830	0.702495145456
835	0.4
840	0.913074836251
845	0.4
850	1.30852875116
855	0.4
860	1.14393713879
865	0.4
870	1.25087705216
875	2.24533613731
880	0.4
885	0.4
890	2.32287922779
895	0.449751188227
900	3.48785803068
905	0.4
910	1.10662505776
915	0.867309755779
920	3.81999573081
925	2.63972456013
930	1.28829885284
935	0.947687956748
940	0.4
945	1.01853308594
950	6.10735128883
955	4.34421294439
960	2.60543910364
965	0.4
970	0.553049452705
975	0.4
980	1.85520903542
985	1.7269990955
990	1.1378309434
995	0.4
1000	0.4
1005	1.04928606933
1010	2.67825044953
1015	2.64270457553
1020	0.920298224176
1025	3.51379661934
1030	1.59413559961
1035	0.4
1040	2.07620339277
1045	0.4
1050	5.56543279304
1055	2.46171378969
1060	1.20951581405
1065	4.17664011694
1070	2.88603757355
1075	1.91227270463
1080	0.4
1085	1.14094681993
1090	0.4
1095	0.4
1100	0.4
1105	4.25039931416
1110	0.4
1115	1.83999936868
1120	0.4
1125	0.4
1130	1.06458428266
1135	1.92588821369
1140	1.103771605
1145	0.4
1150	4.43070938299
1155	4.51654141724
1160	1.13535856123
1165	0.4
1170	2.30089939605
1175	0.4
1180	1.83904889329
1185	5.60577025927
1190	4.02414192701
1195	0.4
1200	4.89144357416
1205	4.98725400775
1210	1.62943415417
1215	2.58391322564
1220	3.64121900569
1225	0.4
1230	0.4
1235	0.798378184012
1240	2.36701420841
1245	3.92069020319
1250	0.4
1255	2.73677282521
1260	3.7266009422
1265	0.4
1270	6.84675117354
1275	0.4
1280	3.36350768782
1285	5.10169696569
1290	0.939762721856
1295	0.4
1300	0.4
1305	0.4
1310	2.6615212744
1315	0.4
1320	2.99744433497
1325	0.4
1330	0.4
1335	1.60186302344
1340	4.0206506377
1345	0.812804409739
1350	0.4
1355	2.45304064061
1360	0.418326420084
1365	2.54288536716
1370	0.908804289469
1375	0.4
1380	3.10857320924
1385	4.61486858382
1390	0.4
1395	1.18321192108
1400	0.4
1405	1.64700291259
1410	6.98298207605
1415	0.4
1420	0.515917564523
1425	0.4
1430	0.4
1435	0.805376847286
1440	0.447299682689
1445	1.75549828735
1450	4.02035563468
1455	5.42658998548
1460	2.14277908967
1465	0.666852744671
1470	2.25068927887
1475	1.69083727123
1480	2.12449507253
1485	0.4
1490	0.4
1495	0.4
1500	0.4
1505	0.4
1510	1.85390730039
1515	0.504194616064
1520	4.29410890208
1525	0.4
1530	0.4
1535	2.20701441309
1540	0.4
1545	0.4
1550	0.476560167489
1555	1.70898126323
1560	0.4
1565	0.4
1570	0.892438392307
1575	0.4
1580	0.815800855721
1585	4.62692995758
1590	1.00747017205
1595	1.2119381603
1600	2.5926291478
1605	3.79844980212
1610	1.03755332351
1615	1.45075459993
1620	0.4
1625	1.5042098168
1630	1.81589766788
