0	0.995638529154
5	0.4
10	0.469226384419
15	0.4
20	1.10700321123
25	1.07524248605
30	0.4
35	1.64192915045
40	0.4
45	1.9077564519
50	1.67886872642
55	1.10530059093
60	0.896991780735
65	0.4
70	1.20971780649
75	0.4
80	1.42242950256
85	1.01973331857
90	0.4
95	0.4
100	0.4
105	1.30466497684
110	5.04187860225
115	1.42309800708
120	1.26464292173
125	1.1664017754
130	0.501652513586
135	0.848487983693
140	0.4
145	2.00984093924
150	1.10573043172
155	0.4
160	1.94981462733
165	0.4
170	2.55829591199
175	0.891808688478
180	2.78404835889
185	0.4
190	1.86015764021
195	0.458138742226
200	0.83126084311
205	4.02203418297
210	0.4
215	0.4
220	1.22967959548
225	0.617689616197
230	1.54145834782
235	0.4
240	0.4
245	2.15658981468
250	0.777208969644
255	0.4
260	1.24239887038
265	0.4
270	0.4
275	1.0201573978
280	0.800616869344
285	0.4
290	1.23020374098
295	0.4
300	0.4
305	1.43514465523
310	2.0588063849
315	0.782277775744
320	2.30038474955
325	3.01522874183
330	0.4
335	2.72259204549
340	0.4
345	0.4
350	1.1877766779
355	0.4
360	1.00412924823
365	0.805306518765
370	0.4
375	0.494861284036
380	0.4
385	2.17391041674
390	0.4
395	2.63717352345
400	0.603521619371
405	2.10864172164
410	0.520806722556
415	2.11486166557
420	0.764805802374
425	2.00628743058
430	2.63323645364
435	5.23833340945
440	1.40334354135
445	0.4
450	1.23711640108
455	0.483579241769
460	2.9528090928
465	1.57919399323
470	2.0364164504
475	2.07087750869
480	0.4
485	0.4
490	1.65798963422
495	1.5392771907
500	0.4
505	2.17352402798
510	0.4
515	0.4
520	1.20756045532
525	0.746504641008
530	0.4
535	3.8649351709
540	0.694370064732
545	0.444326182377
550	1.58796507205
555	0.4
560	1.56065367592
565	0.4
570	2.8684419701
575	2.14628002851
580	1.39082571048
585	0.930774633438
590	1.92409020894
595	1.44214054806
600	2.79905375202
605	0.4
610	0.4
615	2.27916420376
620	0.4
625	0.4
630	1.34372842051
635	1.48646395151
640	1.31978777215
645	1.15207783382
650	0.4
655	0.4
660	0.4
665	0.64740708313
670	0.489692182467
675	1.1865841972
680	0.419867133173
685	0.4
690	0.4
695	1.80174802104
700	1.05848743409
705	0.4
710	0.4
715	0.4
720	0.895858923066
725	0.4
730	1.59041153641
735	0.480921526546
740	1.05250087959
745	0.4
750	0.4
755	0.4
760	1.82224734469
765	0.4
770	0.440963605637
775	1.36215284573
780	0.4
785	1.21915066403
790	1.95131944192
795	0.4
800	1.18629019458
805	3.65991308806
810	3.30536560971
815	0.4
820	1.07026892203
825	1.53488924263
830	1.11323847203
835	0.535421815272
840	0.4
845	1.38760910285
850	0.4
855	1.04126855577
860	1.50829186422
865	0.4
870	2.20351321599
875	0.4
880	0.4
885	0.4
890	1.34054961835
895	1.2431339244
900	1.12350216735
905	0.4
910	0.81295123991
915	0.4
920	0.772867340099
925	0.4
930	0.721584802049
935	1.63294235272
940	0.4
945	1.8731072125
950	0.502440887224
955	0.4
960	0.4
965	0.783550458199
970	0.977233097771
975	3.65706836735
980	0.4
985	1.69100064724
990	3.5956034356
995	1.60481398469
1000	0.820035557518
1005	0.4
1010	1.1801288553
1015	1.25075068082
1020	1.47438561681
1025	1.14312512364
1030	2.50710573449
1035	1.31749117609
1040	2.66335491774
1045	0.4
1050	2.00536341313
1055	0.964022690026
1060	0.4
1065	2.09623044696
1070	0.4
1075	5.8381299129
1080	1.99952733981
1085	0.4
1090	3.33499500322
1095	3.93326995361
1100	3.36985486632
1105	0.959107426096
1110	1.40084079481
1115	0.4
1120	1.29251820035
1125	0.4
1130	0.4
1135	0.955958067897
1140	0.4
1145	0.750331240814
1150	0.4
1155	1.85042657262
1160	0.4
1165	1.91849011958
1170	2.19364155284
1175	0.4
1180	0.764612088731
1185	1.89593831946
1190	4.9955030871
1195	1.177655107
1200	0.817210420723
1205	1.1544359634
1210	0.4
1215	2.6330153156
1220	0.831937740709
1225	1.34917471532
1230	4.08436596281
1235	0.855507193312
1240	0.531992172028
1245	1.08243340915
1250	1.7702148552
1255	2.19768887014
1260	0.4
1265	1.55584165687
1270	2.90123100846
1275	1.16074900607
1280	0.4
1285	0.4
1290	0.4
1295	0.862189732907
1300	2.37175881534
1305	1.73257064827
1310	0.4
1315	2.70240248961
1320	0.501773810262
1325	0.4
1330	0.4
1335	1.28845243301
1340	1.30341734314
1345	0.999134460193
1350	0.889614593209
1355	1.96921619182
1360	1.1347767616
1365	1.45360845013
1370	0.4
1375	2.93724909574
1380	0.4
1385	0.4
1390	0.4
1395	0.4
1400	0.803177499551
1405	1.74043345098
1410	1.77551187401
1415	1.1483227449
1420	0.901091772673
1425	0.772997162834
1430	0.966718708155
1435	1.2524493619
1440	0.4
1445	0.4
1450	1.62212003581
1455	0.4
1460	1.82702552628
1465	0.825275693483
1470	0.4
1475	1.90216369242
1480	1.23192995095
1485	0.863484479233
1490	2.83573274084
1495	0.4
1500	0.658943238
1505	1.52072742826
1510	4.25256245048
1515	0.760270245518
1520	2.29859937407
1525	0.4
1530	2.15020507626
1535	0.4
1540	0.4
1545	0.4
1550	0.4
1555	0.4
1560	1.02369212467
1565	2.68047031882
1570	1.09423729781
1575	2.72661671801
1580	1.87201146042
1585	0.4
1590	2.00630841012
1595	0.4
1600	1.34010629763
1605	2.30508088925
1610	2.12570083368
1615	0.4
1620	1.1242951355
1625	1.97705453386
1630	1.09025510651
1635	0.4
1640	1.34478485181
1645	1.60951515339
1650	0.4
1655	0.4
1660	1.49743870017
1665	1.07786793637
1670	0.620846329999
1675	1.33556574884
1680	0.663894981444
1685	0.58226379083
1690	0.4
1695	0.4
1700	1.70737165586
1705	0.593691482397
1710	0.956143155181
1715	1.38565320177
1720	2.55227354694
1725	0.4
1730	1.83826213441
1735	0.4
1740	0.955984523545
