0	2.12823475742
5	0.4
10	1.46173298175
15	3.303466162
20	1.61559993275
25	0.4
30	2.03543074667
35	2.00343949336
40	2.24161989653
45	0.4
50	2.32002725307
55	6.49324968996
60	0.599632907925
65	1.61372092893
70	0.4
75	1.94413184231
80	0.4
85	2.52824425145
90	0.4
95	1.5395018029
100	4.59780435678
105	0.4
110	1.37103868886
115	0.867397304163
120	0.953258380198
125	0.4
130	2.37961242153
135	2.93432004578
140	1.49348219688
145	0.4
150	0.4
155	0.4
160	4.36482900745
165	0.4
170	0.4
175	0.4
180	6.0091890183
185	6.01131488514
190	1.15060192837
195	2.7758841427
200	0.4
205	0.4
210	0.4
215	3.64806150264
220	4.3022113658
225	0.4
230	3.2362460246
235	1.28142999028
240	0.4
245	8.09426406812
250	0.4
255	4.97949860101
260	4.11399176857
265	0.4
270	0.448839742708
275	0.4
280	0.4
285	0.4
290	0.4
295	1.5726807585
300	2.36484235399
305	0.4
310	1.87666289744
315	2.07820435827
320	0.4
325	4.67653091854
330	2.45458468132
335	3.87414460947
340	0.482196033134
345	0.4
350	0.4
355	0.4
360	0.4
365	0.4
370	0.4
375	2.80561678836
380	1.300383752
385	1.67363166117
390	0.4
395	0.707040528605
400	1.5835565804
405	2.00991485701
410	2.87387951588
415	0.4
420	0.4
425	1.74006071104
430	0.4
435	1.53755249154
440	0.4
445	0.4
450	2.9148971543
455	2.4037927377
460	0.4
465	2.91852779699
470	3.49063351665
475	3.29874520815
480	2.15957059238
485	0.4
490	2.90437271854
495	8.22165368021
500	5.08601856998
505	0.4
510	0.4
515	4.13229947181
520	6.11959152895
525	0.4
530	3.18316544138
535	0.4
540	0.4
545	0.4
550	1.12121278978
555	3.53214944734
560	1.90744364728
565	0.4
570	2.99523310144
575	3.17952898416
580	0.4
585	0.4
590	2.69902068764
595	6.98347209588
600	1.96139380284
605	0.4
610	1.17333767648
615	0.4
620	1.66820260169
625	3.16584176065
630	2.9670407367
635	2.38458987555
640	0.4
645	0.4
650	0.4
655	2.68916551346
660	2.47777837109
665	0.4
670	0.4
675	2.69347231173
680	0.4
685	1.46209054094
690	0.799011377667
695	2.67191501444
700	0.4
705	0.963593345338
710	3.3864405818
715	1.15107884402
720	0.865260121428
725	4.45907605626
730	0.4
735	2.46213927169
740	0.614370402781
745	0.4
750	0.881672623709
755	1.18300404901
760	0.4
765	0.72879987716
770	0.922558115697
775	6.09273286724
780	0.4
785	0.4
790	0.4
795	0.4
800	5.9605039002
805	2.3054570548
810	0.4
815	0.4
820	3.69264873671
825	2.89649569085
830	0.4
835	7.2081943259
840	0.813027737191
845	0.4
850	3.476539679
855	3.34461765632
860	4.66613248006
865	0.4
870	1.43949845786
875	0.4
880	1.97671301909
885	0.4
890	1.58783184936
895	1.4456915667
900	3.65079742737
905	1.45507716954
910	4.62599309285
915	4.19786060912
920	0.696586419723
925	0.546995903387
930	2.78028393682
935	0.4
940	1.17277439656
945	0.4
950	0.512437421705
955	0.4
960	0.4
965	1.46999737192
970	0.4
975	0.4
980	0.4
985	3.96725506644
990	0.486742262095
995	0.4
1000	0.4
1005	0.4
1010	0.4
1015	0.60384386246
1020	0.4
1025	3.18054336169
1030	0.4
1035	0.4
1040	1.38407800254
1045	0.4
1050	0.4
1055	1.5560990689
1060	0.4
1065	3.52945004872
1070	0.4
1075	0.4
1080	0.4
1085	0.4
1090	2.51913673149
1095	0.4
1100	0.4
1105	6.48398350333
1110	0.4
1115	0.4
1120	2.94747385629
1125	1.0779261302
1130	4.20588325333
1135	4.59340584417
1140	2.05690050853
1145	5.49142241273
1150	0.4
1155	0.4
1160	1.72967470621
1165	2.5761166232
1170	0.4
1175	0.4
1180	0.4
1185	0.4
1190	0.4
1195	0.4
1200	1.2487437819
1205	0.4
1210	0.4
1215	0.4
1220	0.455646611407
1225	0.4
1230	0.4
1235	0.4
1240	3.54050574353
1245	3.32960317084
1250	0.4
1255	1.27423711984
1260	1.19717568027
1265	2.49670000852
1270	0.998303105116
1275	2.71797817844
1280	2.81209298678
1285	0.4
1290	0.808258309845
1295	0.4
1300	0.4
1305	1.43104406718
1310	4.75563005242
1315	0.517530220324
1320	0.4
1325	0.4
1330	2.16187197853
1335	0.4
1340	0.4
1345	0.4
1350	4.55875328072
1355	0.784815569651
1360	0.4
1365	0.4
1370	3.63351174283
1375	2.03466031168
1380	4.31657849249
1385	2.43188200047
1390	2.1362753189
1395	4.24175674169
1400	4.74622018418
1405	0.569750920226
1410	2.70509152123
1415	0.4
1420	2.22019785163
1425	1.8191503504
1430	1.03985840175
1435	1.74949495089
1440	0.4
1445	2.83767527898
1450	0.4
1455	0.889947079853
1460	1.62388125008
1465	0.4
1470	1.50654632914
1475	0.4
1480	2.747730791
1485	0.4
1490	0.4
1495	0.4
1500	2.84682426801
1505	0.4
1510	0.4
1515	0.4
1520	1.47437871346
1525	2.59815661825
1530	2.32473599934
1535	0.4
1540	0.4
1545	0.4
1550	2.9698063461
1555	3.05228487803
1560	0.4
1565	0.4
1570	1.26276985313
1575	0.4
1580	2.02113521852
1585	0.4
1590	1.22063001601
1595	0.4
1600	0.4
1605	3.63605257475
1610	3.6451703584
1615	0.4
1620	1.42800843994
1625	6.69148248324
1630	1.91967765908
1635	2.69150959764
1640	1.66510925328
1645	0.4
1650	0.4
1655	0.4
1660	0.4
