0	0.4
5	0.4
10	0.4
15	0.639419624641
20	2.92310201571
25	0.4
30	0.4
35	0.4
40	0.4
45	0.4
50	0.4
55	0.4
60	1.87078688865
65	0.4
70	0.4
75	0.4
80	0.4
85	0.4
90	0.4
95	0.658505498263
100	0.717488182756
105	0.866829030341
110	0.4
115	0.4
120	1.43924382781
125	0.4
130	0.4
135	0.4
140	0.4
145	0.4
150	0.652661077181
155	0.4
160	0.4
165	0.593163780788
170	0.4
175	0.4
180	0.4
185	0.4
190	1.25769419553
195	0.4
200	0.4
205	0.947335193325
210	0.997074501165
215	0.4
220	1.3555528962
225	0.4
230	0.4
235	1.09804077495
240	1.22533868902
245	0.4
250	1.18050284446
255	1.49559609872
260	0.4
265	1.24253241077
270	0.4
275	1.23264992343
280	0.4
285	0.4
290	0.4
295	0.4
300	0.4
305	0.4
310	0.4
315	0.4
320	0.4
325	0.569893592831
330	0.4
335	0.4
340	0.851555773814
345	0.4
350	0.4
355	0.4
360	1.47484971898
365	2.12271103818
370	0.4
375	0.530632518927
380	0.532668748689
385	0.4
390	1.75135902074
395	0.4
400	0.4
405	0.477751147658
410	1.14064518753
415	0.465939564888
420	0.4
425	0.4
430	0.4
435	0.4
440	0.4
445	0.4
450	0.4
455	0.4
460	0.4
465	0.4
470	0.726713557847
475	3.04311031958
480	0.769632957517
485	0.4
490	0.4
495	0.430146114345
500	0.845924217503
505	0.4
510	0.4
515	1.24332515023
520	0.4
525	0.444004912297
530	0.933640891725
535	0.4
540	0.4
545	0.4
550	0.4
555	1.14598801444
560	0.4
565	1.09482119622
570	0.4
575	0.4
580	0.4
585	0.4
590	0.4
595	0.4
600	0.4
605	0.4
610	0.4
615	0.4
620	0.4
625	0.4
630	0.737907699383
635	0.4
640	2.15324427366
645	0.4
650	0.4
655	1.8118910224
660	0.43990323182
665	1.10776904465
670	0.4
675	0.4
680	0.4
685	0.4
690	1.16614867015
695	0.4
700	0.4
705	2.45319396195
710	0.501174438586
715	0.445959832472
720	0.4
725	0.4
730	0.4
735	0.4
740	0.889788334366
745	0.4
750	0.4
755	0.456305675985
760	0.4
765	1.21299612824
770	0.4
775	3.31638670253
780	0.4
785	0.4
790	0.46511511455
795	1.25935858802
800	0.4
805	0.4
810	0.4
815	0.48417844124
820	0.4
825	0.4
830	0.744826808205
835	0.500275892221
840	0.655440295787
845	2.76742828371
850	0.584611004497
855	1.28477694082
860	1.56822849005
865	0.922483478102
870	1.01075078991
875	0.4
880	0.400906677091
885	0.4
890	0.4
895	0.4
900	1.94570023334
905	0.4
910	0.4
915	0.559054681378
920	0.4
925	0.617973813287
930	0.4
935	0.700756984185
940	0.430760563053
945	0.4
950	0.4
955	0.738014903413
960	0.4
965	0.4
970	0.4
975	0.4
980	0.4
985	2.77131412853
990	0.493679677069
995	0.590442229597
1000	0.4
1005	0.4
1010	0.4
1015	0.682431850328
1020	0.4
1025	0.4
1030	1.17658055024
1035	0.4
1040	0.4
1045	0.4
1050	2.30246580575
1055	0.461951872955
1060	0.4
1065	0.4
1070	0.4
1075	0.857236179517
1080	0.534126263308
1085	0.4
1090	0.550863051493
1095	1.41791003977
1100	0.4
1105	1.25142740049
1110	0.4
1115	0.408777105704
1120	0.4
1125	0.4
1130	0.4
1135	0.4
1140	0.4
1145	0.4
1150	0.434621294479
1155	0.857985453993
1160	0.4
1165	0.4
1170	0.4
1175	0.4
1180	0.4
1185	0.4
1190	0.4
1195	0.4
1200	0.4
1205	0.4
1210	0.842988826588
1215	0.4
1220	0.4
1225	0.988576563369
1230	0.4
1235	0.4
1240	1.82424463251
1245	0.579528470953
1250	0.4
1255	0.4
1260	0.4
1265	0.4
1270	0.4
1275	0.4
1280	0.4
1285	0.4
1290	0.628792182136
1295	0.4
1300	0.4
1305	0.4
1310	0.4
1315	0.4
1320	0.4
1325	0.908993258981
1330	0.85687018487
1335	0.4
1340	0.4
1345	0.4
1350	1.95810747012
1355	0.4
1360	0.4
1365	0.4
1370	0.453981934715
1375	0.4
1380	0.4
1385	0.4
1390	1.11703976284
1395	0.4
1400	0.4
1405	0.4
1410	0.4
1415	0.4
1420	0.422527363126
1425	0.4
1430	0.4
1435	0.4
1440	1.36487520355
1445	0.4
1450	0.4
1455	0.4
1460	0.4
1465	0.4
1470	0.4
1475	0.4
1480	0.4
1485	0.4
1490	0.4
1495	0.848715895195
1500	1.23017112825
1505	0.4
1510	0.4
1515	0.705326499631
1520	0.826907420406
1525	0.4
1530	0.4
1535	0.447457120189
1540	0.4
1545	0.4
1550	1.62241835894
1555	2.44822261983
1560	0.485640716652
1565	0.4
1570	0.4
1575	2.67095394769
1580	0.4
1585	0.592383794692
1590	0.535259804448
1595	2.67657369207
1600	0.450003751648
1605	0.61439600024
1610	0.4
1615	0.599626430555
1620	0.4
1625	0.4
1630	0.4
1635	0.76986129084
1640	1.44037999797
1645	0.4
1650	0.619942571743
1655	0.583187934387
1660	0.4
1665	0.4
1670	0.4
1675	0.4
1680	0.4
1685	0.4
1690	0.796697473596
1695	0.789978724012
1700	0.4
1705	0.4
1710	0.4
1715	0.4
1720	0.4
1725	0.451963425591
1730	0.4
1735	0.619879241007
1740	0.4
1745	0.4
1750	0.4
1755	0.4
1760	2.07661552566
1765	0.4
1770	0.4
1775	0.490550062274
1780	1.30540515216
1785	0.4
1790	0.4
1795	1.94299930563
1800	0.4
1805	0.4
