0	1.80185541656
5	0.4
10	1.23723651531
15	1.92630333062
20	4.19929680198
25	1.76606952938
30	3.06156574409
35	0.4
40	0.843484075998
45	2.07797983377
50	3.84414483367
55	2.51450461094
60	2.69121301118
65	3.95594178386
70	6.38429523826
75	0.4
80	3.07980207465
85	0.4
90	0.68030481966
95	5.58657769909
100	2.86234829438
105	0.4
110	6.74316444466
115	2.17010771012
120	1.34980188531
125	0.4
130	1.76934628757
135	0.4
140	2.87501391757
145	0.619810171024
150	3.94852837687
155	0.824495761592
160	0.4
165	0.4
170	6.46859376202
175	0.4
180	7.07773316588
185	2.33641293222
190	0.4
195	2.93999360601
200	8.20027158459
205	0.4
210	4.49277116578
215	0.4
220	0.4
225	0.4
230	0.4
235	0.4
240	6.57166424411
245	0.4
250	3.40538940113
255	0.4
260	4.27791601085
265	1.53829884237
270	6.61838657232
275	4.33945614707
280	0.4
285	0.4
290	2.50698417951
295	3.21400738756
300	2.13642865527
305	0.712276985853
310	0.4
315	0.4
320	0.4
325	0.4
330	0.4
335	0.4
340	0.4
345	0.4
350	3.6921471031
355	2.74189998265
360	0.612823000513
365	3.31459389923
370	0.979507033426
375	3.92530261425
380	6.34369275233
385	0.4
390	1.32383099872
395	0.4
400	2.9137986484
405	0.881415608175
410	0.662213905055
415	1.87080332335
420	1.56041865587
425	2.34880532597
430	0.4
435	0.4
440	0.4
445	0.4
450	0.4
455	0.4
460	10.8950437721
465	0.4
470	0.4
475	2.43112956224
480	1.37710240298
485	0.778945554214
490	3.49965321208
495	0.652912504751
500	4.23916698926
505	0.4
510	4.87324641338
515	1.91838950512
520	0.4
525	2.48696045236
530	2.53936259742
535	0.4
540	1.22647370951
545	1.45438557884
550	1.58941725302
555	0.4
560	0.4
565	1.18598643097
570	6.85288424555
575	3.42812907266
580	0.4
585	0.4
590	0.4
595	6.94730666605
600	3.66639728966
605	1.08244065886
610	0.4
615	1.64004921592
620	0.4
625	0.4
630	1.76714925724
635	0.4
640	0.4
645	6.85775780136
650	0.4
655	0.4
660	0.4
665	2.92548031552
670	0.4
675	0.4
680	3.04394122195
685	4.34514426172
690	0.4
695	3.78678041875
700	3.40067660745
705	0.572397619029
710	0.4
715	2.88025662347
720	0.4
725	0.787676959081
730	5.01384340145
735	0.4
740	0.4
745	2.26346020794
750	1.63234360109
755	1.19943120815
760	0.4
765	2.94417191219
770	0.4
775	0.4
780	0.4
785	0.4
790	1.68007621972
795	0.766925944318
800	1.93851630485
805	3.42465285691
810	4.56646704609
815	0.4
820	0.4
825	5.46958280639
830	1.6897121294
835	1.91590405491
840	0.4
845	0.4
850	0.510091428692
855	6.1879326455
860	0.4
865	7.49252808724
870	2.88840836153
875	3.38331675599
880	2.51598257422
885	1.45342402572
890	0.4
895	8.47080293324
900	1.1399612081
905	2.3421898407
910	3.26552048686
915	3.55132692103
920	2.35086795276
925	0.4
930	0.4
935	3.63659884732
940	2.18985467945
945	7.98772139973
950	0.4
955	0.4
960	0.4
965	0.4
970	2.13636274524
975	0.4
980	0.806934771481
985	0.540851485587
990	9.47204508294
995	5.42059920853
1000	0.4
1005	3.13867894839
1010	6.98234424366
1015	6.26952397413
1020	1.83269259438
1025	7.82460147719
1030	0.4
1035	1.41951662823
1040	3.92644649703
1045	7.42502578119
1050	0.4
1055	5.43239977039
1060	0.816875085708
1065	3.79085699601
1070	0.477058350499
1075	0.4
1080	1.55776360961
1085	0.4
1090	0.4
1095	3.19491429373
1100	1.93973974213
1105	5.33346567196
1110	1.41278480321
1115	0.4
1120	10.8888826878
1125	2.58401498446
1130	0.4
1135	2.57239513734
1140	1.29533347299
1145	2.28842587656
1150	0.4
1155	1.431679753
1160	1.45743987292
1165	3.39628293699
1170	0.4
1175	0.889308652663
1180	0.4
1185	2.47120618364
1190	0.4
1195	1.14182418777
1200	0.4
1205	0.4
1210	0.799672661668
1215	4.40146378244
1220	2.32257056515
1225	0.4
1230	1.6155304521
1235	3.78418743636
1240	8.56708453931
1245	2.64539997152
1250	0.4
1255	2.11321336971
1260	0.4
1265	6.92645360953
1270	1.78404846647
1275	0.4
1280	1.48065712281
1285	0.4
1290	0.4
1295	0.4
1300	4.85885024235
1305	0.4
1310	1.6639779834
1315	1.72102460205
1320	2.81191048998
1325	0.4
1330	0.4
1335	0.801491514869
1340	2.80726332609
1345	0.655763563191
1350	0.4
1355	0.4
1360	6.18926069202
1365	0.4
1370	1.60677485272
1375	4.91049934377
1380	0.4
1385	7.39635488587
1390	2.87369207978
1395	7.97450697019
1400	2.07149101436
1405	2.21674481563
1410	2.05828954045
1415	4.50284455931
1420	2.26791275028
1425	2.17158761044
1430	1.47995162135
1435	0.4
1440	2.22642751414
1445	0.4
1450	2.06647670877
1455	0.4
1460	0.4
1465	0.4
1470	4.47374686823
1475	0.4
1480	3.96488960477
1485	2.4467445226
1490	3.17457066618
1495	0.551926318442
1500	0.4
1505	3.3116834754
1510	1.22492824995
1515	2.1759402325
1520	0.83306370304
1525	0.562622715809
1530	0.4
1535	0.4
1540	0.762806167322
1545	0.692942306524
1550	4.64637592844
1555	0.453485661717
1560	0.4
1565	1.2363534002
1570	0.4
1575	3.26236098178
1580	0.4
1585	0.4
1590	1.77641226127
1595	0.4
1600	2.75876431671
1605	0.4
1610	8.33214194023
1615	3.06773528032
1620	0.4
1625	0.4
1630	2.07127512011
1635	2.96110369891
1640	0.4
1645	5.49906872275
1650	0.645610281227
1655	3.53653402087
1660	0.4
