0	3.4224002539
5	0.4
10	0.4
15	2.58944744451
20	0.4
25	0.4
30	0.4
35	0.960203008212
40	1.22003498237
45	3.28501827168
50	0.4
55	0.4
60	0.971124259988
65	0.4
70	0.771810106424
75	0.4
80	1.92006370456
85	1.26513849344
90	2.33885481288
95	4.61723628819
100	2.5193529186
105	0.4
110	0.4
115	3.24820105647
120	4.57916345314
125	1.9254116198
130	1.18178443368
135	0.4
140	1.39249202786
145	3.09059080118
150	3.81400394717
155	3.74118315747
160	0.4
165	2.41648403881
170	2.18906448818
175	6.51759171405
180	0.638448904075
185	0.659148803789
190	7.25832527689
195	2.80332226303
200	0.4
205	1.57687978177
210	8.64726982398
215	0.4
220	1.29847488263
225	0.4
230	2.69737727265
235	1.47421169408
240	3.98685744947
245	2.93394526784
250	1.30035074301
255	0.4
260	0.4
265	0.4
270	0.975915659412
275	3.44529473967
280	0.888273071276
285	4.00321282462
290	3.78476671192
295	0.4
300	0.4
305	0.4
310	0.4
315	0.4
320	3.27535926585
325	4.09986786367
330	5.12171022136
335	0.4
340	0.4
345	1.89295817141
350	0.4
355	0.4
360	1.79687812394
365	8.83786187626
370	0.777979297262
375	0.4
380	2.75080431726
385	0.67021705445
390	1.14609368452
395	0.4
400	3.06933909905
405	3.66584495633
410	0.4
415	1.00292325304
420	0.464714317534
425	5.92507036071
430	0.4
435	2.32352575758
440	0.4
445	0.4
450	5.11579707682
455	2.03242533633
460	1.72343901477
465	2.29327040507
470	0.4
475	0.4
480	1.77017814107
485	0.4
490	2.60200806654
495	3.98902178302
500	4.67251356536
505	1.85694721196
510	0.4
515	1.84916801438
520	0.4
525	0.4
530	1.57016548935
535	1.94302371418
540	0.879746268921
545	1.82043945083
550	0.544067004881
555	4.12072378667
560	0.4
565	0.4
570	7.81799957213
575	3.27449481655
580	4.14276757326
585	0.966731734186
590	6.28918612557
595	2.36508177409
600	0.4
605	1.73289342752
610	0.4
615	0.4
620	4.74565591527
625	4.05558219763
630	0.4
635	0.992810683356
640	2.19703728681
645	1.46398121234
650	0.4
655	1.93162884874
660	0.85398998851
665	0.4
670	1.50218853714
675	0.40984303589
680	2.96349705636
685	1.8602070754
690	0.4
695	4.35406955276
700	1.79807237424
705	3.78206134436
710	4.90800218203
715	0.4
720	2.08165751201
725	2.57388015068
730	0.424486608099
735	2.11616187958
740	6.25982264035
745	0.4
750	0.4
755	0.4
760	0.4
765	4.21613506503
770	0.474818944622
775	0.788409000135
780	4.55620926734
785	0.4
790	0.4
795	5.19202542726
800	2.28365889383
805	4.29069344449
810	4.54700959304
815	1.79748632599
820	0.4
825	4.56168774435
830	3.62190475617
835	5.91059540417
840	1.2385819634
845	1.93488188865
850	1.29481327882
855	0.4
860	1.47699900983
865	1.33738458004
870	5.42014448658
875	0.4
880	1.49464683616
885	1.75544758636
890	0.4
895	2.63048472629
900	2.03271298137
905	0.616694121144
910	2.91699030813
915	0.4
920	0.4
925	1.16104615962
930	1.18772701831
935	0.4
940	1.67236726933
945	3.94837066638
950	4.04642029716
955	3.46051240748
960	2.20962824656
965	4.38899835492
970	0.4
975	3.76671508618
980	0.4
985	1.80849095737
990	5.90707415071
995	2.3515112434
1000	0.4
1005	2.94814207415
1010	3.33227605209
1015	0.4
1020	2.35029616451
1025	2.40636010257
1030	3.641085708
1035	0.60586350323
1040	5.54821706184
1045	0.4
1050	1.86997461649
1055	0.4
1060	0.4
1065	0.4
1070	0.4
1075	1.02425404251
1080	1.68396692125
1085	7.25486035983
1090	5.60332361745
1095	2.86076528028
1100	0.88435051773
1105	1.59213435144
1110	4.41974284478
1115	5.37602894237
1120	0.4
1125	3.04887775372
1130	2.87148099047
1135	2.91512485882
1140	1.13027713524
1145	2.31463635132
1150	0.602450868925
1155	2.15528632274
1160	0.620102457413
1165	4.51761450831
1170	3.13644129133
1175	0.855566451204
1180	2.44176486646
1185	0.4
1190	0.577758782988
1195	0.4
1200	0.776983093816
1205	10.2506446049
1210	6.55694386769
1215	4.41472639168
1220	3.35482969347
1225	1.25065773434
1230	0.4
1235	5.74481499617
1240	0.4
1245	0.4
1250	3.03974519441
1255	2.54162383631
1260	4.20682435227
1265	3.31902889715
1270	0.4
1275	1.0984384883
1280	5.04375878761
1285	2.60660695279
1290	0.4
1295	2.9714343753
1300	0.4
1305	2.92225949762
1310	0.4
1315	0.4
1320	2.89461415881
1325	2.29098918366
1330	1.16905287808
1335	0.4
1340	0.4
1345	5.35342889914
1350	0.4
1355	3.22713942758
1360	0.4
1365	4.6497639237
1370	2.58001324678
1375	0.935578826891
1380	0.4
1385	0.65303447837
1390	0.4
1395	0.4
1400	4.09886766059
1405	4.54475887124
1410	0.4
1415	0.996150729743
1420	0.4
1425	0.4
1430	0.4
1435	0.4
1440	1.60309057561
1445	1.9169711627
1450	1.92948665826
1455	1.84672989059
1460	2.10162286403
1465	5.96642471056
1470	2.61314471391
1475	1.79469610374
1480	0.4
1485	4.41054200791
1490	3.20225003814
1495	0.698711126544
1500	0.4
1505	5.73963687761
1510	0.4
1515	5.54128475048
1520	0.894059651463
1525	0.4
1530	1.98601858896
1535	6.6990298283
1540	5.94527177154
1545	1.2788267597
1550	4.14824647438
1555	0.4
1560	0.4
1565	3.07274688251
1570	0.4
1575	2.44523442291
1580	0.4
1585	1.09058164819
1590	3.9772376334
1595	4.25812713768
1600	2.23295306055
1605	0.4
1610	3.927385972
1615	1.88065345223
1620	0.4
1625	0.4
1630	0.4
1635	0.4
1640	0.672359303034
1645	0.802555611949
1650	0.4
1655	1.96391195355
1660	3.47873340483
1665	4.66479969835
1670	3.1991192267
1675	0.4
1680	0.4
1685	0.4
1690	0.783255187241
1695	3.81901855967
1700	0.4
1705	0.4
1710	0.4
1715	0.4
1720	1.10190385377
1725	5.58150176903
1730	2.17854211066
1735	3.54539863897
1740	2.77444709014
1745	0.4
1750	2.54980160432
1755	3.10991725417
1760	5.41793592859
1765	0.4
1770	0.815854538745
1775	0.4
1780	4.09795239451
1785	1.5463445428
1790	0.956341519677
1795	0.901044762058
1800	2.17347838513
1805	0.4
