0	6.09095032876
5	26.2953909508
10	16.4053803738
15	36.0626347134
20	18.9300388062
25	9.7112093804
30	10.0971550607
35	4.14304155554
40	32.290577492
45	20.3596760837
50	5.11773072797
55	0.4
60	6.7869047267
65	45.5133680423
70	12.9578895032
75	13.9626197376
80	14.0829426094
85	0.775770592189
90	18.8844773324
95	19.490825572
100	13.5204411351
105	2.19599356862
110	9.53733884164
115	3.29027914048
120	21.5556889606
125	26.42039505
130	19.0822534978
135	0.4
140	3.396292714
145	9.75762649732
150	9.58099737388
155	24.6708508524
160	10.047576748
165	15.2174339246
170	8.47456719893
175	10.5185885538
180	24.7646684065
185	22.3655726313
190	10.2435880234
195	16.9527987993
200	0.4
205	16.0141191339
210	13.6017687916
215	9.90347766817
220	3.03938902934
225	10.3061922836
230	9.22228886604
235	17.8802651491
240	11.0408869285
245	8.16276369774
250	40.4949287622
255	14.9669925826
260	10.3646782224
265	10.2060516441
270	9.35923788021
275	7.10791767807
280	16.25038933
285	0.4
290	3.18712827881
295	1.51699531462
300	16.0524428878
305	10.5578000886
310	11.9935636843
315	9.94185843691
320	18.5808347585
325	22.4828326092
330	13.7343121956
335	15.1448399121
340	11.0165998715
345	7.39686820848
350	32.2909514424
355	0.4
360	10.1496733877
365	0.4
370	34.1543773477
375	0.4
380	19.3129456835
385	27.1752455708
390	13.7666648665
395	16.4791969501
400	22.8314831082
405	19.1448152654
410	14.3566714542
415	8.62189324269
420	21.3177468319
425	0.4
430	6.64261879383
435	11.8051084202
440	12.5775271294
445	17.1911082136
450	12.5419976889
455	0.4
460	15.6730136959
465	23.3054393205
470	14.1299966631
475	27.934443921
480	37.3015482009
485	6.77349815405
490	0.4
495	10.9591441768
500	0.4
505	22.7404475049
510	14.8764185248
515	14.8510264066
520	15.8664134747
525	16.386819082
530	6.17178968534
535	15.2833789141
540	22.8605908305
545	10.1519263723
550	13.1127293435
555	12.8355978633
560	11.2589324706
565	10.7765405034
570	15.1458567155
575	16.7689760164
580	22.6692592611
585	0.4
590	11.096119005
595	10.6013206483
600	18.2473080684
605	23.691963359
610	21.532350785
615	10.918797325
620	6.32680382395
625	21.0466866955
630	5.23945731592
635	24.8944221239
640	18.1690978957
645	13.5365135556
650	22.3232402516
655	0.4
660	9.89856765091
665	24.6710723704
670	12.3427704745
675	39.2605030113
680	12.2484470513
685	17.3187034472
690	6.81087059175
695	23.0876029215
700	13.0734626104
705	4.20138342758
710	12.7892388002
715	20.5800100263
720	3.33514790496
725	12.8399260941
730	29.7473571789
735	0.4
740	3.68684354653
745	4.11068212576
750	4.39696130776
755	20.2026371023
760	17.9983079613
765	31.5883522072
770	9.50265659284
775	15.3156561282
780	27.9651173266
785	21.511179188
790	8.70220171983
795	9.92405418053
800	13.9954371756
805	17.2723753692
810	11.5237824188
815	11.77709724
820	15.1616893697
825	3.08455805813
830	7.11801776496
835	19.0894162239
840	19.5604985782
845	24.4104277735
850	15.6935297986
855	1.76122939589
860	8.01364470296
865	13.7440569485
870	19.7860535082
875	19.6510720658
880	8.51221339092
885	27.3963233532
890	13.1059462215
895	12.1244304282
900	11.2859699617
905	33.8261973375
910	17.7235409386
915	2.03711198868
920	17.6673420453
925	7.93977693161
930	0.4
935	20.3272394278
940	0.4
945	19.4205746879
950	20.1301923692
955	16.3283591295
960	23.9384256598
965	10.266456243
970	18.1168098912
975	12.3358469579
980	5.40395490372
985	21.0806872576
990	4.05780397578
995	9.99760469348
1000	22.1344257766
1005	0.4
1010	4.24943185267
1015	25.8385742404
1020	11.9642900557
1025	18.6404928266
1030	14.8830281152
1035	18.1423232317
1040	0.4
1045	10.8586833237
1050	8.65082184489
1055	8.73125783871
1060	0.4
1065	10.1435610035
1070	3.7532115683
1075	15.5118692144
1080	27.484875826
1085	15.9372508499
1090	25.0835841129
1095	14.3077226197
1100	19.2060427006
1105	9.21534061366
1110	17.8793199972
1115	20.9749394795
1120	15.4772840735
1125	0.4
1130	16.1485629187
1135	0.4
1140	0.4
1145	21.3669623607
1150	5.0412052263
1155	4.58111600438
1160	1.03804396256
1165	15.6182051314
1170	18.7117564697
1175	14.5116985849
1180	18.853930377
1185	8.85702630425
1190	16.0134210701
1195	18.9909960385
1200	19.2759062913
1205	21.5959574203
1210	25.3638330074
1215	20.893115207
1220	19.2332777223
1225	1.66624154541
1230	21.3822323949
1235	21.3850585051
1240	5.42664590465
1245	19.9115682627
1250	32.5138674793
1255	16.1966301166
1260	7.72520336702
1265	13.2283066664
1270	20.0539024849
1275	5.82866706065
1280	0.4
1285	14.6478292662
1290	19.9585804175
1295	38.1385381138
1300	5.02773661883
1305	3.05433659752
1310	0.4
1315	6.06703791622
1320	15.8306176991
1325	17.6909967405
1330	24.6778108708
1335	19.8125111544
1340	15.1786184001
1345	22.4519426884
1350	5.52273354416
1355	13.1381348996
1360	17.945215263
1365	0.4
1370	15.7463781737
1375	26.658528272
1380	19.9786959161
1385	16.9667868576
1390	24.3348297876
1395	18.3114327616
1400	7.71624496569
1405	7.23752474251
1410	15.7645393565
1415	0.4
1420	8.31195669141
1425	23.804749858
1430	26.7161835031
1435	7.206383117
1440	42.4310135894
1445	35.08831094
1450	0.4
1455	14.3276725218
1460	2.71944025098
1465	30.2239972044
1470	17.9711045754
1475	3.75166877315
1480	15.3742101867
1485	16.9079825538
1490	0.4
1495	15.3311422514
1500	16.0552616621
1505	12.6473516934
1510	16.6179563525
1515	20.8715887522
1520	18.7817584348
1525	11.6040129948
1530	11.6232860498
1535	10.8461556527
1540	15.765207647
1545	2.70913684045
1550	20.7375808449
1555	32.2544099237
1560	9.56640492465
1565	19.2888629417
1570	24.4333736374
1575	11.2043615685
1580	8.4326873627
1585	14.6314271074
1590	1.49931641228
1595	11.6646452028
1600	24.476675024
1605	16.5936583203
1610	23.9499438601
1615	9.64854556506
1620	0.4
1625	22.4022474771
1630	19.5577281729
1635	4.95964923828
1640	8.93449756405
1645	20.2765800171
1650	0.4
1655	13.7834826244
1660	24.8356907425
1665	7.34063760875
1670	14.6626494086
1675	9.73301858155
1680	14.912489154
1685	14.3833489212
1690	35.0189754469
1695	22.3010557385
1700	15.6588961542
1705	20.1394681625
1710	20.6603546184
1715	3.99921941396
1720	24.332425086
1725	12.604955362
1730	6.03483161995
1735	22.1931250198
1740	11.3524411401
1745	0.4
1750	22.0422355599
1755	6.50295478305
1760	20.946226295
1765	24.5840689118
1770	12.8117523292
1775	17.8930160976
1780	11.6988278904
1785	16.1105680691
1790	9.00248753166
1795	34.4544722628
1800	35.8734389417
1805	26.2473992215
1810	12.9409147571
1815	23.8739459639
1820	0.4
1825	15.9127714449
1830	33.2040841946
1835	1.61952818729
1840	3.31291260377
1845	10.4920069525
