0	2.95820804085
5	0.4
10	0.4
15	2.20319685921
20	1.35520069801
25	1.4056870752
30	0.961242576637
35	0.743616726844
40	2.80549534381
45	1.4135165231
50	1.27752707312
55	0.798595118652
60	0.4
65	1.42635515817
70	2.10599130522
75	0.935397731474
80	2.36345066286
85	2.28734059727
90	0.4
95	1.13361019501
100	1.22418747169
105	0.603343797312
110	0.4
115	0.4
120	0.4
125	0.416144178199
130	0.4
135	2.4898554345
140	1.6024326603
145	0.785188012643
150	0.949162861447
155	0.4
160	0.4
165	0.4
170	1.31702345145
175	0.4
180	3.62916755903
185	0.4
190	0.78499018955
195	1.27027960899
200	0.4
205	2.72035042117
210	0.4
215	0.4
220	1.64839229977
225	1.15121117176
230	0.570149318864
235	1.05692661248
240	0.4
245	2.51200554729
250	0.4
255	0.4
260	0.4
265	0.4
270	0.4
275	4.07448182199
280	0.4
285	0.4
290	0.4
295	1.92113415364
300	0.710320393908
305	1.00518607231
310	0.4
315	2.03527354029
320	0.4
325	0.4
330	0.4
335	0.4
340	0.4
345	1.39113264137
350	0.703273824326
355	2.06694925534
360	1.70687929728
365	1.02616733132
370	2.37561553363
375	0.4
380	2.30184044448
385	0.4
390	0.583022374294
395	0.4
400	0.4
405	1.64302701037
410	0.448203935157
415	2.39098378671
420	1.57793986249
425	1.04150080079
430	2.49810486265
435	0.4
440	1.86679762529
445	2.72225771017
450	1.76473401316
455	1.46337677131
460	1.30827124758
465	1.49812030099
470	0.4
475	2.01562560746
480	3.01845230072
485	0.4
490	0.4
495	0.4
500	1.62889710973
505	0.4
510	0.4
515	3.36921304905
520	0.4
525	1.92179335431
530	0.4
535	0.4
540	0.839528942243
545	0.4
550	2.1113697076
555	0.4
560	0.829561393939
565	4.12567301238
570	0.4
575	0.4
580	0.646586285685
585	0.63283574012
590	0.4
595	0.419690696863
600	0.4
605	1.64107695918
610	1.39977934958
615	1.35946917264
620	0.4
625	0.4
630	1.69655267417
635	4.04466110268
640	1.35193116113
645	0.4
650	2.95511778708
655	1.3104909475
660	0.4
665	2.55899544265
670	3.75616936386
675	2.45245988245
680	0.4
685	0.4
690	1.89718355828
695	3.85026629421
700	0.4
705	0.4
710	1.9925734981
715	0.4
720	1.91047524244
725	0.597790554287
730	0.4
735	2.01690367305
740	0.417095743281
745	0.4
750	4.17263716902
755	1.01518501499
760	0.4
765	0.4
770	1.78344262093
775	0.4
780	0.4
785	1.99570195959
790	2.39553214837
795	0.4
800	0.825634049178
805	0.4
810	0.773422798697
815	0.4
820	0.425611256228
825	0.532397247641
830	0.4
835	4.2016456356
840	5.2856493399
845	0.4
850	0.4
855	1.16447485245
860	0.860709460659
865	0.671279032828
870	0.4
875	0.4
880	0.4
885	2.83855676305
890	0.4
895	0.4
900	2.16469204392
905	1.07652851725
910	0.4
915	0.4
920	0.4
925	0.4
930	0.4
935	2.87593297174
940	1.11885075022
945	0.4
950	0.4
955	0.4
960	2.16453295208
965	0.4
970	0.4
975	0.4
980	1.52235972313
985	2.43982688746
990	0.4
995	0.620993086739
1000	3.78903391459
1005	0.4
1010	1.06803064459
1015	1.37444738499
1020	0.4
1025	0.4
1030	0.540205655085
1035	0.4
1040	2.12000556017
1045	2.52838904415
1050	0.4
1055	0.4
1060	0.4
1065	0.4
1070	1.21595657917
1075	0.97622528191
1080	0.835449332024
1085	0.836728683032
1090	0.4
1095	0.4
1100	2.54007831163
1105	3.39465154492
1110	0.673979974673
1115	3.67735811486
1120	0.4
1125	1.59759342889
1130	0.485046959803
1135	1.0165037158
1140	0.4
1145	1.5503085255
1150	0.920754093952
1155	0.4
1160	0.4
1165	3.18563174664
1170	0.4
1175	1.45640061081
1180	0.4
1185	0.4
1190	0.4
1195	0.4
1200	2.14673853294
1205	2.71764849873
1210	2.91476021512
1215	0.4
1220	3.7376060254
1225	0.4
1230	0.4
1235	0.4
1240	0.4
1245	0.4
1250	0.4
1255	1.77542105502
1260	3.16464845564
1265	0.4
1270	0.4
1275	2.21665044773
1280	0.4
1285	1.85977679776
1290	1.33259118998
1295	0.4
1300	0.4
1305	0.4
1310	0.4
1315	1.52619689631
1320	2.0880861578
1325	1.19454336115
1330	0.736693502938
1335	0.4
1340	0.56409912365
1345	0.4
1350	1.89580303988
1355	0.4
1360	0.4
1365	0.857746878251
1370	1.9297369643
1375	4.04545866303
1380	1.90802232154
1385	0.4
1390	1.27904203916
1395	1.79545541564
1400	1.10799843037
1405	2.97691689826
1410	0.430088288331
1415	1.45317648167
1420	0.564484561285
1425	0.4
1430	1.51394847181
1435	0.632472754217
1440	1.59156462096
1445	1.2360836113
1450	0.4
1455	2.10206875175
1460	2.72975274109
1465	0.819957698709
1470	0.4
1475	0.426283454901
1480	0.4
1485	1.64659365176
1490	1.75945606901
1495	2.45293437773
1500	0.4
1505	0.4
1510	0.4
1515	0.678516048391
1520	0.793888696404
1525	1.92587356071
1530	3.24609839066
1535	0.4
1540	0.4
1545	0.4
1550	0.4
1555	0.4
1560	1.93419026404
1565	1.37893353653
1570	0.4
1575	0.415134401481
1580	0.4
1585	0.897010140154
1590	0.709748916985
1595	1.59904639947
1600	1.17560849897
1605	0.4
1610	1.50988575191
1615	1.56247948632
1620	0.4
1625	1.52841919739
1630	0.4
1635	1.18375489599
1640	0.505699487534
1645	1.09631133261
1650	0.818018555823
1655	0.4
1660	0.4
1665	2.11607118588
1670	0.4
1675	0.4
1680	0.4
1685	2.60368890664
1690	1.7399399889
1695	0.4
1700	3.3865567137
1705	0.614962145937
1710	0.4
1715	0.424621446097
1720	0.596255611574
1725	1.58334688815
1730	1.77158444834
1735	0.4
1740	2.43357976578
1745	2.20043000871
1750	0.4
1755	1.10060178353
1760	0.749662203393
1765	3.66919767175
1770	0.4
1775	0.4
1780	2.3634222448
1785	0.543141044845
1790	0.732042292193
1795	0.4
1800	0.4
1805	0.4
1810	1.4875285574
1815	0.431983008772
1820	1.86445712566
1825	1.04885743491
1830	0.4
1835	0.4
1840	1.28658581916
1845	0.4
1850	0.627058123094
1855	0.4
1860	0.4
1865	0.4
1870	0.4
1875	1.77402878366
1880	1.48903771838
1885	0.4
1890	0.4
1895	0.4
1900	0.4
1905	0.4
1910	1.37241793338
1915	0.776507231622
