0	4.78016323346
5	1.78881978617
10	1.75461669585
15	0.435914640104
20	1.98565865361
25	1.62973189022
30	4.37215169279
35	9.32642684839
40	5.30441809713
45	7.09385392396
50	0.723240475314
55	8.53226812094
60	4.10669839733
65	4.32483524668
70	3.91513991795
75	2.64559000041
80	1.41736601753
85	7.74874863463
90	2.35719520413
95	13.2913596123
100	1.25537964836
105	4.8469373572
110	0.4
115	1.61517649662
120	0.4
125	8.11118195869
130	4.78489423887
135	3.27368323446
140	2.10174612488
145	4.94366902553
150	5.19820971365
155	0.4
160	10.2748279726
165	2.02704942589
170	3.12666197148
175	0.973112882681
180	8.22303712637
185	6.01489318202
190	6.39595147219
195	0.4
200	5.17927696003
205	1.34149752694
210	7.39646423237
215	4.65203332934
220	0.4
225	7.8713158525
230	3.96731402446
235	0.4
240	0.4
245	0.4
250	9.98881498353
255	1.85585994828
260	2.26003535265
265	5.55004713908
270	0.4
275	3.25259177109
280	4.98161314668
285	1.2252302559
290	1.3042862074
295	4.41492480244
300	1.92272999139
305	2.36393005775
310	2.80971161531
315	2.48946229448
320	3.08202708095
325	5.93419593753
330	2.15995297716
335	4.35576431354
340	4.41863647083
345	0.4
350	0.4
355	2.63324849511
360	0.4
365	4.49474735622
370	10.0979478012
375	2.88735563975
380	2.77099136709
385	2.89099362684
390	1.46458304881
395	2.12539611473
400	4.55200193533
405	4.54672770307
410	10.2387058278
415	2.6729090446
420	0.972551472042
425	0.4
430	1.23920562729
435	0.4
440	2.1682883373
445	0.4
450	4.65890274603
455	4.35010773059
460	0.4
465	0.4
470	4.26021862575
475	4.97465820589
480	8.5779847433
485	8.3626897574
490	4.26917622841
495	0.4
500	0.4
505	7.23666455198
510	0.4
515	3.34744075798
520	3.98019262568
525	0.4
530	0.4
535	0.4
540	0.947776893465
545	6.67428928829
550	1.86162465615
555	0.533310186979
560	4.3567541776
565	1.20243643907
570	8.7142431335
575	0.4
580	3.98383202575
585	10.606967327
590	0.812325005216
595	3.98777261027
600	5.0566209365
605	7.51687764796
610	1.05429472805
615	4.10447807462
620	4.96738929826
625	3.89669012441
630	5.50891294123
635	4.75938909985
640	3.99660545692
645	2.87244287835
650	3.44519464963
655	0.4
660	2.41942988229
665	1.19684990283
670	4.3406298577
675	1.80192912164
680	5.61485276566
685	5.41278531615
690	3.54071362937
695	4.38415022917
700	8.67000136213
705	4.51177665888
710	6.37668566166
715	0.4
720	0.502356073801
725	0.4
730	2.34990228211
735	4.49724096435
740	0.4
745	3.79459238509
750	1.25960822438
755	0.4
760	3.42323184523
765	2.75068787122
770	0.4
775	1.4212427971
780	5.7454581864
785	1.95468582107
790	2.27869062389
795	4.86590884089
800	3.725596414
805	5.74691363582
810	7.80659715842
815	1.8603203149
820	11.5125090597
825	5.5007348356
830	0.4
835	2.51940790815
840	0.4
845	2.02519043946
850	0.4
855	3.35445781162
860	3.635559285
865	5.36470514759
870	10.4930742683
875	0.4
880	0.4
885	9.64608233744
890	5.20716079226
895	0.777854895018
900	6.75188584592
905	6.85922916516
910	1.9627982947
915	3.52110207818
920	3.4377889764
925	0.4
930	8.62763932199
935	0.4
940	4.39023067931
945	0.4
950	9.60669616655
955	0.567736961724
960	2.8787078774
965	2.79309387797
970	0.4
975	4.23678144942
980	4.05423415448
985	4.82859688659
990	5.09933441434
995	2.7204856695
1000	6.52709402609
1005	0.4
1010	3.25899605329
1015	2.2242041379
1020	12.1090063481
1025	0.421650391121
1030	0.960409329808
1035	2.21875312634
1040	6.33126509352
1045	0.4
1050	0.4
1055	1.26836963035
1060	4.87281376021
1065	1.27962978564
1070	1.87203000722
1075	4.57824462047
1080	7.86525503768
1085	1.47436301593
1090	0.4
1095	2.20177800898
1100	3.51432642293
1105	0.4
1110	10.5877933056
1115	4.31016777926
1120	2.34524148413
1125	0.4
1130	5.3187103687
1135	0.4
1140	0.4
1145	4.36323379183
1150	5.6903831355
1155	0.4
1160	7.22315849931
1165	0.692373462129
1170	0.4
1175	6.92423667166
1180	0.4
1185	1.0453350125
1190	0.4
1195	1.36778668753
1200	2.43455214268
1205	9.38334460881
1210	0.4
1215	0.605716816238
1220	9.69790559561
1225	5.1578763996
1230	3.02261950854
1235	7.99278330663
1240	8.61965393978
1245	4.56660059526
1250	0.4
1255	0.612749007261
1260	4.62395220181
1265	1.81466087392
1270	0.4
1275	4.48185875709
1280	5.64403315606
1285	5.24084118297
1290	0.759682197645
1295	2.74846063436
1300	2.00799716855
1305	7.87473290509
1310	2.10404782376
1315	3.57246034917
1320	12.024080488
1325	2.86034685751
1330	2.19281404811
1335	8.30844337459
1340	5.37123649897
1345	4.06326156186
1350	6.21808818512
1355	7.19001834477
1360	0.611945582607
1365	0.4
1370	4.65212182818
1375	0.814456422212
1380	0.4
1385	0.4
1390	0.4
1395	4.50996032078
1400	7.67734302153
1405	0.4
1410	9.06105188007
1415	0.4
1420	0.4
1425	2.36931505062
1430	0.4
1435	2.24989316906
1440	1.59410630517
1445	4.32973469447
1450	6.39185189543
1455	0.998361193204
1460	0.4
1465	0.4
1470	0.4
1475	3.4349843835
1480	2.37009177366
1485	0.4
1490	3.84157450806
1495	12.7968145555
1500	5.88358625712
1505	0.4
1510	2.63638398866
1515	1.89561847753
1520	3.70996250472
1525	4.97278899269
1530	0.4
1535	0.4
1540	0.4
1545	0.4
1550	7.49129424067
1555	2.84018317279
1560	5.38949271203
1565	8.53568104407
1570	7.19778852142
1575	0.4
1580	0.4
1585	0.4
1590	0.533714047046
1595	1.02823952081
1600	4.60643401688
1605	6.14901929548
1610	5.47141005921
1615	1.83792134997
1620	2.43965757093
1625	0.517738472853
1630	2.94219269947
1635	0.4
