0	1.93625632594
5	5.50933806585
10	0.4
15	0.4
20	1.97874150455
25	3.01532229733
30	1.17451034393
35	0.4
40	0.4
45	0.801564311301
50	0.4
55	0.4
60	1.41344233226
65	0.4
70	0.4
75	0.776600398239
80	5.42202631615
85	0.4
90	7.87002969306
95	6.84222534535
100	6.80403837998
105	0.4
110	2.97050914433
115	2.1180662145
120	5.28830867002
125	7.76617346411
130	1.57365577695
135	0.4
140	0.4
145	4.34966452224
150	9.56400293193
155	0.4
160	4.11863261003
165	1.08918749981
170	5.14048563238
175	13.8050911287
180	0.4
185	0.4
190	7.15599387061
195	0.4
200	4.25559375766
205	9.22195417929
210	2.69273465071
215	1.44672860566
220	4.25591125648
225	0.4
230	7.77470035312
235	1.44177658897
240	5.21027012129
245	0.4
250	1.69863057325
255	0.4
260	0.4
265	1.29836848031
270	2.23879961063
275	6.08170553382
280	0.4
285	0.4
290	0.4
295	4.61052714161
300	0.4
305	0.4
310	0.4
315	1.41020134027
320	0.4
325	0.4
330	0.4
335	0.882590710241
340	6.61634021349
345	8.32554503417
350	0.4
355	0.4
360	0.4
365	1.75752773569
370	6.41463880489
375	0.4
380	4.09074334284
385	0.4
390	2.98365566951
395	0.4
400	6.77750422151
405	0.4
410	0.4
415	3.27319104282
420	5.83117792504
425	7.44903829921
430	0.4
435	7.66853317258
440	0.4
445	0.4
450	0.4
455	1.06867584456
460	5.11584433373
465	0.4
470	6.32363824027
475	1.27011981134
480	3.12543749399
485	0.4
490	1.61605834949
495	0.4
500	6.0230605762
505	2.93127670687
510	4.48257751855
515	0.4
520	0.4
525	0.4
530	0.4
535	4.79051254095
540	6.3636584607
545	9.0584611772
550	4.37033841578
555	0.4
560	4.37255593488
565	0.503298243071
570	1.11082284897
575	1.42355714342
580	3.08536720845
585	0.657705046403
590	3.50828407277
595	3.30601994097
600	2.03218665391
605	5.33233844655
610	0.4
615	0.4
620	6.55706854018
625	0.4
630	3.74721897953
635	2.22227041444
640	0.783834652575
645	0.4
650	5.31688469825
655	2.44015486176
660	1.51534484778
665	5.12777734611
670	0.4
675	0.4
680	1.03757724342
685	0.4
690	5.21812566638
695	0.4
700	3.52646135843
705	4.74480991792
710	3.46804316302
715	0.4
720	0.4
725	0.4
730	3.27857210693
735	0.4
740	8.15385183297
745	1.35389152701
750	0.4
755	8.87098830809
760	2.40013941427
765	0.4
770	7.56657524092
775	2.3171137557
780	1.94390378779
785	10.3521686061
790	1.87181145348
795	0.4
800	0.4
805	4.48840165631
810	0.4
815	0.484632904813
820	3.40963769453
825	5.42344441406
830	7.12962793628
835	0.784840084671
840	0.4
845	0.4
850	0.4
855	4.89172645081
860	3.55566705709
865	0.432227226093
870	2.91112733126
875	8.21695389709
880	5.8911970531
885	0.4
890	0.4
895	4.87994299617
900	6.30812033965
905	5.72553979554
910	1.59840289669
915	4.66379448482
920	1.87883172514
925	0.74343702965
930	0.821211220887
935	2.19852181063
940	0.4
945	8.79330880157
950	5.24616274972
955	3.5100822599
960	0.4
965	4.68767650009
970	4.06968026846
975	0.4
980	1.19273998519
985	3.05052449295
990	2.770688024
995	0.4
1000	0.4
1005	6.40438509408
1010	7.03650674956
1015	0.580506595355
1020	4.85774657459
1025	2.35557660081
1030	0.60679534135
1035	2.47868634938
1040	3.70799998826
1045	0.4
1050	2.58591881886
1055	0.4
1060	0.4
1065	0.4
1070	0.4
1075	10.5981520153
1080	0.746770139155
1085	0.4
1090	1.72150919556
1095	0.4
1100	0.45029265175
1105	4.7243284155
1110	1.93019016353
1115	0.893019235897
1120	0.4
1125	0.4
1130	5.89153084099
1135	3.08862420019
1140	0.4
1145	0.4
1150	2.24724139415
1155	0.4
1160	2.52765373324
1165	4.63013293667
1170	3.25723526
1175	6.936181951
1180	4.73476471646
1185	0.44236189823
1190	2.08461269859
1195	4.08430059837
1200	3.24965790576
1205	3.21708638624
1210	0.4
1215	2.00901611243
1220	0.4
1225	1.40831888535
1230	1.23898191117
1235	1.07708408602
1240	1.86723100458
1245	17.4951829319
1250	5.1629666443
1255	2.75637182604
1260	6.90962342577
1265	0.4
1270	8.22891442611
1275	0.4
1280	1.82573803163
1285	0.4
1290	4.26218865157
1295	0.626897037089
1300	0.879157243504
1305	1.69062606692
1310	9.36602749477
1315	0.4
1320	8.73980068752
1325	0.4
1330	0.4
1335	0.4
1340	10.672336596
1345	5.11619480714
1350	0.4
1355	3.83544364805
1360	1.41446796725
1365	1.51371745003
1370	10.2879207205
1375	1.23615380362
1380	1.66798106753
1385	0.4
1390	0.4
1395	0.4
1400	0.480463194825
1405	0.449874897261
1410	2.7693290175
1415	0.4
1420	0.482699415742
1425	0.4
1430	6.34206034623
1435	5.60046487891
1440	0.4
1445	5.89866684686
1450	0.4
1455	1.62939976185
1460	11.2636263668
1465	0.504209661009
1470	0.4
1475	0.4
1480	2.71157263934
1485	2.68048279425
1490	0.4
1495	0.4
1500	0.4
1505	3.03212871562
1510	0.418185511696
1515	3.48112840193
1520	5.14223878492
1525	0.4
1530	2.00827590025
1535	0.4
1540	3.83175924312
1545	0.4
1550	0.4
1555	0.496152220287
1560	2.87238676492
1565	0.4
