0	7.67833267014
5	6.6850371268
10	8.46564819958
15	8.16441820868
20	4.25718126845
25	5.76516185729
30	10.016623058
35	2.72628075645
40	5.56866461578
45	6.21630456792
50	6.55812187331
55	5.11782650239
60	4.17140101212
65	6.24945060742
70	6.33953451983
75	6.42232510758
80	5.88221270183
85	2.75318671527
90	6.67196709386
95	7.84138221884
100	4.66643898076
105	6.20449029174
110	5.14101084282
115	2.86033113529
120	2.5600652637
125	4.7723112909
130	5.88803494222
135	7.20188413319
140	2.11033740437
145	6.05630789213
150	6.10641645763
155	8.73625577304
160	1.54053338004
165	7.59178473629
170	5.26764112281
175	6.19527298846
180	2.79050018888
185	6.55893781979
190	7.2164972987
195	2.24080170239
200	5.04543449847
205	8.82438159372
210	8.11558487065
215	6.84552214998
220	4.40455801064
225	11.8581706853
230	7.63223789626
235	2.92408616599
240	5.58658408628
245	7.65168376176
250	6.49289470686
255	6.38926203813
260	6.70894167014
265	3.82989484028
270	8.80978719001
275	7.95506692344
280	8.55598373502
285	5.84428361036
290	6.6650457322
295	5.96589312208
300	4.72075491403
305	5.86771620751
310	5.53436884621
315	6.44846880356
320	5.37085223104
325	6.26267537174
330	8.75519653839
335	3.49989669608
340	5.4434587312
345	6.08162661268
350	6.96343026375
355	8.37823940915
360	4.51739127936
365	6.92130895064
370	6.0294958436
375	6.08865610153
380	5.59696191518
385	6.17178063616
390	5.73109096764
395	6.13013009336
400	3.48608683935
405	11.3035886916
410	7.08717262025
415	7.92043587982
420	3.85383224275
425	4.16702803466
430	5.82924047947
435	4.9714276218
440	5.78157374375
445	7.96172878926
450	4.91169086156
455	8.32740766664
460	2.65447589555
465	4.28395158228
470	6.84647465607
475	5.95421127462
480	5.47146779266
485	5.27069543312
490	5.76031935764
495	5.62693195664
500	5.46715871468
505	3.87762920806
510	9.55118539085
515	5.26455076461
520	7.27643361859
525	7.3959064987
530	5.81765466506
535	7.308933587
540	4.58654331354
545	4.56314554345
550	6.80218437109
555	5.35353848049
560	4.86978800841
565	6.10486531969
570	7.12263885154
575	7.46269036149
580	6.51006073686
585	6.59547156595
590	6.67830861325
595	7.49377110001
600	4.8855607761
605	5.68633519295
610	5.27803872862
615	7.59643693268
620	6.55244516195
625	6.57525578521
630	5.19035623437
635	5.73627845087
640	7.54343472803
645	5.58248941368
650	5.12602676801
655	6.61334241661
660	0.780458000974
665	7.40538996652
670	5.64451946414
675	6.41734184924
680	4.11438215227
685	7.08561939606
690	7.78042403812
695	6.05201737817
700	5.38636594426
705	6.49396390778
710	6.22520917257
715	2.20769274894
720	8.63002205935
725	4.50389175672
730	8.46215900481
735	7.02828207534
740	8.1698745754
745	4.04282731189
750	5.34528606248
755	2.68010088161
760	9.87238638638
765	7.25194656452
770	8.98921384284
775	5.60870124377
780	5.98596954236
785	3.13404791774
790	3.41825322793
795	5.50380053717
800	7.41648740546
805	5.4440529044
810	7.37627881027
815	9.23808250693
820	3.63188057551
825	6.05214240489
830	4.44821900535
835	6.59326769191
840	5.46132140554
845	7.43428418905
850	5.88798904096
855	5.82115438352
860	5.55688945454
865	5.96105425218
870	7.45389699724
875	6.77215105579
880	5.35415620283
885	4.2078134253
890	5.5408209527
895	3.25858881263
900	2.31317038073
905	6.2095328448
910	4.87910980701
915	2.25605950076
920	6.43681668352
925	6.44525318581
930	3.71073016643
935	6.07440109256
940	5.71565001595
945	6.72897950537
950	4.56157824766
955	4.73497092575
960	5.43491419082
965	1.14579566843
970	5.23360180896
975	8.48164748451
980	4.96713527771
985	6.88342930426
990	7.88023645084
995	6.69615136826
1000	4.77571334813
1005	10.6871890191
1010	6.88319941589
1015	5.88677823995
1020	5.52636679491
1025	7.25144966817
1030	5.63871578188
1035	4.70235734606
1040	6.90017474452
1045	7.20332330183
1050	6.645108768
1055	6.15085791901
1060	1.75789170921
1065	5.68569889302
1070	7.99412664531
1075	4.05346275433
1080	11.2151629369
1085	4.26298893381
1090	4.52068368014
1095	5.49386683712
1100	6.83971908579
1105	3.37380895979
1110	3.43913267372
1115	6.09219954668
1120	6.96453171847
1125	7.65238070262
1130	5.59721588364
1135	3.3405479341
1140	8.07659663891
1145	7.20972357599
1150	5.21358307371
1155	6.59576678779
1160	5.11612248773
1165	4.62383218999
1170	4.39411002105
1175	5.05840909878
1180	6.87339354751
1185	6.88098259823
1190	6.29253707939
1195	2.12689015602
1200	3.21878564616
1205	7.88384497391
1210	4.74264174772
1215	4.36705409867
1220	8.08350567416
1225	8.5202330195
1230	7.93127777463
1235	7.92917637774
1240	4.82438763069
1245	6.77149150262
1250	6.33085133704
1255	7.31767696568
1260	1.43689484255
1265	6.34178026273
1270	6.80150172875
1275	5.60321360209
1280	5.54663690044
1285	6.15934255873
1290	6.41498263932
1295	0.425091201315
1300	10.0569937416
1305	5.88999789246
1310	4.52782931869
1315	3.61859712135
1320	8.8990816501
1325	7.04759802322
1330	6.54312125927
1335	3.99399223173
1340	6.35290030435
1345	7.78001623457
1350	6.39126110147
1355	6.92057050589
1360	4.75264925255
1365	6.46223849322
1370	5.79641720539
1375	5.61881272948
1380	7.39363790045
1385	4.71299604486
1390	6.31809620211
1395	5.94509485073
1400	7.03964712875
1405	6.38534654988
1410	4.26770477699
1415	7.28058125475
1420	8.57385580083
1425	4.84575318407
1430	7.28972876554
1435	7.97248721796
1440	7.16759380137
1445	7.59108060711
1450	5.42434829941
1455	6.68641627244
1460	6.08167814184
1465	3.81964170751
1470	5.63425206319
1475	6.06908950421
1480	5.83211842092
1485	6.97811119486
1490	2.51690538872
1495	6.97423062012
1500	8.06354133971
1505	9.86054051091
1510	3.37161022594
1515	7.76031913612
1520	6.43750242057
1525	6.91342014695
1530	5.70283083295
1535	6.54596517656
1540	7.71053903852
1545	7.03113663859
1550	7.00636572994
1555	6.32628516759
1560	6.91136606109
1565	1.22616482046
1570	6.47166156355
1575	4.14226571393
1580	13.6920127182
1585	8.19253606831
1590	5.33210465621
1595	8.35363855127
1600	4.44734366925
1605	6.35748399976
1610	6.01527807899
1615	5.87070650607
1620	6.26124513225
1625	6.3112217822
1630	5.90263302199
1635	9.61755932395
1640	7.46004074465
1645	3.78884278523
1650	6.13544678265
1655	4.00140238869
1660	5.95306600689
1665	5.09270428982
1670	7.39149942997
1675	6.42685257361
1680	5.51981111183
1685	5.84048539054
1690	5.5700182281
1695	6.2125742133
1700	6.03501385625
1705	7.06150846914
1710	7.84583427525
1715	5.58723603633
1720	9.95005150579
1725	1.43188660987
1730	3.51858791986
1735	5.10082067841
1740	5.41137087798
1745	6.10738800222
1750	5.4129705784
1755	6.1316323172
1760	6.09619856572
1765	9.53667004916
1770	8.14585737961
1775	7.02183961493
1780	6.60740266329
1785	10.4848484426
1790	9.28092671967
1795	7.29635468308
1800	4.24030067097
1805	4.66672592675
1810	6.53770205542
1815	7.31023420044
1820	6.99242416749
1825	4.14592591016
1830	3.95720137284
