0	0.5254575164
5	1.5565745781
10	2.46314626045
15	1.01433710814
20	0.4
25	0.4
30	0.740241824226
35	2.56400683235
40	0.4
45	0.4
50	0.981466621357
55	3.20753655959
60	0.4
65	0.735690077846
70	1.75402237872
75	1.17611594374
80	2.37479107294
85	2.66009711972
90	2.82318773085
95	0.4
100	1.62076007452
105	0.4
110	1.13277127466
115	0.4
120	0.4
125	0.69447609897
130	0.813909011949
135	0.700545842949
140	0.4
145	1.99766622598
150	0.656510242801
155	0.4
160	3.38166836514
165	1.27966273156
170	0.4
175	0.4
180	2.0167196277
185	1.12229265097
190	1.89566416238
195	3.55148057717
200	0.4
205	0.4
210	3.7905938927
215	0.4
220	1.89808123905
225	1.93134423501
230	1.34672000944
235	0.4
240	4.39662212091
245	2.17416351435
250	2.44023668908
255	0.479253140244
260	1.3455927005
265	1.36998056913
270	7.87057562175
275	1.98671757295
280	0.4
285	0.503837816578
290	0.4
295	2.18831700335
300	1.38349212494
305	0.537166999682
310	5.31607617077
315	1.21956208879
320	0.4
325	2.78003304078
330	1.71250784222
335	0.4
340	3.03639106857
345	2.47538075691
350	0.4
355	1.06472309804
360	0.4
365	0.767971857863
370	0.4
375	0.4
380	1.05849000142
385	1.97579379053
390	0.854312432672
395	0.4
400	0.4
405	2.02364206368
410	0.907815140513
415	0.4
420	0.4
425	0.4
430	1.24164220032
435	3.27220939201
440	3.51869092184
445	1.52000838864
450	3.31895202196
455	0.4
460	3.28718927754
465	3.3480314934
470	0.4
475	0.4
480	0.4
485	0.4
490	0.609372095128
495	3.85496140704
500	1.9471811414
505	1.25308544445
510	2.55408710655
515	2.65182659759
520	0.4
525	2.53604330584
530	1.44941360703
535	6.60552002515
540	1.5127703176
545	6.05708733389
550	4.02023573167
555	0.4
560	0.484519496675
565	2.96017963573
570	0.439490758203
575	1.49231978726
580	0.4
585	0.4
590	1.52932502201
595	0.564043891214
600	1.98811219551
605	2.29876324285
610	2.35619857542
615	0.4
620	0.4
625	6.70114846201
630	0.4
635	0.440516780572
640	0.4
645	0.591418894034
650	1.2478915825
655	2.93360024758
660	0.4
665	6.78643355829
670	1.71656280123
675	0.600583408149
680	0.4
685	0.4
690	2.8959077577
695	0.4
700	1.07400162379
705	1.31583167413
710	1.73692134721
715	0.4
720	2.62648066481
725	0.4
730	2.33500334746
735	1.98881849526
740	6.67724369227
745	0.988123307479
750	0.4
755	0.4
760	3.24244140684
765	0.4
770	0.4
775	0.4
780	4.11101773593
785	4.53939214586
790	3.26470929123
795	2.05369187732
800	1.30251567436
805	0.4
810	0.485964280965
815	1.16439107775
820	1.68787414904
825	0.4
830	3.51506317104
835	2.38083387818
840	3.56957978492
845	3.22857447995
850	1.16970428323
855	0.4
860	0.4
865	1.81992414037
870	2.19372666069
875	1.44524745778
880	0.4
885	4.58270252474
890	0.4
895	0.4
900	1.39428658388
905	3.22419076285
910	1.0934287221
915	0.4
920	2.79769841132
925	1.56820258547
930	1.09369012258
935	2.7502163099
940	0.591082723222
945	0.4
950	3.00658121705
955	1.9631041578
960	1.79049663909
965	1.68071477476
970	0.4
975	0.4
980	0.802804264131
985	3.11397484584
990	1.04680846948
995	1.94106915699
1000	1.05258746651
1005	5.23748195031
1010	3.74526806073
1015	4.40273537596
1020	0.677158849217
1025	3.10077844106
1030	0.4
1035	3.5729570829
1040	2.36267124037
1045	0.4
1050	1.99299562069
1055	2.83960273368
1060	0.4
1065	0.4
1070	2.63646414063
1075	2.54138269312
1080	0.4
1085	0.4
1090	2.51132381701
1095	3.6854824766
1100	1.12482847242
1105	5.97611775164
1110	0.4
1115	3.22982778659
1120	1.30509784169
1125	0.4
1130	3.70848715484
1135	2.80467115444
1140	1.68915340665
1145	3.50916039352
1150	0.4
1155	0.4
1160	0.4
1165	1.24510039171
1170	0.4
1175	1.3163269211
1180	0.4
1185	2.10329911179
1190	2.52895031314
1195	1.61337375195
1200	0.4
1205	0.642648867682
1210	4.60639247136
1215	4.35133501914
1220	0.4
1225	4.09188893438
1230	4.34780621347
1235	0.4
1240	0.628274706647
1245	2.68286379606
1250	0.4
1255	3.78164254771
1260	3.37946448341
1265	4.14353039925
1270	1.30239817094
1275	2.1638633574
1280	0.4
1285	0.4
1290	2.30287501018
1295	0.4
1300	1.45446584122
1305	0.4
1310	1.31845939383
1315	0.4
1320	4.30047703014
1325	2.47852722043
1330	5.12626942516
1335	0.4
1340	0.4
1345	0.4
1350	7.30059510319
1355	0.4
1360	0.4
1365	0.4
1370	4.18172865494
1375	0.4
1380	0.719282380593
1385	4.37827250107
1390	2.74434505862
1395	0.507928866128
1400	0.402191334877
1405	7.78357715472
1410	0.4
1415	8.3608448698
1420	0.4
1425	0.4
1430	2.34861209158
1435	2.19429893615
1440	4.47678400223
1445	2.15022622095
1450	1.81667226194
1455	0.4
1460	0.4
1465	0.4
1470	0.4
1475	3.53650208934
1480	1.41138945754
1485	5.39236396977
1490	2.74771129476
1495	1.11730249532
1500	5.94262516943
1505	0.4
1510	4.07140644596
1515	6.61505817927
1520	6.03209862062
1525	3.27676623149
1530	0.4
1535	4.46316399671
1540	0.4
1545	6.10918531824
1550	3.23239122978
1555	2.82470640057
1560	2.54512655586
1565	0.4
1570	0.934573189198
1575	1.71420160911
1580	1.73247347608
1585	0.4
1590	0.4
1595	0.4
1600	0.4
1605	4.77821936922
1610	3.15514528258
1615	3.61939295572
1620	2.97930057943
1625	2.5682365737
1630	2.4314793189
1635	0.466481210344
1640	0.4
1645	2.78709330235
1650	1.15167757843
1655	0.4
1660	2.78509357465
1665	0.4
1670	0.4
1675	0.4
1680	0.4
1685	7.72848957456
1690	6.47445025631
1695	0.4
1700	0.902622742689
1705	2.14653090694
1710	2.65605426203
1715	0.4
1720	0.4
1725	0.4
1730	4.16318343575
1735	4.07474150083
1740	3.71198448221
1745	0.69364996876
1750	0.791116239909
1755	0.4
1760	0.533889358828
1765	4.24107952578
1770	0.4
1775	2.25982491299
