0	4.1833733481
5	0.4
10	6.92074114517
15	13.0487271718
20	1.88055220155
25	13.6556469271
30	0.4
35	0.4
40	1.01969845694
45	6.58509629148
50	5.15092908945
55	0.4
60	5.09847212863
65	8.22917400135
70	4.86923933197
75	4.07218236748
80	17.016537363
85	15.0545428822
90	0.4
95	2.24689060966
100	0.768370836905
105	1.0900457184
110	2.25901747316
115	3.30564629124
120	6.51781256548
125	0.4
130	15.2927275818
135	0.4
140	3.61732904078
145	3.26706445199
150	1.42630100009
155	0.485627187949
160	0.4
165	7.37449899424
170	7.90041277663
175	0.4
180	6.93681341522
185	3.83032475468
190	9.69115674992
195	0.881586012063
200	10.3133154236
205	0.4
210	9.16120982905
215	6.35230518477
220	1.86926516003
225	0.4
230	6.06658731049
235	0.4
240	6.7828619546
245	6.08894716239
250	8.66985596887
255	11.5334271274
260	2.91080398051
265	4.85179440347
270	1.36136165104
275	0.4
280	1.12574294853
285	6.37848003005
290	3.72490821464
295	5.16547533068
300	3.46095077471
305	1.0156848899
310	8.96417107247
315	15.7999486377
320	9.0399722453
325	0.4
330	2.8934652134
335	16.0750169542
340	11.4136257489
345	9.13449039169
350	0.4
355	7.43659130066
360	3.80120946943
365	0.4
370	0.4
375	2.47426531836
380	0.4
385	14.9094609403
390	0.4
395	8.18642215849
400	1.13126193784
405	5.96167074242
410	0.4
415	9.40999915438
420	0.4
425	2.28739993495
430	2.49805807292
435	0.4
440	0.4
445	6.09706265094
450	8.66537240268
455	8.99614085885
460	15.1801431647
465	5.52866060211
470	4.69555284113
475	0.4
480	6.77654427247
485	0.4
490	3.04023502358
495	0.4
500	7.5198360965
505	8.71531291714
510	0.4
515	6.74922739313
520	6.30152129491
525	0.4
530	6.73179873683
535	17.2216048007
540	0.4
545	5.06312208425
550	8.17480476942
555	1.80186004522
560	1.88384748032
565	2.82678761152
570	6.60813406812
575	8.12794409401
580	5.09187740331
585	3.81459142255
590	4.97340874065
595	0.4
600	6.02416400896
605	8.08424410281
610	9.5828435858
615	4.68356168871
620	4.71100634839
625	9.82631518079
630	3.6821563846
635	5.93707610398
640	2.49178043564
645	8.27204252003
650	19.4326499151
655	2.2921124826
660	24.9709559973
665	4.67323013491
670	7.87435220011
675	0.768909001557
680	5.69777140262
685	1.65995280324
690	3.81512829563
695	12.4718049256
700	20.2365089034
705	0.4
710	4.29548448267
715	0.4
720	9.84794944575
725	5.88685833797
730	4.86140089151
735	12.5415434377
740	0.4
745	10.0317978288
750	2.05196470334
755	0.4
760	0.4
765	0.4
770	12.0673171463
775	7.7088911016
780	0.825895325649
785	0.4
790	11.5615802972
795	1.18983366113
800	3.34464374428
805	8.49550140723
810	16.8445629142
815	3.03491914936
820	8.38905434104
825	10.9625052585
830	0.4
835	6.2682704043
840	0.4
845	7.52403102237
850	0.4
855	0.4
860	7.34121981749
865	0.4
870	10.871868165
875	0.4
880	0.4
885	14.4392573944
890	9.45579987757
895	7.59071784357
900	10.106937694
905	0.4
910	13.535952605
915	5.00493071553
920	8.16634893154
925	0.4
930	8.77325610124
935	7.45517293203
940	9.95946767062
945	6.4165798728
950	6.91890407054
955	0.643577446327
960	0.4
965	13.8134056923
970	9.05320818216
975	0.4
980	6.87882658301
985	11.2308489036
990	0.4
995	2.88172650275
1000	4.76213068854
1005	7.36599061772
1010	3.07444308513
1015	6.48047478637
1020	9.5061166519
1025	11.3360936746
1030	0.56091791029
1035	8.58675136398
1040	2.36639695856
1045	4.49706031673
1050	0.4
1055	8.20044809311
1060	0.4
1065	3.03317002964
1070	1.86784217958
1075	7.82478391436
1080	2.18503116057
1085	0.4
1090	25.9266851983
1095	0.4
1100	9.24459400454
1105	1.59390827518
1110	0.4
1115	3.67493789754
1120	4.15530675556
1125	6.28215231036
1130	12.7359911157
1135	1.76802091163
1140	0.4
1145	15.9242563035
1150	7.77776315331
1155	0.4
1160	3.99580676554
1165	2.7671003654
1170	12.2479157043
1175	0.4
1180	5.64118436983
1185	9.7860333516
1190	5.62411499021
1195	3.62676339489
1200	0.4
1205	0.4
1210	1.54011908989
1215	2.08224697425
1220	6.23758324251
1225	2.75474112104
1230	0.4
1235	20.4141908335
1240	5.5632553695
1245	0.4
1250	11.2010236712
1255	8.55256910173
1260	5.47271643391
1265	4.93043829726
1270	5.5450745778
1275	9.70152556146
1280	6.4642235947
1285	5.06380321909
1290	5.09476126152
1295	15.3065998428
1300	0.4
1305	1.17253666167
1310	0.4
1315	0.4
1320	1.40307335187
1325	2.31483566077
1330	0.4
1335	11.8189827653
1340	5.73970406686
1345	0.4
1350	5.02210466735
1355	5.31081638714
1360	9.11591975533
1365	2.06789284199
1370	0.4
1375	0.4
1380	2.88385315044
1385	4.17149783806
1390	5.58154900044
1395	4.82320413564
1400	0.4
1405	14.0782475849
1410	19.8987513357
1415	0.4
1420	1.44156929887
1425	10.8292874869
1430	0.4
1435	6.19747586648
1440	15.1240283892
1445	0.56855075785
1450	2.50902463757
1455	7.24549654932
1460	12.0143839098
1465	7.04032341841
1470	1.73422576727
1475	4.65648027968
1480	0.4
1485	10.4403018109
1490	1.2889431136
1495	9.46832820327
1500	1.85724178697
1505	7.51178562264
1510	0.4
1515	10.7388459359
1520	5.32449001738
1525	0.4
1530	0.4
1535	4.66855784805
1540	0.4
1545	2.65812556559
1550	0.4
1555	15.7975824447
1560	4.57332325467
1565	0.4
1570	0.4
1575	6.83698232423
1580	0.4
1585	8.73896983655
1590	10.1126712838
1595	7.18982539659
1600	3.60270137625
