0	0.4
5	0.4
10	7.51099249208
15	6.29756738919
20	0.4
25	2.58022755831
30	0.4
35	2.13339870305
40	3.32135248635
45	5.77996488271
50	5.36578813413
55	4.33088869602
60	0.4
65	0.4
70	9.73447948589
75	3.2908963624
80	0.557790972808
85	0.4
90	3.97864365515
95	9.24848674152
100	0.4
105	0.4
110	3.94708214588
115	0.4
120	0.4
125	0.4
130	0.4
135	20.9291813184
140	2.74211182863
145	1.6201460772
150	0.4
155	0.4
160	3.98526079062
165	2.93099503459
170	1.0860454449
175	1.4888566149
180	0.4
185	2.40464233463
190	0.4
195	9.66666152039
200	0.4
205	5.09170973753
210	1.75663689541
215	4.64823393936
220	2.73262249047
225	5.53553979022
230	1.24534064083
235	5.31768250714
240	0.4
245	7.14663008632
250	4.25726459732
255	0.4
260	5.09472429801
265	6.43112151311
270	0.442811273423
275	0.4
280	2.97925316502
285	0.4
290	6.42406256611
295	1.86701274024
300	6.97146509632
305	13.543635916
310	0.4
315	5.23323259164
320	2.26671384353
325	10.4922188154
330	1.13945527639
335	0.4
340	1.73220541772
345	0.4
350	0.4
355	0.4
360	2.50878352452
365	8.39146765938
370	3.66574470528
375	3.15544208811
380	4.44659340563
385	7.62227112247
390	1.94343596898
395	13.5695915368
400	0.4
405	0.4
410	1.95077489022
415	0.4
420	1.86760404016
425	10.7325494409
430	7.30120878284
435	3.4754492828
440	0.4
445	2.02535232028
450	2.25604235764
455	2.18573837003
460	3.7354609225
465	8.81584610669
470	0.4
475	0.4
480	0.4
485	3.90925455022
490	9.5919344752
495	6.98800491178
500	0.4
505	8.31492277209
510	0.4
515	2.49764230377
520	0.4
525	0.4
530	4.78317463019
535	1.92204384707
540	2.0379778567
545	0.4
550	4.5372410825
555	0.4
560	0.4
565	15.7025424655
570	0.4
575	1.19920928535
580	6.52315018728
585	4.64400454422
590	1.4227664165
595	1.12495300243
600	1.08719335096
605	0.4
610	4.80088151519
615	8.48129764474
620	4.83986101163
625	5.69168920324
630	0.4
635	1.14594901099
640	0.4
645	5.90546133328
650	0.4
655	3.8245027161
660	0.4
665	0.4
670	0.4
675	6.44244026424
680	4.68798370827
685	0.4
690	3.76587568136
695	2.95221074853
700	7.59698493623
705	3.23772701918
710	3.19500004863
715	5.83557207156
720	0.4
725	2.89658814293
730	0.519521164555
735	3.29517894496
740	4.89637750225
745	0.4
750	0.60603824434
755	4.13651491322
760	3.7808077431
765	8.50376007202
770	12.5052932176
775	5.63610175037
780	4.875337563
785	4.62091293123
790	0.4
795	3.14742080131
800	10.1435020595
805	13.0599487557
810	0.4
815	6.25191073174
820	6.47523111767
825	0.4
830	4.1878014112
835	6.49827775405
840	1.20342597967
845	7.77271809274
850	8.30397284721
855	0.4
860	0.4
865	0.706684654008
870	1.09546147367
875	2.18132086018
880	0.598874085056
885	2.85276822876
890	0.637441108663
895	0.4
900	4.40142005294
905	1.11143796703
910	3.81546646774
915	0.486944590987
920	0.4
925	9.69746093658
930	0.4
935	7.46410689706
940	3.82295367558
945	2.61745734732
950	2.75757272237
955	9.62560716741
960	4.87240659712
965	0.4
970	3.1935063573
975	0.4
980	0.4
985	0.4
990	4.5446292114
995	0.4
1000	0.845814975532
1005	3.03149594775
1010	10.5824566254
1015	2.76214246404
1020	5.60003914194
1025	0.4
1030	0.4
1035	0.4
1040	3.5616892588
1045	0.4
1050	0.4
1055	8.67540728049
1060	1.30402571628
1065	4.83591446931
1070	19.4269485002
1075	1.65504241489
1080	1.52536122533
1085	10.1029189829
1090	4.9113522494
1095	0.4
1100	8.28903981522
1105	0.4
1110	3.88829683102
1115	2.87459195397
1120	3.9915228396
1125	8.81177341558
1130	1.38685926859
1135	8.15834730994
1140	5.04663353284
1145	0.4
1150	10.1447574598
1155	8.27692373014
1160	6.50967499619
1165	2.31592979446
1170	7.11719664214
1175	3.37285904393
1180	1.78114935252
1185	1.00792699842
1190	0.4
1195	5.47399881281
1200	8.27455682082
1205	0.4
1210	0.4
1215	12.4576179783
1220	5.02071094558
1225	1.33510084136
1230	6.81440331765
1235	3.54445490263
1240	3.34401322665
1245	5.27744667834
1250	0.4
1255	0.4
1260	0.597391950469
1265	1.45432083662
1270	3.45429381254
1275	0.4
1280	1.62296023124
1285	0.596106032027
1290	5.00267927179
1295	0.864543224839
1300	7.047925845
1305	0.4
1310	10.1452115141
1315	1.55183553319
1320	0.658215708531
1325	2.64180237687
1330	4.75395743095
1335	1.79090404269
1340	3.29215321346
1345	4.42528164358
1350	7.15395995467
1355	5.34813644271
1360	1.95047751699
1365	4.00370315768
1370	6.82288989759
1375	4.50760953373
1380	0.4
1385	12.9704555174
1390	0.4
1395	6.87809607042
1400	0.4
1405	6.96792795463
1410	0.4
1415	9.26084867336
1420	8.83361205734
1425	5.65703296361
1430	6.01625903496
1435	3.27582848582
1440	0.4
1445	9.9591867691
1450	2.07635255075
1455	0.4
1460	2.70098518191
1465	5.43037121001
1470	4.02548289706
1475	0.4
1480	4.0406958512
1485	6.2551800694
1490	0.4
1495	4.58719846548
1500	4.34627771893
1505	7.3834704087
1510	1.77568353363
1515	2.49721465738
1520	0.4
1525	3.66702788094
1530	0.46681450021
1535	3.7193293096
1540	8.87363182489
1545	4.99531233576
1550	0.4
1555	1.77442206876
1560	0.4
1565	0.4
1570	0.4
1575	0.4
1580	0.4
1585	3.72186881688
1590	0.4
1595	8.39368455797
1600	0.4
1605	14.6431180505
1610	0.4
1615	1.650856826
1620	1.40234764982
1625	0.4
1630	3.60200811239
1635	8.29332097693
1640	0.4
1645	6.71275492864
1650	0.4
1655	0.839842733613
1660	4.0597390545
1665	4.92217899837
1670	7.71107605954
1675	5.23841876907
1680	3.97725682568
1685	0.4
1690	7.13530213666
1695	2.76707207887
1700	9.84481698604
1705	0.4
1710	4.25994800942
1715	0.4
1720	0.4
1725	0.4
1730	0.919283511968
1735	0.501102534149
1740	5.20268799861
