0	4.6360118494
5	4.2414272622
10	2.03814013017
15	5.04010237866
20	4.89503219652
25	2.24169439284
30	7.97398916197
35	0.4
40	8.27804616928
45	0.4
50	7.69956525096
55	0.4
60	4.30528336522
65	2.70665122929
70	8.24900968979
75	4.5360500093
80	7.83854582583
85	4.52266487542
90	0.4
95	4.72698579984
100	7.62724188133
105	6.068111931
110	3.02726378958
115	5.30113929535
120	4.0041175132
125	3.53349488148
130	6.96668070384
135	4.7841615703
140	2.82919811457
145	5.10589911836
150	4.12814835163
155	2.6781458001
160	5.52048957635
165	4.57026749318
170	1.98220229542
175	3.62231306795
180	11.040726491
185	5.74997216798
190	0.4
195	9.20818241877
200	9.0486708743
205	10.4300701291
210	0.626450892444
215	8.02655943994
220	11.8243142739
225	9.82145979276
230	8.39340487463
235	10.2210739782
240	3.95316742534
245	5.42252027644
250	1.82466703262
255	5.07714358047
260	2.5817966733
265	6.14166386952
270	7.36891715319
275	6.66277693341
280	4.48793012891
285	2.9345910725
290	10.1649985035
295	6.3757780173
300	8.11852979478
305	6.83012977364
310	6.58872894132
315	4.46782427936
320	2.08111060709
325	3.5440723897
330	9.58653445637
335	3.39025618309
340	6.14430811288
345	13.1403428208
350	10.7058894151
355	0.4
360	7.1668755028
365	2.95068082402
370	0.4
375	1.13398893859
380	4.40456517219
385	0.4
390	9.76614639831
395	3.6099668617
400	3.67787361183
405	7.41815153471
410	0.702714658501
415	0.4
420	3.07109972608
425	11.9088535416
430	1.95698758924
435	8.57634045349
440	10.9181187733
445	0.4
450	6.67116950848
455	0.4
460	0.4
465	7.12479569231
470	3.51259937243
475	4.22054297737
480	0.721957316903
485	8.89592087738
490	5.79526480908
495	4.82638740513
500	0.4
505	4.48647836867
510	3.27252958017
515	2.0377844552
520	2.13455127715
525	4.47298663734
530	5.50713774056
535	5.10670149908
540	3.44805881217
545	4.57868104708
550	5.55059725646
555	7.03046750098
560	4.41905002379
565	0.920888812399
570	1.75344257053
575	0.4
580	5.43837731928
585	9.41432275915
590	8.25507218559
595	4.82373883151
600	0.761476483931
605	2.99968112905
610	4.52890883456
615	0.517137135223
620	2.56187734255
625	7.3866304679
630	3.75260251261
635	3.448270432
640	0.4
645	4.00143836437
650	5.6339901159
655	9.40760340888
660	4.43857574271
665	3.61067700841
670	1.07505380702
675	1.92750712775
680	0.4
685	0.4
690	4.16080065015
695	0.4
700	0.669364320009
705	0.4
710	2.28799357837
715	10.616772937
720	5.82133896667
725	0.4
730	4.36536480609
735	0.813363838244
740	0.4
745	3.49621096703
750	1.47601855029
755	0.4
760	3.78752421324
765	0.4
770	0.612020479173
775	1.75418307579
780	3.35349973846
785	4.60328620709
790	0.4
795	5.82219056312
800	3.88169647951
805	11.0440262377
810	0.4
815	3.19124697953
820	2.72505927358
825	3.5481405557
830	0.4
835	3.08443999617
840	0.4
845	0.4
850	5.52022802801
855	1.9890236456
860	5.3863434144
865	0.4
870	3.49200861544
875	4.41377036442
880	9.15183894474
885	6.204272902
890	3.64286497556
895	2.10304384063
900	6.84618889277
905	6.70804660826
910	0.4
915	5.6115372891
920	2.63788090963
925	2.51129223705
930	6.45914824203
935	7.4168291007
940	0.4
945	0.4
950	3.17224075352
955	0.4
960	2.28322394288
965	3.56643407427
970	10.2488721613
975	5.45918990342
980	10.7695070789
985	1.04396492257
990	1.19412866955
995	0.4
1000	2.86622234199
1005	4.70129004386
1010	1.35339553523
1015	2.19915356125
1020	3.86099321716
1025	5.61787435233
1030	0.4
1035	4.93299007962
1040	0.4
1045	2.28901937342
1050	6.91016305798
1055	0.4
1060	1.06074729477
1065	8.03063555152
1070	0.4
1075	7.3281003809
1080	0.4
1085	3.15592708695
1090	0.4
1095	3.53531485057
1100	4.06603621928
1105	5.10875917515
1110	0.4
1115	0.4
1120	6.57541323456
1125	0.95356956409
1130	12.8910783457
1135	0.885010367918
1140	3.64923835441
1145	7.28038425495
1150	0.4
1155	0.4
1160	3.76371059812
1165	3.64067210319
1170	0.4
1175	2.4802036252
1180	0.4
1185	4.87974339116
1190	6.70992313238
1195	3.23908105792
1200	0.4
1205	7.76978319298
1210	3.38552719314
1215	8.10616405342
1220	3.85540461607
1225	5.89725599352
1230	7.97374713671
1235	3.15208303387
1240	5.5015144379
1245	6.3252604411
1250	9.23084086788
1255	4.65689473628
1260	4.68703542487
1265	6.20367230193
1270	0.4
1275	5.45397043609
1280	0.4
1285	2.09623548355
1290	0.4
1295	4.22814106691
1300	3.14724170783
1305	1.13598057627
1310	3.91004552485
1315	7.36506299542
1320	1.65975678973
1325	1.73494706715
1330	5.42741831216
1335	0.4
1340	8.17609107178
1345	1.80423282203
1350	4.4561461012
1355	0.4
1360	0.4
1365	0.4
1370	3.34220691016
1375	12.9419005121
1380	2.515959506
1385	4.32945344473
1390	1.45357110682
1395	3.53076169225
1400	11.3763367658
1405	9.19366099104
1410	5.69543034828
1415	11.4734980711
1420	1.13878310804
1425	0.4
1430	6.647521437
1435	4.49461480171
1440	1.84746622562
1445	5.3703977285
1450	6.5286570698
1455	1.41602887642
1460	0.4
1465	9.75561212806
1470	4.41510736639
1475	6.7734143049
1480	5.70785051924
1485	14.6652539909
1490	2.35553824197
1495	2.40253966537
1500	7.89732524715
1505	15.8609941001
1510	3.40636343789
1515	2.90491250267
1520	0.4
1525	7.21897891666
1530	8.2244688497
1535	4.65131451004
