0	0.985700066826
5	0.4
10	1.94018133023
15	0.4
20	0.4
25	0.4
30	6.36128115962
35	0.4
40	3.13483743175
45	0.4
50	0.4
55	1.48505960342
60	0.4
65	0.4
70	0.580318550405
75	5.20797167388
80	2.39669532073
85	4.03437494598
90	0.512985198339
95	1.07032998954
100	0.4
105	3.12033734789
110	5.37596438307
115	0.4
120	1.57883029195
125	4.55138961343
130	0.4
135	2.10522537636
140	2.7299052392
145	0.4
150	3.28228164027
155	5.91272341814
160	4.4777677715
165	2.95326836811
170	4.67894118835
175	0.942690537821
180	0.4
185	1.65778024186
190	0.4
195	0.482652554953
200	0.4
205	1.54802658642
210	4.00173997208
215	2.68963189641
220	0.4
225	0.4
230	3.24949716081
235	0.4
240	0.969364377906
245	0.4
250	0.930097140315
255	5.01884724559
260	0.4
265	0.679710448964
270	1.73268370784
275	3.37497286665
280	0.4
285	0.64035163681
290	1.8258600207
295	4.43057401882
300	1.19875539936
305	4.75136504648
310	5.05120871571
315	2.9178777212
320	2.56086930924
325	3.19723553095
330	5.09815336569
335	1.99536926507
340	2.16192084184
345	0.593725770263
350	0.4
355	5.22139263381
360	0.4
365	1.75431377876
370	0.4
375	2.18561852012
380	0.4
385	1.52460606854
390	0.4
395	1.5674759479
400	2.47267502563
405	0.4
410	0.4
415	0.4
420	4.68249937598
425	1.48321834175
430	1.10080467556
435	3.02773940336
440	1.0128615871
445	0.472367870198
450	9.66396867054
455	1.06847922584
460	2.72260960875
465	2.77574584063
470	7.33359962571
475	0.4
480	0.4
485	5.48659246521
490	6.90443059215
495	2.70170311119
500	0.58355940383
505	2.08541241559
510	0.4
515	4.07411527922
520	1.71656916812
525	5.03150459318
530	2.92179840284
535	2.54690843056
540	1.07585460985
545	1.50343141626
550	0.4
555	0.4
560	0.4
565	1.74828205728
570	0.980645230934
575	0.4
580	0.4
585	0.4
590	2.66136246845
595	2.44689877852
600	2.60511645993
605	4.71988169501
610	0.4
615	1.45767765813
620	0.4
625	3.71570490413
630	0.4
635	6.38962889247
640	9.31579449997
645	0.4
650	3.80461528228
655	2.4974094818
660	0.4
665	0.4
670	0.933509620351
675	4.30929544721
680	0.4
685	3.11176850209
690	0.713915322953
695	0.4
700	2.35468887749
705	2.00253769564
710	0.75643333654
715	1.54396373051
720	0.4
725	5.51510860959
730	1.61811414623
735	2.68936420121
740	1.77193867654
745	2.63586966726
750	0.4
755	0.952433409461
760	4.55580016749
765	2.27028225582
770	1.01214385766
775	5.2771387488
780	0.4
785	0.4
790	0.4
795	0.4
800	0.4
805	0.4
810	1.22976823577
815	2.43720954155
820	0.4
825	0.4
830	3.28838297194
835	0.540112035251
840	0.4
845	3.23941140821
850	4.9053785297
855	0.784143377547
860	0.4
865	3.59177884778
870	5.43151336977
875	0.4
880	0.796129136709
885	0.4
890	0.4
895	2.62998516406
900	4.11415828851
905	0.594495133521
910	5.66710505088
915	3.15123907956
920	4.11020936334
925	2.44580533377
930	2.04444083592
935	2.15283137551
940	5.40234311889
945	0.940627521159
950	3.54453325054
955	0.4
960	0.717311311441
965	1.87976419253
970	3.77695999368
975	0.4
980	2.99199409092
985	0.4
990	0.4
995	2.1925370269
1000	1.69443017461
1005	3.34862391039
1010	0.4
1015	4.08158693283
1020	1.45746808918
1025	0.4
1030	0.884332872607
1035	2.07124470895
1040	3.05891016598
1045	1.40320228181
1050	1.94348193092
1055	2.66173502141
1060	1.92404125385
1065	0.4
1070	1.81046630271
1075	0.4
1080	0.4
1085	0.4
1090	2.70422772042
1095	0.4
1100	1.29449722026
1105	2.75628811775
1110	6.02208556947
1115	2.6650486313
1120	3.56224762946
1125	2.16449917222
1130	3.99925308774
1135	5.34918551301
1140	5.38384844998
1145	0.664022474773
1150	1.35020668591
1155	0.743161474612
1160	0.4
1165	7.35666826793
1170	0.787340576764
1175	1.05599093979
1180	1.40275721008
1185	3.54736765394
1190	2.62058990693
1195	1.98026552436
1200	1.14407090465
1205	0.4
1210	2.10446329795
1215	2.99389085038
1220	1.9395575612
1225	5.3714123269
1230	1.59508867571
1235	0.4
1240	0.4
1245	3.94681688086
1250	4.39099066464
1255	1.48063393429
1260	2.93053228553
1265	0.969381908048
1270	0.4
1275	3.28643137432
1280	4.63936160273
1285	3.92960819038
1290	1.68991662108
1295	1.08224113005
1300	0.4
1305	3.77854077014
1310	3.33777284253
1315	1.7012471582
1320	1.21410509205
1325	2.50038559533
1330	0.4
1335	1.94608913546
1340	0.4
1345	1.30706713973
1350	0.4
1355	0.4
1360	1.80427679128
1365	3.9285515994
1370	4.02865377533
1375	1.92925255909
1380	0.4
1385	5.05691736141
1390	0.91048461983
1395	1.4152105015
1400	0.4
1405	2.55647967548
1410	0.4
1415	2.29744988021
1420	0.879274795018
1425	0.901762503471
1430	0.4
1435	2.9329128476
1440	3.95595433348
1445	1.81617113996
1450	0.886122716874
1455	1.12233201744
1460	4.2502384616
1465	4.1336606042
1470	1.53966006584
1475	2.59733105704
1480	0.4
1485	0.99096655412
1490	0.4
1495	0.4
1500	0.4
1505	1.80725097514
1510	3.09677683347
1515	0.951040824327
1520	0.4
1525	3.16439182774
1530	2.61638593289
1535	0.4
1540	1.30500706996
1545	3.22087407823
1550	0.4
1555	0.4
1560	3.13045906557
1565	4.03058832482
1570	1.95400611591
1575	0.4
1580	0.544412050685
1585	2.48122690512
1590	6.09841302803
1595	0.4
1600	3.68908540577
1605	0.4
1610	1.28982799402
1615	1.34345765865
1620	4.55063491793
1625	3.60873056726
1630	1.98716825756
1635	5.31901346902
1640	3.21623307069
1645	0.4
1650	0.4
1655	1.61255997847
1660	0.4
1665	0.4
1670	3.95437502607
1675	2.68476456962
1680	1.08398813619
1685	0.4
1690	0.4
1695	2.39880305544
1700	5.17752670152
1705	3.18861200267
1710	0.4
1715	4.36646879523
1720	1.34368607896
1725	0.4
1730	1.31056957529
1735	3.46895995342
1740	1.59239007117
1745	1.64818708041
1750	0.54205301564
1755	2.50072461749
1760	0.956603657698
1765	0.4
1770	1.26023729491
1775	2.55281612677
1780	1.96070496029
1785	1.40958410884
1790	2.1660095676
1795	1.28112963597
1800	0.4
1805	1.47980074856
1810	0.4
1815	0.807276997689
1820	3.59108641324
1825	0.883828008935
1830	3.64021343493
1835	1.76331729755
1840	1.07085183343
1845	0.4
1850	4.99336392595
1855	0.4
1860	1.68545492107
1865	2.47207239538
