0	2.84437543106
5	0.4
10	0.4
15	0.461589151278
20	1.28323506706
25	1.67667819715
30	2.2822582547
35	0.681218677768
40	1.18039768311
45	1.26085544489
50	0.4
55	0.4
60	1.45640983019
65	1.0028594321
70	3.09367942364
75	2.58202002998
80	1.05787994313
85	4.29080232529
90	1.40946031021
95	2.22066761444
100	3.16720453425
105	0.71229531578
110	0.710723002363
115	0.907167070113
120	1.29119205932
125	0.4
130	1.79370664583
135	1.9994061448
140	0.4
145	2.13712032794
150	0.573554993421
155	1.31892390925
160	0.4
165	1.57725472076
170	3.94371843283
175	1.84817270724
180	1.14439364551
185	3.74182187048
190	3.81136650706
195	0.707864462895
200	0.4
205	1.20440596987
210	0.4
215	0.4
220	2.01192960387
225	0.618164144439
230	1.47898746168
235	1.35894468109
240	1.63818831641
245	1.63322498377
250	0.709326315959
255	2.87077074293
260	1.79201305939
265	1.59500563261
270	1.21834252024
275	0.4
280	0.4
285	2.18435022903
290	1.64825385773
295	0.94173589309
300	0.586895611228
305	0.421983738117
310	0.4
315	0.4
320	0.706584520866
325	3.52928875581
330	2.27879096598
335	2.45295270103
340	1.73474403211
345	1.65142749552
350	0.696944167375
355	2.61166213937
360	2.79755348739
365	0.4
370	0.4
375	1.12834778588
380	0.4
385	1.3564448102
390	1.42161617218
395	4.45093706873
400	1.49418180505
405	2.07356396138
410	1.984007198
415	0.4
420	1.18704471363
425	0.4
430	0.532572598013
435	2.07029829803
440	1.71361009944
445	0.541982045091
450	1.76950575077
455	0.4
460	2.04521797713
465	0.445049492361
470	1.42817999547
475	2.30876204563
480	2.47623711003
485	1.74334113121
490	1.18502096352
495	0.575375499359
500	2.84543695661
505	1.71594563391
510	1.84052385471
515	0.988842653292
520	1.53919291559
525	0.736828770166
530	1.01041369768
535	0.47984827602
540	0.490158232365
545	3.02914157498
550	0.441661866509
555	0.4
560	3.87999773676
565	0.424922225844
570	0.4
575	0.4
580	0.4
585	0.767439361153
590	0.984654476862
595	2.41366564178
600	0.4
605	0.603613978635
610	0.4
615	2.13322286128
620	0.4
625	0.619994227828
630	0.958391022193
635	0.747605927728
640	0.43809501873
645	0.4
650	1.35565417278
655	1.12050183626
660	0.868052043028
665	1.95301985267
670	2.77825155223
675	1.40043387121
680	0.4
685	0.433218312916
690	2.75634959199
695	1.24238470368
700	1.74731398781
705	2.20165746226
710	2.48837369404
715	0.4
720	0.4
725	2.51875053718
730	0.4
735	0.4
740	0.930261570555
745	0.4
750	1.40208750726
755	0.4
760	0.787847302327
765	1.62214350797
770	1.3139649497
775	0.951955793552
780	1.85961433434
785	1.41774963251
790	2.4569788489
795	0.731756454388
800	1.29346931739
805	0.4
810	1.07569710357
815	0.4
820	2.51858057153
825	0.4
830	0.4
835	3.53122762103
840	0.905831551655
845	0.4
850	1.07922098307
855	1.04019890131
860	1.54887466549
865	1.7017300118
870	0.4
875	0.784522017985
880	0.889367363237
885	1.86256256175
890	0.858337224081
895	1.99401308335
900	1.94039076774
905	0.4
910	1.90745896204
915	4.90774559982
920	2.50462922575
925	0.469464672729
930	0.4
935	0.787734479013
940	1.58414121347
945	0.4
950	3.82939073001
955	0.611766001541
960	3.1712375144
965	2.14953442781
970	0.4
975	0.4
980	0.91239216358
985	0.912139286481
990	0.58382415247
995	1.66859427592
1000	2.61171978128
1005	0.4
1010	0.933948779889
1015	0.4
1020	1.7326860741
1025	1.10781721162
1030	0.4
1035	1.3988888775
1040	0.559288886911
1045	1.25204620409
1050	0.4
1055	2.08291407743
1060	1.26596913318
1065	0.511030779121
1070	0.4
1075	0.4
1080	1.69884838535
1085	2.81581595798
1090	0.4
1095	1.32546043417
1100	0.757391053338
1105	0.4
1110	2.40515957436
1115	2.53549179754
1120	3.58438128153
1125	1.56396931973
1130	0.4
1135	3.85215935935
1140	0.4
1145	1.32494100975
1150	3.90569176927
1155	1.53882849681
1160	1.07109298129
1165	0.4
1170	1.9907418049
1175	1.21765228849
1180	0.4
1185	1.33100943913
1190	0.981439707611
1195	1.05114326582
1200	2.10467317001
1205	1.65876914957
1210	0.707348605031
1215	0.4
1220	0.631254439487
1225	0.4
1230	0.910939884364
1235	0.658852836327
1240	0.4
1245	0.82555728171
1250	1.45768167838
1255	2.19918498409
1260	2.42419722409
1265	2.99521160906
1270	0.977889185705
1275	0.4
1280	2.00765441301
1285	0.4
1290	2.41630375466
1295	1.27255715868
1300	0.909426297343
1305	1.33837972112
1310	3.14994766207
1315	3.23255255389
1320	1.08856911808
1325	1.52559375666
1330	0.710086847191
1335	1.63774452518
1340	1.35066464182
1345	2.28158422878
1350	2.59749586635
1355	0.4
1360	1.23303824307
1365	0.4
1370	0.4
1375	0.991870890777
1380	1.21129615877
1385	2.68328796059
1390	1.74917250884
1395	0.69085103632
1400	0.676529617527
1405	1.75452962487
1410	0.4
1415	1.96250372486
1420	0.4
1425	1.58322820506
1430	2.64943827064
1435	2.43813210428
1440	0.4
1445	0.986293497511
1450	0.411284751011
1455	1.50962568822
1460	2.23570846397
1465	1.88854172158
1470	1.03248487166
1475	1.19204206175
1480	0.460180323218
1485	0.851483135731
1490	1.44664163541
1495	1.46002442814
1500	1.20059820611
1505	2.67831954904
1510	1.33531764539
1515	1.87320896359
1520	1.68169891168
1525	0.4
1530	0.4
1535	0.4
1540	1.1200998495
1545	1.23323015918
1550	2.09846837438
1555	2.0069032433
1560	1.04048398951
1565	0.4
1570	1.648889994
1575	1.48764011987
1580	1.34933693493
1585	2.9139758589
1590	0.875479501619
1595	3.30160723868
1600	0.4
1605	0.4
1610	0.492283473996
1615	1.61375721812
1620	3.06403571965
1625	0.4
1630	1.12516070626
1635	1.07845510555
1640	0.4
1645	1.79467825836
1650	2.3944776296
1655	2.33848909405
1660	0.4
1665	0.586074340858
1670	0.4
1675	2.18337588948
1680	0.792488482942
1685	0.518285911121
1690	1.6823300319
1695	0.529217045715
1700	1.86436312772
1705	0.685185994814
1710	1.57064507588
1715	0.4
1720	0.4
1725	0.71194621255
1730	0.4
1735	2.5793218355
1740	0.4
1745	2.1483015219
1750	0.4
1755	0.4
1760	0.824902527071
1765	2.04856385657
1770	0.4
1775	3.88774051867
1780	1.16733659812
1785	0.96050766951
1790	2.6530681468
1795	2.52242509958
1800	1.05781365394
1805	0.4
1810	0.695350154824
1815	2.06640050671
1820	0.849614887132
1825	1.39655395363
1830	0.4
1835	0.728060899558
1840	1.14720751305
1845	0.991644692755
1850	1.6126010537
1855	0.4
1860	1.36241289048
1865	1.04321468786
1870	0.4
1875	2.31193602166
1880	1.41223737012
1885	0.436117555256
1890	2.10553108758
1895	1.29074301231
1900	0.793000683291
1905	0.4
1910	3.71898569067
1915	3.09803933831
1920	3.03787206493
1925	0.4
1930	0.4
1935	0.4
1940	0.812655651152
1945	1.80766151711
1950	1.34282555594
1955	1.06285672573
1960	0.4
1965	0.4
1970	3.27399002804
1975	1.63959681286
1980	1.09440030235
