0	0.4
5	1.77547145528
10	0.4
15	3.59670208685
20	0.4
25	0.640859611628
30	0.4
35	2.18249121977
40	3.10133045207
45	0.4
50	0.4
55	1.27183526102
60	2.55911500889
65	3.7177054806
70	1.65673816667
75	0.4
80	1.92691642265
85	0.4
90	3.54431074754
95	0.4
100	0.4
105	0.4
110	2.78474230363
115	0.585282017472
120	5.79194227584
125	0.4
130	3.40651772937
135	0.4
140	0.4
145	0.4
150	2.85448270124
155	1.76501163493
160	0.471220569531
165	0.888870819025
170	0.4
175	0.614095916475
180	0.4
185	0.4
190	2.38928449014
195	0.4
200	0.4
205	0.4
210	0.780584015059
215	0.4
220	0.4
225	0.810890454761
230	0.4
235	0.4
240	2.00462196118
245	0.4
250	0.4
255	0.4
260	1.80126363297
265	0.4
270	2.946762178
275	2.31155768778
280	1.18844946603
285	4.30544829525
290	2.00840468428
295	0.4
300	0.412944465979
305	0.4
310	1.40544964907
315	8.45381101523
320	0.4
325	3.07162044543
330	2.07181446825
335	0.4
340	0.4
345	1.33734911848
350	1.36799823823
355	0.822186888998
360	4.81478711942
365	2.44836325309
370	0.4
375	0.4
380	0.548663479755
385	0.4
390	1.55557494846
395	0.4
400	1.30633723599
405	3.07235927119
410	1.7032720522
415	1.6973122848
420	0.4
425	0.4
430	4.61708523012
435	0.4
440	1.07498702187
445	5.88697050575
450	0.4
455	0.4
460	0.4
465	0.4
470	0.713158564289
475	3.35880677882
480	2.77296223375
485	0.4
490	1.21974753832
495	2.35545390306
500	3.09851005556
505	2.94747579211
510	5.36970283945
515	6.71453377741
520	0.4
525	0.4
530	0.4
535	0.4
540	7.67292398213
545	2.50829605669
550	0.96834144168
555	1.75752801093
560	0.731977619039
565	1.33899497477
570	0.4
575	3.2413125899
580	3.64915331471
585	5.2708176944
590	0.4
595	4.71511902214
600	4.04970284129
605	0.4
610	0.4
615	2.60847559714
620	0.566918005554
625	1.30691361459
630	4.42411259218
635	0.4
640	0.4
645	0.754864690127
650	1.49139358339
655	0.4
660	0.4
665	0.4
670	0.4
675	0.4
680	0.4
685	1.04936259028
690	0.4
695	0.4
700	0.4
705	3.89901107484
710	4.3334327554
715	0.682557226966
720	1.48338149961
725	1.85850207341
730	1.66691619675
735	1.07642463977
740	0.4
745	0.4
750	5.92514844738
755	0.4
760	0.4
765	1.39023627978
770	1.81927720615
775	1.11125416193
780	0.4
785	1.76330956954
790	0.4
795	0.430096701317
800	1.09754323816
805	0.4
810	1.51774957284
815	0.4
820	1.52049331365
825	0.4
830	0.4
835	0.4
840	1.50107845463
845	0.4
850	0.4
855	0.4
860	0.428084873784
865	0.4
870	0.610767530823
875	0.4
880	0.4
885	1.61081789111
890	0.4
895	3.9425842265
900	1.05234809236
905	0.4
910	3.39917029857
915	1.78217780314
920	0.4
925	0.827361249937
930	0.4
935	0.4
940	0.4
945	1.48013466954
950	0.4
955	0.4
960	2.82582051814
965	0.789641883591
970	0.4
975	2.85251130583
980	0.4
985	0.845847115511
990	0.4
995	0.4
1000	0.4
1005	0.822940719641
1010	1.86856875931
1015	0.4
1020	0.4
1025	2.22415992124
1030	0.637245269537
1035	0.4
1040	0.4
1045	1.94682355704
1050	0.4
1055	4.55448602565
1060	3.90168470018
1065	0.886530250997
1070	0.4
1075	6.4653125798
1080	0.4
1085	3.04540819017
1090	2.32468743834
1095	2.54640852915
1100	0.4
1105	1.28955099426
1110	2.65299520666
1115	0.4
1120	1.52038847208
1125	0.4
1130	0.799533968262
1135	0.4
1140	0.581175173657
1145	0.4
1150	2.28845695448
1155	4.86663147921
1160	3.32665679935
1165	0.600099443213
1170	0.911098982856
1175	0.4
1180	2.0173832059
1185	2.33688252003
1190	0.4
1195	3.76355982648
1200	0.4
1205	0.4
1210	2.79747232977
1215	4.8319810942
1220	0.4
1225	8.02967961017
1230	0.488821670238
1235	4.35810547401
1240	0.4
1245	1.74163005174
1250	2.18042144076
1255	3.22272079505
1260	4.4846755827
1265	0.4
1270	0.4
1275	0.4
1280	0.4
1285	3.7042001311
1290	3.3486957399
1295	0.672295007223
1300	2.51846204249
1305	2.70385382329
1310	3.65036778235
1315	0.770760369269
1320	0.617036684002
1325	3.90259385848
1330	1.14801205797
1335	3.08536500504
1340	0.549956171483
1345	2.89928870388
1350	0.4
1355	2.64641873989
1360	0.415943386023
1365	1.39691436749
1370	0.4
1375	0.4
1380	0.4
1385	2.7788448837
1390	2.5148131541
1395	1.92617577207
1400	0.4
1405	1.44869098078
1410	2.17448014251
1415	0.775952485209
1420	2.07889353362
1425	0.4
1430	0.4
1435	0.4
1440	3.02335173445
1445	0.4
1450	0.4
1455	0.4
1460	2.2196604346
1465	0.4
1470	0.4
1475	2.11996362786
1480	0.4
1485	0.4
1490	2.50875539937
1495	2.52770999203
1500	0.4
1505	4.27514744388
1510	0.4
