0	0.4
5	0.576305047451
10	0.904030554958
15	0.4
20	0.4
25	0.4
30	0.4
35	0.4
40	0.4
45	0.4
50	0.4
55	0.4
60	0.4
65	0.4
70	1.6972187152
75	0.4
80	0.4
85	0.4
90	1.34427037307
95	0.4
100	0.4
105	0.4
110	0.4
115	0.704624114544
120	0.4
125	0.619516804257
130	0.501919735396
135	0.4
140	0.4
145	0.4
150	0.4
155	1.06467096635
160	0.4
165	0.4
170	0.4
175	0.4
180	0.4
185	0.4
190	0.4
195	0.4
200	0.472403649804
205	0.4
210	0.4
215	0.4
220	0.578409441942
225	0.4
230	0.4
235	0.4
240	0.4
245	0.4
250	0.932666028871
255	0.4
260	0.4
265	0.8374260629
270	0.4
275	0.4
280	0.4
285	0.4
290	0.4
295	0.4
300	0.4
305	0.4
310	0.4
315	1.25531772737
320	0.4
325	0.4
330	1.31901635866
335	0.646824740038
340	0.4
345	0.4
350	0.4
355	0.4
360	0.4
365	0.51192802501
370	0.4
375	0.656492291876
380	0.4
385	0.4
390	0.4
395	0.4
400	0.4
405	0.4
410	0.4
415	0.560429671404
420	0.4
425	0.4
430	0.4
435	0.4
440	0.4
445	0.4
450	0.4
455	0.4
460	0.4
465	0.4
470	0.4
475	0.4
480	0.4
485	0.4
490	0.700392723989
495	0.4
500	0.4
505	0.4
510	1.19292286833
515	0.4
520	0.4
525	0.447901237375
530	0.4
535	0.4
540	0.4
545	0.4
550	0.4
555	0.52759113584
560	0.4
565	0.4
570	0.4
575	0.4
580	0.4
585	0.4
590	0.4
595	0.48965295019
600	0.4
605	0.448270984337
610	0.4
615	0.4
620	0.4
625	0.4
630	0.486954481121
635	2.09466885714
640	0.4
645	0.588976254858
650	0.4
655	0.4
660	0.4
665	0.94745252508
670	0.4
675	0.400083244349
680	0.4
685	0.4
690	0.834948100632
695	0.4
700	0.4
705	0.475746602012
710	0.4
715	0.4
720	0.4
725	0.4
730	0.400521667857
735	0.4
740	0.781219090176
745	0.4
750	0.4
755	0.4
760	0.4
765	0.4
770	0.4
775	0.4
780	0.4
785	0.638061604222
790	0.4
795	0.4
800	0.4
805	0.438527360031
810	0.625319129753
815	0.4
820	0.501802139221
825	0.4
830	0.4
835	0.4
840	0.4
845	0.4
850	0.4
855	0.534172356512
860	0.4
865	0.4
870	0.4
875	0.4
880	0.67083121628
885	0.4
890	0.4
895	0.663447032091
900	0.4
905	0.809994510524
910	0.4
915	0.4
920	0.4
925	0.4
930	0.4
935	0.4
940	0.4
945	0.4
950	0.4
955	0.4
960	0.4
965	0.643389095003
970	0.4
975	0.4
980	0.4
985	0.4
990	0.4
995	0.469279151304
1000	0.515231348884
1005	0.4
1010	0.771122508948
1015	0.4
1020	0.4
1025	0.4
1030	0.439996653253
1035	0.4
1040	0.4
1045	0.4
1050	0.4
1055	0.4
1060	0.868914044493
1065	0.4
1070	0.4
1075	0.669357620262
1080	0.4
1085	0.4
1090	1.42890768559
1095	0.4
1100	0.4
1105	0.500088850554
1110	0.4
1115	0.4
1120	0.4
1125	0.4
1130	0.4
1135	0.484289988036
1140	0.4
1145	0.4
1150	0.4
1155	0.4
1160	1.70878442482
1165	0.4
1170	0.505301950228
1175	0.4
1180	0.4
1185	0.4
1190	0.4
1195	0.4
1200	0.4
1205	0.4
1210	0.4
1215	0.4
1220	0.4
1225	0.4
1230	0.4
1235	0.4
1240	0.4
1245	0.4
1250	0.4
1255	0.4
1260	0.4
1265	0.432837780357
1270	0.4
1275	0.4
1280	0.4
1285	0.4
1290	0.4
1295	0.4
1300	0.4
1305	0.4
1310	0.4
1315	0.4
1320	0.4
1325	0.52478775463
1330	0.4
1335	0.461752801581
1340	0.4
1345	0.939026109611
1350	1.05225205517
1355	0.819497141572
1360	0.663327599916
1365	0.4
1370	1.57481898178
1375	0.4
1380	0.4
1385	0.846254506895
1390	0.4
1395	0.4
1400	0.4
1405	0.4
1410	0.4
1415	0.4
1420	0.538569648285
1425	0.960214908076
1430	0.4
1435	0.977141794748
1440	0.4
1445	1.17875202897
1450	0.499932371556
1455	0.4
1460	0.4
1465	0.4
1470	0.719222087391
1475	0.530459849905
1480	0.4
1485	0.4
1490	0.4
1495	0.4
1500	0.519310272332
1505	0.4
1510	0.4
1515	0.4
1520	0.4
1525	0.4
1530	0.4
1535	0.658095225654
1540	0.833797581619
1545	0.4
1550	0.4
1555	0.4
1560	0.4
1565	0.4
1570	0.4
1575	0.544877663836
1580	0.4
1585	0.4
1590	0.4
1595	0.4
1600	0.4
1605	0.4
1610	0.4
1615	0.4
1620	0.4
1625	0.4
1630	0.4
1635	0.4
1640	0.4
1645	0.4
