0	13.500144
5	13.426336
10	13.004688
15	12.951672
20	12.87548
25	13.399944
30	13.212728
35	12.996152
40	12.86884
45	13.418384
50	13.312688
55	12.952744
60	13.090096
65	13.294664
70	12.326344
75	1.870712
80	12.957
85	13.61296
90	12.96188
95	13.322336
100	12.064328
105	13.227128
110	13.106504
115	13.192584
120	11.737344
125	12.81912
130	11.932568
135	12.397488
140	13.048832
145	13.241728
150	12.910688
155	12.76892
160	12.697512
165	13.08816
170	12.609656
175	13.416896
180	5.737264
185	13.05772
190	13.230416
195	13.272776
200	13.268976
205	13.498608
210	13.74092
215	13.23376
220	13.683312
225	13.62216
230	13.42384
235	13.338544
240	5.7702
245	13.300176
250	12.892312
255	12.982576
260	13.2556
265	13.148512
270	13.634992
275	13.354376
280	13.422976
285	13.54964
290	13.504088
295	10.655544
300	13.633328
305	13.264104
310	12.982296
