0	1.076392
5	1.069176
10	1.121272
15	1.049712
20	1.154736
25	1.17908
30	1.142272
35	1.02624
40	0.991784
45	1.076072
50	1.035208
55	0.913976
60	1.12336
65	1.073096
70	1.15204
75	1.177464
80	1.183224
85	1.087768
90	1.118216
95	1.096512
100	1.132704
105	1.125376
110	1.102648
115	1.10896
120	1.172584
125	1.093112
130	1.124472
135	1.079744
140	1.14864
145	1.003496
150	1.0962
155	0.992544
160	1.052256
165	1.053784
170	1.012936
175	1.078656
180	1.113128
185	1.081368
190	1.122448
195	1.143488
200	1.075544
205	1.115632
210	1.116784
215	1.018672
220	1.08964
225	1.022472
230	0.987664
235	1.118112
240	1.115192
245	1.1196
250	1.08836
255	1.064584
260	1.090648
265	1.110544
270	1.10552
275	1.047544
280	1.140128
285	1.095752
290	1.073712
295	1.120512
300	1.13204
305	1.143008
310	1.087656
