0	0.831752
5	0.853712
10	0.850072
15	0.822376
20	0.84436
25	0.834568
30	0.819368
35	0.84096
40	0.825376
45	0.772216
50	0.83356
55	0.834208
60	0.83572
65	0.817384
70	0.838464
75	0.825856
80	0.811392
85	0.80884
90	0.849288
95	0.83788
100	3.739624
105	3.707008
110	3.750592
115	3.677784
120	3.771224
125	3.66044
130	3.704912
135	3.67868
140	3.705696
145	3.506576
150	3.482
155	3.547288
160	3.609616
165	3.914104
170	3.612784
175	3.71388
180	3.645592
185	3.701608
190	3.613
195	3.6206
200	3.577488
205	3.746352
210	0.805416
215	3.874216
220	3.86472
225	3.667864
230	3.634544
235	3.714376
240	3.666712
245	3.474184
250	3.572008
255	3.57152
260	3.81988
265	3.76544
270	3.680152
275	3.803016
280	3.698808
285	3.594488
290	0.580224
295	0.569432
300	0.586272
305	0.574392
310	0.577936
