0	2.899128
5	2.342792
10	2.91616
15	2.913104
20	2.652624
25	2.999008
30	2.916648
35	2.62164
40	2.668464
45	0.59728
50	0.86788
55	0.522784
60	0.512272
65	0.55648
70	2.907968
75	2.855336
80	2.614864
85	0.462136
90	2.250048
95	2.511784
100	2.899376
105	2.89584
110	2.822384
115	2.92568
120	2.949312
125	2.497992
130	2.851464
135	2.9308
140	2.913216
145	2.87604
150	2.90948
155	0.534896
160	0.665536
165	2.841168
170	2.932696
175	2.9212
180	2.904776
185	2.998224
190	2.790312
195	2.880848
200	2.761616
205	2.599664
210	2.628136
215	2.9694
220	2.760232
225	2.927944
230	2.795832
235	2.407976
240	2.747272
245	2.921928
250	2.859872
255	2.890968
260	3.039728
265	2.923136
270	2.844664
275	2.857928
280	2.9284
285	2.880184
290	2.904296
295	0.418152
300	2.9022
305	2.751416
310	2.86396
