0	9.893864
5	11.86968
10	10.172248
15	10.2088
20	10.038504
25	10.269608
30	11.802144
35	10.217512
40	12.891672
45	10.172496
50	11.980144
55	10.272648
60	11.75848
65	11.73636
70	11.8888
75	13.16308
80	11.813768
85	10.245744
90	11.851536
95	10.236056
100	12.749336
105	11.687024
110	9.670896
115	9.29224
120	11.827296
125	9.586976
130	9.76044
135	10.219048
140	10.031464
145	9.709448
150	11.775392
155	9.870112
160	9.715248
165	9.78644
170	9.985192
175	11.681952
180	9.652912
185	10.15396
190	9.5904
195	12.834664
200	13.160976
205	12.85108
210	12.867576
215	12.87304
220	12.97064
225	12.90032
230	13.124472
235	13.28712
240	12.847072
245	13.175776
250	13.117376
255	12.803848
260	12.878832
265	12.846448
270	12.95644
275	12.672896
280	12.882776
285	12.910104
290	13.0892
295	12.91992
300	13.26868
305	12.671176
310	13.14496
