0	3.412424
5	3.36692
10	3.5724
15	3.605064
20	3.421408
25	3.38884
30	3.59468
35	3.526232
40	3.608768
45	3.5598
50	3.608256
55	3.632376
60	3.574056
65	3.405864
70	3.4636
75	3.599728
80	3.60148
85	3.610256
90	3.570752
95	3.510952
100	3.586856
105	3.504496
110	3.615392
115	3.595536
120	3.580072
125	3.579696
130	2.720816
135	3.583944
140	3.610288
145	3.578464
150	3.589024
155	3.594712
160	3.53284
165	3.612728
170	3.573912
175	3.601992
180	3.578224
185	3.630192
190	3.527976
195	3.520968
200	3.596552
205	3.559072
210	3.54588
215	3.52184
220	3.599544
225	3.61008
230	3.551992
235	3.55944
240	3.603176
245	3.608664
250	3.606488
255	3.575232
260	3.611744
265	3.577216
270	3.601592
275	3.57412
280	3.562504
285	3.604344
290	3.603416
295	3.216256
300	3.58196
305	3.601952
310	3.576328
