0	4.626624
5	1.453768
10	1.962848
15	4.633288
20	4.054984
25	3.9804
30	5.093936
35	3.069704
40	5.057304
45	4.860472
50	4.934064
55	5.06308
60	3.951696
65	2.296664
70	3.629432
75	4.558432
80	5.069824
85	4.435928
90	5.008112
95	5.072088
100	4.240392
105	4.338672
110	4.491256
115	4.177728
120	2.200296
125	2.329616
130	2.698656
135	5.069888
140	4.16816
145	4.9128
150	4.984048
155	4.064336
160	5.051352
165	4.435072
170	3.014792
175	5.047248
180	2.97436
185	1.320904
190	2.566064
195	1.952992
200	2.185744
205	3.979872
210	4.37956
215	4.492416
220	3.22116
225	4.372056
230	4.559464
235	3.390088
240	2.259032
245	1.295824
250	1.584608
255	3.686576
260	1.504448
265	2.681896
270	4.39796
275	4.848672
280	5.052192
285	3.991136
290	4.041696
295	4.00864
300	4.957344
305	3.726936
310	5.033592
