0	4.05164
5	4.84972
10	3.449112
15	3.917264
20	3.291216
25	3.110216
30	3.519344
35	2.776664
40	1.706776
45	3.15164
50	4.01984
55	3.340984
60	5.405536
65	2.78364
70	2.674616
75	3.733968
80	3.475696
85	3.99368
90	2.819072
95	3.820168
100	4.177024
105	2.923856
110	3.075976
115	3.639056
120	4.739744
125	4.639944
130	5.034264
135	3.720528
140	1.82112
145	3.067568
150	4.522368
155	3.5506
160	6.045488
165	5.940808
170	5.607752
175	4.704088
180	4.569224
185	4.245656
190	3.827712
195	4.099752
200	4.20888
205	4.170496
210	3.95196
215	4.496696
220	4.475784
225	4.556568
230	4.645072
235	4.319672
240	4.266784
245	4.077336
250	4.401312
255	4.256456
260	4.159008
265	4.02156
270	4.383072
275	2.598072
280	3.796632
285	2.806544
290	3.336392
295	3.278368
300	2.773344
305	3.129504
310	2.31796
