0	0.992608
5	1.048992
10	1.046088
15	1.108104
20	1.10608
25	1.113504
30	1.077784
35	1.089208
40	1.076256
45	1.010416
50	1.043488
55	1.060008
60	1.129248
65	0.227264
70	1.086736
75	1.061472
80	1.088296
85	1.006648
90	1.037472
95	1.095808
100	1.0412
105	1.033992
110	1.15024
115	1.08192
120	0.978536
125	1.054504
130	1.028456
135	0.996248
140	0.988208
145	0.994136
150	1.022216
155	1.022856
160	1.02956
165	1.06336
170	1.13452
175	1.030264
180	1.049432
185	0.1974
190	1.083496
195	1.064144
200	0.978552
205	1.140672
210	1.092296
215	1.099896
220	1.092784
225	1.037688
230	0.30656
235	1.078688
240	1.077912
245	1.069032
250	1.03812
255	0.926136
260	1.074376
265	1.055664
270	1.113824
275	1.124552
280	1.127016
285	0.990544
290	1.042088
295	1.0324
300	1.023608
305	1.039968
310	0.984392
