0	3.905472
5	2.628568
10	4.771696
15	5.061664
20	4.028648
25	5.035472
30	4.917432
35	4.272616
40	3.537216
45	5.318136
50	5.539416
55	5.264832
60	3.082648
65	2.803048
70	5.000048
75	5.053752
80	5.054456
85	4.510712
90	4.724384
95	4.886984
100	4.867528
105	3.940552
110	3.803656
115	4.86464
120	4.47408
125	2.787656
130	4.997592
135	3.930904
140	4.8396
145	5.154616
150	4.834584
155	4.82392
160	4.56852
165	3.940704
170	4.838416
175	3.613728
180	4.471592
185	3.838048
190	4.76956
195	4.003624
200	4.90884
205	4.92544
210	5.029056
215	3.663376
220	3.849608
225	3.448824
230	3.835768
235	3.750048
240	4.756664
245	2.70928
250	4.739936
255	4.801008
260	4.721736
265	3.970384
270	4.92776
275	4.879456
280	3.627592
285	2.09776
290	4.130264
295	4.148688
300	5.028032
305	4.088416
310	4.50384
