0	1.64084
5	1.714256
10	1.703496
15	1.627344
20	1.634824
25	1.543448
30	1.732944
35	1.623024
40	1.628856
45	1.6826
50	1.64456
55	1.658688
60	1.591368
65	1.721456
70	1.620504
75	1.675688
80	1.650768
85	1.709016
90	1.608152
95	1.675656
100	1.720384
105	1.673216
110	1.543264
115	1.674456
120	6.036096
125	6.191384
130	6.361864
135	6.165576
140	6.344128
145	6.333256
150	5.853536
155	6.35292
160	6.22652
165	5.587784
170	5.809264
175	6.242176
180	6.177616
185	5.89512
190	6.127648
195	6.129168
200	8.203416
205	7.864272
210	6.082616
215	6.04008
220	6.109584
225	5.970272
230	1.744968
235	6.422856
240	6.132912
245	6.223488
250	6.371472
255	6.302528
260	6.06152
265	6.334752
270	6.130064
275	6.220984
280	6.586696
285	6.11208
290	6.120808
295	5.647384
300	5.82364
305	6.285816
310	0.931536
