0	2.598136
5	2.640792
10	2.666176
15	2.609704
20	2.707504
25	2.685608
30	2.539968
35	2.642544
40	2.638328
45	2.682176
50	2.599256
55	2.655384
60	2.359848
65	2.650624
70	2.428784
75	2.629344
80	2.630344
85	2.618968
90	2.65256
95	2.61988
100	2.649264
105	2.609864
110	2.598032
115	2.11764
120	2.124416
125	2.64912
130	2.701592
135	2.649136
140	2.688136
145	2.663168
150	2.600808
155	2.680704
160	2.63584
165	2.64656
170	3.679176
175	2.434536
180	2.655656
185	2.670104
190	2.632024
195	2.625784
200	2.599152
205	2.6452
210	1.395088
215	2.009184
220	2.590312
225	2.653376
230	2.590024
235	2.638872
240	2.674248
245	2.636808
250	2.567712
255	2.687056
260	2.150088
265	2.727648
270	2.622792
275	2.709312
280	2.64404
285	2.622008
290	2.667136
295	2.581928
300	2.60944
305	2.629784
310	2.639088
