0	4.06848
5	4.037984
10	2.82824
15	3.849504
20	3.910696
25	3.759648
30	4.07976
35	3.270328
40	3.335664
45	3.150904
50	3.144168
55	3.763368
60	3.86884
65	3.428192
70	3.923248
75	4.241152
80	4.55652
85	3.05976
90	3.52536
95	3.48672
100	3.105928
105	3.452088
110	3.67824
115	3.515448
120	3.539776
125	3.598432
130	4.158544
135	3.875168
140	3.493664
145	4.024944
150	3.798592
155	3.195192
160	3.805352
165	3.959008
170	3.788168
175	3.6374
180	3.849328
185	3.979024
190	5.552432
195	5.154888
200	4.48092
205	3.153768
210	3.535112
215	3.35992
220	3.426128
225	3.625888
230	3.2406
235	4.029472
240	3.793176
245	3.845544
250	4.052992
255	3.704088
260	4.034248
265	3.262864
270	3.317104
275	3.686608
280	3.605808
285	3.163072
290	3.114312
295	3.307512
300	3.363672
305	2.948336
310	3.2034
