0	0.348512
5	0.972848
10	1.056312
15	1.040632
20	0.993856
25	1.08484
30	0.99916
35	1.039192
40	1.0676
45	1.04028
50	0.934264
55	0.991304
60	1.026584
65	1.037632
70	1.061288
75	1.034904
80	1.095208
85	1.078008
90	1.082
95	1.083928
100	1.097288
105	1.101224
110	1.117872
115	1.127512
120	1.130992
125	1.177752
130	1.136976
135	1.123408
140	1.109784
145	1.214568
150	1.0148
155	1.0836
160	1.072528
165	1.099056
170	1.058824
175	1.120264
180	1.100288
185	1.04488
190	1.162712
195	1.148248
200	1.122888
205	1.107504
210	1.09572
215	1.09272
220	1.16624
225	1.078336
230	1.14192
235	0.962592
240	0.804104
245	0.97504
250	1.098584
255	1.135392
260	1.211896
265	1.133192
270	1.128048
275	1.037304
280	0.232888
285	1.16144
290	1.160264
295	1.160992
300	1.146864
305	1.122136
310	1.120928
