0	1.049192
5	1.023264
10	0.989688
15	1.031992
20	1.007992
25	1.02884
30	1.094976
35	1.016952
40	1.048728
45	1.0342
50	1.061976
55	0.996904
60	0.978952
65	1.072288
70	1.0202
75	1.064056
80	1.041368
85	1.079488
90	1.043272
95	0.989952
100	0.992656
105	1.009056
110	1.023584
115	3.764792
120	3.883128
125	3.804472
130	3.762648
135	3.689856
140	3.768136
145	3.808432
150	3.72444
155	3.85944
160	3.881952
165	3.499448
170	3.78132
175	3.599256
180	3.688048
185	3.508112
190	3.529448
195	3.542096
200	3.582328
205	3.778808
210	3.755528
215	3.838848
220	3.675712
225	3.68796
230	3.670544
235	3.794408
240	0.9762
245	3.642216
250	3.7962
255	3.867616
260	3.81964
265	3.822608
270	2.731608
275	3.777392
280	3.765048
285	3.840144
290	3.808376
295	3.847888
300	3.673952
305	3.764304
310	0.0
