0	0.950712
5	0.596728
10	0.732432
15	1.385744
20	0.811784
25	1.325216
30	0.572816
35	1.25872
40	1.353072
45	0.955216
50	0.89896
55	0.841592
60	0.511584
65	0.962112
70	0.677696
75	0.916072
80	0.85476
85	0.849408
90	0.834984
95	0.523088
100	1.39628
105	0.852352
110	0.839728
115	0.85548
120	0.96728
125	0.73572
130	0.670016
135	0.86748
140	0.954408
145	0.967648
150	0.838088
155	1.327048
160	1.080344
165	1.067104
170	0.897048
175	0.55656
180	0.9774
185	0.609504
190	1.620216
195	1.402832
200	0.982984
205	1.155016
210	1.01516
215	1.390256
220	0.886864
225	1.093872
230	0.94652
235	1.683096
240	1.556296
245	1.353944
250	0.877552
255	1.111384
260	1.63024
265	1.393256
270	0.778904
275	1.61604
280	1.371928
285	1.359536
290	1.639576
295	0.85948
300	0.801048
305	1.089032
310	0.98708
