0	2.056592
5	2.744096
10	3.546192
15	2.595464
20	2.788416
25	2.610744
30	2.92348
35	3.46356
40	2.849352
45	3.027376
50	2.905712
55	1.266264
60	3.166928
65	2.756608
70	2.924872
75	2.658792
80	3.010688
85	2.804304
90	3.161008
95	2.934112
100	3.31016
105	3.017632
110	2.84556
115	2.85248
120	2.774144
125	2.870584
130	3.002256
135	2.868432
140	2.919184
145	3.936424
150	3.058488
155	3.005904
160	2.884392
165	3.32788
170	2.706992
175	2.29792
180	3.228616
185	2.826104
190	2.797144
195	2.871448
200	3.106248
205	3.022712
210	2.773264
215	2.849112
220	2.239368
225	2.42724
230	2.559992
235	2.489632
240	2.426152
245	2.52788
250	2.600624
255	2.797168
260	2.437736
265	2.96572
270	2.629944
275	2.978208
280	2.595712
285	2.184928
290	2.824744
295	2.917184
300	2.540408
305	3.164368
310	2.716832
