0	2.470144
5	2.255248
10	2.234144
15	3.031072
20	2.542624
25	2.565184
30	3.042136
35	2.558104
40	3.008864
45	2.831824
50	2.909888
55	2.460288
60	2.885504
65	2.97364
70	2.36488
75	2.543664
80	2.637736
85	1.663872
90	2.990576
95	2.251736
100	2.45672
105	2.335224
110	2.93704
115	2.621992
120	5.084104
125	9.198048
130	9.454192
135	11.275064
140	9.766
145	9.780192
150	9.003688
155	10.763056
160	8.9384
165	8.115624
170	7.542632
175	6.852024
180	9.66224
185	10.056568
190	9.079688
195	9.530304
200	5.47232
205	9.367496
210	8.594408
215	10.331144
220	10.290024
225	9.325208
230	10.205528
235	10.038352
240	8.168312
245	2.948976
250	10.5892
255	9.161544
260	9.579208
265	9.363312
270	8.522888
275	9.918512
280	9.952296
285	10.690624
290	8.42256
295	9.752576
300	8.851808
305	9.216744
310	10.34544
