0	0.917088
5	1.027416
10	1.017848
15	1.053872
20	1.057288
25	1.024048
30	0.943024
35	1.02016
40	0.884448
45	1.0576
50	1.029104
55	1.040376
60	1.019232
65	1.025624
70	1.029952
75	0.811392
80	0.828544
85	1.046072
90	1.033792
95	1.025256
100	1.035256
105	1.035672
110	1.04364
115	0.963352
120	1.019648
125	1.055224
130	1.068208
135	1.072416
140	0.968392
145	1.073424
150	1.053232
155	1.052928
160	1.03164
165	1.031088
170	0.909456
175	0.947344
180	0.926976
185	1.06764
190	1.043488
195	1.030928
200	1.042728
205	1.068816
210	1.071352
215	0.91004
220	0.898224
225	0.808464
230	0.942312
235	0.00972
240	0.781976
245	0.696312
250	0.756112
255	1.038888
260	1.005912
265	1.010904
270	1.01632
275	0.968504
280	1.027208
285	1.03084
290	1.012688
295	1.005536
300	0.748496
305	0.680272
310	0.782728
