0	12.079568
5	22.059912
10	22.680232
15	28.97316
20	27.736
25	29.025048
30	27.72744
35	28.628256
40	28.366408
45	25.077568
50	27.79244
55	20.72396
60	27.29908
65	10.834064
70	15.760896
75	20.340808
80	11.776072
85	11.315008
90	11.195096
95	28.92656
100	30.023464
105	28.147976
110	14.441752
115	10.399016
120	28.879136
125	14.878824
130	28.80792
135	30.42276
140	27.137704
145	27.052808
150	28.4894
155	30.53796
160	28.354888
165	30.1732
170	29.322592
175	28.454232
180	12.467328
185	26.644904
190	28.72232
195	11.26964
200	30.393888
205	26.526128
210	27.82424
215	23.56896
220	27.625464
225	27.741232
230	30.006488
235	29.988184
240	29.168248
245	12.36272
250	14.216824
255	14.580144
260	25.37696
265	29.68444
270	15.55688
275	17.921272
280	16.336248
285	17.78328
290	17.459552
295	15.876904
300	16.176512
305	18.340752
310	29.822984
