0	8.213832
5	12.819976
10	11.481288
15	10.0098
20	10.63404
25	12.469456
30	11.369688
35	9.380568
40	5.050496
45	12.291136
50	9.881488
55	10.08448
60	9.976776
65	9.95828
70	10.145768
75	10.380008
80	9.063848
85	10.737544
90	9.057976
95	12.958736
100	12.607168
105	10.338592
110	12.670512
115	5.4902
120	10.882096
125	13.271144
130	11.969736
135	0.439632
140	0.454864
145	0.462752
150	13.202104
155	13.029808
160	12.634432
165	12.340816
170	12.856816
175	8.954864
180	12.321472
185	11.486112
190	8.752
195	12.575272
200	12.88776
205	12.568256
210	12.525088
215	5.065296
220	6.30664
225	13.443456
230	8.981504
235	12.81632
240	16.229864
245	14.918792
250	14.96352
255	0.513424
260	0.523656
265	0.547536
270	16.816
275	18.187208
280	16.901832
285	16.277008
290	16.485048
295	14.477728
300	17.63676
305	17.786856
310	15.08928
