0	7.122408
5	8.056608
10	7.882592
15	7.257512
20	8.059472
25	7.412544
30	7.51456
35	8.025056
40	6.990904
45	7.919688
50	8.034968
55	8.079208
60	7.376656
65	7.252296
70	6.986688
75	7.895568
80	7.555456
85	8.05816
90	7.323408
95	8.076584
100	7.959144
105	6.791664
110	7.1556
115	7.905376
120	8.045688
125	1.1268
130	7.40676
135	7.973992
140	7.448272
145	7.206944
150	8.101784
155	7.235744
160	7.390664
165	7.788552
170	7.988352
175	7.396272
180	7.896536
185	7.899512
190	7.26052
195	8.003832
200	7.888784
205	8.015696
210	8.051432
215	7.269072
220	7.03944
225	7.425072
230	7.9478
235	7.920904
240	7.189264
245	8.09904
250	8.137072
255	7.486312
260	8.114744
265	7.323144
270	8.299032
275	7.3928
280	6.843352
285	7.968776
290	8.004544
295	8.111976
300	7.543624
305	7.233488
310	8.062272
