0	5.93888
5	11.186776
10	9.847912
15	11.91704
20	12.461992
25	7.825008
30	5.976168
35	7.759384
40	13.330032
45	10.256264
50	10.944816
55	11.713184
60	7.097712
65	8.508968
70	10.564104
75	7.105904
80	9.155016
85	10.991472
90	11.208096
95	9.98764
100	6.197736
105	11.50628
110	9.982792
115	10.797768
120	7.865984
125	9.00316
130	7.790088
135	9.763192
140	11.359336
145	8.939176
150	9.738016
155	8.76184
160	8.90132
165	7.184544
170	9.83564
175	6.909128
180	9.653672
185	9.74844
190	10.996584
195	9.2034
200	8.112216
205	9.752872
210	8.972688
215	8.565392
220	9.378928
225	8.870968
230	10.055544
235	10.980032
240	11.731688
245	9.508576
250	7.955616
255	9.476168
260	13.698656
265	8.69108
270	7.68892
275	6.817912
280	10.390416
285	12.315288
290	6.567208
295	11.832704
300	11.853432
305	11.376704
310	9.707016
