0	1.029256
5	1.05316
10	1.10968
15	0.987416
20	1.044896
25	0.966368
30	0.88088
35	1.010688
40	1.052128
45	1.076912
50	1.06808
55	1.037008
60	1.133168
65	0.960352
70	0.969832
75	0.981472
80	1.001408
85	0.984776
90	1.006368
95	0.99328
100	0.952488
105	1.034512
110	0.953432
115	3.125712
120	3.132968
125	3.374576
130	3.263152
135	2.583496
140	2.479616
145	3.25348
150	3.142048
155	2.926744
160	3.4038
165	3.126976
170	3.239776
175	3.195576
180	3.350288
185	3.17936
190	3.20588
195	3.295368
200	3.23412
205	2.678088
210	3.137112
215	2.846432
220	2.753592
225	3.55112
230	3.117944
235	0.902648
240	3.048472
245	2.852912
250	3.015312
255	3.504312
260	2.67188
265	3.010288
270	3.153672
275	4.19752
280	3.712816
285	4.1238
290	3.074752
295	3.004448
300	3.630696
305	0.865864
310	0.72036
