0	5.599208
5	5.486536
10	5.745656
15	5.178784
20	6.083464
25	6.362816
30	5.464592
35	5.453032
40	5.59904
45	5.918512
50	5.227992
55	5.295232
60	5.185312
65	5.218192
70	5.396632
75	5.436232
80	6.154064
85	4.94456
90	6.937136
95	6.597832
100	5.252656
105	5.344312
110	5.293224
115	5.957272
120	4.932384
125	4.90692
130	5.61308
135	4.375656
140	5.566024
145	5.376432
150	5.213544
155	3.825152
160	5.658736
165	5.3848
170	5.098192
175	4.994656
180	5.812064
185	5.480752
190	5.536472
195	5.25912
200	5.79536
205	5.397328
210	6.165208
215	5.97244
220	5.753072
225	5.180824
230	5.281512
235	4.646912
240	5.478384
245	5.244648
250	4.654328
255	4.501744
260	5.28212
265	6.084624
270	5.282896
275	4.079656
280	4.891104
285	5.212264
290	5.078464
295	5.148592
300	5.881192
305	5.443144
310	5.146112
