0	11.343648
5	12.28504
10	11.99588
15	12.10996
20	12.619016
25	12.974576
30	11.26992
35	8.15008
40	11.957872
45	9.689768
50	11.651832
55	11.762704
60	13.867984
65	12.249072
70	12.51456
75	10.115288
80	12.191408
85	10.438552
90	9.654064
95	11.450464
100	10.727008
105	10.040336
110	13.18228
115	12.618344
120	11.777544
125	12.2112
130	13.175256
135	11.236752
140	11.874224
145	11.521808
150	11.43972
155	11.247968
160	9.894224
165	11.944656
170	12.362024
175	12.946672
180	12.122688
185	12.022752
190	12.762128
195	12.057184
200	9.67428
205	12.232304
210	12.178768
215	12.560896
220	11.67632
225	11.418848
230	6.596528
235	11.82956
240	13.435464
245	14.070152
250	10.027336
255	10.990024
260	11.876584
265	10.58672
270	12.044624
275	10.700656
280	11.475768
285	10.589832
290	12.192336
295	11.302552
300	12.454392
305	12.15132
310	11.259056
