0	11.265328
5	10.733816
10	11.239024
15	15.342376
20	15.5242
25	10.444312
30	14.018672
35	14.519352
40	15.788
45	10.748208
50	12.349688
55	13.867624
60	10.291216
65	9.337024
70	15.49476
75	11.917704
80	10.78172
85	11.814448
90	11.54088
95	12.574552
100	11.478088
105	13.439016
110	13.73832
115	12.258736
120	13.863312
125	13.581528
130	13.976648
135	12.8318
140	12.78028
145	11.271528
150	9.735112
155	7.553032
160	13.806744
165	17.10928
170	14.81644
175	13.029688
180	10.169968
185	13.55292
190	12.387472
195	13.70192
200	14.515424
205	13.389144
210	16.651184
215	14.195376
220	9.333456
225	14.948664
230	14.307992
235	16.619256
240	11.306008
245	12.430824
250	17.279504
255	15.92216
260	16.260584
265	17.485856
270	12.363968
275	17.375112
280	15.800192
285	14.907432
290	10.294736
295	11.237208
300	10.873544
305	16.295816
310	14.655264
