0	10.19408
5	13.189688
10	11.229968
15	10.961832
20	12.48932
25	10.99808
30	11.464176
35	9.00988
40	8.918048
45	9.246984
50	10.28064
55	7.402872
60	9.81944
65	9.331136
70	9.446568
75	9.215488
80	11.20764
85	12.331744
90	7.17216
95	12.273832
100	11.354944
105	8.7522
110	10.055648
115	10.921936
120	11.304976
125	11.625008
130	11.571864
135	11.641944
140	11.63788
145	10.796288
150	11.63276
155	9.963504
160	11.192048
165	11.268624
170	4.3608
175	11.464448
180	8.162144
185	8.988904
190	10.9262
195	11.187432
200	11.040888
205	5.817416
210	8.817616
215	10.161888
220	10.134136
225	9.565368
230	12.55544
235	8.197456
240	10.145504
245	9.409344
250	9.535816
255	9.083416
260	9.127768
265	14.075048
270	9.624288
275	9.5088
280	11.512824
285	9.181928
290	7.44296
295	8.871448
300	10.113176
305	10.212936
310	12.510872
