0	12.938768
5	11.369432
10	12.99008
15	12.508176
20	12.923888
25	12.26328
30	12.981592
35	12.248792
40	12.271344
45	12.385976
50	12.559096
55	20.728808
60	12.704536
65	11.87896
70	12.378904
75	12.452632
80	12.56748
85	11.770168
90	11.757704
95	10.999632
100	12.718864
105	12.497136
110	12.339728
115	12.175664
120	12.462536
125	10.445256
130	10.98092
135	13.425688
140	1.59404
145	12.107456
150	12.739008
155	12.166144
160	12.9868
165	13.189176
170	13.33136
175	13.10852
180	12.045464
185	12.369352
190	12.175192
195	11.855312
200	12.93304
205	12.405904
210	12.905368
215	12.294952
220	12.325952
225	12.507424
230	12.248528
235	12.700384
240	12.736848
245	12.548344
250	12.523576
255	11.628128
260	12.604376
265	12.916976
270	13.124056
275	13.119856
280	12.648392
285	12.139728
290	12.177544
295	12.838
300	12.22864
305	12.324928
310	12.269288
