0	6.368336
5	9.39636
10	7.722576
15	8.019712
20	8.667448
25	8.718528
30	9.416016
35	9.94796
40	9.4102
45	8.34716
50	10.075192
55	8.27408
60	8.142424
65	9.009536
70	9.437992
75	9.318536
80	7.718928
85	9.663288
90	9.323144
95	8.32636
100	9.245672
105	7.953448
110	8.71648
115	9.346064
120	8.8916
125	7.837992
130	8.22808
135	9.534856
140	7.887368
145	7.475744
150	8.643784
155	7.900792
160	8.737096
165	8.98196
170	8.069496
175	8.02268
180	8.367808
185	7.933912
190	9.089616
195	9.744056
200	7.67968
205	8.459248
210	10.071312
215	10.124792
220	9.323192
225	9.32928
230	10.208336
235	9.562384
240	9.230856
245	8.218192
250	8.625592
255	8.64412
260	8.161016
265	9.37008
270	10.055408
275	8.782536
280	9.88964
285	8.103424
290	8.72452
295	8.742072
300	8.935792
305	9.020008
310	9.835648
