0	12.411688
5	12.927672
10	12.921824
15	13.757128
20	14.088216
25	14.485776
30	11.519896
35	4.919216
40	5.732408
45	6.94808
50	6.724536
55	11.47056
60	6.244976
65	13.11532
70	13.490432
75	14.223552
80	13.859616
85	14.45068
90	13.460568
95	6.592912
100	14.566632
105	6.67676
110	6.518904
115	6.657448
120	6.309808
125	12.637056
130	13.761984
135	13.747616
140	15.446496
145	15.834896
150	7.108448
155	6.377376
160	14.446808
165	6.877912
170	13.433936
175	10.07688
180	6.24616
185	14.196664
190	14.848784
195	15.084896
200	12.679224
205	16.563312
210	12.878576
215	15.90296
220	6.653112
225	7.01948
230	8.294776
235	12.963192
240	7.55724
245	14.111464
250	13.147632
255	14.349592
260	14.255064
265	13.668456
270	14.105344
275	6.13656
280	12.61032
285	5.986984
290	8.757888
295	11.738968
300	13.092968
305	11.863536
310	13.185512
