0	17.118152
5	18.446896
10	16.040544
15	16.331552
20	15.477672
25	10.491232
30	17.781616
35	19.030496
40	18.73796
45	11.392856
50	19.080184
55	19.45948
60	17.469024
65	19.210424
70	15.695448
75	18.461392
80	18.996144
85	15.762272
90	10.377384
95	15.164032
100	16.354256
105	18.761712
110	17.672408
115	14.878032
120	15.012112
125	17.787776
130	18.030328
135	16.050688
140	18.521144
145	18.963624
150	16.490536
155	15.337936
160	15.2654
165	15.672376
170	19.295648
175	18.788536
180	19.394864
185	18.674832
190	15.435664
195	17.354416
200	15.857424
205	15.252984
210	18.821376
215	19.098736
220	18.704344
225	16.274408
230	16.351968
235	15.784616
240	18.379088
245	16.108616
250	11.441456
255	18.330944
260	15.365408
265	18.657
270	18.781256
275	18.44064
280	19.55948
285	15.657496
290	17.582544
295	17.233048
300	18.091336
305	15.215376
310	19.245008
