0	4.741056
5	4.287568
10	4.148048
15	4.38416
20	3.992192
25	3.619936
30	3.13372
35	3.64984
40	4.665168
45	4.831224
50	5.19364
55	4.443032
60	3.96284
65	4.263504
70	3.925896
75	3.947744
80	4.092928
85	4.807096
90	4.1726
95	4.833576
100	4.833192
105	4.44936
110	4.050944
115	4.454912
120	5.752376
125	6.484752
130	5.651784
135	3.746408
140	4.304056
145	3.962832
150	4.321776
155	4.518504
160	4.8548
165	4.475824
170	4.699904
175	4.81592
180	4.24296
185	4.328144
190	4.265328
195	4.847448
200	3.9544
205	3.96536
210	4.65336
215	4.440736
220	4.140144
225	3.827448
230	4.771504
235	3.980264
240	4.358256
245	4.644928
250	4.30592
255	4.313552
260	4.16512
265	3.979488
270	3.73084
275	3.604232
280	3.535664
285	3.717656
290	4.374088
295	4.351088
300	4.75844
305	1.301712
310	3.472072
