0	2.822944
5	2.535544
10	2.168368
15	2.478128
20	6.383992
25	6.491208
30	6.846928
35	6.52484
40	6.310592
45	6.159976
50	6.812368
55	6.804064
60	2.024776
65	2.15948
70	1.965976
75	1.9864
80	1.943896
85	2.115016
90	1.92632
95	1.798952
100	2.100592
105	2.15248
110	2.289144
115	2.052304
120	2.192376
125	2.233648
130	2.069216
135	2.04248
140	2.120456
145	2.292928
150	2.157848
155	2.238864
160	2.10488
165	6.427056
170	6.525088
175	6.510504
180	6.871864
185	5.588704
190	5.874984
195	1.900304
200	6.395136
205	5.72448
210	6.531136
215	5.828016
220	6.27236
225	6.55972
230	7.021704
235	6.561952
240	5.66168
245	5.554384
250	5.50124
255	5.626064
260	5.941128
265	5.78956
270	5.41772
275	7.32396
280	5.714312
285	3.160792
290	1.85064
295	7.858544
300	5.825416
305	5.67688
310	5.834168
