0	0.82276
5	0.7652
10	0.993208
15	0.974688
20	0.970896
25	1.006088
30	0.947
35	0.910472
40	0.874336
45	0.905328
50	0.90016
55	0.901264
60	0.818104
65	0.842016
70	0.842064
75	0.883112
80	0.928968
85	0.938432
90	0.940808
95	0.889176
100	0.888992
105	0.785672
110	0.85532
115	1.021544
120	0.913464
125	1.1408
130	0.969344
135	0.96228
140	0.95256
145	1.026504
150	1.082544
155	0.887664
160	0.928168
165	0.905648
170	0.564704
175	0.845488
180	0.888224
185	0.894712
190	0.886496
195	0.951368
200	0.95128
205	0.951008
210	1.008824
215	0.697448
220	0.918304
225	0.943096
230	1.16812
235	0.996704
240	1.094024
245	1.0144
250	1.004088
255	0.991248
260	1.106888
265	1.219984
270	1.224272
275	1.083504
280	0.896784
285	0.75956
290	1.009712
295	0.951728
300	0.952856
305	0.855328
310	1.011352
