0	5.717096
5	5.224688
10	6.342504
15	6.03096
20	6.337392
25	5.47656
30	5.105256
35	5.900816
40	5.313768
45	5.62892
50	5.762408
55	5.560024
60	5.712752
65	0.613808
70	5.429528
75	5.753656
80	6.622152
85	5.689392
90	5.392984
95	0.837008
100	0.815584
105	0.73864
110	0.735336
115	0.733024
120	5.66356
125	5.806048
130	5.57756
135	5.233688
140	4.932016
145	5.82364
150	5.325048
155	0.75268
160	0.725856
165	0.730312
170	0.93044
175	4.833272
180	5.523968
185	5.344896
190	4.33412
195	6.03828
200	6.098288
205	6.225064
210	5.673192
215	4.755296
220	5.505896
225	4.666736
230	4.602968
235	5.910936
240	5.731008
245	5.132352
250	5.543776
255	5.390928
260	6.147664
265	5.624024
270	5.547112
275	5.447112
280	5.433384
285	4.92768
290	5.286224
295	5.60056
300	5.698856
305	4.176008
310	5.692296
