0	3.003776
5	3.018664
10	3.014984
15	3.009968
20	3.018584
25	3.03772
30	2.96304
35	2.993328
40	2.984704
45	3.0326
50	2.138136
55	3.01652
60	2.970576
65	2.983064
70	3.024968
75	2.986816
80	2.96576
85	2.962728
90	2.95244
95	2.954912
100	2.989336
105	2.88876
110	3.003144
115	2.938032
120	3.026024
125	3.025336
130	2.983856
135	2.982872
140	3.013856
145	2.989168
150	2.975712
155	3.0256
160	3.025816
165	2.948696
170	2.782088
175	3.02076
180	2.983752
185	3.004504
190	3.040064
195	2.936768
200	1.050432
205	3.006192
210	3.048712
215	2.91568
220	2.997944
225	2.9956
230	3.03852
235	3.039432
240	3.042832
245	3.014512
250	3.019168
255	3.028224
260	2.995592
265	2.935512
270	3.032816
275	2.915536
280	2.95056
285	2.979432
290	2.97624
295	3.026912
300	3.0078
305	2.939312
310	2.604408
