0	1.62864
5	1.641528
10	1.730544
15	1.612152
20	1.676296
25	1.55732
30	1.61848
35	1.672168
40	3.732112
45	3.774912
50	3.848728
55	3.946056
60	3.138856
65	3.942416
70	3.932336
75	3.763488
80	4.32612
85	3.783048
90	3.84336
95	1.71004
100	2.70028
105	3.71876
110	3.737632
115	3.838104
120	4.231784
125	4.195184
130	4.342064
135	0.972168
140	0.966232
145	0.987208
150	0.876528
155	0.965568
160	0.923056
165	0.960456
170	0.97332
175	0.988128
180	0.878944
185	1.00704
190	0.929424
195	0.986048
200	0.938768
205	0.972176
210	0.972912
215	0.968728
220	1.006064
225	0.97372
230	0.905032
235	0.947072
240	0.97688
245	0.971656
250	0.97268
255	0.998672
260	0.965736
265	0.998464
270	0.985016
275	0.968848
280	0.97496
285	0.992744
290	0.984416
295	4.390008
300	4.254608
305	4.22064
310	4.142352
