0	1.986664
5	1.785344
10	2.321848
15	2.451584
20	2.131104
25	1.666144
30	2.399648
35	2.646632
40	2.573576
45	2.62132
50	2.32172
55	2.565744
60	2.45832
65	2.394928
70	2.496128
75	2.326776
80	2.551496
85	2.55068
90	2.440232
95	2.493632
100	2.41708
105	2.493336
110	2.216016
115	2.319888
120	2.335248
125	2.67236
130	2.766048
135	2.501448
140	2.638264
145	2.552704
150	1.606776
155	2.55768
160	2.495992
165	2.578304
170	2.609128
175	2.472424
180	2.617488
185	2.373904
190	2.399312
195	2.420776
200	1.68088
205	2.004192
210	2.552688
215	2.53892
220	0.952336
225	0.531624
230	2.368544
235	2.459072
240	0.769624
245	2.52808
250	2.49096
255	2.309712
260	2.406016
265	2.550896
270	2.538944
275	2.535984
280	2.363992
285	2.443736
290	2.212568
295	1.48276
300	2.297744
305	2.587328
310	2.284216
