0	4.193448
5	6.246576
10	6.206024
15	5.42016
20	5.44008
25	5.503752
30	5.898568
35	5.52476
40	5.973816
45	5.312352
50	4.926056
55	4.920072
60	5.044112
65	6.123128
70	5.79492
75	5.99888
80	6.573696
85	4.928952
90	4.873616
95	5.471768
100	6.536272
105	5.411184
110	4.811712
115	5.71552
120	5.825712
125	5.534768
130	4.394144
135	6.062184
140	6.637528
145	6.316112
150	6.094344
155	4.975192
160	4.39808
165	5.518264
170	4.717104
175	5.919744
180	5.22596
185	4.945872
190	1.773768
195	5.878776
200	6.677968
205	5.566992
210	7.992936
215	8.181224
220	8.151656
225	7.652856
230	5.124048
235	5.084184
240	5.119088
245	4.71608
250	5.91308
255	3.860696
260	2.939176
265	5.49268
270	5.547976
275	2.896504
280	5.483536
285	5.797856
290	5.289528
295	6.333304
300	5.311288
305	5.994776
310	5.530872
