0	31.816256
5	30.87016
10	29.892592
15	32.15984
20	32.350904
25	32.038
30	31.92696
35	31.954504
40	30.044128
45	31.416392
50	30.968704
55	31.8438
60	31.218256
65	30.062328
70	31.048448
75	32.0588
80	35.051888
85	32.342056
90	31.303872
95	30.898648
100	31.44124
105	30.932552
110	32.188888
115	29.508384
120	29.02096
125	31.409616
130	31.744248
135	30.516552
140	30.149232
145	30.931208
150	32.58956
155	30.894912
160	33.037368
165	29.042624
170	33.883376
175	30.391488
180	22.324464
185	31.844488
190	31.44876
195	32.397144
200	31.77564
205	30.023024
210	28.710816
215	30.389264
220	32.815528
225	34.61384
230	34.189576
235	33.148816
240	35.424752
245	34.464168
250	31.944048
255	32.939872
260	27.498008
265	33.173976
270	33.87396
275	32.763696
280	33.1268
285	34.384792
290	33.811808
295	34.894072
300	33.355416
305	32.843864
310	21.193992
