0	9.024448
5	9.403024
10	11.93588
15	9.582088
20	9.338992
25	10.76068
30	9.90944
35	9.073112
40	6.064504
45	8.318064
50	5.965304
55	4.846528
60	7.111288
65	7.498144
70	8.231672
75	9.699552
80	11.432288
85	9.848272
90	9.895416
95	9.913144
100	8.574792
105	9.04884
110	8.419296
115	7.77772
120	9.169176
125	8.788592
130	10.369064
135	10.413536
140	8.80936
145	10.051544
150	10.815896
155	7.424568
160	9.64796
165	11.67624
170	10.091856
175	8.979024
180	6.565008
185	11.381872
190	11.433968
195	10.348296
200	8.273688
205	9.156848
210	9.516952
215	10.272488
220	9.802704
225	8.075432
230	8.821216
235	9.542968
240	9.663056
245	10.187648
250	10.270176
255	10.800376
260	9.268744
265	9.79016
270	11.73528
275	8.974592
280	9.305472
285	6.943232
290	7.44192
295	10.793608
300	8.990968
305	8.391704
310	10.375416
