0	1.096032
5	1.020736
10	1.00372
15	1.01892
20	1.035648
25	0.963488
30	1.067256
35	1.067184
40	0.861496
45	1.003144
50	1.029944
55	1.060992
60	1.03076
65	1.06604
70	1.101144
75	1.179472
80	0.250632
85	1.103304
90	1.089936
95	0.969792
100	1.06212
105	1.056864
110	1.08652
115	1.057424
120	1.024688
125	0.995272
130	1.034248
135	1.043768
140	1.076872
145	1.067712
150	1.019648
155	1.036544
160	0.9946
165	1.047128
170	1.006336
175	0.96308
180	1.10588
185	1.02588
190	1.01104
195	1.020048
200	0.994504
205	1.062448
210	1.03088
215	0.99412
220	0.988336
225	1.063064
230	0.99132
235	1.06776
240	0.997384
245	1.088704
250	1.10108
255	0.770656
260	1.014944
265	1.158296
270	1.022472
275	1.046848
280	0.85936
285	1.129688
290	0.993928
295	1.021992
300	1.00744
305	1.065256
310	0.985688
