0	6.572128
5	4.627864
10	7.21184
15	5.138216
20	6.283968
25	6.691704
30	6.59996
35	6.72164
40	5.507264
45	4.928
50	5.786128
55	7.314912
60	5.989216
65	4.71696
70	6.921288
75	5.490976
80	6.490632
85	6.370232
90	6.41652
95	7.231248
100	7.175192
105	8.237368
110	8.81244
115	7.038304
120	6.227016
125	8.076256
130	7.910112
135	6.770376
140	7.848
145	6.339544
150	7.526488
155	8.512592
160	7.163592
165	6.935776
170	5.92892
175	7.059256
180	5.825592
185	7.807696
190	6.488768
195	6.624008
200	7.703032
205	7.686504
210	7.140536
215	6.510008
220	7.692776
225	6.479024
230	7.733408
235	6.668384
240	7.195416
245	6.056808
250	7.177024
255	7.02412
260	6.78344
265	6.356616
270	5.96112
275	8.754936
280	7.022376
285	6.453344
290	6.859888
295	7.424752
300	5.044888
305	3.550272
310	4.91588
