0	9.846232
5	15.356656
10	14.342272
15	12.585928
20	14.087256
25	13.59832
30	12.969352
35	12.91644
40	13.68956
45	12.773976
50	13.04892
55	14.56536
60	13.28352
65	15.784544
70	11.912648
75	11.039512
80	7.855176
85	5.431144
90	17.322176
95	15.952768
100	8.902752
105	14.862536
110	15.629456
115	7.128616
120	16.9348
125	9.87152
130	13.159408
135	15.936208
140	13.143944
145	16.308072
150	17.900072
155	14.764944
160	15.695464
165	13.500632
170	16.339752
175	8.595192
180	8.260504
185	8.984288
190	15.59784
195	10.588776
200	15.697792
205	8.25576
210	6.73632
215	13.180208
220	15.93276
225	11.544032
230	16.338464
235	8.062016
240	15.662152
245	18.714896
250	9.629992
255	14.578856
260	2.922808
265	5.252776
270	13.31876
275	15.214664
280	14.865776
285	6.518248
290	15.089064
295	15.515896
300	15.08112
305	8.97104
310	12.632912
