0	14.937608
5	15.516888
10	15.861216
15	15.44572
20	15.66096
25	16.083432
30	15.75912
35	15.941352
40	15.40308
45	15.521872
50	15.264624
55	7.641752
60	7.255216
65	8.382664
70	15.747792
75	15.70128
80	15.760176
85	15.37212
90	15.72164
95	15.367416
100	15.787288
105	15.612456
110	15.673488
115	15.797784
120	15.757584
125	15.689832
130	15.882528
135	15.917176
140	15.508408
145	15.642136
150	15.683032
155	15.455152
160	16.149392
165	15.937136
170	15.874384
175	15.900544
180	15.359936
185	15.603504
190	15.834752
195	16.326688
200	15.854096
205	15.717976
210	15.6628
215	15.562616
220	15.673112
225	15.635752
230	15.753072
235	15.954016
240	13.810872
245	15.725672
250	15.506568
255	14.878952
260	15.871592
265	15.906536
270	15.594832
275	15.87348
280	16.03496
285	15.72884
290	15.649296
295	15.720888
300	15.57512
305	15.918464
310	15.6348
