0	1.86318481518
1	1.95234886026
2	1.44481754736
3	0.804226415094
4	0.84518019802
5	0.669678431373
6	0.772517647059
7	0.791001980198
8	0.686682352941
9	0.815756653992
10	1.15085714286
11	1.56033267327
12	1.32644752475
13	1.55576470588
14	0.86505631068
15	1.28944158416
16	0.836894117647
17	1.22892673267
18	1.86582652044
19	1.99334260179
20	1.82038811881
21	0.87135049505
22	1.41946930693
23	1.63798431373
24	1.39511287129
25	1.81488911089
26	1.16504261645
27	1.72286732673
28	1.74906138614
29	1.72457482656
30	1.73196403596
31	1.56649411765
32	1.15307722772
33	1.49633532934
34	1.31822222222
35	1.84388503469
36	1.38208191808
37	1.33878058252
38	1.23784
39	1.7337029703
40	1.29953287537
41	1.10877122877
42	1.96319524281
43	1.55703496503
44	1.64701782178
45	1.84838850347
46	1.73116713352
47	2.28501098901
48	1.87008126858
49	2.03911992071
50	1.54316039604
51	1.73198813056
52	1.67484638256
53	1.40724035608
54	1.60817425743
55	1.88017142857
56	1.82941246291
57	1.56638255699
58	1.63780376611
59	1.35445544554
60	0.660523476523
61	0.986043564356
62	0.360071784646
63	0.848540755467
64	0.873537254902
65	0.954917647059
66	1.05105742574
67	0.769330693069
68	0.557116831683
69	0.983976023976
70	1.65078899083
71	1.62213438735
72	0.902037735849
73	0.541988571429
74	0.232047524752
75	0.628467326733
76	1.33278415842
77	1.04075294118
78	1.00137821782
79	1.20263736264
80	1.37114767096
81	1.36529108911
82	1.60716083916
83	1.83754212091
84	1.54316039604
85	1.66182617383
86	1.67484638256
87	1.72286732673
88	1.3671245283
89	1.92874455446
90	1.53516883117
91	1.73987046124
92	1.2342247619
93	1.90707326733
94	1.57566732673
95	1.71203168317
96	1.58493372898
97	1.62695738355
98	1.17621773486
99	1.82582217782
100	1.91157227723
101	2.13194805195
102	1.82669573835
103	1.59283960396
104	0.450491195551
105	0.39359040959
106	0.423008919722
107	0.36090785645
108	0.568658823529
109	0.869082352941
110	0.498933597621
111	0.165396078431
112	0.833519287834
113	0.812673267327
114	0.780166336634
115	0.705014866204
116	0.372542037587
117	0.542413994169
118	0.368307692308
119	0.590385614386
120	1.24733399405
121	0.636242661448
122	0.650782953419
123	0.835171456888
124	0.689970902037
125	0.705677669903
126	0.705014866204
127	0.79021958457
128	0.899358415842
129	1.12057029703
130	1.14971655104
131	1.31065868263
132	1.19776817289
133	0.130156590684
134	1.31065868263
135	1.34930669331
136	1.16448472906
137	1.32026321037
138	0.849679207921
139	1.10523564356
140	0.715152475248
141	0.583968379447
142	0.509236506379
143	0.479908484271
144	0.313612648221
145	0.477714285714
146	0.445827352085
147	0.437322677323
148	0.770857142857
149	0.637490196078
150	1.32064094955
151	1.32101275761
152	0.77697254902
153	1.17024950495
154	1.31945688073
155	1.91790891089
156	1.18558584071
157	1.57279041916
158	1.62332416503
159	0.730495049505
160	0.869082352941
161	0.681418867925
162	0.336738461538
163	0.520110891089
164	0.422901960784
165	1.00771485149
166	1.30027722772
167	0.85124387855
168	0.627498542274
169	0.379247524752
170	0.812673267327
171	0.841846153846
172	1.04472079208
173	2.14758374628
174	1.53232475248
175	1.93074410163
176	2.03184282908
177	1.78154455446
178	1.96125148515
179	1.96155844156
180	2.20631912785
181	2.18661338661
182	1.8158493558
183	2.18276226415
184	2.15166467066
185	1.61136507937
186	2.10211485149
187	1.5789010989
188	1.75711397423
189	1.39146138614
190	1.3884995005
191	1.3603012884
192	2.04793663366
193	1.69916483516
194	2.12851078516
195	2.35060939061
196	1.65841020608
197	1.97208712871
198	1.56483168317
199	1.79871683168
200	1.5789010989
201	2.04114285714
202	1.69909290709
203	1.53238490566
204	2.10211485149
205	1.84129470529
206	2.35366501487
207	2.42074725275
208	2.07974451098
209	1.73886792453
210	3.032999001
211	2.65034165834
212	2.08028599801
213	1.91137724551
214	2.01622377622
215	3.24072727273
216	2.95265208748
217	2.39648702595
218	3.06587115956
219	2.53376223776
220	2.00222222222
221	1.82481454545
222	2.73326673327
223	1.79415659068
224	2.14742057942
225	3.0261407334
226	3.1353426704
227	2.8425974026
228	2.97936507937
229	2.62847552448
230	2.94553446553
231	1.8285
232	1.58529470529
233	1.4973110893
234	1.73662275449
235	1.38971428571
236	2.18021978022
237	3.56871928072
238	3.00107936508
239	1.62984554455
240	2.20847952048
241	2.02193062438
242	1.83390702275
243	2.613002997
244	3.20792807193
245	3.93870109235
246	4.017500998
247	3.48965079365
248	2.26836078431
249	3.06242990654
250	3.71028910891
251	3.65253493014
252	4.26843556444
253	4.08257342657
254	4.10897902098
255	3.82295029821
256	3.46106930693
257	3.02238272816
258	2.68314085914
259	2.83403151066
260	3.06242990654
261	3.04420740741
262	3.56871928072
263	3.50788503469
264	3.61245154845
265	3.64525074925
266	2.91133399405
267	2.64017443013
268	2.79190943396
269	2.91594285714
270	4.21377022977
271	4.10850793651
272	4.04977422577
273	3.46106930693
274	3.20101386139
275	3.09550499002
276	2.85191658391
277	2.72687312687
278	2.78968463074
279	2.17820255654
280	2.57197419355
281	2.82073126873
282	2.56679365079
283	3.62338461538
284	3.83897358491
285	4.60964752475
286	3.45938861139
287	2.29085714286
288	1.35911287129
289	2.92366833167
290	2.59228543112
291	2.39917623762
292	1.78154455446
293	2.25381386139
294	2.18246336634
295	2.51663073852
296	2.45822222222
297	2.21266204163
298	2.14742057942
299	2.85427326733
300	2.20398431373
301	2.53647152847
302	1.87193650794
303	1.97888511489
304	3.22268514851
305	3.25166033966
306	3.38857482656
307	2.50821178821
308	2.51001783944
309	2.40981418581
310	2.11504459861
311	1.64068118812
312	2.11954806739
313	2.76606593407
314	2.77842376238
315	2.35583366337
316	1.98938354807
317	2.2062754491
318	2.04705697446
