0	2.41144455544
1	2.82285714286
2	2.08761454545
3	2.81414970563
4	2.31547523892
5	2.32732145886
6	2.82073126873
7	0.231966666667
8	1.43878994975
9	2.66556831683
10	0.18903264095
11	2.61797647059
12	2.23002576809
13	2.543000999
14	0.130972439605
15	3.72817582418
16	0.978575073602
17	3.23618781219
18	2.10640559441
19	2.07701587302
20	2.22438611346
21	1.74379441341
22	3.31131650485
23	2.81238761239
24	1.31444308943
25	2.79886513487
26	0.226621782178
27	1.39249069884
28	1.401068
29	1.41482
30	1.386056
31	1.297256
32	1.119692
33	2.72684470821
34	2.86344499504
35	2.82977022977
36	0.831466666667
37	2.73326673327
38	2.85353046953
39	2.25269513406
40	0.504389203599
41	0.422582205586
42	0.775642718447
43	1.01929411765
44	1.11253546454
45	1.49633532934
46	1.45900389105
47	1.73542120912
48	1.1777982018
49	1.58357185332
50	1.6983976024
51	2.37921278721
52	2.4167032967
53	2.8574964539
54	3.61631137725
55	0.233677989337
56	0.416914285714
57	0.677485714286
58	0.951176823177
59	1.39091156463
60	2.7022512364
61	4.18078721279
62	2.43963492063
63	2.11045754246
64	2.26748170129
65	2.23202380952
66	1.05517117117
67	1.270592
68	0.940665384615
69	0.748400396432
70	0.789230769231
71	0.426268074736
72	0.300423529412
73	2.19754645355
74	1.6526970297
75	1.77918768046
76	1.29714741036
77	1.42742634146
78	1.57436163836
79	1.27860594059
80	0.730789915966
81	1.2573026973
82	1.20394846383
83	0.444261386139
84	1.00495049505
85	2.16474725275
86	2.24427353816
87	2.67485768143
88	2.87620758483
89	1.96617419355
90	2.68392982456
91	1.81170247934
92	1.190112
93	1.03880649926
94	1.1227893947
95	1.12447212456
96	1.16275324675
97	1.23754527163
98	1.32776903932
99	3.14872327672
100	0.3799000999
101	2.736
102	1.19534257426
103	1.20263736264
104	1.18225569871
105	1.4540979021
106	0.594003960396
107	0.737554013875
108	1.36529108911
109	1.73835764236
110	2.09127920792
111	2.33317882118
112	3.31671428571
113	2.63115284715
114	2.70891089109
115	2.21412987013
116	1.60902845927
117	1.44643731778
118	0.634397602398
119	2.02963672655
120	1.9192260274
121	2.20828486647
122	1.13507234886
123	0.425009708738
124	0.242263715111
125	0.450193927522
126	0.286227692308
127	0.898627565982
128	1.38025396825
129	2.07838575668
130	1.62597619048
131	1.71203168317
132	1.1615984016
133	1.45777081293
134	1.30563667233
135	1.50615445545
136	0.890541176471
137	0.634117882118
138	0.99584985563
139	1.01929411765
140	0.791001980198
141	0.699716283716
142	1.1405827552
143	1.77704554455
144	1.06923160763
145	0.943635282458
146	0.5472
147	1.79181176471
148	1.1348990099
149	1.78788118812
150	1.3517592233
151	2.0472358209
152	1.30674626866
153	1.21353846154
154	1.87271216617
155	1.37028380634
156	0.940243756244
157	0.0810755799451
158	4.70195862069
159	1.49783016983
160	1.51490848027
161	1.85473141724
162	1.91265534466
163	1.78154455446
164	1.5465515211
165	0.947242814668
166	1.02938613861
167	0.99702970297
168	1.92421978022
169	1.33367432567
170	1.85800981354
171	1.37612673267
172	0.927793855302
173	1.09544
174	1.56961424332
175	0.94060654113
176	1.3006
177	0.852779220779
178	1.78973826174
179	2.0268543112
180	1.59374389052
181	1.85931170108
182	1.90678019802
183	1.52782574257
184	0.491740740741
185	1.2901018981
186	1.46086025768
187	1.43742745098
188	1.52933994054
189	1.28973426573
190	1.4597002997
191	1.39074603175
192	1.45420979021
193	1.54547924528
194	1.7337029703
195	0.898700990099
196	1.26731305201
197	0.908931068931
198	1.0846382557
199	0.840455544456
200	0.888522772277
201	0.86221958457
202	0.988074582924
203	1.12548481881
204	1.10778021978
205	1.2573026973
206	1.38022641509
207	1.17470891089
208	1.2768
209	1.30103496503
210	1.08713450292
211	1.65851246261
212	1.12141176471
213	1.2042054155
214	1.53062937063
215	1.17013492063
216	1.07272871287
217	1.02938613861
218	0.910194059406
219	0.694849150849
220	0.846017839445
221	0.920118694362
222	0.707100099108
223	0.890541176471
224	0.869082352941
225	0.96210989011
226	1.01855049505
227	0.552311377246
228	0.703314508277
229	1.17674181818
230	0.904984615385
231	0.7296
232	0.511733333333
233	0.747659405941
234	0.423792592593
235	0.39359040959
236	0.542319127849
237	1.22689021956
238	1.76841147379
239	1.32028599801
240	1.63287660415
241	1.91085714286
242	1.29346283449
243	1.609998002
244	2.04996630327
245	1.42771628372
246	1.82094901961
247	1.35493306693
248	1.73987046124
249	1.28019180819
250	1.39918334985
251	1.11607128713
252	0.850409377818
253	1.19096470588
254	1.23543656344
255	0.814639455782
256	1.00584215784
257	0.660974257426
258	0.676720792079
259	1.53792592593
260	2.06960792079
261	1.54369660679
262	0.596239921337
263	0.512829511466
264	2.03123015873
265	1.5884990099
266	1.19106534653
267	1.28944158416
268	1.73300099701
269	1.3945183714
270	1.20811964108
271	1.0615049505
272	1.14499304866
273	1.55454257426
274	2.26088622754
275	1.85834920635
276	1.85503461919
277	1.79328444004
278	1.83690873786
279	2.15381418581
280	1.38654367026
281	0.476768316832
282	0.929310689311
283	1.37367615309
284	1.15941386139
285	0.686682352941
286	0.563453465347
287	0.793584158416
288	1.23252815534
289	0.715152475248
290	0.603252892562
291	0.504282352941
292	0.856015841584
293	0.862892307692
294	0.314233663366
295	0.368411881188
296	0.255700934579
297	0.17798019802
298	0.216712871287
299	0.238384158416
300	0.283850144092
301	0.303698711596
302	0.233755339806
303	0.0022644320298
304	0.107294117647
305	0.106252427184
306	0.101994408201
307	0.076331299041
308	0.0920523364486
309	0.00587085093543
310	1.04556954612
311	1.21108310502
312	2.19692427184
313	2.42345578231
314	1.97513857678
315	2.44314885115
316	2.73149206349
317	1.68737662338
318	1.19590666667
