0	1.70555844156
1	1.31519361277
2	1.30285714286
3	1.06294549058
4	0.589623762376
5	0.765314685315
6	0.90024975223
7	0.798113886114
8	0.872190287413
9	1.1917042957
10	1.20275643564
11	1.04577998018
12	1.20275643564
13	1.02770829171
14	1.01221386139
15	0.953536633663
16	0.931865346535
17	1.13252725471
18	1.22442772277
19	1.26823576424
20	1.02304950495
21	1.28944158416
22	1.29071952428
23	1.18558415842
24	1.5196963037
25	1.59892170466
26	1.45054005935
27	1.25183746283
28	1.23543656344
29	1.17140931615
30	1.19541960784
31	1.97888511489
32	1.28437661051
33	1.37612673267
34	1.23693980583
35	1.27860594059
36	1.40863366337
37	1.30555044955
38	1.37749058474
39	1.20727920792
40	2.28501098901
41	1.72103096903
42	2.14971428571
43	1.28370829171
44	1.56187908821
45	1.15307722772
46	1.65232941176
47	1.47812277228
48	1.78208991009
49	2.00026164519
50	1.72742457542
51	1.11082656095
52	1.54503529412
53	1.47814653465
54	1.48065882353
55	1.2573026973
56	0.659595682041
57	1.18839091807
58	1.0545840708
59	0.654637623762
60	0.639302970297
61	0.791001980198
62	0.666917082917
63	0.660046692607
64	0.718939663699
65	0.830913086913
66	0.824325074331
67	1.18108514851
68	1.23976237624
69	1.47510802775
70	1.81942857143
71	2.08494257426
72	1.91790891089
73	1.24300093545
74	0.869082352941
75	0.541782178218
76	0.45644228904
77	0.541782178218
78	1.14289303238
79	1.37756643357
80	1.46503096903
81	1.75383016983
82	1.5542504817
83	1.84205940594
84	1.37506796117
85	1.47510802775
86	1.0944
87	1.34930669331
88	1.56033267327
89	1.08914172448
90	1.353115727
91	1.17140931615
92	0.893021782178
93	1.24636963037
94	1.09548463826
95	0.734054901961
96	0.685338551859
97	1.08579960707
98	0.622305882353
99	0.62268852459
100	0.279025495751
101	0.171297391304
102	0.0383663453111
103	0.425422740525
104	0.0911309613929
105	0.579956820412
106	0.525741176471
107	0.654494117647
108	0.286881553398
109	0.0829693693694
110	0.0435272727273
111	0.758495049505
112	1.2901018981
113	1.12610589411
114	1.30736507937
115	1.37612673267
116	0.784665346535
117	1.34361980198
118	1.48852869565
119	1.67786350148
120	1.06050749251
121	0.829650793651
122	1.94608591409
123	2.01622377622
124	2.00857142857
125	2.00909306931
126	2.40740918164
127	2.33879365079
128	2.33967632368
129	2.14124083251
130	2.48634565435
131	2.44955996549
132	2.95192807193
133	1.41453320119
134	2.26768431568
135	2.57762874251
136	2.51250793651
137	2.71609910803
138	3.08182178218
139	3.0001998002
140	2.96868302257
141	3.0657982018
142	3.41026759167
143	3.20101386139
144	3.42658941059
145	2.61848166501
146	2.89437125749
147	3.00108730159
148	2.72687312687
149	2.45354645355
150	1.86292750745
151	2.51138278932
152	2.23488511489
153	1.97854509415
154	1.44256888008
155	1.38696237624
156	1.52423576424
157	2.28726546906
158	2.80890944123
159	3.22327843137
160	3.91616633663
161	2.86613972056
162	2.89885714286
163	2.55087524752
164	2.8034045954
165	2.9257232581
166	2.77842376238
167	1.98939147671
168	1.77704554455
169	1.43881941748
170	1.01677522478
171	0.909293768546
172	0.688031434185
173	0.838843564356
174	1.92421978022
175	1.76161744301
176	1.18108514851
177	1.40252065322
178	2.19754645355
179	1.54629365079
180	1.16877669903
181	0.682645544554
182	0.81743853211
183	1.44114059406
184	1.72286732673
185	1.51179241517
186	1.73714285714
187	1.89596003996
188	1.69653914767
189	2.30799207921
190	1.19641980198
191	1.37612673267
192	1.25771636364
193	1.77704554455
194	1.31065868263
195	1.23014469772
196	1.58357185332
197	1.57566732673
198	2.62672475248
199	2.51348965517
200	2.66406504065
201	3.24064606181
202	2.41719165839
203	2.46447952048
204	2.20631912785
205	2.41634851485
206	1.98342457542
207	2.10870168484
208	2.37247552448
209	2.08700891972
210	2.57254653465
211	1.86768862275
212	2.38222222222
213	2.33328271728
214	2.61753446553
215	1.74157956778
216	1.22904295704
217	2.04114285714
218	1.47438431373
219	0.953536633663
220	1.01754302671
221	0.796289395441
222	1.44316483516
223	2.02715684316
224	2.65736372646
225	2.36608191808
226	1.93969230769
227	2.52103816794
228	2.18661338661
229	2.59567632368
230	2.24107936508
231	2.65173333333
232	1.69951335312
233	1.2363064833
234	0.433206660137
235	1.40895808383
236	1.71759920239
237	2.11467729084
238	2.28955044955
239	2.39070763132
240	2.13194805195
241	2.10368831169
242	1.96155925563
243	3.07366067864
244	1.89930348259
245	2.07974451098
246	2.06285714286
247	2.5250329013
248	3.23749301397
249	1.48550049751
250	4.31216783217
251	4.43893013972
252	3.84146613546
253	3.41149592022
254	3.09132075472
255	3.15076923077
256	3.12685714286
257	2.42074725275
258	1.99136507937
259	2.70500699301
260	2.90845148515
261	3.02984175405
262	3.56500598802
263	2.99037301587
264	3.03913352007
265	4.01697502498
266	4.19303631011
267	4.4542977023
268	3.94802791625
269	2.90612878788
270	5.08841558442
271	4.27850973123
272	4.65109290709
273	4.58269322709
274	3.71323791103
275	3.71084915085
276	2.83540931615
277	4.04977422577
278	5.28521078921
279	1.79771996028
280	1.55575181305
281	2.00658077304
282	1.47961149653
283	1.79302297702
284	1.49979405941
285	2.50367232767
286	3.09574628345
287	2.05243564356
288	2.11954806739
289	2.25221178821
290	1.7428971029
291	2.15382058546
292	2.41620779221
293	2.42564285714
294	4.77751696607
295	4.32332135729
296	4.60621868787
297	3.89671128871
298	3.44845554446
299	3.38107936508
300	3.66072327672
301	4.47616383616
302	3.89835480674
303	3.9092011893
304	3.15326273726
305	3.00107936508
306	3.78239366963
307	3.45938861139
308	3.21886113886
309	3.28336507937
310	3.37888316832
311	3.60193267327
312	2.89761584158
313	2.93006193806
314	2.54507936508
315	2.44261338661
316	1.72847451344
317	2.05541658342
318	1.97658613861
