0	1.62534653465
1	1.13292850147
2	0.90024975223
3	0.783247058824
4	0.0311113220983
5	5.29268389662
6	1.74929070929
7	1.27086844708
8	1.73714285714
9	1.67786350148
10	1.04331746032
11	0.713276264591
12	0.609814925373
13	0.667185840708
14	1.5196963037
15	0.254700832799
16	6.00996226415
17	1.14575841584
18	1.76022377622
19	1.8655777998
20	1.54505346535
21	1.19310208127
22	1.23509322866
23	0.856015841584
24	0.874645354645
25	0.675374545455
26	0.607397423191
27	1.2901018981
28	1.83122376238
29	1.76796035679
30	1.36111088911
31	1.59051395573
32	1.4540979021
33	1.28114285714
34	1.46503096903
35	1.41637928007
36	1.58529470529
37	0.209212920237
38	5.20110891089
39	0.964372277228
40	0.112970322581
41	0.894321678322
42	0.997867195243
43	0.841846153846
44	0.396988235294
45	0.658126091174
46	0.661629335976
47	0.530946534653
48	0.42875612145
49	0.633656526006
50	0.847623529412
51	1.15941386139
52	1.19170866142
53	1.56186826347
54	1.56342857143
55	1.48595441031
56	1.39943256743
57	1.17382539683
58	1.48448316832
59	1.53430588235
60	1.30635247525
61	1.50211764706
62	1.26523564356
63	1.3113442623
64	1.53866138614
65	1.29370629371
66	1.73542120912
67	1.3076990099
68	1.61623785927
69	1.72411531532
70	1.57116831683
71	0.841030723489
72	1.10423976024
73	0.997132673267
74	1.49531881188
75	1.22286162905
76	1.5196963037
77	1.68118929633
78	0.870225742574
79	1.64701782178
80	1.14115294118
81	1.48448316832
82	1.30156590684
83	1.13711088911
84	1.21479484638
85	0.896511488511
86	0.926922772277
87	1.0087135778
88	1.17991691395
89	1.4069296333
90	1.63996003996
91	1.4164955045
92	1.68452830189
93	1.35576885406
94	1.61809390609
95	1.28927308448
96	1.32614876033
97	1.80955247525
98	1.54735664336
99	1.68118929633
100	1.42544950495
101	1.25377822178
102	1.43172249752
103	1.36103659743
104	1.30156590684
105	1.63996003996
106	1.19244749755
107	1.72286732673
108	1.3056
109	1.32194851485
110	1.34878415842
111	1.53616633663
112	1.50595087719
113	1.79871683168
114	1.59283960396
115	1.07497029703
116	1.80955247525
117	1.41081318681
118	1.84768831169
119	1.31853932584
120	1.76022377622
121	1.31436273538
122	1.51699009901
123	1.34229080119
124	1.57272547076
125	1.24
126	1.61451089109
127	1.83122376238
128	1.52051148851
129	1.59441823588
130	1.19436
131	1.59283960396
132	1.49531881188
133	1.22726336634
134	1.5820039604
135	1.00966792453
136	1.5524955045
137	1.50307951356
138	1.62534653465
139	1.7011960396
140	1.63552156863
141	1.49883845391
142	1.69563363863
143	2.20847952048
144	1.67873141724
145	2.11450652742
146	2.73834165834
147	2.40926147705
148	1.61949458484
149	1.49241958042
150	1.7513797841
151	2.0114625789
152	2.49207361963
153	2.82946906188
154	2.76698473282
155	2.89937684943
156	2.25402352941
157	2.93735311573
158	2.57092366412
159	2.77436638655
160	2.84428309742
161	2.13508118812
162	3.40776071785
163	2.97779928315
164	3.67689110889
165	3.10825174825
166	3.93231568432
167	3.06330883813
168	3.20598811881
169	3.24794405594
170	3.5174351145
171	3.40319304348
172	4.13444955045
173	3.23234851485
174	3.61655445545
175	3.38226573427
176	3.03068253968
177	3.33688275862
178	3.74168231768
179	3.2517962038
180	3.20561867704
181	3.68177864078
182	3.77395404595
183	2.97997230465
184	3.38872327672
185	3.20542601787
186	2.51855344655
187	2.96181565907
188	2.81280792079
189	2.09372673267
190	2.3014025974
191	2.83894549058
192	2.66350291262
193	3.77082117882
194	3.06883921569
195	3.27932867133
196	2.66038888889
197	2.22288111888
198	2.4971988012
199	3.4130989011
200	3.02788972431
201	3.0186122449
202	2.31849913941
203	3.59998414272
204	3.43626773227
205	1.63187301587
206	2.62236163836
207	2.59557777778
208	3.19550588235
209	3.53902097902
210	3.03813972056
211	2.63565714286
212	2.76404173913
213	3.41400999001
214	2.7563956044
215	3.58517482517
216	3.10053490328
217	3.72440832507
218	3.98062737263
219	3.01347076313
220	3.4141620591
221	3.39818817652
222	4.08683448959
223	2.83073726274
224	2.98167199327
225	4.14916283716
226	3.30340859141
227	4.0596043956
228	3.0946835443
229	3.34940777667
230	2.55560611205
231	3.77950891089
232	3.52627372627
233	2.82193733214
234	3.60761638362
235	2.40652947053
236	2.23026756497
237	2.28354820937
238	2.940995005
239	0.0207523749208
240	0.305326504481
241	2.4272
242	3.98468731269
243	4.51348651349
244	3.32
245	4.00211788212
246	2.62802376238
247	3.32405816938
248	3.78294505495
249	3.54086025768
250	3.39893706294
251	2.61724075744
252	3.0036627451
253	2.40513886114
254	2.7912007992
255	3.1093015873
256	3.56883832335
257	2.92287301587
258	3.3755960396
259	3.8438041958
260	4.79885714286
261	4.03688311688
262	3.22507892108
263	4.04137325349
264	4.08228230616
265	3.00624950495
266	2.8228991453
267	4.24559440559
268	4.58801982161
269	2.91882857143
270	3.15557242757
271	2.72469375619
272	2.70491908092
273	2.42191269841
274	2.27408591409
275	2.44268531469
276	3.14853968254
277	3.48273326673
278	3.52757497858
279	4.29361038961
280	2.96034509804
281	3.80905494505
282	2.8415024975
283	3.6620774578
284	2.16312079208
285	3.92321278721
286	3.89014185814
287	4.23768231768
288	3.73653280318
289	2.59129140833
290	2.6786013986
291	2.88198019802
292	3.35941658342
293	3.74417977528
294	3.89145221675
295	3.83578486056
296	3.93004615385
297	3.67073244782
298	3.55877656405
299	3.01122376238
300	2.34312441534
301	3.05293465347
302	2.66633366633
303	2.41030723489
304	3.54921980198
305	3.75728271728
306	3.95718681319
307	4.10875074479
308	3.7904975025
309	4.10447952048
310	3.86519080919
311	3.69153525323
312	3.49811788212
313	3.27697125867
314	3.13209117939
315	2.90324075924
316	2.99745632974
317	2.52109401709
318	3.52044755245
