0	0.331673675357
1	0.360791208791
2	0.275084241824
3	0.276701273262
4	0.361258252427
5	0.271114563107
6	0.278760784314
7	0.354418056919
8	0.17611988012
9	0.361258252427
10	0.243862295082
11	0.125904424779
12	0.0708349514563
13	0.0451632970451
14	0.536997055937
15	0.0074906673485
16	0.461817468106
17	0.329166516652
18	0.446260194175
19	0.526257114818
20	0.470979228487
21	0.631384615385
22	0.552023762376
23	0.650114851485
24	0.516553846154
25	0.845663366337
26	0.548714754098
27	0.866015638575
28	0.769419226957
29	0.459823076923
30	0.210452336449
31	0.151699009901
32	0.162534653465
33	0.108275862069
34	0.162534653465
35	0.0626721266721
36	0.244613313388
37	0.168369230769
38	0.220984615385
39	0.289694117647
40	0.295741429971
41	0.534119521912
42	0.384182178218
43	0.519921568627
44	0.497483495146
45	0.201683802134
46	0.767888999009
47	0.929321463897
48	0.712666005946
49	0.854264730999
50	0.94380990099
51	0.752431876607
52	1.17024950495
53	0.615360639361
54	0.722843564356
55	0.718596078431
56	0.832366899302
57	0.847287128713
58	0.844182178218
59	0.614732673267
60	0.673043137255
61	0.769721115538
62	0.687564356436
63	0.638431683168
64	0.581774193548
65	0.597088888889
66	0.89676039604
67	0.843120792079
68	0.960372277228
69	1.08798415842
70	0.836186206897
71	1.41018981019
72	1.46109018831
73	1.28212413793
74	1.30209491525
75	1.44141176471
76	1.47888736533
77	1.39530201342
78	2.48237924152
79	2.51047619048
80	1.92245354645
81	2.08842814668
82	1.98053518335
83	1.85450549451
84	1.84628118812
85	2.35060939061
86	2.3692765114
87	2.52940659341
88	1.94835282458
89	2.81726732673
90	2.18867532468
91	2.45140931615
92	2.40079207921
93	2.68953446553
94	2.12456689792
95	2.02293123772
96	2.23156814159
97	2.49989500423
98	2.64424207493
99	2.62742857143
100	1.89770634921
101	1.86529108911
102	1.80093465347
103	1.89623762376
104	1.25944554455
105	1.10098782609
106	1.08356435644
107	1.28944158416
108	0.972697029703
109	1.58529470529
110	0.750895273401
111	0.718870588235
112	0.418726956522
113	1.26777029703
114	1.31007905138
115	1.6379334638
116	1.69708151093
117	1.55428571429
118	1.57276323676
119	1.20755992141
120	1.08776470588
121	1.21596491228
122	1.28941402498
123	1.31781818182
124	1.34270874662
125	1.75537425743
126	1.38316083916
127	1.9
128	1.53576023976
129	1.2992
130	1.74427037773
131	1.30021760633
132	1.12310009911
133	1.59622777223
134	1.2199592215
135	1.75321791045
136	1.29270819672
137	1.32194851485
138	1.34117647059
139	1.07795643564
140	1.48595441031
141	1.1075009901
142	1.28018217822
143	1.34368186227
144	1.70765063788
145	1.50400799201
146	1.39059033989
147	1.72742457542
148	1.44283845391
149	2.19745994065
150	1.4593254902
151	1.80624902724
152	2.43807392607
153	1.9071968032
154	2.49902362205
155	2.33967330677
156	2.18661338661
157	1.29464554455
158	1.54018632309
159	1.52509306931
160	2.17350898204
161	1.37315520629
162	1.66182617383
163	1.25232111001
164	1.90235364635
165	1.50138888889
166	1.66182617383
167	1.34958431373
168	1.34361980198
169	0.91737029703
170	1.14857821782
171	1.26777029703
172	0.831657711443
173	0.964372277228
174	0.600847058824
175	0.392481553398
176	0.400918811881
177	0.3099375
178	0.244380582524
179	0.147891891892
180	0.00785783521809
181	0.32721955261
182	0.65966033966
183	0.796122893954
184	0.799213559322
185	1.19528471528
186	1.04263492063
187	1.28404366079
188	1.77813861386
189	1.46281188119
190	1.9177980198
191	1.74266138614
192	1.68170196078
193	1.29543396226
194	1.71617804154
195	1.827
196	1.78929070929
197	1.75655896928
198	1.6451588785
199	1.80633766234
200	1.6347078926
201	1.80955247525
202	1.51281584158
203	1.56575841584
204	1.43481188119
205	1.62268146883
206	1.8655777998
207	1.412995005
208	1.60725674326
209	1.98685714286
210	1.58277722278
211	1.52220176991
212	1.8655777998
213	1.6474011976
214	2.25828571429
215	1.4372027972
216	1.40196435644
217	1.34566213592
218	1.69203567889
219	1.12324516129
220	1.95234886026
221	1.69926546906
222	1.84205940594
223	1.34481437126
224	1.99771428571
225	1.72886336634
226	1.65551248751
227	1.98444400396
228	1.95544554455
229	1.87905882353
230	2.42714085914
231	1.88649355798
232	2.11504459861
233	1.8593006993
234	2.33197224975
235	2.14429306931
236	2.71159563925
237	0.588537549407
238	2.40089154229
239	2.41512253642
240	2.66458471761
241	2.83893861386
242	2.28492368682
243	2.45175445545
244	2.20181565907
245	1.15742657343
246	1.87642418236
247	1.54151587302
248	1.77115684316
249	1.22775445545
250	2.40058983051
251	2.46670866142
252	0.869543859649
253	0.568658823529
254	0.490179159049
255	0.0652424091588
256	2.47957522124
257	0.536470588235
258	0.378830769231
259	0.211522689076
260	0.0257961107837
261	0.122736448598
262	0.265631067961
263	0.435634951456
264	0.182662824207
265	0.128752941176
266	0.163801683817
267	0.809140594059
268	0.646093457944
269	0.597876040703
270	0.893002997003
271	0.765673110721
272	0.859336643496
273	0.694024231128
274	0.454420512821
275	0.983123395854
276	0.9744
277	1.04120438684
278	1.05597932817
279	1.27372222222
280	0.776247752248
281	0.674143277723
282	0.953536633663
283	0.813002997003
284	1.33102574257
285	1.02462521008
286	1.05265946724
287	0.650138613861
288	0.829206726014
289	0.379560693642
290	0.268235294118
291	0.195041584158
292	0.07296
293	0.0943657448707
294	0.00159380851329
295	0.296613084112
296	0.407219512195
297	0.875908091908
298	0.845581560284
299	1.15685544554
300	0.806465534466
301	1.11640832507
302	0.688863366337
303	0.896744554455
304	0.845900990099
305	1.20062574257
306	1.09885314685
307	1.12569185476
308	0.559794669299
309	0.263275471698
310	0.203858823529
311	0.224851376147
312	0.257505882353
313	0.617631683168
314	0.569868498528
315	0.371372627373
316	0.472
317	0.592322200393
318	0.580863366337
