0	2.10936774194
1	1.83207192807
2	1.48176770538
3	1.95275294118
4	1.86170629371
5	2.06081268583
6	1.6528238806
7	1.87764378109
8	2.15629306931
9	1.89967696909
10	1.85051042701
11	2.36154245754
12	1.70443521266
13	2.20722222222
14	2.07800521286
15	2.24127872128
16	2.01923488603
17	2.17635746202
18	2.30570919881
19	1.81019405941
20	2.01542970297
21	1.57644577114
22	2.1909271137
23	1.5910969031
24	1.67327968597
25	2.14288111888
26	1.97384980237
27	3.13624775225
28	3.25805394605
29	2.78265873016
30	2.23614736842
31	3.1674251497
32	2.8460451423
33	2.31637291462
34	2.05597192982
35	2.48180619381
36	2.37483316683
37	2.42305415162
38	2.77404995005
39	3.09358565737
40	2.79831075697
41	2.70675041322
42	3.58253386454
43	3.84895522388
44	2.38614441147
45	2.77106893107
46	2.58307082153
47	3.49043756244
48	2.66250873786
49	3.36271683168
50	3.16481908549
51	2.814444666
52	2.79895445545
53	2.63615139442
54	2.4071102284
55	2.07630588235
56	2.81479245283
57	2.2475044955
58	1.88437227723
59	1.88722299306
60	1.81731212724
61	1.89756286267
62	2.06805090909
63	2.65716683317
64	1.9504222002
65	2.04545054945
66	2.1976119403
67	0.0816310293386
68	5.89060700389
69	2.50303366337
70	2.16712871287
71	2.27688739496
72	2.62656
73	2.24253346653
74	2.3536333003
75	1.77208391608
76	2.12361238761
77	2.33237671233
78	2.92191008991
79	2.8725074331
80	2.73326673327
81	1.87563492063
82	2.34460739261
83	2.34231037649
84	2.24339459459
85	2.0058446281
86	1.74929070929
87	1.70538751239
88	1.83572427572
89	2.29111688312
90	2.79524385633
91	3.34551848152
92	2.34564752475
93	2.3037042957
94	2.91181949458
95	3.31271928072
96	2.85595204795
97	2.66926984127
98	1.89602373887
99	2.92562376238
100	2.20036435644
101	2.24348067393
102	1.84968631369
103	2.8097982018
104	2.12718334985
105	2.41108118812
106	2.34490196078
107	2.93594405594
108	2.8742913776
109	2.42345346535
110	2.30560639361
111	2.12547869177
112	2.1887049505
113	1.90034059406
114	2.78476039604
115	2.30855544456
116	1.7902160555
117	2.5474045954
118	1.80976808722
119	1.88981818182
120	2.44885544554
121	2.02306349206
122	2.55833766234
123	1.88804795205
124	2.40811001965
125	2.67905649158
126	0.185456401531
127	4.91148518205
128	1.27028571429
129	1.88048751249
130	2.12101498501
131	1.91901684836
132	2.45994005994
133	1.73087809713
134	2.07520958084
135	1.46156349206
136	2.49273926074
137	1.87369672944
138	1.89727072927
139	1.88539735099
140	2.38340859141
141	1.90197002997
142	2.49466798811
143	1.82757227723
144	2.76606593407
145	2.04947747748
146	2.02788679245
147	2.22940518962
148	3.04
149	2.48382160555
150	0.459409462825
151	4.53918373729
152	1.82582217782
153	2.12101498501
154	1.84042429427
155	2.63486913087
156	2.87714285714
157	2.48533066933
158	3.35000399202
159	2.48998609732
160	1.37612673267
161	0.536273684211
162	0.389672727273
163	0.109330669331
164	1.56693609672
165	2.85788152078
166	3.13460455897
167	2.52632066116
168	3.36195804196
169	1.88348412698
170	1.72742457542
171	1.48706493506
172	2.27323564356
173	1.87706640238
174	1.85653333333
175	2.21047128713
176	1.20903762376
177	1.40169430569
178	1.98685714286
179	1.55149700599
180	1.64861843409
181	1.55988461538
182	1.99762904809
183	1.76379405941
184	1.84454653465
185	1.91509396637
186	1.61370069376
187	1.81344158416
188	1.88552871287
189	1.61627722772
190	1.67433366633
191	1.38701935484
192	2.35503797468
193	1.83657028913
194	1.91805940594
195	2.07344875622
196	2.05585614386
197	2.22250549451
198	2.12304495504
199	2.02224975025
200	1.99480995025
201	2.02554863078
202	2.95990419162
203	2.31669130869
204	2.50269676153
205	2.83166433566
206	2.33801387512
207	2.26563346614
208	2.47474925075
209	2.60631292517
210	2.89726273726
211	2.01446184341
212	2.04043650794
213	2.11345454545
214	2.27273049645
215	2.70046753247
216	1.91703496503
217	1.9326031746
218	2.19963564356
219	2.05102097902
220	2.2385173439
221	2.59582017982
222	2.48211020777
223	2.12751115422
224	2.197764804
225	2.83166433566
226	0.765687128713
227	2.31942493176
228	2.55833766234
229	2.3339960396
230	2.68990287413
231	1.66726873127
232	2.13869314796
233	1.80163960396
234	1.84548392702
235	2.24127872128
236	1.85985475957
237	1.88045042017
238	1.96479292035
239	2.55578443114
240	2.00257342657
241	1.85714399206
242	1.85128712871
243	1.85683960396
244	1.7701483871
245	0.12295684803
246	3.72655776892
247	1.7184975025
248	1.57690386521
249	1.62292107892
250	2.0627229115
251	2.24849527085
252	2.30957371525
253	2.5474045954
254	1.78938354807
255	1.71355514019
256	1.7896531219
257	1.3789254902
258	1.36263529412
259	1.21359207921
260	0.700987012987
261	1.06505660377
262	1.84584431138
263	1.49483433134
264	1.76971428571
265	1.61194005994
266	2.27407792208
267	1.67685232904
268	2.44885544554
269	1.48523564356
270	2.03911992071
271	1.2579020979
272	1.38711377246
273	1.12764137931
274	1.4212987013
275	1.42228571429
276	0.843226229508
277	0.760586510264
278	0.537940370669
279	0.888727272727
280	1.4314370664
281	1.26066306306
282	1.41071577262
283	1.09927413127
284	1.19683152709
285	0.623833498513
286	0.721582417582
287	0.63473152479
288	0.246534769833
289	0.134345609065
290	0.0655984015984
291	0.0132493946731
292	1.6016984127
293	1.3181254902
294	1.2801506442
295	1.09974956522
296	1.23456573705
297	1.05486282306
298	0.93702970297
299	0.91801980198
300	1.3164662096
301	1.22590287413
302	1.45488866995
303	1.24006299213
304	0.987428571429
305	0.997246153846
306	0.987020812686
307	0.390895575221
308	0.0079737704918
309	0.000536102674635
310	0.361258252427
311	0.54659862069
312	0.411754455446
313	0.293426865672
314	0.290180376611
315	0.392752667313
316	0.175655725748
317	0.363403887689
318	0.177188571429
