0	2.05673590504
1	2.11440792079
2	2.48540990099
3	2.15264735265
4	1.14783116206
5	2.6764039604
6	0.730029850746
7	1.21142510121
8	1.1912156078
9	1.23370287384
10	2.07577358491
11	1.62242376238
12	2.08044356436
13	2.23214257426
14	1.8686033966
15	2.44043607532
16	2.31340659341
17	2.6465173439
18	1.85451272016
19	2.1701129326
20	2.19963564356
21	2.12241358641
22	1.92830618253
23	0.853487769784
24	2.14288111888
25	1.09277304262
26	1.50468102564
27	1.52867939698
28	1.68264120603
29	1.65426534653
30	0.436378432209
31	0.396068571429
32	0.7296
33	0.889839252336
34	1.35837051406
35	2.65901298701
36	4.30991616766
37	4.8503777336
38	4.48411588412
39	2.42240959041
40	1.15118145845
41	1.66703587671
42	1.53072079208
43	2.9576
44	4.23852027695
45	1.81000412371
46	1.67457615007
47	1.911296
48	1.42049108911
49	1.28254545455
50	0.793518297872
51	0.368744787922
52	0.368411881188
53	0.667062857143
54	0.805495583906
55	1.27624375624
56	2.8281029703
57	2.7712950495
58	2.68723960396
59	1.70964752475
60	2.24079245283
61	3.13922848665
62	2.30052725471
63	2.6764039604
64	1.23755247525
65	1.89142057942
66	2.10419821606
67	1.39158441558
68	1.49680079286
69	1.52782574257
70	1.33889108911
71	0.862850299401
72	0.651428571429
73	0.488761165049
74	0.510011650485
75	0.00762411951389
76	0.0930084985836
77	0.0894604904632
78	0.147057425743
79	1.33278415842
80	1.30148910891
81	1.20577493138
82	1.7818442256
83	1.87807142857
84	1.96667169811
85	1.98477617675
86	1.8584420218
87	1.3167
88	1.45042444261
89	1.8932027972
90	1.96312698413
91	1.9713966034
92	1.98374425574
93	1.92573826174
94	1.76741211519
95	1.70068173913
96	2.60206993007
97	1.02245378151
98	1.33410505451
99	1.60186890756
100	1.99375841584
101	1.66544655345
102	1.75104095904
103	1.71702697303
104	1.99318253968
105	1.97428288823
106	2.11565234765
107	1.65613102119
108	0.914058690745
109	1.66703857567
110	1.16409910803
111	1.56961424332
112	1.69036039604
113	1.3022019802
114	1.90896333003
115	1.62392007992
116	1.68050980392
117	2.02159349593
118	2.12014131501
119	2.0974728972
120	2.11723887375
121	2.15670163934
122	1.24636963037
123	1.68115758176
124	1.95701898102
125	1.35092170466
126	2.14288111888
127	1.67056491576
128	1.72891764706
129	2.49273926074
130	1.69797813288
131	2.68723960396
132	1.73535049505
133	1.60057542458
134	2.03911992071
135	1.21250693069
136	2.20118575553
137	2.5802037962
138	1.28528316832
139	1.71649150849
140	2.01568285431
141	0.783277837838
142	2.78476039604
143	0.324302341137
144	2.55721188119
145	0.441130620985
146	2.16712871287
147	0.993110889111
148	1.7145540275
149	2.39195209581
150	2.0516984127
151	1.98292277228
152	2.04448351648
153	2.42168483647
154	2.63908891109
155	3.55666204163
156	1.01634318182
157	2.31882772277
158	1.70028235294
159	2.12378613861
160	1.47344273504
161	1.74281305638
162	1.76521878122
163	2.46348412698
164	1.37559240759
165	0.978468802698
166	1.1920120603
167	0.995234211835
168	0.85268165917
169	0.899391752577
170	1.2792852071
171	1.33072754947
172	3.13779020979
173	1.94229272899
174	2.44043607532
175	2.31781018981
176	2.0232967033
177	1.76887144259
178	1.38554186414
179	2.38340859141
180	0.612562376238
181	2.31781018981
182	1.36174257426
183	2.29594405594
184	0.390441627752
185	2.56927072927
186	1.42223984143
187	2.50367232767
188	0.854350842418
189	2.80643168317
190	1.30570858283
191	2.97485714286
192	0.503952047952
193	2.98275520317
194	2.51955643564
195	2.04092673267
196	0.873712328767
197	2.60055445545
198	0.173554445554
199	1.1345158371
200	0.933458823529
201	0.531262135922
202	0.42259009901
203	0.991176237624
204	1.79418981019
205	1.55729146222
206	0.314233663366
207	0.0776170212766
208	1.67157642358
209	2.51293650794
210	2.2689029703
211	2.06483168317
212	1.57475643564
213	1.0087135778
214	0.836058369099
215	1.69877014925
216	2.08623552894
217	2.25208391608
218	2.77132075472
219	1.72681841877
220	2.19661938062
221	0.48725169359
222	1.12690693069
223	1.33383416583
224	0.0818732673267
225	1.43172249752
226	0.898593464052
227	1.33383416583
228	1.70450436469
229	1.95955517536
230	2.72233366633
231	2.44976623377
232	2.45371428571
233	0.493344262295
234	1.2727959799
235	2.6868502994
236	0.07442043222
237	1.74929070929
238	1.73885314685
239	2.23657142857
240	2.43807392607
241	1.56482061447
242	2.42718415842
243	1.42867532468
244	1.18304219823
245	0.780939544103
246	0.974243323442
247	0.678605940594
248	1.14857821782
249	1.39478811881
250	1.2007042735
251	1.02361791045
252	0.0630518518519
253	0.0947076923077
254	0.573763106796
255	0.314748514851
256	0.292468965517
257	0.401898305085
258	0.164077961019
259	0.00502248737953
260	0.0081671641791
261	0.00711882046834
262	1.7103681592
263	1.90180079681
264	1.7169046729
265	0.705191489362
266	2.08155247525
267	1.80294905095
268	2.12103072349
269	1.58971320755
270	1.84353692615
271	2.25011111111
272	1.89508091908
273	2.41144455544
274	2.82285714286
275	2.08761454545
276	2.81414970563
277	2.31547523892
278	2.32732145886
279	2.82073126873
280	0.231966666667
281	1.43878994975
282	2.66556831683
283	0.18903264095
284	2.61797647059
285	2.23002576809
286	2.543000999
287	0.130972439605
288	3.72817582418
289	0.978575073602
290	3.23618781219
291	2.10640559441
292	2.07701587302
293	2.22438611346
294	1.74379441341
295	3.31131650485
296	2.81238761239
297	1.31444308943
298	2.79886513487
299	0.226621782178
300	1.39249069884
301	1.401068
302	1.41482
303	1.386056
304	1.297256
305	1.119692
306	2.72684470821
307	2.86344499504
308	2.82977022977
309	0.831466666667
310	2.73326673327
311	2.85353046953
312	2.25269513406
313	0.504389203599
314	0.422582205586
315	0.775642718447
316	1.01929411765
317	1.11253546454
318	1.49633532934
