0	2.09542857143
1	1.21357042957
2	0.803193495935
3	1.39943256743
4	2.29943310208
5	0.907567888999
6	1.28732
7	1.78788118812
8	1.96387612388
9	2.1554172448
10	2.18517023097
11	2.89797402597
12	3.20304495504
13	2.576
14	3.07238019802
15	3.4191555996
16	2.6962226087
17	3.24375624376
18	3.23020979021
19	2.76963838903
20	2.77406789525
21	2.91912887113
22	2.17127452924
23	2.40789692765
24	1.64835603996
25	1.55094610778
26	1.67091751622
27	0.998857142857
28	1.24636963037
29	1.66516551041
30	1.48148118812
31	1.90235364635
32	1.83775619425
33	2.12101498501
34	1.22154212091
35	1.32194851485
36	1.1748971029
37	1.5196963037
38	1.4388011988
39	2.11486792453
40	0.926415425066
41	5.77212313803
42	2.97379420579
43	2.42441745081
44	3.01796603397
45	3.46813186813
46	3.12301587302
47	3.07462937063
48	2.09134814815
49	2.83166433566
50	2.51824807528
51	3.39726147705
52	2.94707692308
53	2.33201998002
54	3.23497711443
55	3.22112287712
56	2.13772354623
57	4.04523476523
58	2.92862760675
59	3.80091017964
60	3.73910889111
61	2.3189270217
62	0.701601805869
63	6.95405940594
64	3.37831768232
65	3.03932690622
66	3.89385133796
67	3.0838041958
68	3.53138061938
69	3.06162462761
70	3.38784158416
71	4.08896703297
72	3.46633366633
73	0.94660447036
74	6.09347869177
75	1.94608591409
76	1.11607128713
77	0.391245869776
78	0.42875612145
79	0.618857142857
80	0.801837623762
81	0.899358415842
82	1.08356435644
83	1.0991968032
84	1.64321099117
85	1.77880673935
86	0.678274285714
87	0.910194059406
88	0.059416137806
89	1.79882071713
90	0.403759223301
91	0.368411881188
92	0.303398019802
93	0.336738461538
94	0.314233663366
95	0.314233663366
96	0.221709894332
97	0.0363789473684
98	0.0420599538816
99	0.0342267396403
100	0.0312685714286
101	0.0341733021077
102	0.0342267396403
103	0.0341733021077
104	0.0304
105	0.03648
106	0.0315692307692
107	0.0342
108	0.0301764705882
109	0.0521142857143
110	0.0490029850746
111	0.0256299765808
112	0.0231374207188
113	0.0488571428571
114	0.0538229508197
115	0.186696994314
116	0.193129411765
117	0.255253644315
118	0.268235294118
119	0.270994285714
120	0.324747774481
121	0.0103416017009
122	0.0072862849534
123	0.0409504209542
124	0.0592635379061
125	0.118724637681
126	0.0656263079223
127	0.116088717454
128	0.0657579399142
129	0.105637065637
130	0.0693755942948
131	0.105415061296
132	0.0739459459459
133	0.104928092042
134	0.0996721311475
135	0.0617308622079
136	0.0736615384615
137	0.0562054292003
138	0.105535197686
139	0.115984859955
140	0.141998146432
141	0.0910620272315
142	0.111389312977
143	0.115301141352
144	0.0436387377584
145	0.057650570676
146	0.0709990732159
147	0.0573484716157
148	0.0896232939035
149	0.107294117647
150	0.126155619597
151	0.0969448818898
152	0.0694857142857
153	0.0588387096774
154	0.0707776879547
155	0.0554594594595
156	0.0371297709924
157	0.0414545454545
158	0.00975401069519
159	0.00416874583373
160	0.00641500586166
161	0.139473237043
162	0.222266924565
163	0.182231267345
164	0.1824
165	0.160941176471
166	0.154721960415
167	0.158150289017
168	0.157392138063
169	0.155307473983
170	0.150211764706
171	0.154721960415
172	0.158150289017
173	0.154576271186
174	0.163996003996
175	0.0318832400876
176	0.657510009533
177	0.122860103627
178	0.151399209486
179	0.0987736389685
180	0.160783545544
181	0.115531669866
182	0.107774395703
183	0.00678820324076
184	0.715459265891
185	0.0565094664372
186	0.00972147093713
187	0.129257367387
188	0.101146025878
189	0.134854976303
190	0.109221556886
191	0.0821484570475
192	0.0670823117338
193	0.0507136237257
194	0.0585240641711
195	0.00800780487805
196	0.0502576687117
197	0.180096885813
198	0.147606936416
199	0.144543396226
200	0.150211764706
201	0.158150289017
202	0.144135465663
203	0.158150289017
204	0.150211764706
205	0.153062937063
206	0.120263736264
207	0.865916129032
208	0.0450729023384
209	2.33052295409
210	0.738285714286
211	0.510556862745
212	0.750955489614
213	0.728293359762
214	0.680039177277
215	0.815805229937
216	0.916707292707
217	1.09539009901
218	0.887674925669
219	0.843363006924
220	0.853201189296
221	1.13206660137
222	0.977670588235
223	0.945718811881
224	1.20275643564
225	0.842250740375
226	0.554264150943
227	0.841752229931
228	0.601718281718
229	0.722916363636
230	0.804282394996
231	0.850042857143
232	0.975207920792
233	0.699798058252
234	0.960837795276
235	1.09012142857
236	1.10467586207
237	1.09476406381
238	1.26902675917
239	1.05728671329
240	0.94257254902
241	1.2573026973
242	0.848848364718
243	0.809137254902
244	0.977142857143
245	0.643764705882
246	0.516615690169
247	0.699716283716
248	0.878001982161
249	0.912894995093
250	0.637638834951
251	0.787180819181
252	0.578830525273
253	1.26823576424
254	1.66322709163
255	1.32329970326
256	1.30717145689
257	1.53036563437
258	1.3103467189
259	1.3585
260	1.23350346192
261	1.65949653122
262	1.47766567755
263	1.36723137255
264	1.61099116781
265	1.26359643917
266	1.3327888999
267	1.43203960396
268	1.7011960396
269	0.833902874133
270	1.27023880597
271	1.40589096827
272	1.8655777998
273	1.56216583417
274	1.59554410307
275	1.54628011753
276	1.5308
277	1.50188305253
278	1.60986262266
279	1.64572797263
280	1.52536945071
281	2.15166467066
282	1.49170267592
283	1.64050196078
284	1.56698501499
285	1.52854761905
286	1.59991627022
287	1.557248
288	1.44224273504
289	1.74889411765
290	1.31113663366
291	1.57722352941
292	1.21668910891
293	1.24241000962
294	1.54796439169
295	1.15817254902
296	0.948675603217
297	1.2579960396
298	1.28233220339
299	1.64538872404
300	1.16131615461
301	1.49783016983
302	1.09212573674
303	1.4303049505
304	1.05246290801
305	1.60526461843
306	1.08897425743
307	1.18911683168
308	1.35445544554
309	0.810421364985
310	0.986043564356
311	1.15991364082
312	0.550566336634
313	1.10261333333
314	1.63456379822
315	1.27202376238
316	1.90896333003
317	1.19684786325
318	1.37067457962
