0	2.33435364635
1	0.751527305282
2	2.15381418581
3	2.13227353816
4	2.29490509491
5	2.10372249752
6	1.63523355577
7	1.54796439169
8	0.967980148883
9	1.56342857143
10	1.6630048216
11	2.09705389222
12	1.72000799201
13	2.14545742574
14	1.37884705882
15	1.12802378593
16	0.525482726424
17	0.888522772277
18	1.49444598612
19	1.89142057942
20	1.58638415842
21	1.41958841159
22	1.73381532417
23	2.13462178218
24	1.12167920792
25	0.681002629273
26	1.00255867769
27	0.988074582924
28	1.16839160839
29	1.61994896958
30	1.84314885115
31	2.53718273646
32	2.33035014837
33	2.4188638413
34	2.50706893107
35	2.52606238532
36	2.08768732126
37	2.13194805195
38	1.88346221786
39	1.54105894106
40	1.89811694747
41	1.23297308076
42	0.807984111221
43	1.36663336663
44	1.62916947473
45	1.98981818182
46	1.75537425743
47	1.34361264822
48	1.1403082637
49	1.32194851485
50	0.631384615385
51	0.422237037037
52	1.05001780415
53	2.21963387511
54	2.44885544554
55	2.15573226773
56	2.45944651619
57	2.30779571664
58	1.865187251
59	2.73003796204
60	1.61341526264
61	1.26502279485
62	1.58888311688
63	1.45263366337
64	1.06256143856
65	1.65561149653
66	1.80893090909
67	2.12233366633
68	2.33204360753
69	2.79843356643
70	2.36541428571
71	2.44257425743
72	1.76471351351
73	2.91427772228
74	2.48986213786
75	2.11643650794
76	1.81634365634
77	1.84434489594
78	1.70555844156
79	1.68714485514
80	1.82956590684
81	1.53968849558
82	1.22442772277
83	0.933914018692
84	1.17024950495
85	0.865890909091
86	1.2901018981
87	0.999762376238
88	1.63618217822
89	1.52426930693
90	1.21649108911
91	1.5524955045
92	1.85424175824
93	1.89238453915
94	1.90675724276
95	2.02909018831
96	1.48531092437
97	2.19963564356
98	2.00408391608
99	1.50615445545
100	1.03976842105
101	1.57272547076
102	1.19022577423
103	1.15877647059
104	0.714987610619
105	1.30103496503
106	1.60399603568
107	1.66080316518
108	1.86243168317
109	1.34495143707
110	1.49258951533
111	2.02739009901
112	2.01488666667
113	2.76606593407
114	2.6302017982
115	3.34596603397
116	2.61242063492
117	2.5536950495
118	2.53994856578
119	1.94091089109
120	2.40527472527
121	1.1878015873
122	1.65089310689
123	1.54793273986
124	1.804996633
125	2.8097982018
126	1.70801198801
127	1.55801798202
128	2.65736372646
129	1.9027960396
130	1.86244155844
131	2.09127920792
132	2.12408391608
133	2.10628571429
134	1.93891708292
135	1.75223762376
136	1.85680071492
137	2.45969108911
138	1.73457742258
139	2.02261738262
140	1.61190882061
141	2.39434165834
142	2.4500998004
143	2.26941858142
144	2.27417892644
145	2.61867457962
146	2.63924528302
147	2.07520958084
148	1.60088888889
149	1.84118281718
150	2.41874331021
151	1.82323514212
152	2.03530566038
153	2.14123447637
154	2.12101498501
155	2.32954245754
156	2.14188211788
157	2.33508730159
158	2.21091485149
159	2.0686993007
160	2.96286113886
161	2.38934390486
162	2.41137262737
163	2.26212091179
164	2.4177009009
165	2.6083036963
166	2.14288111888
167	1.79131268731
168	2.46457142857
169	1.89038961039
170	1.95234886026
171	1.53745454545
172	1.99573439049
173	1.24210841121
174	1.59622777223
175	1.8772990099
176	2.19952941176
177	2.0509010989
178	1.79337958375
179	2.30799207921
180	1.8219079334
181	2.51386930693
182	1.95857566766
183	1.46426164519
184	1.34377254902
185	1.37336470588
186	1.17024950495
187	0.766785214785
188	1.09330669331
189	1.20394846383
190	0.863207065751
191	1.27734124629
192	0.941544554455
193	1.0944
194	1.05714851485
195	1.30027722772
196	0.934732673267
197	0.890113207547
198	0.863712287712
199	0.728683760684
200	1.19192079208
201	0.911145098039
202	1.47364752475
203	1.72572673267
204	2.05416513761
205	2.24127872128
206	1.79197623762
207	2.60206993007
208	1.85571456888
209	2.9745980198
210	2.66906693307
211	2.89902574257
212	1.98275520317
213	2.33779009901
214	2.35060939061
215	1.67146878097
216	1.65053346653
217	2.1692765114
218	1.8995952381
219	2.29297360704
220	2.30799207921
221	1.68247920792
222	2.32839160839
223	2.20181565907
224	1.54091881188
225	1.5196963037
226	1.30245730028
227	1.41036563437
228	1.27987314172
229	0.886538001708
230	0.783247058824
231	1.00771485149
232	0.704316831683
233	0.411754455446
234	0.308132038835
235	0.343341176471
236	0.332798486282
237	0.305211155378
238	0.284123076923
239	0.220984615385
240	0.216712871287
241	0.130027722772
242	0.10853553719
243	0.180629126214
244	0.0445481682497
245	0.00994909090909
246	0.00066796875
247	0.337262599469
248	1.02026773227
249	1.01898901099
250	1.10499108028
251	1.2507988107
252	1.29367432567
253	1.35637162837
254	1.45422222222
255	1.84124927255
256	1.6988999159
257	1.95340059347
258	2.07533913043
259	1.80529230769
260	1.58926091174
261	2.25221178821
262	1.58479365079
263	1.70617382617
264	1.77825742574
265	1.85748118812
266	1.9508741328
267	2.02642927794
268	2.65673526474
269	1.69472927073
270	1.94837301587
271	1.98788630491
272	2.11738803419
273	2.15958644068
274	2.15055862069
275	2.04134615385
276	2.08607017544
277	2.13974368932
278	2.60206993007
279	2.11582817183
280	2.15434965035
281	2.06708730159
282	2.05024575425
283	2.57888316832
284	2.06171428571
285	2.63128557409
286	2.6458021978
287	2.21522299306
288	1.98115484515
289	2.57010202117
290	2.04203796204
291	1.89928834356
292	2.36726263627
293	2.12295445545
294	2.28645730028
295	2.62222574257
296	2.13446184341
297	2.65673526474
298	2.08604162537
299	2.6458021978
300	2.0085074331
301	2.03937662338
302	2.17391683168
303	2.16367050487
304	2.04846037736
305	2.08724485981
306	2.02702608696
307	2.25221178821
308	1.47968285431
309	1.67952475248
310	0.5374
311	0.106891059354
312	2.97464444444
313	2.5366953047
314	2.58171428571
315	2.80893650794
316	2.82901098901
317	2.69155203171
318	2.01603196803
