0	0.130156590684
1	0.227139622642
2	0.217209160305
3	0.214588235294
4	0.1064
5	0.850410958904
6	1.04177428852
7	1.14971655104
8	0.939433009709
9	1.02938613861
10	0.84434421365
11	0.921942517344
12	1.07598001998
13	1.35579781962
14	0.877687128713
15	0.461297087379
16	0.386258823529
17	0.693481188119
18	1.23404154303
19	0.787180819181
20	0.351936507937
21	0.1824
22	0.0962012578616
23	0.0768750733138
24	0.726540487805
25	0.252553846154
26	0.163505976096
27	0.641844930417
28	0.79172027972
29	1.34495143707
30	1.13703896104
31	1.05660257681
32	1.43971513353
33	1.28526184093
34	1.4540979021
35	1.40475223881
36	0.941022885572
37	1.06294549058
38	1.06084272997
39	0.730487128713
40	0.888522772277
41	0.954481665015
42	0.876818991098
43	0.49849656526
44	0.263076923077
45	0.195041584158
46	0.171670588235
47	0.0935384615385
48	0.000291723310676
49	0.633656526006
50	0.546693802035
51	0.244380582524
52	0.257505882353
53	0.190766972477
54	0.0118313513514
55	0.087552
56	0.138262390671
57	0.14199819982
58	0.214588235294
59	0.205877227723
60	0.1718390579
61	0.116877669903
62	0.00104837628125
63	0.0808006562756
64	0.0625371428571
65	0.73609495549
66	0.869082352941
67	0.636027586207
68	0.113944794189
69	0.474887573964
70	0.365788617886
71	0.743448551449
72	0.066273236441
73	0.493552941176
74	0.666917082917
75	0.847623529412
76	1.23976237624
77	1.06371588785
78	0.780166336634
79	0.904966897614
80	1.38696237624
81	1.4540979021
82	1.33860852329
83	1.61611100099
84	1.50236963037
85	1.89623762376
86	1.7756963037
87	1.83833398821
88	1.38210589411
89	1.70555844156
90	1.44021768707
91	1.80395604396
92	1.56638255699
93	1.69036039604
94	1.09885490196
95	0.536997055937
96	0.357576237624
97	0.666251497006
98	0.622916584887
99	1.01631267874
100	0.874645354645
101	1.63146085233
102	1.89142057942
103	1.6772987013
104	1.48595441031
105	1.5539960396
106	2.02785882353
107	1.73196403596
108	2.06081268583
109	1.51065346535
110	1.4012411215
111	1.41313267327
112	1.47510802775
113	1.27277522478
114	1.60367524752
115	1.41240393208
116	1.60025122669
117	1.5896916996
118	0.927184313725
119	1.25818037661
120	0.981207142857
121	0.812673267327
122	0.671145400593
123	1.04075294118
124	1.36979009901
125	1.38696237624
126	1.07891428571
127	1.36529108911
128	0.997867195243
129	0.350633009709
130	0.460344048653
131	0.634576271186
132	0.42259009901
133	0.921942517344
134	0.705014866204
135	0.324428198433
136	0.217142857143
137	0.198034285714
138	0.205877227723
139	0.270891089109
140	0.195041584158
141	0.309835294118
142	0.239714851485
143	0.297506796117
144	0.162133333333
145	0.0655984015984
146	0.488087215064
147	0.227548514851
148	0.383366963403
149	0.791001980198
150	0.622916584887
151	0.2736
152	0.399876923077
153	0.115753846154
154	0.415456543457
155	0.193944303797
156	0.0147096774194
157	0.250985308521
158	0.0301487603306
159	0.1368
160	0.1824
161	0.0850019417476
162	0.212504854369
163	0.184205940594
164	0.175516981132
165	0.0207403663929
166	0.361699716714
167	0.0464220572641
168	0.578769230769
169	0.32539147671
170	0.180629126214
171	0.19433271028
172	0.108954280964
173	0.276739562624
174	0.24921980198
175	0.157846153846
176	0.00303682042306
177	0.929310689311
178	1.36529108911
179	0.914693069307
180	0.748400396432
181	0.268235294118
182	0.846017839445
183	0.61662704565
184	0.973042957043
185	1.48742857143
186	1.23997602398
187	1.17024950495
188	0.146388443018
189	0.00552820340125
190	0.346740594059
191	0.982392079208
192	0.393943192948
193	0.572096805421
194	0.734974045802
195	0.993272365805
196	0.723052947053
197	2.38340859141
198	1.65315361744
199	2.01593904762
200	1.97888511489
201	1.21454820416
202	0.408920353982
203	0.0450884072927
204	2.96876190476
205	2.20181565907
206	1.28437661051
207	1.27916883117
208	1.64500197239
209	2.59171343284
210	2.33328271728
211	2.15828171828
212	2.39705054509
213	2.05797205589
214	2.17606286837
215	2.37247552448
216	2.05446977205
217	1.82488712871
218	2.6458021978
219	2.27365079365
220	2.21301898102
221	1.87456633663
222	1.57418326693
223	1.76235387674
224	1.33860852329
225	1.94848664688
226	2.08182217782
227	2.03430814524
228	2.23272727273
229	2.27407792208
230	1.74165079365
231	1.10512941176
232	0.747659405941
233	0.849679207921
234	0.740329411765
235	0.798113886114
236	1.52423576424
237	1.45485714286
238	0.392782547502
239	0.357930624381
240	0.628467326733
241	0.676308910891
242	1.06050749251
243	1.00856470588
244	1.10973465347
245	1.76796035679
246	1.41173491592
247	0.79178592666
248	0.866851485149
249	0.441969230769
250	0.407717647059
251	0.583992007992
252	0.644396467125
253	0.611640718563
254	0.574879377432
255	0.681970326409
256	1.21929831516
257	1.89142057942
258	1.62619038273
259	1.89142057942
260	1.45791873142
261	1.85676646707
262	1.20964285714
263	1.68956175299
264	1.32084294235
265	1.31196803197
266	1.30843088656
267	1.47364752475
268	0.67785014985
269	0.957625539258
270	0.31299408284
271	0.778666666667
272	0.0871489361702
273	3.85201191658
274	1.57566732673
275	1.26902675917
276	1.40724035608
277	1.23997602398
278	0.977334641806
279	1.13887016848
280	0.925528712871
281	0.901270588235
282	0.823508910891
283	0.884266666667
284	1.16983816184
285	1.53152186589
286	1.21810989011
287	1.14971655104
288	1.05666206897
289	0.875685572139
290	1.18077122877
291	1.42087611497
292	1.17474851485
293	1.45218461538
294	0.684427184466
295	1.3557002997
296	1.7896531219
297	1.07598001998
298	1.713728444
299	1.21810989011
300	0.423705382436
301	1.0944
302	1.06590106693
303	1.56494941634
304	0.715152475248
305	0.821657688966
306	0.85084548105
307	0.0963622641509
308	1.79302297702
309	1.30477623762
310	1.93065609514
311	1.60817425743
312	1.19096470588
313	1.07722772277
314	1.91601186944
315	1.50130426165
316	0.804705882353
317	0.942700990099
318	1.04794074074
