0	1.73715884116
1	1.83496531219
2	2.47087312687
3	1.56505094905
4	1.5633968254
5	1.28751683168
6	1.45072941176
7	1.76796035679
8	1.24064735265
9	1.95041584158
10	2.03052673267
11	1.76788910891
12	1.8801752381
13	2.27210967742
14	3.03232767233
15	2.67905649158
16	1.83272727273
17	1.5421574344
18	0.349682242991
19	1.83122376238
20	1.04022178218
21	0.622431372549
22	1.93002561576
23	2.26931468531
24	2.1041447619
25	2.32874325674
26	1.22871428571
27	1.61809390609
28	1.40369474727
29	1.21359207921
30	1.15826706231
31	1.15693465347
32	1.5820039604
33	0.84
34	1.58529470529
35	1.08219623389
36	1.41002973241
37	0.537487636004
38	1.3762111437
39	1.27606433302
40	1.39457943925
41	1.45499159664
42	1.71203168317
43	1.46816470588
44	1.61103366337
45	1.60958461538
46	1.3977980198
47	1.05283168317
48	1.43063336663
49	1.46269803922
50	1.85887016848
51	1.4022055336
52	1.5161984127
53	1.64581018981
54	1.50425907753
55	1.57116831683
56	1.30582178218
57	1.83595384615
58	1.99966433566
59	1.6956987116
60	2.12027972028
61	2.07766005177
62	2.75513286713
63	2.51008919722
64	2.43564071856
65	1.93590262172
66	2.45725816024
67	1.72062574257
68	2.56927072927
69	2.16923876124
70	2.17035948361
71	2.24365128205
72	2.01542970297
73	1.64887128713
74	2.00075124875
75	1.53133795837
76	2.27548514851
77	1.78228672566
78	2.10419821606
79	1.81488911089
80	1.36883960396
81	1.84205940594
82	1.40265882353
83	1.89724583741
84	1.90283693517
85	1.47468235294
86	2.13194805195
87	1.80566336634
88	2.08509090909
89	2.5802037962
90	2.13453974485
91	1.97150727449
92	2.29943310208
93	1.88551448551
94	2.15495531281
95	2.05965714286
96	2.48180619381
97	2.01892507493
98	1.77608635918
99	2.17568031968
100	1.55466138614
101	1.78208991009
102	2.23435480674
103	2.03466133866
104	1.95535329341
105	2.70046753247
106	1.74854761905
107	1.77480919081
108	2.24935968379
109	1.92516385303
110	1.75989734189
111	2.08044356436
112	0.374720647773
113	5.36484496124
114	1.57877134446
115	1.7896531219
116	2.09127920792
117	1.22442772277
118	1.12329365079
119	1.58529470529
120	2.23034565435
121	1.52974459725
122	1.79871683168
123	1.17205153617
124	1.50615445545
125	1.44148910891
126	1.84768831169
127	1.39888206145
128	1.69036039604
129	1.25960714286
130	1.7337029703
131	1.51076123876
132	1.97812804328
133	2.39434165834
134	1.78260392157
135	1.96454311199
136	1.67156043956
137	1.65488
138	1.76971428571
139	1.30306493506
140	1.81303394256
141	2.32735905045
142	2.02500584795
143	2.41744655345
144	2.24926273726
145	2.5885508982
146	2.02965815324
147	1.84118281718
148	1.76218490246
149	1.96125148515
150	1.36270769231
151	1.60367524752
152	1.89142057942
153	1.16283564356
154	1.3124122894
155	1.14857821782
156	1.55093706294
157	1.48888306829
158	1.19074183976
159	0.284382849718
160	2.13648316832
161	1.2791048951
162	1.55103270565
163	1.34634223541
164	1.24066600595
165	0.89222970297
166	0.834344554455
167	0.982330769231
168	1.16983816184
169	0.724564585115
170	1.08129341317
171	0.447626043406
172	0.227548514851
173	0.206501607717
174	0.253610894942
175	0.0198500604595
176	0.0607493755204
177	0.415466666667
178	0.399876923077
179	0.439905882353
180	0.29299009901
181	0.295310632384
182	0.536411473788
183	0.347823702253
184	0.133192697769
185	0.0485201137749
186	0.601189504373
187	1.03801798202
188	0.870866204163
189	0.971881188119
190	0.808564705882
191	0.846318644068
192	0.908705882353
193	0.650138613861
194	0.758146534653
195	1.15316666667
196	0.5686
197	1.10650545094
198	1.0934025974
199	0.962579310345
200	1.08002376238
201	1.09789221557
202	0.988981132075
203	0.360915254237
204	0.00841199077633
205	0.00321977052074
206	0.00403703567081
207	0.000197342084859
208	0.00193562079943
209	0.00251933701657
210	0.000436581230677
211	0.375529411765
212	0.919144554455
213	0.395090196078
214	0.55254017094
215	0.924539460539
216	1.0221475827
217	1.52863136863
218	1.61805351833
219	1.78405594406
220	2.25450549451
221	2.15214299901
222	2.18301879327
223	2.21072527473
224	3.0637265625
225	2.82796410768
226	3.00418285714
227	2.87986427146
228	3.06752447552
229	3.23404595405
230	2.92742743539
231	2.74317009346
232	3.49957242757
233	4.14277722278
234	3.75550519358
235	4.36192607393
236	3.99048478901
237	3.99286313686
238	3.40100699301
239	3.47395238095
240	4.05499332698
241	4.87121661721
242	1.2369047014
243	7.23026467662
244	4.59188811189
245	3.84219560878
246	4.28900598802
247	3.16918685446
248	3.18152247752
249	2.61346653347
250	4.16501090188
251	3.62375224775
252	3.34761904762
253	4.20427586207
254	5.19320679321
255	3.99697902098
256	3.67685402185
257	0.373090909091
258	6.4191142006
259	4.08085459941
260	3.98061176471
261	3.35280719281
262	3.63650933786
263	4.76681718282
264	2.86925668979
265	3.29133445378
266	4.60282117882
267	3.83366501487
268	3.6737245509
269	3.94851948052
270	3.91166732673
271	1.70640559441
272	2.80893903549
273	3.20517431193
274	3.27336380952
275	2.37065875371
276	2.17516039604
277	3.59015262636
278	1.9404995005
279	0.376953133823
280	6.25493123772
281	2.7114005994
282	3.06615445545
283	3.44533866134
284	3.03774603175
285	2.25520683761
286	3.51445354645
287	3.51923960396
288	3.60045508982
289	3.18033463035
290	3.26299300699
291	4.59188811189
292	2.9688182721
293	2.940995005
294	2.8782017982
295	4.65309811695
296	3.96032767233
297	1.30842718447
298	6.40053546454
299	2.41077259186
300	2.54382417582
301	2.58957057314
302	3.48764835165
303	1.95223448276
304	3.42711287129
305	2.82319304348
306	2.9081958042
307	1.95929435084
308	1.72851485149
309	1.27987314172
310	1.11408110781
311	1.25105367793
312	1.06990891089
313	0.899358415842
314	0.545278721279
315	0.871269902913
316	1.03407874016
317	0.571945098039
318	0.617631683168
