0	2.49273926074
1	2.12165079365
2	2.01622377622
3	2.61426496565
4	2.7441998002
5	2.520864222
6	2.23488511489
7	2.70500699301
8	2.41028571429
9	2.08494257426
10	2.71594005994
11	3.22268514851
12	2.93012277228
13	2.53007792208
14	2.47788679245
15	2.26768431568
16	2.59567632368
17	2.68355996036
18	2.07728271728
19	1.88092765114
20	2.74873926074
21	2.66602806361
22	2.29943310208
23	2.0416
24	2.67006732673
25	2.75675247525
26	3.12685714286
27	3.30632567433
28	3.16651655629
29	2.49273926074
30	2.27365079365
31	3.36022156281
32	4.24656943057
33	2.81433766234
34	3.68507936508
35	3.86579417476
36	3.91857742258
37	3.12826164519
38	2.6975372549
39	2.75771428571
40	1.76895746785
41	1.94647843137
42	3.28445954046
43	3.14326852743
44	2.76582755203
45	2.05377254902
46	1.90689310689
47	2.83247940075
48	3.04139130435
49	3.24388023952
50	2.34576643768
51	2.82527072927
52	3.19648412698
53	2.74594059406
54	2.9674005994
55	2.76758811881
56	2.95765079365
57	2.48136237624
58	2.30910978044
59	2.53846706587
60	2.08642447419
61	2.59113686314
62	1.95685232904
63	1.49531881188
64	1.49981782178
65	1.58371257485
66	2.16507936508
67	2.60400798403
68	2.78884086444
69	1.82038811881
70	1.13064535465
71	1.86955444555
72	1.86107936508
73	1.89249011858
74	2.05650793651
75	1.83834074074
76	1.74453861386
77	1.41874716981
78	2.44656287425
79	2.27861738262
80	2.8097982018
81	2.54255698712
82	2.41001188119
83	2.54101098901
84	2.56017794254
85	2.83166433566
86	2.45578592666
87	2.56287712288
88	2.54101098901
89	2.45852941176
90	2.73326673327
91	2.28955044955
92	2.35816848365
93	2.33445857418
94	2.62393606394
95	2.58474325674
96	2.62932804757
97	2.8222994012
98	2.23990343547
99	2.65673526474
100	2.9674005994
101	2.87079365079
102	2.39648702595
103	2.81371655104
104	2.89086913087
105	2.84621718602
106	3.24712087912
107	2.87993606394
108	2.87079365079
109	2.92366833167
110	2.89250793651
111	2.78153846154
112	2.869002997
113	2.55593650794
114	2.84559266055
115	3.21432167832
116	2.87993606394
117	2.85993650794
118	2.66127472527
119	2.61493013972
120	2.67802184707
121	2.49700740741
122	2.91912887113
123	2.11462137862
124	2.25675124875
125	2.7649652433
126	3.01384215784
127	2.65402597403
128	2.58594251734
129	2.55194405594
130	2.39307936508
131	2.6438970297
132	2.30165544554
133	2.33328271728
134	2.28224380575
135	1.78498395722
136	1.71077656405
137	2.58971881188
138	2.33328271728
139	2.28132679097
140	2.24581818182
141	2.26689395441
142	2.14527744511
143	2.29536507937
144	2.33967632368
145	1.44707234886
146	1.48448316832
147	1.29266073195
148	1.11133462282
149	1.1216238806
150	1.38072654691
151	1.72628571429
152	1.68823176823
153	1.9415024777
154	1.84655841584
155	1.91782617383
156	2.02827353816
157	1.4477042957
158	1.77209028459
159	1.41313267327
160	1.78788118812
161	1.13252725471
162	1.7150244858
163	1.65543256743
164	1.67034291378
165	1.71822398414
166	2.16474725275
167	1.55703496503
168	2.08250545094
169	1.81942857143
170	1.99435764236
171	2.13885714286
172	1.65151683168
173	1.64865014866
174	1.35895445545
175	0.31625
176	1.56351842752
177	1.26902675917
178	1.68369230769
179	1.6772987013
180	1.81134588702
181	1.34811881188
182	1.50876323676
183	1.63470109235
184	1.90045508982
185	1.77422222222
186	1.7056950495
187	2.05802938296
188	1.86316083916
189	2.10709626719
190	2.03076435644
191	1.71653069307
192	1.80955247525
193	1.56796803197
194	1.80431010795
195	1.75383016983
196	1.77880673935
197	1.22892673267
198	1.37336470588
199	0.0179109046187
200	0.0440488643562
201	0.287160349854
202	0.262824207493
203	0.173876635514
204	0.104327931363
205	0.0608
206	0.0022893002824
207	0.520110891089
208	0.654594392523
209	0.793976470588
210	0.611295049505
211	0.552071216617
212	0.737554013875
213	0.901270588235
214	0.692236190476
215	0.715152475248
216	0.92102970297
217	0.964372277228
218	0.862222222222
219	1.15774850299
220	0.996879207921
221	0.990542574257
222	0.786267961165
223	0.877687128713
224	0.964372277228
225	0.854431067961
226	0.933458823529
227	0.888522772277
228	0.834344554455
229	0.69798019802
230	0.866851485149
231	0.805495583906
232	0.0817157107232
233	1.64582323734
234	0.867710604559
235	0.586809651475
236	0.688783216783
237	1.00137821782
238	1.15941386139
239	1.26823576424
240	0.934513833992
241	0.982994011976
242	1.18696119403
243	0.784665346535
244	0.780166336634
245	0.763284872299
246	0.895616766467
247	0.671456543457
248	0.963418397626
249	0.924542239686
250	0.888522772277
251	0.795500990099
252	1.02938613861
253	0.552071216617
254	0.848455348381
255	0.709518334985
256	0.682645544554
257	0.471631733595
258	0.455548067393
259	0.454646884273
260	0.504777232581
261	0.102937062937
262	0.192711770158
263	1.15890509491
264	1.18077122877
265	0.731936507937
266	1.02901469148
267	0.866851485149
268	0.965328047572
269	0.624604373757
270	1.18721893491
271	1.11607128713
272	0.857318681319
273	1.22442772277
274	1.33410505451
275	0.857318681319
276	0.946565597668
277	0.869082352941
278	0.944785964912
279	1.2901018981
280	1.34361980198
281	0.841349019608
282	1.38696237624
283	1.51699009901
284	1.15422001982
285	1.31111287129
286	1.0988990099
287	1.0824925816
288	1.03864135864
289	0.662285714286
290	0.528798403194
291	0.705714285714
292	0.877687128713
293	0.0872069194943
294	2.00447269116
295	0.877687128713
296	1.00771485149
297	0.766243137255
298	1.08154990215
299	1.09657142857
300	0.769866666667
301	1.00771485149
302	1.12548481881
303	0.954481665015
304	0.0496534412955
305	0.0206490566038
306	0.541887378641
307	0.986043564356
308	0.931865346535
309	0.63751372549
310	0.986043564356
311	1.06050749251
312	1.09548463826
313	0.970101960784
314	1.31196803197
315	1.25090909091
316	1.292
317	1.23267384917
318	1.05697350343
