0	0.151699009901
1	0.159378640777
2	0.19340990099
3	0.556561264822
4	0.50934082397
5	0.257505882353
6	0.131733333333
7	0.0951652173913
8	0.03408
9	0.0743766990291
10	0.157846153846
11	0.11324929445
12	0.281334582943
13	0.131733333333
14	0.0087552
15	0.925962037962
16	0.542412318221
17	0.223130097087
18	0.100943889316
19	0.067597282273
20	0.1054
21	0.0722035815269
22	0.1368
23	0.122966292135
24	0.0383663453111
25	0.0411119459053
26	0.0196716596765
27	0.0318448108632
28	0.0158723712835
29	0.242724752475
30	0.212504854369
31	0.235815866797
32	0.221197305101
33	0.0211643373494
34	0.386258823529
35	0.103095652174
36	0.116127433628
37	0.0637514563107
38	0.122736448598
39	0.109531276063
40	0.350337330136
41	0.289694117647
42	0.246294602013
43	0.271698113208
44	0.296336134454
45	0.273169774289
46	0.178548944338
47	0.135626310772
48	0.236499009901
49	0.0762268656716
50	0.294310756972
51	0.154397877984
52	0.542319127849
53	0.277111770524
54	0.472557409225
55	0.410344554455
56	0.378449122807
57	0.382031452359
58	0.404611320755
59	0.437481188119
60	0.764784158416
61	0.735874509804
62	1.16937958375
63	0.985394285714
64	0.638273267327
65	0.72060990099
66	0.866851485149
67	1.08471287129
68	1.43087524752
69	0.666093161546
70	0.672305882353
71	0.325069306931
72	0.252553846154
73	0.180453928225
74	0.113840972872
75	0.151699009901
76	0.220984615385
77	0.00762382445141
78	0.0631992300289
79	0.0671411042945
80	0.0637514563107
81	0.0620056657224
82	0.0677946902655
83	0.0708677150786
84	0.186542574257
85	0.340315646259
86	0.511419354839
87	1.07857645968
88	1.05451111111
89	1.21581800198
90	1.06366699703
91	1.55263936064
92	0.850782953419
93	0.23827027027
94	1.18442070117
95	0.917461077844
96	0.751832061069
97	0.622746153846
98	1.00698613861
99	0.990638971316
100	0.589150147203
101	0.605638834951
102	0.223021359223
103	0.0970838709677
104	1.50513486513
105	2.26801998002
106	1.25916352825
107	1.79892277228
108	1.19192079208
109	0.904047524752
110	1.11746542056
111	1.60316294458
112	1.54796439169
113	0.780680991736
114	1.05105742574
115	1.12690693069
116	1.15483052527
117	1.29832523364
118	1.84282352941
119	1.90707326733
120	2.0514045954
121	2.50858741259
122	2.22357936508
123	1.57694257426
124	1.82796923077
125	2.22298113208
126	2.50026508408
127	2.07245193261
128	1.7468635514
129	2.48166233766
130	2.37783151635
131	2.42714085914
132	1.5585952381
133	1.48921980198
134	1.78788118812
135	1.51780392157
136	1.74929070929
137	1.37422396857
138	1.56187908821
139	1.23236763237
140	1.84205940594
141	1.3743670265
142	1.77300332226
143	1.86373069307
144	1.48716749257
145	1.30171718882
146	1.19192079208
147	1.12769381747
148	0.58518694362
149	0.629090188305
150	0.562896142433
151	0.869021782178
152	0.921942517344
153	0.482350636631
154	0.403759223301
155	0.406178217822
156	0.222913676043
157	0.530946534653
158	0.911617391304
159	0.852369230769
160	0.287160349854
161	0.0683389830508
162	0.128704225352
163	0.472094117647
164	0.495819607843
165	0.764741463415
166	0.994628571429
167	0.725988118812
168	0.701536633663
169	0.761654700855
170	0.997835294118
171	1.06913846154
172	1.69814985015
173	1.51245554446
174	1.62614901961
175	2.47613986014
176	2.54496729435
177	2.1664975025
178	2.24181418581
179	1.2548968254
180	0.791368631369
181	1.47498507463
182	2.17796435644
183	1.82667732268
184	1.11052812202
185	1.03919287834
186	1.13703896104
187	0.969978723404
188	0.612251748252
189	0.791001980198
190	0.907012884044
191	1.16909198813
192	1.77856633663
193	1.29925544554
194	1.47684752475
195	1.13238019802
196	1.29367920792
197	1.15783529412
198	1.38409411765
199	1.14281980198
200	1.04257777778
201	1.00771485149
202	0.980819180819
203	1.41002973241
204	0.523099099099
205	1.57576331361
206	1.19176936937
207	1.51699009901
208	1.13201186944
209	0.990569484937
210	1.22442772277
211	0.922141176471
212	1.2901018981
213	1.03146878097
214	1.67275924076
215	1.38724281467
216	1.0543223301
217	1.30027722772
218	0.964372277228
219	0.515105882353
220	0.0788851513695
221	0.00756921252841
222	0.356394103957
223	1.37092759295
224	0.516325396825
225	0.311040634291
226	1.10483168317
227	1.50165034965
228	1.69130624381
229	1.77353846154
230	1.67061946903
231	2.11027372627
232	2.04202180377
233	1.57503270565
234	2.04598612488
235	1.98791287129
236	2.10049150849
237	1.73619065777
238	1.46426164519
239	0.761042115573
240	0.553049562682
241	0.488761165049
242	0.153504950495
243	0.0795204359673
244	0.0895418181818
245	0.172266666667
246	0.214588235294
247	0.122736448598
248	0.159378640777
249	0.150211764706
250	0.218661338661
251	0.206081268583
252	0.177188571429
253	0.179756521739
254	0.155105882353
255	0.199938461538
256	0.160941176471
257	0.126276923077
258	0.0642716981132
259	0.14592
260	0.223130097087
261	0.152723076923
262	0.171670588235
263	0.184104672897
264	0.159224054316
265	0.143627353816
266	0.220984615385
267	0.245419607843
268	0.216712871287
269	0.295192807193
270	0.562743310208
271	0.182437383178
272	0.444261386139
273	0.184451248993
274	0.170003883495
275	0.092920754717
276	0.0252553846154
277	0.0339612102405
278	0.0336082051282
279	0.14288
280	0.0975207920792
281	0.00170520411343
282	0.390083168317
283	0.626603921569
284	1.37360217984
285	1.34159783589
286	1.42278521479
287	1.76234165834
288	1.82060958904
289	2.86755644356
290	2.30611485149
291	2.78536663337
292	4.31480673935
293	3.59332667333
294	2.75135777998
295	3.22715369261
296	2.78348851149
297	3.66930685204
298	2.40622577423
299	2.92903865213
300	2.41187964602
301	3.13876523477
302	3.11362537166
303	2.25970693069
304	3.09662337662
305	2.60918723037
306	3.5026506986
307	3.0421533101
308	2.35133465347
309	2.02074777448
310	2.71507692308
311	2.51
312	1.61291394659
313	1.69203567889
314	1.56033267327
315	0.802878431373
316	1.14292019704
317	0.618243805748
318	0.761788235294
