0	0.814739622642
1	2.18483809524
2	2.19180183486
3	1.84563418803
4	1.64102970297
5	2.14476114965
6	2.03497029703
7	1.98491908092
8	2.44806393606
9	3.04369047619
10	2.31328627451
11	2.73163773585
12	2.02734167469
13	2.59099300699
14	2.97628771229
15	3.35755004955
16	3.01137262737
17	3.18300099108
18	3.15778621379
19	3.24405194805
20	3.40131082423
21	3.40303393214
22	3.24178849722
23	3.70695704296
24	2.5074172448
25	3.69548051948
26	3.89377333333
27	4.65748651349
28	3.51475396825
29	2.14159762141
30	3.62615568862
31	3.94876646707
32	4.54008782435
33	4.74578308458
34	3.02233986928
35	3.41420895522
36	4.58976854599
37	4.17481188119
38	3.75946453546
39	4.13021378621
40	4.04131082423
41	4.52628971029
42	3.23780158033
43	2.37300594059
44	2.27548514851
45	2.74413478692
46	3.66257742258
47	2.53404195804
48	4.028
49	3.14077122877
50	3.88348514851
51	3.37846979866
52	3.92673809524
53	4.46882717283
54	4.22342857143
55	3.47179220779
56	3.97186013986
57	4.89657142857
58	3.96214653465
59	4.36546107784
60	4.93081318681
61	4.778027833
62	4.46595315315
63	4.67935264735
64	3.65435528942
65	3.49213108242
66	3.69151648352
67	4.46428514851
68	4.11480519481
69	4.09268447082
70	2.62082651072
71	3.15965634366
72	3.61532673267
73	3.70138417541
74	4.57002197802
75	3.66112287712
76	3.57173809524
77	3.42204995005
78	2.60792864222
79	3.00659340659
80	1.94248562934
81	1.49679389313
82	2.60856405164
83	2.36217029703
84	2.33845354645
85	3.69537662338
86	3.25190809191
87	3.78914285714
88	3.24934265734
89	3.49921747766
90	4.38415984016
91	2.64634920635
92	1.74089020772
93	2.61704347826
94	3.17922873346
95	5.19320679321
96	4.18805946482
97	4.01892507493
98	2.63486913087
99	4.35462137862
100	4.06761546085
101	4.19681415929
102	3.17626164519
103	2.33967632368
104	2.48727272727
105	2.44528301887
106	1.99713886114
107	2.45994005994
108	0.580642041639
109	4.8200271581
110	3.51771428571
111	3.01507407407
112	5.17134065934
113	3.73464554455
114	4.2310969031
115	3.30067532468
116	0.730469606675
117	4.16244615385
118	2.75513286713
119	3.30608591409
120	3.09151142006
121	3.74973705179
122	0.935077534791
123	2.5247049505
124	2.24199000999
125	3.03939260739
126	2.69137585868
127	1.14917369971
128	0.910194059406
129	0.698096172718
130	0.976815533981
131	1.05733864542
132	0.892055666004
133	0.423305660377
134	0.106149369544
135	1.09783816184
136	1.67034291378
137	1.49473987399
138	1.96514285714
139	1.80395604396
140	1.73465734266
141	2.63486913087
142	1.70672743847
143	1.92421978022
144	0.763353736655
145	6.33489108911
146	1.96319524281
147	2.70869461078
148	2.38857142857
149	2.53647152847
150	0.0162057368942
151	0.573276292335
152	2.38102994012
153	4.10078721279
154	4.73480802292
155	5.10001182266
156	3.31074751131
157	4.9580979021
158	3.20248691515
159	4.54368031968
160	5.82011928429
161	4.6876963037
162	4.6766993007
163	5.64011892963
164	4.67664950495
165	4.61365834166
166	4.90133786078
167	0.7296
168	1.47912887113
169	1.49408644168
170	1.37123168317
171	1.34196413322
172	1.19629850746
173	1.42241758242
174	1.70825768087
175	1.71362215628
176	1.83899300699
177	1.3434047619
178	2.45558669002
179	2.93892507493
180	2.38107646475
181	2.77773537354
182	2.95332277228
183	2.81220194175
184	3.20573246024
185	3.6268090999
186	2.74627924528
187	3.716995005
188	2.40040436075
189	2.43842557443
190	0.361174603175
191	0.231507692308
192	0.482350636631
193	1.10523564356
194	0.343524281467
195	0.863712287712
196	0.997867195243
197	0.593310689311
198	0.303698711596
199	0.170686238532
200	0.244380582524
201	0.170686238532
202	0.153134328358
203	0.634346388164
204	2.01542970297
205	1.73257942058
206	1.55540138751
207	1.39915247525
208	1.50561584158
209	1.51278243513
210	1.68750793651
211	2.24807835455
212	2.14626759167
213	2.34142657343
214	1.97277304262
215	1.00584215784
216	1.08923686819
217	1.70904055391
218	2.89310978044
219	2.5442224429
220	2.413002997
221	2.29247552448
222	2.27311000991
223	2.26212732615
224	2.83371428571
225	2.00045148515
226	0.842981818182
227	2.66766833167
228	0.661998037291
229	2.11295049505
230	0.29397615894
231	2.0205988024
232	2.66437301587
233	1.27860594059
234	1.06186138614
235	0.910194059406
236	0.686682352941
237	0.233968253968
238	0.0951652173913
239	0.108356435644
240	0.0825962264151
241	0.206490566038
242	0.157846153846
243	0.107485714286
244	0.546664054848
245	0.267237209302
246	1.04741230487
247	1.42701176471
248	1.02770829171
249	0.840650148662
250	1.83667924528
251	2.01427716849
252	1.01677522478
253	0.76781027668
254	0.983016715831
255	1.2901018981
256	1.14554336283
257	0.902155053974
258	1.25693465347
259	1.31354302671
260	2.0205988024
261	1.41108548708
262	1.40196226415
263	0.848637450199
264	1.31196803197
265	1.34476723277
266	0.994116947473
267	1.22315294118
268	1.13774257426
269	1.31111287129
270	1.01253946054
271	1.25657311089
272	0.934312871287
273	1.10523564356
274	0.756415686275
275	1.00856470588
276	0.766526732673
277	0.988147572816
278	0.866259663033
279	1.41036563437
280	1.32083116883
281	1.777728444
282	1.49170485437
283	2.41620779221
284	1.64265911237
285	2.69633566434
286	2.03394205794
287	1.62115873016
288	1.54502297702
289	1.6355529179
290	1.96711111111
291	2.04448351648
292	1.7502970297
293	2.18272127872
294	1.97230588235
295	2.05819047619
296	2.33796603397
297	2.0933518335
298	1.65061090909
299	2.44900699301
300	1.71238361638
301	2.61657142857
302	1.74256694367
303	2.18241245136
304	2.49740336967
305	2.49915684316
306	2.94475124875
307	1.42294408322
308	2.8361305638
309	1.5567
310	2.85353046953
311	0.354975316878
312	2.05673590504
313	2.11440792079
314	2.48540990099
315	2.15264735265
316	1.14783116206
317	2.6764039604
318	0.730029850746
