0	0.322323287671
1	0.335904950495
2	0.0450729023384
3	0.916106398275
4	0.159378640777
5	0.2013696
6	0.27625631068
7	0.203858823529
8	0.187432921028
9	0.267807654563
10	0.354413320274
11	0.531472745292
12	0.43776
13	0.533085990338
14	0.626889320388
15	0.300423529412
16	0.238384158416
17	0.210461538462
18	0.233528612997
19	0.26869121813
20	0.126276923077
21	0.852779220779
22	1.12916996047
23	1.67366037736
24	1.83036163836
25	1.77880673935
26	1.46957042957
27	2.18012289395
28	1.7056950495
29	1.59733861386
30	0.866851485149
31	0.660974257426
32	0.563453465347
33	0.689970902037
34	0.394471714534
35	0.378830769231
36	0.212504854369
37	0.335904950495
38	0.171670588235
39	0.641844930417
40	0.566820717131
41	0.885578421578
42	1.16506640238
43	1.41988023952
44	1.25307936508
45	1.32194851485
46	1.35445544554
47	1.08806336634
48	1.28944158416
49	0.894996078431
50	1.0087135778
51	1.2245034965
52	1.15251148851
53	1.37749058474
54	1.63996003996
55	1.83036163836
56	1.77422222222
57	2.17796435644
58	1.7428971029
59	1.49783016983
60	1.66636563437
61	2.29313207547
62	1.63356643357
63	1.73662275449
64	1.56949354518
65	2.11744950495
66	2.27407792208
67	1.82669573835
68	1.87642418236
69	1.76895746785
70	1.87409390609
71	1.77880673935
72	1.92240792079
73	1.84768831169
74	1.60050793651
75	0.470121878122
76	1.98742178218
77	1.91980971259
78	1.92050642928
79	2.17568031968
80	1.95062537463
81	2.09115392254
82	2.00075124875
83	1.18585279686
84	0.772517647059
85	0.210611546686
86	0.438615835777
87	0.577721115538
88	0.435634951456
89	0.320060377358
90	0.1096
91	0.314233663366
92	0.557929411765
93	0.529615841584
94	0.337235643564
95	0.300423529412
96	1.18469019608
97	1.51699009901
98	0.611640718563
99	0.622057803468
100	0.400918811881
101	0.383746534653
102	0.276157009346
103	0.601318681319
104	1.67275924076
105	1.82850793651
106	2.08182217782
107	2.59113686314
108	2.21936507937
109	1.6772987013
110	1.97992842942
111	2.19768693918
112	2.01168431568
113	0.781590524535
114	1.01071698113
115	0.680623889437
116	0.761020447907
117	1.49783016983
118	0.878556987116
119	1.16344455544
120	2.34130716389
121	1.65378043912
122	1.84571428571
123	1.7756963037
124	2.03808991009
125	1.87058546169
126	1.6444995005
127	2.12101498501
128	2.47707662083
129	2.60660939061
130	2.39063627354
131	2.47890801187
132	2.06002797203
133	2.39307936508
134	2.46412190476
135	2.62131736527
136	2.06736507937
137	1.85222777223
138	1.70457142857
139	0.830913086913
140	0.691137254902
141	1.69462537463
142	1.28598860862
143	1.65785346535
144	1.84473194857
145	1.97404162537
146	1.16323137255
147	1.50615445545
148	1.02361791045
149	1.08258706468
150	1.27916883117
151	0.798443579767
152	0.780787212787
153	1.62857142857
154	1.50236963037
155	1.51548961424
156	0.891415112856
157	0.890117882118
158	0.70942993327
159	0.42638961039
160	1.08356435644
161	1.33728316832
162	1.53062937063
163	1.26347614593
164	1.29953287537
165	0.89846884273
166	0.878556987116
167	0.905725490196
168	0.89846884273
169	0.57485827552
170	1.20717682318
171	1.52933994054
172	1.72103096903
173	1.90896333003
174	1.27226930693
175	1.59622777223
176	1.2460990099
177	1.73196403596
178	1.68285714286
179	1.53516883117
180	1.06149369544
181	0.62352848723
182	0.600459405941
183	1.06189306931
184	0.195835205993
185	0.608603773585
186	0.56686473029
187	0.872503937008
188	0.983976023976
189	0.838580019399
190	0.787002979146
191	0.986043564356
192	1.31196803197
193	1.60076723277
194	1.6688797654
195	1.60528557214
196	2.17350898204
197	2.00023785927
198	2.30165544554
199	1.95234886026
200	1.57566732673
201	1.0944
202	0.574289108911
203	0.583992007992
204	1.03040634291
205	0.611576470588
206	0.856015841584
207	0.762994059406
208	0.95627184466
209	1.10523564356
210	1.22760784314
211	1.41946930693
212	0.769330693069
213	0.747659405941
214	0.535445544554
215	0.541782178218
216	0.675952941176
217	0.841846153846
218	1.16506640238
219	1.34117647059
220	0.888522772277
221	0.849679207921
222	1.04022178218
223	0.888522772277
224	1.08807128713
225	1.42889020772
226	1.55771428571
227	1.84388503469
228	0.912
229	0.87135049505
230	1.50615445545
231	0.942700990099
232	0.540925490196
233	1.04075294118
234	1.66868910891
235	1.65543256743
236	1.93194995188
237	1.4303049505
238	1.56033267327
239	0.228598151169
240	0.184205940594
241	1.46281188119
242	1.06294549058
243	0.573137254902
244	1.20275643564
245	1.37756643357
246	1.31558811881
247	1.20169411765
248	0.994909090909
249	1.13255104063
250	1.25818037661
251	0.84518019802
252	1.06504695305
253	1.4303049505
254	0.887721100917
255	0.862892307692
256	0.776247752248
257	0.889403369673
258	0.874394504416
259	1.26823576424
260	1.21359207921
261	1.00237066402
262	0.758495049505
263	0.935021359223
264	1.08035538006
265	1.54329990167
266	3.14232967033
267	2.60505346535
268	2.49917145689
269	2.51460539461
270	2.2084106614
271	1.76235387674
272	2.02715684316
273	2.9674005994
274	3.00107936508
275	1.27860594059
276	1.02406342914
277	2.0371009901
278	1.67153313551
279	2.22687969201
280	2.05877227723
281	1.24906666667
282	1.66868910891
283	1.50915924827
284	1.79357016683
285	1.7100979021
286	1.52507163886
287	1.28944158416
288	0.867385229541
289	1.292
290	1.13832727273
291	1.27860594059
292	1.25411165524
293	0.817172277228
294	0.987020812686
295	1.06189306931
296	1.63356643357
297	1.75061040236
298	1.46731089109
299	1.5196963037
300	1.18225569871
301	0.990542574257
302	1.13774257426
303	1.54455888224
304	1.59688715953
305	1.58983416583
306	1.72457482656
307	2.70500699301
308	3.39942120912
309	3.28445954046
310	3.43752247752
311	3.20792807193
312	3.25402184707
313	2.53007792208
314	1.98488800793
315	2.25675124875
316	3.0985974026
317	1.78662937063
318	2.86691052114
