0	1.99771428571
1	1.55878931751
2	1.7745037037
3	2.75475808031
4	2.71555882353
5	1.79693768546
6	1.0846382557
7	1.09482718447
8	1.37756643357
9	0.939448818898
10	1.39525099602
11	0.95022754491
12	0.857077679449
13	1.06189306931
14	1.22442772277
15	1.18336063936
16	1.09548463826
17	0.487603960396
18	0.638153846154
19	1.12933422282
20	1.26116571429
21	0.450653658537
22	0.557929411765
23	0.472094117647
24	0.0220348993289
25	0.774768200837
26	0.395051707317
27	0.658765048544
28	0.437631372549
29	0.53572027972
30	1.49457777778
31	2.0138981019
32	2.38726190476
33	1.25411165524
34	0.51713442623
35	0.323149606299
36	1.10203788634
37	0.92102970297
38	0.754381618382
39	1.27153267327
40	1.54187512389
41	1.41549357072
42	1.35384494603
43	1.23356065574
44	1.30027722772
45	1.09306930693
46	0.833223076923
47	1.5908
48	2.20615384615
49	2.02918506751
50	2.72299401198
51	2.02209587889
52	2.59914370664
53	2.0521924812
54	1.99938461538
55	2.09281509434
56	2.32911888112
57	3.5037042957
58	2.58268934646
59	2.51353511375
60	2.57651485149
61	2.48079207921
62	2.59686713287
63	3.55228771229
64	3.46007142857
65	2.72746085233
66	2.49273926074
67	1.77428118812
68	1.76271936759
69	1.39016484608
70	1.41628235294
71	1.17024950495
72	0.989536633663
73	1.59283960396
74	0.90300990099
75	0.801044510386
76	1.11717740337
77	0.925767258383
78	0.841846153846
79	0.446260194175
80	0.624332673267
81	0.412627249357
82	0.644407185629
83	0.317853465347
84	0.649495548961
85	0.555926852743
86	0.761788235294
87	0.510217782218
88	0.824325074331
89	0.56806330366
90	0.480090322581
91	0.965647058824
92	0.595504459861
93	0.673140905209
94	0.799753846154
95	0.669169474727
96	0.84518019802
97	0.758495049505
98	0.432768932039
99	0.509275247525
100	0.476296735905
101	0.4168125
102	0.524569154229
103	1.06189306931
104	0.718336633663
105	0.912
106	0.219856603774
107	0.155111811024
108	0.396988235294
109	0.538677227723
110	1.0824925816
111	1.11651333333
112	1.15707163886
113	1.01340392157
114	0.864055063913
115	1.00485742772
116	0.958923636364
117	1.40863366337
118	0.709354455446
119	0.675952941176
120	0.403759223301
121	0.418447058824
122	0.661584466019
123	0.634748514851
124	0.29184
125	0.747659405941
126	0.620133858268
127	0.655685823755
128	0.890541176471
129	0.744126732673
130	0.719880099917
131	0.747774033697
132	0.819857425743
133	0.897118881119
134	1.33587314172
135	0.780166336634
136	0.622017629775
137	0.408427480916
138	0.476768316832
139	0.487603960396
140	1.14497692308
141	1.66009190809
142	1.52681070367
143	1.29912871287
144	1.41315484515
145	1.41486162905
146	1.41538461538
147	1.68597026759
148	1.98002797203
149	2.07947670961
150	2.00741658342
151	1.55210723861
152	1.80512092131
153	2.05174603175
154	2.76881503462
155	2.92976623377
156	2.33435364635
157	0.751527305282
158	2.15381418581
159	2.13227353816
160	2.29490509491
161	2.10372249752
162	1.63523355577
163	1.54796439169
164	0.967980148883
165	1.56342857143
166	1.6630048216
167	2.09705389222
168	1.72000799201
169	2.14545742574
170	1.37884705882
171	1.12802378593
172	0.525482726424
173	0.888522772277
174	1.49444598612
175	1.89142057942
176	1.58638415842
177	1.41958841159
178	1.73381532417
179	2.13462178218
180	1.12167920792
181	0.681002629273
182	1.00255867769
183	0.988074582924
184	1.16839160839
185	1.61994896958
186	1.84314885115
187	2.53718273646
188	2.33035014837
189	2.4188638413
190	2.50706893107
191	2.52606238532
192	2.08768732126
193	2.13194805195
194	1.88346221786
195	1.54105894106
196	1.89811694747
197	1.23297308076
198	0.807984111221
199	1.36663336663
200	1.62916947473
201	1.98981818182
202	1.75537425743
203	1.34361264822
204	1.1403082637
205	1.32194851485
206	0.631384615385
207	0.422237037037
208	1.05001780415
209	2.21963387511
210	2.44885544554
211	2.15573226773
212	2.45944651619
213	2.30779571664
214	1.865187251
215	2.73003796204
216	1.61341526264
217	1.26502279485
218	1.58888311688
219	1.45263366337
220	1.06256143856
221	1.65561149653
222	1.80893090909
223	2.12233366633
224	2.33204360753
225	2.79843356643
226	2.36541428571
227	2.44257425743
228	1.76471351351
229	2.91427772228
230	2.48986213786
231	2.11643650794
232	1.81634365634
233	1.84434489594
234	1.70555844156
235	1.68714485514
236	1.82956590684
237	1.53968849558
238	1.22442772277
239	0.933914018692
240	1.17024950495
241	0.865890909091
242	1.2901018981
243	0.999762376238
244	1.63618217822
245	1.52426930693
246	1.21649108911
247	1.5524955045
248	1.85424175824
249	1.89238453915
250	1.90675724276
251	2.02909018831
252	1.48531092437
253	2.19963564356
254	2.00408391608
255	1.50615445545
256	1.03976842105
257	1.57272547076
258	1.19022577423
259	1.15877647059
260	0.714987610619
261	1.30103496503
262	1.60399603568
263	1.66080316518
264	1.86243168317
265	1.34495143707
266	1.49258951533
267	2.02739009901
268	2.01488666667
269	2.76606593407
270	2.6302017982
271	3.34596603397
272	2.61242063492
273	2.5536950495
274	2.53994856578
275	1.94091089109
276	2.40527472527
277	1.1878015873
278	1.65089310689
279	1.54793273986
280	1.804996633
281	2.8097982018
282	1.70801198801
283	1.55801798202
284	2.65736372646
285	1.9027960396
286	1.86244155844
287	2.09127920792
288	2.12408391608
289	2.10628571429
290	1.93891708292
291	1.75223762376
292	1.85680071492
293	2.45969108911
294	1.73457742258
295	2.02261738262
296	1.61190882061
297	2.39434165834
298	2.4500998004
299	2.26941858142
300	2.27417892644
301	2.61867457962
302	2.63924528302
303	2.07520958084
304	1.60088888889
305	1.84118281718
306	2.41874331021
307	1.82323514212
308	2.03530566038
309	2.14123447637
310	2.12101498501
311	2.32954245754
312	2.14188211788
313	2.33508730159
314	2.21091485149
315	2.0686993007
316	2.96286113886
317	2.38934390486
318	2.41137262737
