0	3.49716593503
1	4.04267722772
2	2.95008991009
3	3.35424836601
4	3.47887179487
5	4.06111683168
6	3.30085914086
7	3.08891451292
8	3.87583616384
9	3.29789063948
10	4.26733266733
11	3.24066333666
12	3.74208534323
13	4.25787812188
14	3.50355643564
15	4.41780594059
16	3.42515084915
17	2.98598201798
18	3.22491360477
19	4.25545654346
20	3.34543056943
21	4.23510009911
22	4.23069436202
23	3.39261146497
24	4.10734530938
25	3.08450099404
26	3.18916923077
27	4.07240759241
28	3.54379220779
29	3.08880952381
30	3.31247152847
31	3.06956243756
32	3.29802380952
33	2.92687312687
34	4.31220634921
35	4.0868502994
36	3.04835749752
37	0.0132075775897
38	1.33042657343
39	0.0405708989805
40	0.0370983050847
41	0.0370983050847
42	0.0202666666667
43	0.04804214223
44	0.0415594936709
45	0.0304
46	0.0260778395552
47	0.0214588235294
48	0.0260571428571
49	0.0596945454545
50	0.047513748191
51	0.374728709394
52	0.393133980583
53	0.201566594672
54	0.335904950495
55	0.285247610773
56	0.444701684836
57	0.361258252427
58	0.290951456311
59	0.361258252427
60	0.327992007992
61	0.39359040959
62	0.279512770138
63	0.247625396825
64	0.2736
65	0.270891089109
66	0.193970149254
67	0.333265225933
68	0.286881553398
69	0.361258252427
70	0.3648
71	0.279803921569
72	0.289086792453
73	0.429176470588
74	0.33038490566
75	0.379623389495
76	0.278964705882
77	0.275988360815
78	0.2736
79	0.329702623907
80	0.179804195804
81	0.275720930233
82	0.269026548673
83	0.361258252427
84	0.364442703232
85	0.365157998037
86	0.353723800196
87	0.361258252427
88	0.361609329446
89	0.360791208791
90	0.27897939156
91	0.360791208791
92	0.365157998037
93	0.361258252427
94	0.26472207328
95	0.341390374332
96	0.404544747082
97	0.368411881188
98	0.257512871287
99	0.346740594059
100	0.270891089109
101	0.27625631068
102	0.205965714286
103	0.270088845015
104	0.24726129666
105	0.300718351325
106	0.280087128713
107	0.3648
108	0.361258252427
109	0.212221428571
110	0.402656603774
111	0.396988235294
112	0.24693968254
113	0.368411881188
114	0.329382524272
115	0.393133980583
116	0.280586138614
117	0.361258252427
118	0.331028414299
119	0.393516034985
120	0.283500990099
121	0.361258252427
122	0.368411881188
123	0.314133333333
124	0.403759223301
125	0.173362376238
126	0.3648
127	0.368411881188
128	0.335904950495
129	0.308546534653
130	0.3648
131	0.3648
132	0.301211009174
133	0.350469565217
134	0.300718351325
135	0.275988360815
136	0.271159563925
137	0.247214596003
138	0.0122960450444
139	0.0228
140	0.0422140790743
141	0.0437322677323
142	0.0448524590164
143	0.0618887841659
144	0.0346548448385
145	0.0436886227545
146	0.0158723712835
147	0.0372244897959
148	0.0288
149	0.0383663453111
150	0.00129481081849
151	0.0145338645418
152	0.0756248766041
153	0.0161415929204
154	0.0761102497847
155	0.0390160427807
156	0.0498360655738
157	0.0472538860104
158	0.0593170731707
159	0.0399416058394
160	0.0567782101167
161	0.0391696492484
162	0.0
163	0.452722986248
164	0.0778932384342
165	0.917396449704
166	0.34000776699
167	0.487603960396
168	0.552617821782
169	0.550980392157
170	0.403759223301
171	0.310028328612
172	0.292562376238
173	0.262511304348
174	0.270891089109
175	0.220984615385
176	0.22251497006
177	0.0982994011976
178	0.0120207123804
179	0.402502970297
180	1.33010109019
181	1.47345098039
182	1.45352473327
183	1.65007327971
184	2.80991008991
185	2.61322193211
186	2.86655588526
187	2.942001998
188	2.92332869911
189	2.14248380952
190	2.62988638413
191	2.61503296703
192	2.20112266928
193	0.804991517436
194	2.72857142857
195	1.73485714286
196	1.97377943925
197	3.3816983017
198	2.73363726462
199	2.29380350877
200	2.74712487512
201	2.84825371655
202	2.40642909091
203	2.70450420168
204	3.02862574257
205	2.65937425743
206	2.01065988126
207	2.61475324675
208	3.28193267327
209	2.73387722772
210	2.93854814815
211	3.62002797203
212	2.77740518962
213	2.7697045658
214	3.83132606541
215	2.28675072745
216	2.99921678322
217	2.71741066417
218	3.16911888112
219	2.24332467532
220	2.82850431779
221	4.07750649351
222	2.24681746032
223	2.66068331668
224	3.44648712871
225	2.70713181368
226	1.61894610778
227	1.89986417657
228	3.08535445545
229	2.41371620487
230	2.76474925669
231	3.25141258741
232	2.61605555556
233	2.63178421578
234	2.42534744947
235	2.67112887113
236	2.30787612388
237	2.53168253968
238	2.1166132542
239	1.50378592666
240	1.6509429324
241	1.60716083916
242	1.4222970297
243	1.73272871287
244	1.50876323676
245	2.42857482656
246	2.23405384615
247	1.07602376238
248	1.40846778989
249	1.8238469218
250	2.21077502478
251	2.01712941176
252	1.59682352941
253	1.3977980198
254	0.690217821782
255	1.41036563437
256	2.75920784314
257	2.59598801199
258	2.64494163424
259	3.38121078921
260	2.92182539683
261	3.67263936064
262	0.118880425155
263	3.58157042957
264	4.54135464535
265	4.12275724276
266	3.25621578422
267	3.05182885572
268	2.78533069307
269	1.94462337662
270	1.88688888889
271	2.40001582591
272	2.61883415113
273	2.84222574257
274	1.75482117882
275	1.9523032491
276	1.99375841584
277	1.78746853147
278	1.69120628684
279	1.93445641528
280	1.98494117647
281	1.37681665015
282	1.42094705295
283	1.65107235622
284	2.07447920792
285	2.6287
286	2.75820359281
287	3.03622777223
288	3.26051587302
289	1.33274025974
290	0.615666343356
291	1.43268731269
292	2.3573129771
293	3.39174425574
294	3.24225374625
295	3.73244885799
296	3.61296303696
297	3.39831368631
298	2.89300834725
299	2.77761438561
300	3.14978571429
301	2.3875547098
302	2.37753022795
303	1.89961622156
304	1.79602644004
305	1.81855522388
306	1.70249552239
307	1.57376283186
308	2.47265534466
309	2.23484548105
310	3.06611788212
311	2.32443495146
312	2.61649950446
313	2.90246553447
314	2.8663976024
315	2.67546375372
316	2.05152475248
317	1.78105386876
318	1.50650208507
