0	2.75967232767
1	2.66186719524
2	2.47087312687
3	2.12555444555
4	1.93900297915
5	1.8528950495
6	1.85037924152
7	1.976
8	1.41313267327
9	1.63996003996
10	1.38749452736
11	1.8857689243
12	1.65151683168
13	1.86955444555
14	1.62061446977
15	1.71203168317
16	1.08705974535
17	0.878556987116
18	0.998814524043
19	0.729755368814
20	0.672475718533
21	1.06084272997
22	1.00771485149
23	1.20725544554
24	1.45341526264
25	0.732515484515
26	0.69798019802
27	1.28752941176
28	0.378437383178
29	0.743045586809
30	0.39481533101
31	1.3977980198
32	0.754381618382
33	0.632415279138
34	0.623365079365
35	0.660974257426
36	0.230928440367
37	1.23543656344
38	2.20413465347
39	1.99707492507
40	1.65910889111
41	1.42728998243
42	2.37247552448
43	1.01522939424
44	1.28816617211
45	1.4417245509
46	1.43907845084
47	1.12610589411
48	0.999743440233
49	0.470431683168
50	0.579388235294
51	0.493552941176
52	0.368411881188
53	0.439905882353
54	0.461364705882
55	0.379407633588
56	0.557586413586
57	0.268498527969
58	0.214588235294
59	0.281726732673
60	0.798113886114
61	1.53516883117
62	2.10628571429
63	1.13140594059
64	0.509275247525
65	0.401898305085
66	0.298085603113
67	0.639302970297
68	0.654494117647
69	0.648219607843
70	1.39503557312
71	1.50145383104
72	1.08087128713
73	1.75846706587
74	1.46653831041
75	1.91911724138
76	2.47849411765
77	1.59240784314
78	1.00955446516
79	0.610977473066
80	0.693274074074
81	0.856864222002
82	0.866851485149
83	1.39700363636
84	1.39918334985
85	1.63832335329
86	1.74165079365
87	1.28752941176
88	0.925528712871
89	1.80395604396
90	2.32234965035
91	1.87828571429
92	1.88502697303
93	1.89596003996
94	1.93065609514
95	1.56172736318
96	1.76762512463
97	1.49437806072
98	1.0944
99	1.19192079208
100	2.04362338949
101	1.78154455446
102	1.72742457542
103	1.55553617443
104	2.06634965035
105	2.37701498501
106	2.22781854043
107	2.60369825919
108	2.38597823937
109	2.48538567223
110	1.98144510978
111	2.65673526474
112	2.38222222222
113	2.27861738262
114	2.24107936508
115	2.30687712288
116	2.14742057942
117	2.04565079365
118	1.87764705882
119	2.01622377622
120	2.49273926074
121	1.92622222222
122	1.77070891089
123	1.65089310689
124	1.11695387635
125	1.19624375624
126	2.28955044955
127	2.48180619381
128	2.19983316783
129	2.33328271728
130	3.65973439049
131	2.54003960396
132	2.93805988024
133	2.35882121807
134	1.30477623762
135	2.05541658342
136	1.98742178218
137	3.0657982018
138	2.90336507937
139	2.20181512605
140	2.30799207921
141	1.76476323676
142	1.93065609514
143	1.58167843137
144	1.69462537463
145	1.39303096903
146	1.88914285714
147	1.89596003996
148	2.06531615461
149	1.61809390609
150	1.33972926597
151	1.31111287129
152	0.856864222002
153	0.617631683168
154	0.174566871166
155	0.481267326733
156	0.568519480519
157	0.867710604559
158	0.239497621313
159	0.297795918367
160	0.390469772052
161	0.314233663366
162	0.186911743253
163	0.59596039604
164	0.913523061825
165	0.384409272582
166	0.488087215064
167	0.911984015984
168	1.02566956522
169	1.31673372781
170	0.838843564356
171	0.996879207921
172	0.951176823177
173	2.13039444995
174	2.08494257426
175	2.07728271728
176	2.1846673209
177	1.67620740741
178	2.04793663366
179	1.68807992008
180	1.89856031904
181	1.25572166998
182	2.08821578422
183	2.0720553907
184	2.17593650794
185	2.45994005994
186	2.03076435644
187	2.24690196078
188	2.38340859141
189	2.05995604396
190	2.17809731877
191	2.17568031968
192	2.11462137862
193	2.79479365079
194	3.0001998002
195	2.74322939424
196	2.13040316206
197	1.44563960396
198	2.56927072927
199	2.54101098901
200	2.94553446553
201	2.28043781095
202	2.06247992165
203	2.53647152847
204	2.30048351648
205	2.35816848365
206	2.58594251734
207	2.70046753247
208	2.35583366337
209	2.14995643564
210	2.47967661213
211	1.89142057942
212	1.59892170466
213	2.15416023739
214	2.11462137862
215	2.14336507937
216	2.20847952048
217	1.55553617443
218	1.65785346535
219	1.73196403596
220	1.89142057942
221	1.68736507937
222	2.37701498501
223	1.82219226957
224	1.71043137255
225	1.92421978022
226	1.98342457542
227	2.11155992141
228	1.96795204795
229	1.80848751249
230	1.91085714286
231	1.81761277445
232	2.22571428571
233	1.90689310689
234	2.00529070929
235	2.36451139742
236	2.23617254902
237	1.90689310689
238	1.93508840864
239	1.62263336663
240	2.01168431568
241	1.96965079365
242	1.78154455446
243	2.44900699301
244	1.9676987116
245	1.88048751249
246	1.45791873142
247	1.68369230769
248	1.4477042957
249	1.78458153242
250	1.4022970297
251	1.56342857143
252	1.27353022795
253	1.27860594059
254	1.0944
255	0.868251748252
256	1.11717740337
257	1.03040634291
258	0.573058941059
259	1.06189306931
260	1.04022178218
261	0.568658823529
262	0.372910891089
263	0.611576470588
264	0.493552941176
265	0.595370919881
266	0.310028328612
267	0.239954242135
268	0.262320230105
269	0.229740458015
270	0.0035580601463
271	0.231426415094
272	0.863712287712
273	1.04125272547
274	0.931865346535
275	1.04472079208
276	1.21359207921
277	1.20275643564
278	0.991560784314
279	1.21242352941
280	1.13774257426
281	0.752158415842
282	0.866851485149
283	0.682645544554
284	0.255170984456
285	0.862222222222
286	0.666917082917
287	0.758495049505
288	1.12610589411
289	0.885134445535
290	0.846017839445
291	1.07144055944
292	1.19641980198
293	1.37065631068
294	1.4212987013
295	1.02131468531
296	1.216
297	1.15422001982
298	1.11496735905
299	1.23526336634
300	0.852914622179
301	1.22442772277
302	1.28944158416
303	1.5789010989
304	1.65785346535
305	1.01221386139
306	1.2364876115
307	1.67275924076
308	1.14157842158
309	0.848455348381
310	0.824325074331
311	0.852078431373
312	1.25693465347
313	1.20275643564
314	0.769854145854
315	1.0310343474
316	0.899358415842
317	0.834628571429
318	1.12627572816
