0	0.64771147541
1	0.991001980198
2	0.732163836164
3	1.02348320413
4	1.09152380952
5	1.37848551449
6	1.39810505451
7	1.08308037383
8	1.06469126913
9	0.953982370225
10	0.369142857143
11	0.233755339806
12	0.050471944658
13	0.342641805692
14	0.715152475248
15	0.240030769231
16	0.599540869565
17	0.668118811881
18	0.48472243346
19	0.910247544204
20	0.638670623145
21	0.302835643564
22	0.122542635659
23	0.662285714286
24	0.972277227723
25	1.26121878122
26	0.879213445378
27	1.20880792079
28	1.05775049505
29	1.46281188119
30	1.04191080278
31	1.0044035964
32	1.24583316977
33	0.900432220039
34	0.82535553379
35	0.505198801199
36	0.196351274788
37	0.111777158774
38	0.507767028628
39	0.759137487636
40	1.01677522478
41	0.782630350195
42	0.692966336634
43	0.983860869565
44	0.914592307692
45	1.04721584158
46	1.4109010989
47	1.41479747975
48	1.29616955684
49	1.19215347722
50	1.99762904809
51	1.8028834476
52	1.25522820037
53	1.38711377246
54	1.13514285714
55	1.1820990099
56	1.1812987013
57	1.14852436975
58	1.2768
59	0.636352824579
60	0.515011764706
61	0.27625631068
62	0.199938461538
63	0.132840336134
64	0.0993103448276
65	0.0931844843898
66	0.131196803197
67	0.120595041322
68	0.00182674011017
69	0.0125537065053
70	0.00322691481747
71	0.0451857968621
72	0.42959764475
73	0.507204747774
74	0.235028741328
75	0.253304918033
76	0.201488372093
77	0.139236641221
78	0.115479905437
79	0.0650138613861
80	0.396590284143
81	1.03204757185
82	0.718765048544
83	0.673806193806
84	0.654483809524
85	0.994719546742
86	1.07883564356
87	0.797074684772
88	0.943776447106
89	0.969803376365
90	1.22434886026
91	0.723457085828
92	0.900202180377
93	0.986043564356
94	0.576431372549
95	0.57485827552
96	0.358023529412
97	0.8256
98	0.908693424424
99	1.08505882353
100	0.835588118812
101	0.903112605042
102	1.23526336634
103	0.896641584158
104	0.732110891089
105	0.874645354645
106	0.693998037291
107	0.613921311475
108	0.0951652173913
109	0.0470456743686
110	0.851630662021
111	1.11592079208
112	1.0493986014
113	0.840476272649
114	1.04482264151
115	0.504282352941
116	0.343296969697
117	0.237913043478
118	0.375529411765
119	0.492776470588
120	0.473538461538
121	0.248396521739
122	0.611576470588
123	0.418225742574
124	0.472580530973
125	0.534652043868
126	0.56711817279
127	0.639302970297
128	0.437710891089
129	0.368411881188
130	0.188527131783
131	0.210305882353
132	0.232626086957
133	0.0315692307692
134	0.374257742258
135	0.781988118812
136	0.902558415842
137	0.82193625498
138	1.01810344828
139	0.99420990099
140	0.724907829534
141	0.887643916914
142	0.264282352941
143	0.178892307692
144	0.648045283019
145	0.980909090909
146	0.922729411765
147	0.669037623762
148	0.9488
149	1.3299020979
150	1.45966303271
151	0.912823529412
152	1.41009230769
153	1.3850703667
154	1.59622777223
155	1.28873736373
156	1.28815042735
157	1.63996003996
158	1.03986521308
159	1.15941386139
160	1.45021562809
161	1.83122376238
162	1.56877932406
163	1.60573895976
164	2.02261738262
165	1.26069375619
166	1.32752662722
167	0.598200995025
168	1.06189306931
169	1.17458039216
170	1.65089310689
171	1.19168596663
172	1.69524705882
173	1.00429170829
174	0.987020812686
175	0.861481049563
176	0.397203960396
177	0.809046953047
178	0.725988118812
179	0.761788235294
180	0.326334226988
181	0.432997032641
182	0.715152475248
183	0.866851485149
184	0.558015384615
185	0.963418397626
186	0.810469428008
187	0.926533864542
188	0.658301698302
189	0.553165510406
190	0.375529411765
191	0.497454545455
192	0.403193737769
193	0.555207804878
194	0.426036363636
195	0.715152475248
196	0.568403960396
197	0.759246778989
198	0.626690196078
199	0.632776470588
200	0.690867326733
201	0.686526732673
202	0.730315996075
203	0.447425800194
204	0.547736997056
205	0.426420950533
206	0.633035294118
207	0.581309381238
208	0.458220058423
209	0.342015686275
210	0.3436781158
211	0.300423529412
212	0.154101898102
213	0.314233663366
214	0.116877669903
215	0.0459831932773
216	0.000391468331382
217	0.0162073306183
218	0.0269778142975
219	0.0241057268722
220	0.0228158443363
221	0.0142314694408
222	0.0297660924751
223	0.014409479921
224	0.0180594059406
225	0.0317217391304
226	0.00516307595534
227	0.142199740597
228	0.0331887793783
229	0.0405333333333
230	0.0378031088083
231	0.0642504892368
232	0.00951031935694
233	0.0795204359673
234	0.104765832106
235	0.0636196721311
236	0.115976878613
237	0.0873191489362
238	0.0452622314264
239	0.0210935005701
240	0.390083168317
241	0.435074003795
242	0.526360591133
243	0.422440744368
244	0.465493692178
245	0.432997032641
246	0.266922772277
247	0.147464870067
248	0.17150244858
249	0.174178217822
250	0.368411881188
251	0.322423529412
252	0.3648
253	0.384704950495
254	0.604399604352
255	0.48635235732
256	0.5472
257	0.612125490196
258	0.780660731949
259	0.557359783589
260	0.677080118694
261	0.405145688801
262	0.764357281553
263	0.824047524752
264	0.859236399604
265	0.107374953271
266	0.0556474576271
267	0.240527472527
268	0.354418056919
269	0.346740594059
270	0.357576237624
271	0.223175059952
272	0.371883495146
273	0.109226666667
274	0.555454367026
275	0.300129285015
276	0.250841918295
277	0.310703277236
278	0.34300489716
279	0.329702623907
280	0.277607920792
281	0.360791208791
282	0.277033009709
283	0.361258252427
284	0.287937254902
285	0.3648
286	0.279145631068
287	0.166739622642
288	0.368411881188
289	0.246205825243
290	0.266078431373
291	0.247555136664
292	0.352306182532
293	0.065984496124
294	0.331827111984
295	0.274726213592
296	0.275691089109
297	0.368411881188
298	0.28217468106
299	0.240007079646
300	0.258838931955
301	0.343238469087
302	0.357576237624
303	0.210439276486
304	0.337680872151
305	0.2892736
306	0.3648
307	0.165350135014
308	0.365661050545
309	0.286117647059
310	0.287896927651
311	0.211873612297
312	0.331673675357
313	0.360791208791
314	0.275084241824
315	0.276701273262
316	0.361258252427
317	0.271114563107
318	0.278760784314
