0	0.770093161546
1	0.841846153846
2	0.69798019802
3	0.596551040634
4	0.450193927522
5	0.314233663366
6	0.24921980198
7	0.617631683168
8	0.672475718533
9	0.304878431373
10	0.468717131474
11	0.825962264151
12	0.813478691774
13	0.852078431373
14	1.07144055944
15	1.12690693069
16	0.936
17	1.36663336663
18	1.69036039604
19	1.54468979187
20	1.24636963037
21	0.622305882353
22	0.742057482656
23	1.10404701273
24	0.945114818449
25	0.762994059406
26	0.986043564356
27	1.16983816184
28	0.906614327772
29	0.769330693069
30	0.866851485149
31	0.830913086913
32	0.863654563297
33	1.63996003996
34	1.97658613861
35	2.14545742574
36	1.8917740337
37	1.84413448607
38	1.80049950446
39	1.48511372549
40	0.986043564356
41	1.05105742574
42	0.804705882353
43	0.988515484515
44	0.878556987116
45	0.680015533981
46	0.530946534653
47	0.708815841584
48	1.01829578844
49	1.03040634291
50	0.715152475248
51	0.622130693069
52	0.361258252427
53	0.233755339806
54	0.239725714286
55	0.196166037736
56	0.0176766014835
57	1.68752030948
58	0.244380582524
59	0.281726732673
60	0.303398019802
61	0.244380582524
62	0.246776470588
63	0.303398019802
64	0.318757281553
65	0.4104
66	0.303398019802
67	0.27625631068
68	0.19165
69	0.314233663366
70	0.357576237624
71	0.339020329138
72	0.351032195122
73	0.307468531469
74	0.229521448999
75	0.248973293769
76	0.00837497608571
77	0.101424215247
78	0.841342601787
79	1.24486646884
80	1.18469019608
81	1.43172249752
82	1.47364752475
83	1.5461018981
84	1.91790891089
85	1.41453320119
86	1.12610589411
87	0.830700990099
88	0.778243805748
89	0.7218157129
90	0.287160349854
91	0.321882352941
92	0.579452547453
93	0.622130693069
94	1.02029440628
95	1.27734124629
96	1.25184539148
97	0.987105882353
98	0.863712287712
99	1.13140594059
100	1.50764717542
101	1.18887293889
102	1.19760555005
103	0.888522772277
104	0.718870588235
105	0.444261386139
106	0.368411881188
107	0.0780155546459
108	0.0978113207547
109	0.00435149105368
110	0.582242364532
111	0.0363382312171
112	1.79889698891
113	1.38696237624
114	1.73700740741
115	2.12101498501
116	1.664
117	2.07838575668
118	2.01108424182
119	1.80748190476
120	1.824
121	1.37885714286
122	0.936364356436
123	0.931865346535
124	0.715152475248
125	0.600847058824
126	0.611295049505
127	0.747659405941
128	0.704316831683
129	0.812673267327
130	0.676308910891
131	0.721582417582
132	0.537193455245
133	0.332611764706
134	0.400918811881
135	0.715152475248
136	0.427089108911
137	0.456885436893
138	0.0516226415094
139	0.5472
140	0.675290891283
141	0.6873562316
142	0.573166506256
143	0.710649350649
144	0.420923076923
145	0.30843148688
146	0.275988360815
147	0.263076923077
148	0.206685552408
149	0.218661338661
150	0.00295544153389
151	0.904753221011
152	1.55878931751
153	1.18139352306
154	1.00937325349
155	1.47657142857
156	1.42255984174
157	0.79178592666
158	1.04957442557
159	0.553165510406
160	0.476768316832
161	0.860514851485
162	0.907444555445
163	1.2364876115
164	1.34545454545
165	1.0846382557
166	1.16506640238
167	0.896511488511
168	1.48448316832
169	1.37926013848
170	1.368
171	1.4804955045
172	2.0371009901
173	1.67318811881
174	1.21359207921
175	1.37874976393
176	0.975207920792
177	0.780166336634
178	0.0688403361345
179	2.84411928429
180	1.64074862385
181	1.91328671329
182	1.56638255699
183	1.93515284715
184	1.68569276511
185	2.00075124875
186	1.27353022795
187	1.18108514851
188	1.7100979021
189	1.01677522478
190	1.09657142857
191	1.22904295704
192	1.53866138614
193	0.997389238295
194	1.824
195	1.74903762376
196	1.8528950495
197	1.84655841584
198	2.17796435644
199	2.04697804391
200	1.4052096475
201	1.90707326733
202	1.39143762376
203	1.23543656344
204	1.67034291378
205	1.86825346535
206	1.67824313725
207	2.04591097923
208	1.79415659068
209	1.69462537463
210	1.69653914767
211	2.48855445545
212	2.46509803922
213	2.55195204795
214	2.54101098901
215	2.58850793651
216	2.78793206793
217	2.61754245754
218	2.5630805501
219	1.74903762376
220	1.76620990099
221	1.68897254902
222	2.04793663366
223	1.7428971029
224	2.75967232767
225	2.62742857143
226	2.39888111888
227	2.27139742319
228	2.48634565435
229	2.75967232767
230	3.08342857143
231	2.869002997
232	2.94553446553
233	2.85993650794
234	2.85806993007
235	2.68355996036
236	2.48634565435
237	2.58832580962
238	2.03958061325
239	2.15835364635
240	2.508
241	1.60816633663
242	1.55103270565
243	1.66636563437
244	2.22580594059
245	2.12101498501
246	2.30393657086
247	2.90139607843
248	2.95179405941
249	2.94259481038
250	2.9121254902
251	2.88946303502
252	3.23618781219
253	2.79202378593
254	2.65034165834
255	2.57130520118
256	2.24747722772
257	2.87594455446
258	2.86060990099
259	2.35514885115
260	2.88964122894
261	2.8362037962
262	2.81433766234
263	2.93885203575
264	2.65363304515
265	1.78788118812
266	1.5461018981
267	2.47297522299
268	2.19116083916
269	1.6944442326
270	2.63306138614
271	2.73780619381
272	2.71879365079
273	2.79247152847
274	2.70525272547
275	2.61704347826
276	1.94793650794
277	2.85806993007
278	2.82527072927
279	2.73779187314
280	2.85567874633
281	2.736
282	2.66127472527
283	2.15835364635
284	2.59936507937
285	2.84907936508
286	2.8834491018
287	2.49727872128
288	2.37280632411
289	1.99334260179
290	2.11295049505
291	2.08182217782
292	2.30280667321
293	2.51386930693
294	2.50505242334
295	2.83701960784
296	2.85710208127
297	2.89086913087
298	2.53171060456
299	3.03398019802
300	0.0237664551224
301	0.0296440891881
302	1.57436163836
303	1.90262041625
304	1.75537425743
305	1.74903762376
306	2.13194805195
307	2.17377998018
308	1.8084955045
309	2.19754645355
310	2.06855795678
311	2.0242611276
312	1.80500297324
313	1.62459607843
314	1.62902697303
315	1.83754212091
316	1.34361980198
317	1.63146085233
318	1.92421978022
