0	0.964372277228
1	0.841846153846
2	1.01571456888
3	0.996879207921
4	1.08367058824
5	0.908819180819
6	1.44256888008
7	0.978573426573
8	1.74929070929
9	1.56928094303
10	1.63478921079
11	1.40523564356
12	1.53188173913
13	1.6315
14	1.45197623762
15	1.03493861386
16	1.5098021978
17	1.88738156591
18	1.37941625857
19	2.0174271556
20	1.72220990099
21	1.40701176471
22	1.36256379822
23	1.48595441031
24	1.13539009901
25	1.21479484638
26	1.08679320679
27	1.56018235877
28	1.72286732673
29	1.22743762376
30	1.064
31	0.567011857708
32	0.54825433526
33	0.504118811881
34	0.877687128713
35	0.832087042532
36	1.01955996036
37	0.963866666667
38	0.996879207921
39	0.701487850467
40	0.761788235294
41	0.350633009709
42	0.0101803495146
43	1.54897777778
44	0.0412203389831
45	0.00150412314458
46	0.520110891089
47	0.49900952381
48	0.451388679245
49	0.599744255744
50	0.6256085031
51	0.988523476523
52	1.13487524752
53	1.0783666997
54	1.03499407282
55	1.20480475719
56	1.33146587537
57	1.10967615309
58	0.799192807193
59	0.819846908734
60	0.689222777223
61	0.800571428571
62	0.387484615385
63	0.392928571429
64	0.747690703736
65	0.878392523364
66	1.03644114921
67	1.26665334665
68	1.42747722772
69	0.985956302521
70	1.1569029703
71	1.48738217822
72	1.58860990099
73	1.53397227723
74	1.44798422091
75	1.34540978078
76	1.5494970297
77	0.75523960396
78	0.456885436893
79	0.242263715111
80	0.185862137862
81	0.329382524272
82	0.350633009709
83	0.602007843137
84	1.20491111111
85	0.736823762376
86	0.589713155292
87	0.816235525025
88	0.721037623762
89	0.814285714286
90	0.526171656687
91	0.493552941176
92	0.0057343463453
93	0.00993103448276
94	0.0128199921906
95	0.0421247113164
96	0.00019987580816
97	0.53572027972
98	0.387532673267
99	1.27738354807
100	0.933679207921
101	1.05527272727
102	1.10141858142
103	1.38204955401
104	1.12749306931
105	1.59453465347
106	1.29094285714
107	1.31390588235
108	1.02144
109	0.125664983938
110	1.54616583417
111	0.567098181818
112	0.904611764706
113	1.22300099108
114	1.02614185814
115	1.25357842158
116	1.19804995005
117	1.49558284272
118	1.46139940535
119	0.932901960784
120	1.01779495798
121	0.92102970297
122	0.751058823529
123	0.449167213115
124	0.563137864078
125	0.0984380952381
126	1.11899230769
127	1.2901018981
128	1.31490730107
129	1.29527272727
130	1.44877700694
131	1.44593571429
132	1.65593606394
133	1.30899313052
134	1.08730578512
135	1.33046033301
136	1.6802957043
137	1.60536964981
138	1.59360626836
139	1.85423376623
140	1.8339047619
141	1.58519080919
142	1.48472079208
143	1.47116039604
144	1.45120317146
145	1.56256092843
146	1.73835764236
147	1.08772277228
148	1.20614653465
149	1.5820039604
150	1.31510802775
151	1.32841188119
152	1.74453861386
153	1.23137425743
154	1.77704554455
155	1.53342657343
156	1.62297029703
157	2.11295049505
158	1.57044752475
159	1.13339428571
160	1.52782574257
161	1.65384215784
162	2.01185214785
163	1.96296031746
164	1.5320239521
165	1.92465225933
166	2.73326673327
167	2.20818235877
168	1.77805940594
169	1.41178661494
170	2.03662239841
171	2.52553846154
172	2.05741782178
173	1.97161238761
174	2.29442857143
175	2.2610375802
176	2.11824727273
177	2.30559040959
178	2.62870588235
179	2.07308691309
180	2.2818015873
181	1.85157522124
182	2.41620779221
183	2.01951587302
184	1.76772027972
185	2.98277647059
186	2.25305894106
187	2.30867124632
188	3.18152247752
189	2.45764285714
190	2.20147326733
191	2.34606732673
192	2.16025384615
193	2.58971881188
194	1.57713267327
195	1.58670929071
196	1.65406315789
197	2.04060990099
198	1.8708971029
199	1.83300793651
200	1.86217165669
201	1.38928316832
202	1.38696237624
203	1.09842376238
204	1.63618217822
205	1.67055344655
206	1.77903666997
207	1.66485384615
208	2.03355044955
209	2.01216633663
210	1.76060377358
211	1.31971764706
212	0.53619047619
213	1.50876323676
214	2.36217029703
215	1.88890118577
216	2.14545742574
217	1.95725116713
218	2.47087312687
219	1.80108341511
220	0.942700990099
221	0.379623389495
222	0.542490566038
223	1.55565805169
224	2.49716898608
225	1.7990952381
226	1.35389410589
227	1.47690873786
228	1.35329470529
229	1.78583151635
230	1.75365490196
231	2.34487042532
232	1.63318571429
233	1.64985029437
234	1.91601186944
235	1.47454509415
236	1.86074285714
237	2.04448351648
238	1.61368473728
239	1.80215568862
240	1.27028571429
241	1.15966533865
242	2.0669582505
243	1.83217425743
244	1.68451764706
245	1.37818981019
246	1.86955444555
247	1.44061050545
248	1.76620990099
249	1.81488911089
250	1.40549206349
251	1.92421978022
252	2.14317542121
253	2.230001998
254	2.53969876072
255	2.90965073849
256	2.89316129032
257	3.44391608392
258	2.40578706468
259	2.75821778222
260	2.46587115956
261	2.61521506442
262	2.37768631369
263	2.40551287129
264	1.89517623762
265	2.22568253968
266	3.14508691309
267	3.666997003
268	2.96352380952
269	1.73683832335
270	1.68352286282
271	1.66275140187
272	2.28501098901
273	1.72995044599
274	1.95052147852
275	1.95041584158
276	1.48751683168
277	2.30687712288
278	2.53767032967
279	2.8994822695
280	2.82768494516
281	2.17283846154
282	2.64771891892
283	2.72233366633
284	2.3624420218
285	1.62916898608
286	1.00736063936
287	1.51849355798
288	0.595035294118
289	0.429176470588
290	0.802632309217
291	0.0435021573183
292	3.05164717542
293	1.16577822178
294	1.20637951807
295	1.39943256743
296	1.26061782178
297	1.73325128205
298	2.3404990099
299	1.97276831683
300	1.94894257426
301	2.1888
302	1.48482061447
303	0.787101840491
304	2.30138823529
305	0.885351260504
306	1.2901018981
307	1.18633169774
308	1.20726336634
309	1.43223176823
310	0.971488602577
311	0.80156039604
312	0.874385714286
313	1.18108514851
314	0.593645445642
315	0.425422740525
316	0.801044510386
317	0.482290227048
318	0.836894117647
