0	2.38794805195
1	2.74685714286
2	2.47541258741
3	2.49728671329
4	2.70525272547
5	2.61848166501
6	1.59203659652
7	1.62296183206
8	1.93257142857
9	1.77978239367
10	2.04448351648
11	2.15865479723
12	2.33954137587
13	2.46515370019
14	1.81488911089
15	2.46447952048
16	2.59421782178
17	2.30687712288
18	1.92813505462
19	1.96155844156
20	2.42958969277
21	2.46419009901
22	2.49727872128
23	2.56171089109
24	2.8097982018
25	2.33328271728
26	2.06941807349
27	2.13194805195
28	2.520864222
29	2.39917623762
30	2.43168031968
31	2.53618885741
32	2.7114005994
33	2.31140859141
34	2.13039444995
35	2.34224113475
36	2.8097982018
37	2.35350346192
38	2.36724631992
39	2.39888111888
40	2.74413478692
41	2.49727872128
42	1.99435764236
43	2.4449395441
44	2.72233366633
45	2.60763528246
46	2.85806993007
47	2.9764122894
48	2.80287016848
49	2.8362037962
50	2.92218037661
51	2.81114074074
52	3.13779020979
53	2.11079365079
54	2.01019920319
55	2.27139622642
56	1.69485940594
57	1.9961305638
58	2.17568031968
59	0.119218729097
60	1.49251038576
61	1.96903865213
62	2.19754645355
63	2.03076435644
64	1.50764717542
65	1.21688625124
66	1.0846382557
67	1.11517282717
68	1.09998810704
69	1.56033267327
70	0.622305882353
71	0.546281188119
72	0.615034710744
73	2.24127872128
74	2.39888111888
75	2.38222222222
76	2.02715684316
77	2.26689395441
78	2.16928671329
79	2.23885827552
80	2.21047128713
81	1.87409390609
82	2.16928671329
83	1.76971428571
84	0.751058823529
85	1.08806336634
86	2.15661176471
87	0.541682758621
88	2.01456716418
89	1.46372139303
90	1.62534653465
91	1.55703496503
92	2.00836898921
93	2.03076435644
94	2.12101498501
95	1.24099108028
96	1.90235364635
97	1.7399246779
98	1.92240792079
99	2.15381418581
100	1.90262041625
101	2.08044356436
102	1.42396039604
103	1.86742857143
104	1.42441516966
105	1.0944
106	0.693481188119
107	0.849679207921
108	0.9576
109	0.300423529412
110	0.456885436893
111	0.912885375494
112	0.727428571429
113	0.318757281553
114	0.292852329039
115	0.59596039604
116	0.725270029674
117	0.57311372549
118	0.953536633663
119	0.866851485149
120	0.787156462585
121	0.460313199105
122	0.6829056
123	1.0944
124	0.943635282458
125	1.17358654797
126	1.14857821782
127	1.08356435644
128	0.926445986125
129	0.918377622378
130	0.876316651501
131	1.23853610287
132	1.61611100099
133	1.01202742409
134	1.50615445545
135	1.87409390609
136	2.55974628345
137	2.85521756487
138	3.44622222222
139	2.84713686314
140	2.53171060456
141	2.45333069307
142	2.35366501487
143	2.13437924152
144	2.71072601385
145	2.15636146971
146	3.09405794206
147	3.10953046953
148	3.40279365079
149	2.93460939061
150	2.72424554455
151	2.32562933598
152	2.07088911089
153	1.96540922473
154	1.02443495146
155	1.69462537463
156	1.29653814602
157	1.92421978022
158	1.70738553023
159	1.78788118812
160	1.15307722772
161	1.47218991098
162	2.74873926074
163	2.520864222
164	2.56670658683
165	2.09993650794
166	2.00023785927
167	2.02261738262
168	1.46957042957
169	1.23771428571
170	0.834344554455
171	0.118832275612
172	1.90854870775
173	1.96155844156
174	1.41002973241
175	1.49633532934
176	1.49193650794
177	1.56033267327
178	1.38210589411
179	2.24581818182
180	2.23657142857
181	2.02715684316
182	2.32234965035
183	2.6458021978
184	2.93885203575
185	2.06326336634
186	1.96795204795
187	1.65841020608
188	1.85222777223
189	2.3211258672
190	2.34421578422
191	1.95062537463
192	1.98685714286
193	1.78154455446
194	2.19963564356
195	2.3775049505
196	1.97658613861
197	1.87456633663
198	0.427509881423
199	2.82039402985
200	2.65923168317
201	1.88092765114
202	1.53430588235
203	0.779394658754
204	0.687825569871
205	0.404377358491
206	0.998857142857
207	0.994909090909
208	0.568515361744
209	0.994909090909
210	1.01855049505
211	0.721121019108
212	1.47218991098
213	2.09577821782
214	2.55833766234
215	2.02393650794
216	2.21301898102
217	2.66766833167
218	2.39888111888
219	2.03479365079
220	2.01786081983
221	2.45994005994
222	2.62847552448
223	2.44262137862
224	2.23158714703
225	2.11008191808
226	2.16928671329
227	2.2383670265
228	2.55833766234
229	3.27352647353
230	3.42790863952
231	3.27352647353
232	3.45938861139
233	3.72632167832
234	2.92123529412
235	3.19245554446
236	2.81963708873
237	2.70513034826
238	2.51663073852
239	1.68693641618
240	0.200452830189
241	2.10211485149
242	2.79247152847
243	2.84713686314
244	3.17479365079
245	2.75675247525
246	2.71594005994
247	3.64527524752
248	3.4013253493
249	3.42790863952
250	2.66127472527
251	2.70381176471
252	2.38794805195
253	2.60352502453
254	2.55805490196
255	2.78117740337
256	2.6635364486
257	3.24712087912
258	3.14893422307
259	3.77644755245
260	2.95646753247
261	2.72514285714
262	2.43168031968
263	2.3418762475
264	2.53752720079
265	2.70880318091
266	2.42084752475
267	2.44261338661
268	2.33647571853
269	2.36154245754
270	1.99435764236
271	2.07822222222
272	2.42714085914
273	2.07073726274
274	1.5898015873
275	2.16734117647
276	2.16928671329
277	2.21716551041
278	2.40527472527
279	1.93515956392
280	2.06327128713
281	2.01542970297
282	1.49833432245
283	1.52507163886
284	0.654494117647
285	0.893906838454
286	1.2460990099
287	1.20263736264
288	0.643134182174
289	0.358877330716
290	0.60143670265
291	0.369892725937
292	0.13067996012
293	4.64835059761
294	1.58946995074
295	0.990992125984
296	0.791001980198
297	0.348029510396
298	0.661629335976
299	0.245333333333
300	0.113142857143
301	0.628467326733
302	0.013674302374
303	0.590696761531
304	0.588007619048
305	0.851928143713
306	1.064
307	1.31131650485
308	0.951176823177
309	0.954481665015
310	1.26607058824
311	1.15193669634
312	1.1605629336
313	0.899358415842
314	0.643801980198
315	1.06221176471
316	1.13690097087
317	0.968871287129
318	1.06221176471
