0	0.509275247525
1	0.585124752475
2	0.67180990099
3	0.477907692308
4	1.69293413174
5	1.82850793651
6	2.01168431568
7	1.55253438114
8	2.09914885115
9	2.08182217782
10	1.91346679881
11	2.32874325674
12	2.11954806739
13	2.01622377622
14	1.9415024777
15	1.53231683168
16	1.15941386139
17	0.780166336634
18	1.24906666667
19	2.78793206793
20	2.51001783944
21	2.37701498501
22	3.69991608392
23	2.87079365079
24	2.8000950495
25	2.8839248269
26	2.62585229541
27	2.9560754717
28	3.196995005
29	2.51914485514
30	3.52222222222
31	3.50312087912
32	2.94387314172
33	2.16957480315
34	2.44619123506
35	2.41554605263
36	3.13467455621
37	2.88662857143
38	2.51460539461
39	2.20631912785
40	2.85427326733
41	2.1610745098
42	2.83166433566
43	2.6727135778
44	2.58474325674
45	2.33647571853
46	2.44900699301
47	2.19547274529
48	1.98939147671
49	2.08921068249
50	2.10661386139
51	2.38834059406
52	2.57381018981
53	2.33056722277
54	2.09577821782
55	2.14995643564
56	2.11295049505
57	2.06531615461
58	1.93553688142
59	2.25604757185
60	2.39888111888
61	2.22395204795
62	2.65408383234
63	2.93885203575
64	2.0579001996
65	2.4606633565
66	2.44888972667
67	1.73046153846
68	2.1932990099
69	2.4449395441
70	2.56927072927
71	2.30047552448
72	2.36050793651
73	2.29735619048
74	2.45994005994
75	1.82669573835
76	2.09914885115
77	1.86316083916
78	2.07822222222
79	2.18661338661
80	1.92431318137
81	2.14742057942
82	2.37535777998
83	2.22395204795
84	2.31478295342
85	2.26650887574
86	2.00602556539
87	2.29309018831
88	2.12378613861
89	1.93775648703
90	2.25193650794
91	2.09705389222
92	1.89365079365
93	2.36666930693
94	2.00459405941
95	1.75383016983
96	1.96795204795
97	1.56793650794
98	1.76022377622
99	1.08914172448
100	1.25693465347
101	1.28370829171
102	1.58951128557
103	1.65151683168
104	1.61809390609
105	1.35579781962
106	0.936372277228
107	1.6416
108	1.54316039604
109	2.01168431568
110	2.06855795678
111	1.43223176823
112	1.37781960784
113	1.82038811881
114	1.4022970297
115	1.22564122894
116	1.36843521266
117	1.42087611497
118	0.887643916914
119	0.626760784314
120	0.802632309217
121	0.918377622378
122	0.901270588235
123	0.937292368682
124	0.996879207921
125	1.24636963037
126	2.15835364635
127	2.45354645355
128	2.1795646958
129	3.01013752456
130	2.15404985045
131	2.03076435644
132	2.43801980198
133	2.22395204795
134	2.27058684985
135	2.16293359762
136	2.52553846154
137	1.97658613861
138	2.07616253717
139	2.12982035928
140	1.96965079365
141	2.19754645355
142	2.20208591409
143	1.69916483516
144	1.68617075564
145	2.14336507937
146	2.23488511489
147	2.85353046953
148	2.76171206226
149	2.02715684316
150	1.85329660239
151	2.72233366633
152	2.13039444995
153	2.08494257426
154	2.07728271728
155	2.1846673209
156	1.67620740741
157	2.04793663366
158	1.68807992008
159	1.89856031904
160	1.25572166998
161	2.08821578422
162	2.0720553907
163	2.17593650794
164	2.45994005994
165	2.03076435644
166	2.24690196078
167	2.38340859141
168	2.05995604396
169	2.17809731877
170	2.17568031968
171	2.11462137862
172	2.79479365079
173	3.0001998002
174	2.74322939424
175	2.13040316206
176	1.44563960396
177	2.56927072927
178	2.54101098901
179	2.94553446553
180	2.28043781095
181	2.06247992165
182	2.53647152847
183	2.30048351648
184	2.35816848365
185	2.58594251734
186	2.70046753247
187	2.35583366337
188	2.14995643564
189	2.47967661213
190	1.89142057942
191	1.59892170466
192	2.15416023739
193	2.11462137862
194	2.14336507937
195	2.20847952048
196	1.55553617443
197	1.65785346535
198	1.73196403596
199	1.89142057942
200	1.68736507937
201	2.37701498501
202	1.82219226957
203	1.71043137255
204	1.92421978022
205	1.98342457542
206	2.11155992141
207	1.96795204795
208	1.80848751249
209	1.91085714286
210	1.81761277445
211	2.22571428571
212	1.90689310689
213	2.00529070929
214	2.36451139742
215	2.23617254902
216	1.90689310689
217	1.93508840864
218	1.62263336663
219	2.01168431568
220	1.96965079365
221	1.78154455446
222	2.44900699301
223	1.9676987116
224	1.88048751249
225	1.45791873142
226	1.68369230769
227	1.4477042957
228	1.78458153242
229	1.4022970297
230	1.56342857143
231	1.27353022795
232	1.27860594059
233	1.0944
234	0.868251748252
235	1.11717740337
236	1.03040634291
237	0.573058941059
238	1.06189306931
239	1.04022178218
240	0.568658823529
241	0.372910891089
242	0.611576470588
243	0.493552941176
244	0.595370919881
245	0.310028328612
246	0.239954242135
247	0.262320230105
248	0.229740458015
249	0.0035580601463
250	0.231426415094
251	0.863712287712
252	1.04125272547
253	0.931865346535
254	1.04472079208
255	1.21359207921
256	1.20275643564
257	0.991560784314
258	1.21242352941
259	1.13774257426
260	0.752158415842
261	0.866851485149
262	0.682645544554
263	0.255170984456
264	0.862222222222
265	0.666917082917
266	0.758495049505
267	1.12610589411
268	0.885134445535
269	0.846017839445
270	1.07144055944
271	1.19641980198
272	1.37065631068
273	1.4212987013
274	1.02131468531
275	1.216
276	1.15422001982
277	1.11496735905
278	1.23526336634
279	0.852914622179
280	1.22442772277
281	1.28944158416
282	1.5789010989
283	1.65785346535
284	1.01221386139
285	1.2364876115
286	1.67275924076
287	1.14157842158
288	0.848455348381
289	0.824325074331
290	0.852078431373
291	1.25693465347
292	1.20275643564
293	0.769854145854
294	1.0310343474
295	0.899358415842
296	0.834628571429
297	1.12627572816
298	0.740329411765
299	0.725988118812
300	0.587244859813
301	0.701266019417
302	0.682645544554
303	0.536470588235
304	0.655984015984
305	0.676979187314
306	0.906538922156
307	0.904902723735
308	0.996879207921
309	0.884266666667
310	1.07272871287
311	1.01677522478
312	0.850521308226
313	0.834344554455
314	0.704316831683
315	0.675952941176
316	0.735283349562
317	0.631091806515
318	0.908395256917
