0	1.12764137931
1	1.4212987013
2	1.42228571429
3	0.843226229508
4	0.760586510264
5	0.537940370669
6	0.888727272727
7	1.4314370664
8	1.26066306306
9	1.41071577262
10	1.09927413127
11	1.19683152709
12	0.623833498513
13	0.721582417582
14	0.63473152479
15	0.246534769833
16	0.134345609065
17	0.0655984015984
18	0.0132493946731
19	1.6016984127
20	1.3181254902
21	1.2801506442
22	1.09974956522
23	1.23456573705
24	1.05486282306
25	0.93702970297
26	0.91801980198
27	1.3164662096
28	1.22590287413
29	1.45488866995
30	1.24006299213
31	0.987428571429
32	0.997246153846
33	0.987020812686
34	0.390895575221
35	0.0079737704918
36	0.000536102674635
37	0.361258252427
38	0.54659862069
39	0.411754455446
40	0.293426865672
41	0.290180376611
42	0.392752667313
43	0.175655725748
44	0.363403887689
45	0.177188571429
46	0.0676599690881
47	0.0343934632307
48	0.0115870831128
49	0.00406688963211
50	0.110149197356
51	0.126276923077
52	0.105230769231
53	0.101333333333
54	0.00744489795918
55	0.0870504672897
56	0.107396603397
57	0.42959764475
58	0.47434965035
59	0.529871186441
60	0.83055862069
61	0.864836036036
62	0.866340966921
63	0.89670961718
64	0.855525423729
65	0.934104504505
66	1.12402753196
67	0.646953046953
68	0.548396116505
69	0.412162537166
70	0.435988011988
71	0.801300297324
72	0.881116831683
73	1.13541386139
74	1.13646725664
75	1.45567232767
76	1.37208358209
77	1.28195643564
78	1.71777425743
79	1.9593115727
80	1.41184690873
81	1.53237735849
82	1.1606374502
83	1.47950695825
84	0.960188976378
85	0.716711462451
86	1.13703896104
87	0.894772881356
88	1.16983816184
89	1.23526336634
90	0.950763131814
91	1.2901018981
92	1.30557961783
93	1.70555844156
94	1.35953873874
95	1.8528950495
96	1.46666138614
97	1.58061782178
98	1.97888511489
99	1.28031431244
100	1.22611494253
101	1.53349347258
102	1.09940918164
103	1.25427360308
104	1.63618217822
105	1.33060594059
106	1.34557623762
107	1.48533069307
108	1.56012341198
109	1.65028571429
110	1.10908225966
111	1.24636963037
112	0.795552031715
113	1.12658823529
114	0.812266666667
115	1.33383416583
116	1.53302675917
117	0.1128957795
118	3.50655621302
119	1.30438341014
120	1.3229010989
121	0.963639246779
122	0.971766567755
123	1.12802378593
124	0.76347826087
125	1.00072727273
126	1.2288991009
127	1.56187908821
128	1.04065612648
129	1.04228571429
130	0.952982178218
131	1.24636963037
132	0.28842814668
133	0.895117241379
134	1.35164940239
135	1.39852225021
136	1.86619405941
137	1.80666138614
138	1.85103174603
139	2.18601197605
140	2.16855944056
141	1.48609329941
142	1.73405940594
143	1.74884315684
144	1.85741129832
145	1.93484915085
146	2.09289581624
147	2.27407792208
148	1.77985332012
149	2.37805185185
150	2.36908291991
151	2.65203125
152	2.55264751958
153	1.96465134865
154	1.90993006993
155	2.72233366633
156	2.50881918082
157	2.69864811133
158	2.88282917083
159	2.80544255744
160	2.43340901503
161	3.07219180819
162	2.71864935065
163	2.4181407334
164	2.37647152847
165	2.34250148662
166	3.19335311573
167	2.84764835165
168	2.42757852883
169	3.35645154845
170	2.81322222222
171	3.13595204795
172	1.89425893566
173	1.77441553398
174	1.49026173826
175	2.33846153846
176	2.75458941059
177	3.33102897103
178	3.51709811695
179	3.65466138614
180	3.68317485265
181	3.64807992008
182	3.47312733447
183	4.30762837163
184	3.7132765114
185	4.14363236763
186	4.51209514371
187	0.256733780761
188	6.03529640428
189	3.69168862275
190	2.77494505495
191	2.85061277284
192	4.1506746507
193	2.5061449851
194	3.01752647353
195	2.73021574344
196	3.27586124876
197	0.407068
198	3.82047236766
199	1.39055674103
200	2.28501098901
201	2.14971428571
202	1.61827772228
203	1.77258571429
204	2.56684592738
205	1.90226706231
206	1.57618855219
207	1.71946245059
208	1.29045787909
209	1.99375841584
210	1.47364752475
211	1.11335686275
212	1.53135596171
213	2.02423596575
214	2.25381386139
215	1.87571628372
216	2.35245554446
217	2.88658730159
218	2.30460739261
219	3.93651148851
220	2.52772249752
221	1.42425477707
222	2.38340859141
223	2.31164035964
224	1.7190802775
225	2.2152950495
226	2.25334331151
227	2.47438584071
228	2.52176849434
229	2.47890801187
230	1.92810948192
231	0.0790542822678
232	4.98212365064
233	1.89152982456
234	1.87271216617
235	1.81134588702
236	1.57638773492
237	1.4592
238	1.25515247525
239	1.94608591409
240	1.58421578422
241	1.71752727273
242	1.3480239521
243	1.64105660377
244	1.49264670659
245	1.4574488189
246	2.01168431568
247	2.08559528487
248	1.21198415842
249	2.07728271728
250	1.96319524281
251	0.0377644831503
252	4.82660250241
253	1.92874455446
254	0.957984313725
255	1.09331750742
256	0.516757605496
257	0.14212987013
258	2.3717002997
259	1.67952475248
260	1.13185332012
261	1.30852173913
262	1.52807142857
263	1.55662574257
264	1.53050949051
265	1.04535714286
266	0.68694368932
267	0.349858141858
268	0.215857988166
269	0.182221351616
270	0.0208556455455
271	0.711337773549
272	0.1368
273	0.229521448999
274	0.0841846153846
275	0.0332067620286
276	0.0757370242215
277	0.057135042735
278	0.227323442136
279	0.194448045758
280	0.189415384615
281	0.081528358209
282	0.118023529412
283	0.00265345848776
284	0.00687005649718
285	0.0160704845815
286	0.038433713784
287	0.0314352941176
288	0.0440782978723
289	0.00693005380477
290	0.0360236998025
291	0.0408663181479
292	0.0419712368169
293	0.0405333333333
294	0.0575495179667
295	0.0463728813559
296	0.0279518072289
297	0.0506666666667
298	0.0538671041838
299	0.0421328200192
300	0.0479579316389
301	0.0471724137931
302	0.0518181818182
303	0.0496101541251
304	0.0497907188353
305	0.03315
306	0.0331385314156
307	0.0673181019332
308	0.048
309	0.0497907188353
310	0.0437322677323
311	0.0364496253122
312	0.0401762114537
313	0.0490322580645
314	0.039652173913
315	0.0244504021448
316	0.0332770927969
317	0.0378031088083
318	0.036602006689
