0	1.16795333333
1	1.0944
2	0.829063788027
3	1.05941565217
4	1.27246942149
5	1.39268118812
6	1.2241046729
7	1.14857821782
8	0.350328712871
9	0.90862751972
10	1.51965906838
11	1.45197623762
12	1.11632475248
13	0.785234421365
14	1.10633102081
15	0.738964705882
16	1.30156590684
17	0.511469740634
18	1.16144262295
19	0.697861386139
20	1.2460990099
21	0.93017029703
22	1.73835764236
23	0.958838076546
24	1.19192079208
25	1.09908118812
26	1.17628263003
27	1.17881568627
28	1.81327058824
29	1.51519207921
30	1.28494257426
31	1.45847976308
32	0.951522862823
33	0.736823762376
34	0.423008919722
35	0.368047477745
36	0.310124670764
37	1.10423976024
38	0.897825396825
39	1.25411165524
40	0.927360639361
41	1.08822200198
42	1.24132336449
43	1.05209910803
44	0.530085914086
45	0.812673267327
46	0.858590078329
47	0.910194059406
48	1.18023529412
49	1.17299009901
50	1.14857821782
51	0.90396031746
52	0.643764705882
53	0.87203187251
54	0.847698113208
55	0.790319921492
56	0.6103744
57	0.423008919722
58	0.392752667313
59	0.292852329039
60	0.216712871287
61	0.246776470588
62	0.0265142857143
63	0.666156521739
64	0.0728478649536
65	0.360791208791
66	0.547516483516
67	1.49117009346
68	1.83640816327
69	1.49657542458
70	1.68414785215
71	1.55701375246
72	1.45418733274
73	1.92998811881
74	1.88207819288
75	2.30922636103
76	2.11215984016
77	1.69176186368
78	2.33772627373
79	1.57291176471
80	2.02952247752
81	1.33493237151
82	1.89092507493
83	1.66155294118
84	1.72034634975
85	1.87326792453
86	1.43396173913
87	1.69942178218
88	1.29498501499
89	1.09444253323
90	1.48344666667
91	1.95298301698
92	2.07064935065
93	1.73280141844
94	1.83884543126
95	1.92069974769
96	2.02218581419
97	1.24602729754
98	1.45696703297
99	1.18832100992
100	1.76073663366
101	1.46846753247
102	1.4769500998
103	1.50549450549
104	1.27879800995
105	0.853391596639
106	0.840422791082
107	0.710649350649
108	0.966497064579
109	1.13991724138
110	0.556514851485
111	0.898070175439
112	0.968623376623
113	0.426312138728
114	0.958815384615
115	1.41514485514
116	1.37085940594
117	1.19531417245
118	1.04108691309
119	1.62854282964
120	1.47520802005
121	1.56842030276
122	1.70163726462
123	0.551332038835
124	0.786943620178
125	1.31717227723
126	1.48294617564
127	1.48055555556
128	1.45701386139
129	1.10438899083
130	1.41783151635
131	0.965811764706
132	1.47524587315
133	1.90206084396
134	2.05630588235
135	1.91771428571
136	1.53165668663
137	1.4163968254
138	1.40704761905
139	1.45767920792
140	0.703450434783
141	1.33383911939
142	1.32318802619
143	1.71267132867
144	1.38032264334
145	1.84788023952
146	1.69700492611
147	1.21030029441
148	1.31673926074
149	1.19107692308
150	1.42829306931
151	1.14512268908
152	0.967722772277
153	1.07323137255
154	1.25832871287
155	1.39792294807
156	1.79171371769
157	1.02388976378
158	1.10352380952
159	1.10824327019
160	1.36046353646
161	1.44437661051
162	0.751954674221
163	0.661520792079
164	0.925785714286
165	0.704974310181
166	0.118724637681
167	1.14546166395
168	0.48857254902
169	1.52389620758
170	1.28082539683
171	1.46336926148
172	1.59218074656
173	1.20664135864
174	1.44914177694
175	1.65442714571
176	1.08138646895
177	1.25410196078
178	1.20927968597
179	1.04471647165
180	1.19680714286
181	1.36436435644
182	1.20154302671
183	0.811532923617
184	0.987049085659
185	1.31702697303
186	1.35947722772
187	1.30595044599
188	1.22355244755
189	1.25358176412
190	1.01762376238
191	1.31764235764
192	0.989514360313
193	1.59194411178
194	1.61853045187
195	1.27023740393
196	1.54353221011
197	1.08318431373
198	1.31695841584
199	1.40892673267
200	1.48477122877
201	1.44423609923
202	1.66457542458
203	1.15527672328
204	1.35004713805
205	1.38418217822
206	1.23864680105
207	1.43311000991
208	1.15920761905
209	1.60698501499
210	1.25501684836
211	1.37269130869
212	1.45051251079
213	1.64823976024
214	1.06007096172
215	1.47964980545
216	2.05396203796
217	1.66242019838
218	1.74850909091
219	1.7016152381
220	1.4406953047
221	1.23986997434
222	1.35633391304
223	1.35412180747
224	1.08314110429
225	1.03203996004
226	1.16128884652
227	1.64317282717
228	1.38624695652
229	2.29920958084
230	1.31772790467
231	1.35037762238
232	1.37662912621
233	1.75159240759
234	1.48785628743
235	1.67827437446
236	1.43890439276
237	1.29528888889
238	1.55632666667
239	1.45252857143
240	1.29274725275
241	1.14943811395
242	1.33392822502
243	1.36114509804
244	1.4386013986
245	1.23527941176
246	1.57991864407
247	1.76711288711
248	1.72255489022
249	1.6288458498
250	1.64978926441
251	1.55301498501
252	1.86555731225
253	1.61415506958
254	1.57842714571
255	1.33061645193
256	1.31436381136
257	1.45393062438
258	1.28953446553
259	1.05308235294
260	1.50767632368
261	1.55965873016
262	1.40823099134
263	1.8112605042
264	1.83051144279
265	1.83623482587
266	1.85795728155
267	1.9744510978
268	1.34422993062
269	1.86247352647
270	1.7621194605
271	2.08274925075
272	1.84723539823
273	1.88528271728
274	1.91734665335
275	1.65508183633
276	1.52103013699
277	2.02757242757
278	1.59272984942
279	1.96862337662
280	2.19608391608
281	1.54644274809
282	1.82359962229
283	1.37655500496
284	1.79215184815
285	1.98069189189
286	2.36497102897
287	1.52122058824
288	1.9756963037
289	1.69338661339
290	1.32333397498
291	1.5059756782
292	0.984281081081
293	1.56227326733
294	1.72579009901
295	1.59031428571
296	1.55491538462
297	1.41449653808
298	1.47993606394
299	1.48134265734
300	1.41829056924
301	1.46459449541
302	1.67461979648
303	1.74417196262
304	1.5856329588
305	1.58916779825
306	1.92926353791
307	1.51775648703
308	1.57119047619
309	1.49855744256
310	1.73588811189
311	1.21588095238
312	1.61766063738
313	1.63233333333
314	1.46414385614
315	1.77688800793
316	1.69264917396
317	1.60991559633
318	1.5681255161
