0	2.01794851485
1	1.57531764706
2	1.27588910891
3	1.36176556777
4	1.9079246779
5	1.51699009901
6	0.948776699029
7	0.185631492619
8	1.28836887608
9	1.64834851485
10	2.06960792079
11	2.2349010989
12	2.34760339943
13	2.72459081836
14	2.4345952381
15	1.65867722772
16	2.12047152847
17	2.2232864222
18	2.96783233533
19	2.99223176823
20	2.03690627843
21	2.9081958042
22	1.90998612488
23	1.90715151515
24	2.32874325674
25	1.7934826561
26	2.23034565435
27	1.46553815659
28	1.49160034752
29	1.69036039604
30	1.52638616715
31	1.47231777557
32	1.73398425197
33	1.25371542289
34	1.46989513823
35	2.12378613861
36	1.92919080919
37	1.73171628372
38	1.65083693517
39	1.98488800793
40	1.51238361638
41	1.42086818632
42	1.34117647059
43	1.0945029703
44	1.24636963037
45	1.07751412429
46	1.27860594059
47	1.2573026973
48	0.990230508475
49	1.00331881188
50	1.3379960396
51	1.34920366972
52	1.73835764236
53	1.01250581846
54	1.24387612388
55	1.43235728155
56	1.55737302326
57	1.52830309073
58	1.62822970297
59	2.08044356436
60	1.55828118812
61	1.38087920792
62	0.990516192345
63	0.866851485149
64	0.986043564356
65	0.502075072185
66	0.81998001998
67	1.11184063745
68	1.08869803922
69	1.51136532811
70	1.19148412698
71	0.979786206897
72	1.38696237624
73	0.941164356436
74	0.910352475248
75	0.866851485149
76	0.76640959041
77	0.862929674099
78	1.03864135864
79	0.934493557978
80	0.904134520277
81	1.37612673267
82	0.748571428571
83	0.899081188119
84	0.963418397626
85	0.588357212954
86	0.811869436202
87	0.675992079208
88	0.774905094905
89	0.877260176991
90	1.06189306931
91	1.00333465347
92	1.12715294118
93	0.949010901883
94	1.09092430279
95	1.17906692161
96	1.62534653465
97	1.22071528472
98	2.00658077304
99	1.67741858142
100	1.43727524752
101	0.9997956778
102	0.662298039216
103	0.484061538462
104	0.308132038835
105	0.247788679245
106	0.255005825243
107	0.0927615003539
108	0.329686236766
109	0.166765714286
110	0.203659157689
111	0.461817468106
112	0.167884947267
113	0.103848175182
114	0.00033151330188
115	0.717119724376
116	1.46399207136
117	1.12607731092
118	1.68244555445
119	1.22960518999
120	1.78473526474
121	1.51933465347
122	1.86482352941
123	1.61221386139
124	1.60529931305
125	1.70626310584
126	2.05365544554
127	2.49752647353
128	2.39407792208
129	2.70854278306
130	2.2472
131	2.72543940796
132	2.71749902913
133	2.70608888889
134	2.2947316209
135	2.50744455544
136	2.8384015984
137	2.81841117764
138	3.03426415094
139	2.92272592593
140	3.19438961039
141	3.84602597403
142	3.0203715847
143	3.98952592593
144	2.85390609391
145	3.04206937562
146	2.40204137931
147	3.20633036597
148	2.30790882061
149	2.13405148515
150	2.19234365634
151	2.47297522299
152	2.14192207792
153	2.28163036963
154	2.25182711198
155	2.6786013986
156	2.10351587302
157	2.33818397626
158	1.5853307393
159	1.69462537463
160	0.816166336634
161	1.7011960396
162	1.42312079208
163	1.50876323676
164	1.20151437066
165	1.64775272727
166	1.79302297702
167	1.32658870168
168	1.33501132075
169	1.62902697303
170	2.04356083086
171	2.43776540755
172	1.59744411474
173	1.37291881188
174	1.69036039604
175	1.61593606394
176	1.9801029703
177	2.02626534653
178	1.82849108911
179	2.39467722772
180	1.15215049505
181	1.47803773585
182	1.37612673267
183	0.973055462185
184	0.244865413309
185	4.39325097733
186	1.5196963037
187	1.90896333003
188	1.3464
189	1.76022377622
190	1.79681268583
191	1.77115684316
192	1.29434347399
193	1.4303049505
194	1.31735968379
195	1.73139636364
196	1.59283960396
197	1.12421978022
198	1.68369230769
199	1.49149800797
200	1.38673153153
201	2.20847952048
202	1.68750842418
203	1.82399200799
204	2.29358882236
205	2.11792269574
206	1.61855435847
207	1.18181386139
208	1.56130029732
209	2.1079760479
210	1.74339009901
211	1.78808782435
212	1.86166412214
213	2.35133465347
214	1.72004743083
215	2.9590139165
216	1.84963960396
217	2.97379420579
218	2.07485490196
219	3.30028371628
220	2.21878121878
221	2.38222222222
222	2.21211588412
223	2.19111992071
224	1.86004743083
225	1.46410307235
226	2.16712871287
227	2.14877922078
228	2.31970196078
229	2.38584021071
230	2.2786627566
231	1.41324329692
232	1.70555844156
233	1.06750044287
234	0.964372277228
235	0.841846153846
236	1.01571456888
237	0.996879207921
238	1.08367058824
239	0.908819180819
240	1.44256888008
241	0.978573426573
242	1.74929070929
243	1.56928094303
244	1.63478921079
245	1.40523564356
246	1.53188173913
247	1.6315
248	1.45197623762
249	1.03493861386
250	1.5098021978
251	1.88738156591
252	1.37941625857
253	2.0174271556
254	1.72220990099
255	1.40701176471
256	1.36256379822
257	1.48595441031
258	1.13539009901
259	1.21479484638
260	1.08679320679
261	1.56018235877
262	1.72286732673
263	1.22743762376
264	1.064
265	0.567011857708
266	0.54825433526
267	0.504118811881
268	0.877687128713
269	0.832087042532
270	1.01955996036
271	0.963866666667
272	0.996879207921
273	0.701487850467
274	0.761788235294
275	0.350633009709
276	0.0101803495146
277	1.54897777778
278	0.0412203389831
279	0.00150412314458
280	0.520110891089
281	0.49900952381
282	0.451388679245
283	0.599744255744
284	0.6256085031
285	0.988523476523
286	1.13487524752
287	1.0783666997
288	1.03499407282
289	1.20480475719
290	1.33146587537
291	1.10967615309
292	0.799192807193
293	0.819846908734
294	0.689222777223
295	0.800571428571
296	0.387484615385
297	0.392928571429
298	0.747690703736
299	0.878392523364
300	1.03644114921
301	1.26665334665
302	1.42747722772
303	0.985956302521
304	1.1569029703
305	1.48738217822
306	1.58860990099
307	1.53397227723
308	1.44798422091
309	1.34540978078
310	1.5494970297
311	0.75523960396
312	0.456885436893
313	0.242263715111
314	0.185862137862
315	0.329382524272
316	0.350633009709
317	0.602007843137
318	1.20491111111
