0	1.27215049505
1	1.60430709427
2	1.37749058474
3	1.2166019802
4	1.7181556196
5	1.79533795837
6	1.96650549451
7	1.64848412698
8	1.36408275862
9	1.82582217782
10	1.26158194308
11	1.73520590648
12	1.92352917903
13	2.02633894945
14	1.51237562438
15	2.0922037962
16	1.91180314961
17	1.90201197605
18	1.32337883284
19	1.62695738355
20	1.19473267327
21	1.59868235294
22	0.804531468531
23	1.08727634855
24	1.55875697211
25	1.28933466533
26	1.69293413174
27	1.21701587302
28	1.64865014866
29	1.11607128713
30	0.946999018646
31	0.936553846154
32	0.357784615385
33	0.297506796117
34	0.180629126214
35	0.223130097087
36	0.294363112392
37	0.347084241824
38	0.405367487685
39	0.805826865672
40	0.835171456888
41	0.871762376238
42	1.04852694611
43	0.757492063492
44	0.918377622378
45	0.478103505843
46	0.520110891089
47	0.767052319842
48	0.930748031496
49	1.05105742574
50	0.770273267327
51	0.803750819672
52	0.677485714286
53	0.27625631068
54	0.279238469087
55	0.329063045587
56	0.172514851485
57	0.292562376238
58	0.024205355494
59	1.83317554241
60	0.692795252226
61	0.755478571429
62	1.01855049505
63	0.871608391608
64	1.18186719524
65	1.13683550914
66	1.25569139466
67	1.10053518335
68	1.24150898204
69	1.13548476936
70	1.26709503785
71	1.02938613861
72	0.703620178042
73	0.543524752475
74	0.622916584887
75	0.450635294118
76	0.42259009901
77	0.365903066271
78	0.573763106796
79	0.461817468106
80	0.424597478177
81	0.264752203722
82	0.30873151751
83	0.105909677419
84	0.0994909090909
85	0.239474835886
86	0.196351274788
87	0.163648598131
88	0.128375366569
89	0.193699115044
90	0.00193288590604
91	0.0401983471074
92	0.0484676705049
93	0.00101662796098
94	0.266786181139
95	0.834344554455
96	0.846017839445
97	0.878753246753
98	1.53866138614
99	1.17375841584
100	0.622305882353
101	0.384
102	0.903219123506
103	2.12589098117
104	1.95989620758
105	2.26914285714
106	2.88234965035
107	3.05465346535
108	2.14240747664
109	2.85006193806
110	2.93442557443
111	2.75326522593
112	2.48167032967
113	2.13124041812
114	2.73366633367
115	2.61984415584
116	2.8248951049
117	2.4515505618
118	3.37067722772
119	2.15021372719
120	2.06986468953
121	1.76245584525
122	1.57892173913
123	1.54964073007
124	1.48188611389
125	1.4159447323
126	1.60738835795
127	2.02827353816
128	1.56768031968
129	1.58377006938
130	1.6611960396
131	1.52606732673
132	1.38822777223
133	1.38696237624
134	1.30042733397
135	1.69462537463
136	1.44986507937
137	1.59533465347
138	2.04448351648
139	1.9398041958
140	1.93118881119
141	1.92041351889
142	1.43476435644
143	1.5524955045
144	1.20248221344
145	1.37498311817
146	2.1661958457
147	3.22531543624
148	3.38794836147
149	3.23056943057
150	3.06422377622
151	3.45378621379
152	2.57088888889
153	2.72234183192
154	2.73745094153
155	3.11934465534
156	3.35140918164
157	3.69081102362
158	2.27825742574
159	2.06723168317
160	2.10419821606
161	1.91426173826
162	3.19136063936
163	3.63313486513
164	3.08883333333
165	2.99837567084
166	4.61289860835
167	4.01161594203
168	4.93855841584
169	3.86632920354
170	4.47522077922
171	3.66366550523
172	4.63433366633
173	3.61377648202
174	4.82345654346
175	3.8778036225
176	3.87115284715
177	4.51493306693
178	5.45955644356
179	3.80033366435
180	4.62320958084
181	3.3575024777
182	2.84639048563
183	3.18506293706
184	2.89674325674
185	2.65978239367
186	2.67983233533
187	1.9644921875
188	2.1287706422
189	2.45977644711
190	2.20141259982
191	2.19535329341
192	1.976
193	1.19687920792
194	1.14857821782
195	1.51666600199
196	2.14288111888
197	1.99991243781
198	2.47087312687
199	1.15051460886
200	2.42354716981
201	1.43788514851
202	1.42683378747
203	1.67034291378
204	1.26285148515
205	1.73316334661
206	1.79987276342
207	1.97617443013
208	2.0371009901
209	0.466133333333
210	1.20275643564
211	1.23915247525
212	1.46281188119
213	1.04188701685
214	1.12416383616
215	1.69950769231
216	1.94414371257
217	1.57068253968
218	2.08821578422
219	1.88830339321
220	1.87078481013
221	1.99875449102
222	1.93755956679
223	2.95813069307
224	0.971801513877
225	1.89142057942
226	1.63780376611
227	0.886265346535
228	0.166448669202
229	0.0695409054805
230	0.794755642787
231	0.045057408044
232	2.88505682951
233	1.05209910803
234	1.24733399405
235	0.67276039604
236	1.04179453346
237	0.940243756244
238	1.12672927073
239	1.43314285714
240	1.3977980198
241	1.38500594059
242	1.63618217822
243	1.57436163836
244	1.30907646475
245	1.74929070929
246	1.18751683168
247	1.65785346535
248	1.39884241824
249	1.73835764236
250	1.5123567889
251	1.4180652819
252	0.878556987116
253	0.942843564356
254	1.14682634731
255	0.878556987116
256	0.730315996075
257	0.542131736527
258	0.720282907662
259	1.17758736426
260	1.06611530815
261	0.865194856578
262	1.36664420218
263	1.50091508492
264	1.51849355798
265	0.666917082917
266	0.143873794917
267	0.0635104311544
268	0.127502912621
269	0.400522255193
270	0.531472745292
271	0.643764705882
272	0.986043564356
273	0.67371258672
274	0.051250221491
275	5.33533666334
276	0.887560353288
277	1.71649150849
278	1.35579781962
279	1.08129341317
280	1.54784508441
281	1.35190588235
282	1.33278415842
283	1.10609912536
284	0.434121974831
285	1.29544990177
286	1.21359207921
287	1.26777029703
288	1.5494970297
289	1.27916883117
290	1.07489328063
291	1.3176358209
292	0.929310689311
293	0.77327576055
294	0.81998001998
295	1.02900297324
296	1.39918334985
297	0.855169139466
298	0.715861248761
299	0.721582417582
300	0.792571428571
301	0.01438101963
302	3.49087483871
303	0.986043564356
304	0.823508910891
305	1.09331750742
306	1.14
307	0.954917647059
308	0.674555885262
309	0.840209912536
310	1.2245034965
311	1.74929070929
312	1.2995451895
313	0.997835294118
314	0.719576054956
315	0.541887378641
316	0.774111405836
317	1.35714285714
318	0.739174119886
