0	2.13040559441
1	2.2452011893
2	2.76857821782
3	2.331004995
4	3.75154806739
5	3.41442376238
6	3.14772427572
7	2.18389705882
8	2.33734131737
9	1.36469130869
10	1.8040754717
11	1.93515284715
12	2.8485034965
13	2.10628571429
14	0.0493215171925
15	6.12366633955
16	3.08447552448
17	2.82125148515
18	3.77190809191
19	1.64605108055
20	1.85558811881
21	1.97532067932
22	2.62771628372
23	2.89598414272
24	1.78698613861
25	1.97888511489
26	1.66739225422
27	2.08821578422
28	0.116721178263
29	0.929310689311
30	1.1605629336
31	1.04957442557
32	0.958905847374
33	1.44847058824
34	1.25693465347
35	1.2901018981
36	1.60526461843
37	0.982908011869
38	1.77880673935
39	1.76022377622
40	0.143389533385
41	6.2977022977
42	2.73324356436
43	2.72825904762
44	1.75711397423
45	1.19192079208
46	1.39535664336
47	2.26794805195
48	2.812
49	1.99859009901
50	2.12196603397
51	2.1857022977
52	1.54141269841
53	2.04547326733
54	2.28646336634
55	2.01629803922
56	1.89478811881
57	1.62376823177
58	1.80106293706
59	1.60572790467
60	1.60996603397
61	1.24733399405
62	1.40354845155
63	1.26245754246
64	1.78208991009
65	1.74497619048
66	1.57986152324
67	1.46571428571
68	1.67028171828
69	1.7425644725
70	2.15451748252
71	2.09127237729
72	2.07228771229
73	2.13230891089
74	2.05534257426
75	1.4212987013
76	0.847108013937
77	1.49783016983
78	2.3164995005
79	2.58143904856
80	1.84635877106
81	1.80776261128
82	1.39146138614
83	1.59620143885
84	1.76796035679
85	2.11504459861
86	1.61821378621
87	2.25221178821
88	2.59485714286
89	2.03466933067
90	3.00659340659
91	2.13182160555
92	2.78793206793
93	2.06304063429
94	1.55131746032
95	1.0197002997
96	1.77115684316
97	1.63179365079
98	1.456371909
99	2.10419821606
100	1.45147274529
101	1.78611275964
102	1.74061782178
103	2.15088999009
104	1.85764635365
105	1.44454442344
106	0.657937341236
107	2.16955401388
108	2.13838991271
109	1.61809390609
110	2.32342857143
111	2.51904095904
112	2.83227241771
113	1.80517882118
114	1.53102598653
115	1.26663546355
116	1.17587326733
117	1.45822001982
118	0.902033966034
119	1.37859266601
120	1.91119280719
121	1.1619313052
122	1.23138217822
123	1.10707692308
124	1.67947252747
125	1.36012685828
126	1.74020571429
127	1.28068425842
128	0.89846884273
129	1.50129317981
130	1.90694905095
131	1.48197138315
132	0.921314121037
133	1.91980971259
134	1.48886692015
135	1.84500793651
136	1.95709381238
137	2.07314285714
138	1.95087524752
139	1.93916205534
140	1.95080952381
141	1.91260521739
142	1.89623762376
143	1.03376015857
144	1.02770829171
145	1.05182745098
146	1.39655849057
147	1.64701782178
148	1.25181960784
149	1.44061176471
150	2.11295049505
151	1.45991674926
152	1.19685914086
153	0.988294802172
154	1.16983816184
155	1.05282352941
156	1.13422931206
157	0.856015841584
158	0.59596039604
159	0.438906930693
160	0.761788235294
161	0.902037735849
162	0.400918811881
163	0.323308737864
164	0.590117647059
165	0.950317002882
166	1.12340931615
167	1.23858541459
168	1.50943119266
169	1.35973626374
170	1.13694350842
171	1.12611485149
172	1.07222200198
173	0.980419196866
174	1.11897029703
175	1.26800733945
176	1.66868910891
177	1.31577644711
178	1.17147619048
179	1.46281188119
180	1.26595004995
181	1.31454145854
182	1.57383765112
183	1.75537425743
184	1.43111288711
185	1.51117542121
186	1.18754086957
187	1.64701782178
188	1.34929376855
189	1.52788107037
190	1.54360839161
191	2.0995944334
192	1.37615049505
193	1.30155932203
194	1.60845283019
195	1.58476723277
196	1.73137883284
197	1.46823435948
198	1.77704554455
199	1.47884115884
200	1.41078295342
201	1.52782574257
202	1.24287016848
203	1.47364752475
204	1.28105346535
205	1.50615445545
206	1.23105649158
207	1.10243168317
208	1.39525099602
209	1.00137848606
210	1.29844067797
211	0.88823015873
212	1.18225569871
213	0.90821760633
214	1.19310208127
215	0.860269306931
216	1.20263736264
217	0.938677227723
218	1.13741818182
219	1.24583316977
220	0.516798507463
221	1.19651241311
222	1.02836239316
223	1.12610589411
224	0.740995044599
225	1.02938613861
226	0.838604558969
227	0.809070373588
228	1.05105742574
229	1.0944
230	0.978140733399
231	1.54018632309
232	1.10199400599
233	0.890402378593
234	1.0944
235	0.964506930693
236	0.965597621407
237	1.04022178218
238	0.749346534653
239	1.20275643564
240	0.894001998002
241	1.23771428571
242	0.921519287834
243	1.10633102081
244	0.538843636364
245	0.879811764706
246	0.822033696729
247	0.985932673267
248	1.21060300619
249	1.14971655104
250	0.95961980198
251	1.50615445545
252	0.992023785927
253	1.07037125749
254	0.86015509468
255	1.06084272997
256	1.18225569871
257	0.840470588235
258	0.956377358491
259	0.546767696909
260	0.90024975223
261	0.681418326693
262	0.590380952381
263	0.494037291462
264	0.248973293769
265	0.102089552239
266	1.36930563798
267	1.22044532803
268	1.23622924901
269	1.31153968254
270	1.31863336663
271	1.36965544554
272	1.6216
273	1.49379228487
274	1.14919480519
275	1.48215873016
276	1.38681980198
277	1.54178210806
278	1.80940363636
279	1.73242033898
280	2.0242611276
281	1.51687301587
282	1.52851434224
283	1.49286818632
284	1.72116320475
285	1.26061938062
286	1.16604955401
287	1.43172249752
288	1.03816923077
289	1.08356435644
290	0.725270029674
291	0.0933561253561
292	1.08378325123
293	0.595013592233
294	0.942700990099
295	0.71151372549
296	0.47813592233
297	0.357576237624
298	0.289359773371
299	0.120467400508
300	0.553165510406
301	1.0670019802
302	0.769129411765
303	0.916137389598
304	0.59596039604
305	0.571341176471
306	0.39556626506
307	0.16188372093
308	0.867710604559
309	0.537972277228
310	0.287351152074
311	0.87722962963
312	0.815435294118
313	0.876698039216
314	1.25410589411
315	0.837048086359
316	0.790298305085
317	0.761521568627
318	0.626095867769
