0	0.935230921705
1	1.31111287129
2	1.03396407186
3	1.14905555556
4	1.4180652819
5	1.18929108911
6	0.938695738355
7	1.40895808383
8	1.23474603175
9	1.87888111888
10	1.81338354807
11	1.67522376238
12	1.31196803197
13	1.46316749257
14	2.06614653465
15	2.28632079208
16	1.80175841584
17	1.95222970297
18	1.99222947577
19	2.05308225966
20	1.94554909091
21	2.50367232767
22	1.9147012987
23	1.80552380952
24	1.85824380575
25	1.79312941176
26	1.1358970297
27	1.12032443126
28	1.48595441031
29	1.3351049505
30	1.04125272547
31	0.787231372549
32	0.562896142433
33	1.01200992556
34	0.660974257426
35	0.653853085211
36	0.421464180569
37	1.0944
38	0.928752475248
39	0.942700990099
40	0.867857425743
41	0.994909090909
42	0.564782862707
43	0.0164447783621
44	0.953536633663
45	0.82617254902
46	0.654494117647
47	0.536161383285
48	0.569216879293
49	0.566896825397
50	0.904733067729
51	0.695547169811
52	0.42745631068
53	0.504282352941
54	0.585009708738
55	0.641363726462
56	0.509275247525
57	0.390230769231
58	0.396599412341
59	0.558009910803
60	1.33259068385
61	1.54908291708
62	1.58334257426
63	1.3157740337
64	1.45918081918
65	1.49539009901
66	1.46388107037
67	1.25382538254
68	1.37612673267
69	1.24733399405
70	1.36036763237
71	1.48258039216
72	1.80395604396
73	1.70671638862
74	1.68746930693
75	1.92871928072
76	1.55673813708
77	2.21719760479
78	2.25072745292
79	2.11255445545
80	1.64576910569
81	1.78788118812
82	1.60838019802
83	2.3404990099
84	1.8368991009
85	2.07165906838
86	1.18705882353
87	1.62291512195
88	0.717192842942
89	1.08679245283
90	1.23404154303
91	0.791001980198
92	1.50771909001
93	0.8966496695
94	0.749142857143
95	0.536470588235
96	0.35276952381
97	0.515011764706
98	0.436886227545
99	0.542857142857
100	0.444261386139
101	0.0934226657163
102	0.896485089463
103	0.753482071713
104	0.848540755467
105	0.537165714286
106	0.531262135922
107	0.55702994012
108	0.47296031746
109	0.649495548961
110	0.58959764475
111	0.494785214785
112	0.715861248761
113	0.933206726014
114	1.04023785927
115	0.727849355798
116	0.459188811189
117	0.294406342914
118	0.708348856901
119	0.932581196581
120	1.02462279889
121	1.07674455446
122	1.24038019802
123	1.23519207921
124	0.922228099174
125	1.38711377246
126	1.29923809524
127	1.27625974026
128	1.15154059406
129	1.12693650794
130	1.0921254902
131	1.43070714985
132	1.22033267327
133	1.25818037661
134	0.615741176471
135	0.855169139466
136	0.654469772052
137	1.28944158416
138	1.08925320197
139	1.1764260355
140	0.388591304348
141	0.470023076923
142	0.995893175074
143	0.823266610597
144	0.941768545994
145	1.08563726462
146	1.38696237624
147	1.2135049505
148	1.12497254902
149	1.30822178218
150	1.36561038961
151	1.26269177403
152	1.22743147208
153	1.12389134126
154	1.1711338843
155	1.4303049505
156	1.03353663366
157	1.00544466019
158	1.22442772277
159	0.794294890511
160	1.02836795252
161	1.24733399405
162	0.961813861386
163	0.866851485149
164	0.71321859545
165	1.4592
166	1.09422398414
167	1.58043916914
168	1.1621984127
169	1.04338823529
170	1.53713946588
171	1.40824578791
172	1.21902574257
173	1.0376023976
174	1.35714285714
175	1.15844906034
176	1.18533201189
177	1.07036862745
178	1.42889020772
179	0.91952047952
180	1.52
181	1.21089108911
182	1.15925818182
183	1.41036563437
184	1.02025768087
185	1.09165940594
186	1.04058119658
187	1.0944
188	1.21357042957
189	1.0886580773
190	1.49531881188
191	1.11236435644
192	1.34229080119
193	1.01687144259
194	1.05181267218
195	1.4540979021
196	1.41628235294
197	0.637581395349
198	1.31371428571
199	1.09263865546
200	1.4303049505
201	1.111
202	1.28565436893
203	1.04738626227
204	1.19310208127
205	1.08434151129
206	1.2901018981
207	1.13523960396
208	1.78057142857
209	0.868391691395
210	0.670040816327
211	0.575136633663
212	1.27661814556
213	1.03936283186
214	1.21711088911
215	1.73055841584
216	1.32133201189
217	1.38526273726
218	1.39730426165
219	1.75147514911
220	1.37412749004
221	1.36398801199
222	1.60832734531
223	1.50428771229
224	1.80963779528
225	1.43778621379
226	1.71649150849
227	1.48364285714
228	1.64701782178
229	1.38318431373
230	1.4897982018
231	1.35184142716
232	1.87642418236
233	1.90094705295
234	2.13847619048
235	1.92182178218
236	1.82038811881
237	1.58665334665
238	1.91170951914
239	1.53351040634
240	1.37549019608
241	1.56342857143
242	1.18492639843
243	1.53280313418
244	1.05071159564
245	1.44114059406
246	1.28752941176
247	0.836779220779
248	1.46206679764
249	1.3222019802
250	1.77528783383
251	1.28253716551
252	1.7011960396
253	1.10824975223
254	1.37476557864
255	1.28618581419
256	1.36314285714
257	1.6697029703
258	1.55155599604
259	1.53741782178
260	1.4658018018
261	1.89623762376
262	1.81330669331
263	1.55414285714
264	1.54795247525
265	1.88048751249
266	1.28627948464
267	2.09287649402
268	1.77847316103
269	1.91603960396
270	1.88424070796
271	2.3404990099
272	1.9253016815
273	2.12760356789
274	1.90378440808
275	2.24127872128
276	2.06738553023
277	1.79434965035
278	1.6351031746
279	1.90982857143
280	2.12026614481
281	1.77349206349
282	1.80391287129
283	1.99053203883
284	2.04448351648
285	1.90205299313
286	2.10167128713
287	1.84835294118
288	1.64934700855
289	1.94202352941
290	1.50812673267
291	1.61451089109
292	1.46905098039
293	1.8528950495
294	1.49300594059
295	1.95041584158
296	1.68312871287
297	1.98292277228
298	1.5544
299	1.8488465205
300	1.82582217782
301	1.4647690783
302	1.70555844156
303	1.54600392927
304	1.4017913486
305	1.69951335312
306	1.26365148515
307	1.86373069307
308	1.76903865213
309	1.84071928072
310	1.75288007929
311	1.99268118812
312	0.929940594059
313	1.51087524752
314	1.87116039604
315	1.7350405771
316	1.26902675917
317	1.23543656344
318	0.721206793207
