0	1.53600669456
1	1.96792015968
2	1.4071048951
3	1.64781120944
4	1.33137454545
5	1.60076455256
6	1.71077184054
7	2.38253746254
8	1.5623032491
9	1.92204595405
10	2.03858077304
11	1.13404363636
12	1.31451089109
13	0.839747285291
14	0.895062562066
15	1.11291108891
16	1.15044553484
17	1.86734530938
18	1.54522211809
19	1.74763696919
20	1.64937815126
21	1.70965090909
22	1.95326147705
23	1.52952647353
24	1.57609542744
25	1.58053146853
26	1.63233994334
27	1.56985414585
28	1.29161138371
29	1.88332467532
30	1.48006342914
31	1.41621428571
32	1.90415049505
33	1.80189158879
34	2.4028742515
35	2.09076190476
36	2.25318899083
37	2.32867747748
38	2.08886153846
39	2.67905649158
40	1.61281118881
41	1.76796035679
42	1.6488951049
43	1.86585530228
44	2.23027326733
45	1.97219425173
46	2.90146906188
47	2.89866933067
48	3.33645283019
49	2.76345254745
50	2.52987908821
51	2.14044356436
52	2.53805351833
53	1.9082997003
54	2.05494857143
55	2.47087312687
56	1.93681665015
57	2.48382160555
58	1.7724470821
59	2.3211258672
60	1.88290909091
61	2.24297821782
62	1.90893161546
63	2.09914885115
64	1.78358017493
65	0.00636279069767
66	5.68762735382
67	2.89726273726
68	2.34872347826
69	3.0985974026
70	3.19333464181
71	3.69552847153
72	2.60191008991
73	2.32467326733
74	2.1692765114
75	1.48908691309
76	1.54351635282
77	1.98981818182
78	1.55144499504
79	2.00075124875
80	1.60677106046
81	2.13194805195
82	1.91581367691
83	2.24265334665
84	2.25068780971
85	0.420359088879
86	1.20145101843
87	2.28501098901
88	2.05737958375
89	1.61116039604
90	1.86373069307
91	1.17697350343
92	1.50615445545
93	1.40932667333
94	1.86907492507
95	1.86742857143
96	1.06012289395
97	0.954481665015
98	0.0816647975078
99	1.45658382643
100	0.520131910766
101	0.57485827552
102	0.542946534653
103	0.798113886114
104	0.769330693069
105	0.653694117647
106	0.891415112856
107	0.48101665206
108	0.708836113837
109	0.758495049505
110	0.583395934172
111	0.542857142857
112	0.424626362735
113	0.465932673267
114	0.65568627451
115	0.439905882353
116	0.375897939156
117	0.268506930693
118	0.371883495146
119	0.308132038835
120	0.289694117647
121	0.239572815534
122	0.418447058824
123	0.329382524272
124	0.241491262136
125	0.209839773798
126	0.236278704612
127	0.195868694956
128	0.1632
129	0.210461538462
130	0.153095145631
131	0.15766779661
132	0.265631067961
133	0.188403960396
134	0.270891089109
135	0.252553846154
136	0.235326732673
137	0.278964705882
138	0.289694117647
139	0.161196039604
140	0.189415384615
141	0.138117647059
142	0.24921980198
143	0.377592079208
144	0.561893069307
145	0.487346788991
146	0.524547041707
147	0.406919765166
148	0.24999807136
149	0.244618075802
150	0.244143549952
151	0.228055445545
152	0.251460539461
153	0.322198233562
154	0.280776470588
155	0.284123076923
156	0.215401360544
157	0.317211881188
158	0.455097029703
159	0.57878019802
160	0.737679207921
161	0.692935289042
162	0.444261386139
163	0.37283960396
164	0.455548067393
165	0.386117647059
166	0.349725490196
167	0.3526875
168	0.173125925926
169	0.225317647059
170	0.214168297456
171	0.108140018921
172	0.178892307692
173	0.180453928225
174	0.188073858115
175	0.303097922849
176	0.231401360544
177	0.300423529412
178	0.198256603774
179	0.16954298993
180	0.018732597946
181	0.531112871287
182	0.669885148515
183	0.382508737864
184	0.255700934579
185	0.203858823529
186	0.520110891089
187	0.841005988024
188	0.668642384106
189	0.546653346653
190	0.46639444995
191	0.246776470588
192	0.0798832116788
193	0.00278154784598
194	0.0210461538462
195	0.0536470588235
196	0.0342
197	0.067258999122
198	0.0722035815269
199	0.0736615384615
200	0.0491129394166
201	0.118023529412
202	0.115753846154
203	0.0695409054805
204	0.0563639484979
205	0.0490322580645
206	0.0526660250241
207	0.0525648414986
208	0.000265414184202
209	2.48688111888
210	2.7616152381
211	1.6792007992
212	1.53615184815
213	1.77990882061
214	2.07000999001
215	1.63584257603
216	2.18672527473
217	2.07296729435
218	2.02433234421
219	1.19267393459
220	1.19192079208
221	0.368047477745
222	0.381401980198
223	0.869082352941
224	0.406753246753
225	0.390469772052
226	0.253333333333
227	0.352049122807
228	1.56333926805
229	1.24029335976
230	1.49783016983
231	1.37218217822
232	1.43633267327
233	1.65703896104
234	1.86654509415
235	0.791814814815
236	1.3688619001
237	1.05046580773
238	1.13703896104
239	0.934693069307
240	1.01219009901
241	1.3832611251
242	1.59283960396
243	1.10968483647
244	1.47364752475
245	1.53098101898
246	1.8833966034
247	2.48915084915
248	1.77261904762
249	1.94170629371
250	1.82730624381
251	1.45634059406
252	1.28816617211
253	1.6524962963
254	1.89088316832
255	1.57116831683
256	1.50251348651
257	1.44256888008
258	1.14273978066
259	1.31064135864
260	1.2369980198
261	1.82762624254
262	1.28369353234
263	0.740329411765
264	0.294243137255
265	0.515135446686
266	0.639936570862
267	0.626547972305
268	0.942700990099
269	0.810276923077
270	0.256518155054
271	0.546653346653
272	1.24722376238
273	0.686009794319
274	0.544777142857
275	1.14971655104
276	1.21554104847
277	1.70184215784
278	0.970378592666
279	1.04934265734
280	1.57094945491
281	1.36141960784
282	1.69462537463
283	1.20283845391
284	1.38112287712
285	2.04215784216
286	1.8400555005
287	1.40863366337
288	0.829442557443
289	1.1071372549
290	1.76620990099
291	1.28946534653
292	2.78012387612
293	3.01477106046
294	1.51488031652
295	1.73979253867
296	2.55546181818
297	1.97888511489
298	2.08443556444
299	2.30171428571
300	1.44986213786
301	1.71203168317
302	1.24960792079
303	1.26777029703
304	1.10523564356
305	1.15672079208
306	1.35375824176
307	1.80448351648
308	1.72913052012
309	1.40767524752
310	1.65645333333
311	1.50615445545
312	1.45902097902
313	1.62173110893
314	1.1851988012
315	1.83303865213
316	1.26823576424
317	1.04797777778
318	1.37963564356
