0	2.4515505618
1	3.37067722772
2	2.15021372719
3	2.06986468953
4	1.76245584525
5	1.57892173913
6	1.54964073007
7	1.48188611389
8	1.4159447323
9	1.60738835795
10	2.02827353816
11	1.56768031968
12	1.58377006938
13	1.6611960396
14	1.52606732673
15	1.38822777223
16	1.38696237624
17	1.30042733397
18	1.69462537463
19	1.44986507937
20	1.59533465347
21	2.04448351648
22	1.9398041958
23	1.93118881119
24	1.92041351889
25	1.43476435644
26	1.5524955045
27	1.20248221344
28	1.37498311817
29	2.1661958457
30	3.22531543624
31	3.38794836147
32	3.23056943057
33	3.06422377622
34	3.45378621379
35	2.57088888889
36	2.72234183192
37	2.73745094153
38	3.11934465534
39	3.35140918164
40	3.69081102362
41	2.27825742574
42	2.06723168317
43	2.10419821606
44	1.91426173826
45	3.19136063936
46	3.63313486513
47	3.08883333333
48	2.99837567084
49	4.61289860835
50	4.01161594203
51	4.93855841584
52	3.86632920354
53	4.47522077922
54	3.66366550523
55	4.63433366633
56	3.61377648202
57	4.82345654346
58	3.8778036225
59	3.87115284715
60	4.51493306693
61	5.45955644356
62	3.80033366435
63	4.62320958084
64	3.3575024777
65	2.84639048563
66	3.18506293706
67	2.89674325674
68	2.65978239367
69	2.67983233533
70	1.9644921875
71	2.1287706422
72	2.45977644711
73	2.20141259982
74	2.19535329341
75	1.976
76	1.19687920792
77	1.14857821782
78	1.51666600199
79	2.14288111888
80	1.99991243781
81	2.47087312687
82	1.15051460886
83	2.42354716981
84	1.43788514851
85	1.42683378747
86	1.67034291378
87	1.26285148515
88	1.73316334661
89	1.79987276342
90	1.97617443013
91	2.0371009901
92	0.466133333333
93	1.20275643564
94	1.23915247525
95	1.46281188119
96	1.04188701685
97	1.12416383616
98	1.69950769231
99	1.94414371257
100	1.57068253968
101	2.08821578422
102	1.88830339321
103	1.87078481013
104	1.99875449102
105	1.93755956679
106	2.95813069307
107	0.971801513877
108	1.89142057942
109	1.63780376611
110	0.886265346535
111	0.166448669202
112	0.0695409054805
113	0.794755642787
114	0.045057408044
115	2.88505682951
116	1.05209910803
117	1.24733399405
118	0.67276039604
119	1.04179453346
120	0.940243756244
121	1.12672927073
122	1.43314285714
123	1.3977980198
124	1.38500594059
125	1.63618217822
126	1.57436163836
127	1.30907646475
128	1.74929070929
129	1.18751683168
130	1.65785346535
131	1.39884241824
132	1.73835764236
133	1.5123567889
134	1.4180652819
135	0.878556987116
136	0.942843564356
137	1.14682634731
138	0.878556987116
139	0.730315996075
140	0.542131736527
141	0.720282907662
142	1.17758736426
143	1.06611530815
144	0.865194856578
145	1.36664420218
146	1.50091508492
147	1.51849355798
148	0.666917082917
149	0.143873794917
150	0.0635104311544
151	0.127502912621
152	0.400522255193
153	0.531472745292
154	0.643764705882
155	0.986043564356
156	0.67371258672
157	0.051250221491
158	5.33533666334
159	0.887560353288
160	1.71649150849
161	1.35579781962
162	1.08129341317
163	1.54784508441
164	1.35190588235
165	1.33278415842
166	1.10609912536
167	0.434121974831
168	1.29544990177
169	1.21359207921
170	1.26777029703
171	1.5494970297
172	1.27916883117
173	1.07489328063
174	1.3176358209
175	0.929310689311
176	0.77327576055
177	0.81998001998
178	1.02900297324
179	1.39918334985
180	0.855169139466
181	0.715861248761
182	0.721582417582
183	0.792571428571
184	0.01438101963
185	3.49087483871
186	0.986043564356
187	0.823508910891
188	1.09331750742
189	1.14
190	0.954917647059
191	0.674555885262
192	0.840209912536
193	1.2245034965
194	1.74929070929
195	1.2995451895
196	0.997835294118
197	0.719576054956
198	0.541887378641
199	0.774111405836
200	1.35714285714
201	0.739174119886
202	0.536997055937
203	0.161190697674
204	0.261089463221
205	0.713739130435
206	1.63996003996
207	1.51817964072
208	1.25965873016
209	1.824
210	1.64538872404
211	1.22034596696
212	1.16909198813
213	0.810276923077
214	0.676616290481
215	0.476768316832
216	0.515011764706
217	0.793198824682
218	1.25657311089
219	1.13483022571
220	1.73835764236
221	1.67952475248
222	1.3124122894
223	0.0542378947368
224	5.26701960784
225	0.954917647059
226	1.37612673267
227	1.59283960396
228	1.40765423729
229	1.49383976261
230	1.672
231	1.33736637168
232	1.59622777223
233	1.68118929633
234	1.62534653465
235	1.13292850147
236	0.90024975223
237	0.783247058824
238	0.0311113220983
239	5.29268389662
240	1.74929070929
241	1.27086844708
242	1.73714285714
243	1.67786350148
244	1.04331746032
245	0.713276264591
246	0.609814925373
247	0.667185840708
248	1.5196963037
249	0.254700832799
250	6.00996226415
251	1.14575841584
252	1.76022377622
253	1.8655777998
254	1.54505346535
255	1.19310208127
256	1.23509322866
257	0.856015841584
258	0.874645354645
259	0.675374545455
260	0.607397423191
261	1.2901018981
262	1.83122376238
263	1.76796035679
264	1.36111088911
265	1.59051395573
266	1.4540979021
267	1.28114285714
268	1.46503096903
269	1.41637928007
270	1.58529470529
271	0.209212920237
272	5.20110891089
273	0.964372277228
274	0.112970322581
275	0.894321678322
276	0.997867195243
277	0.841846153846
278	0.396988235294
279	0.658126091174
280	0.661629335976
281	0.530946534653
282	0.42875612145
283	0.633656526006
284	0.847623529412
285	1.15941386139
286	1.19170866142
287	1.56186826347
288	1.56342857143
289	1.48595441031
290	1.39943256743
291	1.17382539683
292	1.48448316832
293	1.53430588235
294	1.30635247525
295	1.50211764706
296	1.26523564356
297	1.3113442623
298	1.53866138614
299	1.29370629371
300	1.73542120912
301	1.3076990099
302	1.61623785927
303	1.72411531532
304	1.57116831683
305	0.841030723489
306	1.10423976024
307	0.997132673267
308	1.49531881188
309	1.22286162905
310	1.5196963037
311	1.68118929633
312	0.870225742574
313	1.64701782178
314	1.14115294118
315	1.48448316832
316	1.30156590684
317	1.13711088911
318	1.21479484638
