0	1.54759167493
1	1.87588822355
2	1.55055344655
3	1.42745270891
4	1.44316483516
5	0.975525016678
6	0.0708880475933
7	4.2118019802
8	1.53356831683
9	1.45086732673
10	2.00811881188
11	1.66299487179
12	1.66793454545
13	1.90235364635
14	1.58211298315
15	1.54360839161
16	1.4592
17	1.32103631011
18	1.50478183613
19	1.57532472691
20	1.93515284715
21	1.28571735242
22	1.65949653122
23	1.12265142857
24	1.90235364635
25	1.75552824579
26	2.0174271556
27	1.47218381618
28	1.86373069307
29	1.64444796829
30	1.94608591409
31	1.59634851485
32	2.0371009901
33	1.67490693069
34	1.55302297702
35	2.00658077304
36	1.5718243513
37	2.25381386139
38	1.6686993007
39	1.66438057483
40	2.1649851632
41	1.92420218038
42	2.20847952048
43	1.6423468781
44	1.59768231768
45	1.76915758176
46	2.22130693069
47	1.79382217782
48	1.76696927651
49	1.81035247525
50	2.06761481481
51	2.13885714286
52	1.70790809191
53	2.13673736373
54	1.98204995005
55	1.92106923077
56	2.47297522299
57	2.12713686314
58	2.01404995005
59	2.01276511397
60	2.18012289395
61	2.0277886341
62	1.48595441031
63	0.713424332344
64	1.02029440628
65	1.33146587537
66	1.48667164179
67	1.3557002997
68	1.53562055336
69	1.31501886792
70	0.868539460539
71	1.82972142857
72	2.17168328446
73	1.50615292949
74	2.24775898931
75	2.05541658342
76	1.28752941176
77	1.62871528472
78	2.39434165834
79	1.47583333333
80	1.83122376238
81	1.23388235294
82	0.858637623762
83	1.20899135447
84	1.37606286837
85	0.715901088032
86	1.62058088235
87	1.37879652174
88	1.68561584158
89	2.23500990099
90	1.88771485149
91	1.37431504425
92	1.75651538462
93	2.18661338661
94	2.00745346535
95	1.64641758242
96	1.99771428571
97	1.54829906542
98	1.95041584158
99	2.06222931206
100	1.68651439921
101	2.06377276525
102	2.52553846154
103	1.93655144855
104	0.817829878485
105	1.20394846383
106	1.10523564356
107	0.660503184713
108	0.274849315068
109	0.798100263852
110	0.953536633663
111	0.9588
112	2.01542970297
113	1.05998431373
114	0.68067638484
115	0.406104662226
116	0.42608627451
117	0.59596039604
118	0.493552941176
119	0.433425742574
120	0.191254368932
121	0.193413592233
122	0.111836177474
123	2.1972536162
124	1.90399200799
125	1.77516083916
126	1.03933333333
127	1.38597402597
128	1.10652673267
129	1.21136967294
130	0.993361290323
131	1.09612178877
132	1.17295575221
133	0.731784431138
134	0.653181636727
135	0.777213051823
136	1.75885714286
137	1.98471128871
138	1.92441158841
139	1.63766371681
140	2.02071317829
141	2.24216583417
142	1.84856318914
143	2.3079463807
144	2.26591683168
145	2.98472727273
146	2.70157042957
147	2.66839292731
148	2.19754645355
149	2.13251038576
150	1.90306349206
151	2.39467722772
152	1.57254117647
153	2.26133333333
154	1.81569721116
155	1.65785346535
156	1.75373465347
157	1.72165434565
158	2.19754645355
159	1.85926873127
160	1.62886025768
161	1.85618823529
162	1.23536633663
163	1.30027722772
164	1.12610589411
165	0.644822641509
166	0.504282352941
167	1.25693465347
168	0.85478019802
169	0.751795878312
170	0.60902994012
171	0.419269155206
172	0.926420168067
173	1.83487138584
174	1.58469910626
175	0.783247058824
176	1.00928671329
177	0.771379038613
178	0.896511488511
179	1.18023529412
180	0.677443137255
181	0.0452909467865
182	1.23119844358
183	0.280083412322
184	0.18689943074
185	0.000371373307544
186	0.48687040619
187	0.255528949951
188	0.0978890876565
189	0.807054251012
190	0.946793261868
191	0.943992727273
192	0.953164356436
193	1.00975986566
194	1.1096531219
195	0.784047058824
196	0.839083495146
197	0.643764705882
198	0.603364635365
199	1.40400396432
200	1.47055344655
201	1.85775222993
202	1.17602105263
203	1.65386108468
204	2.40048751249
205	2.10182755203
206	2.09484241824
207	1.71589210789
208	1.81979751671
209	2.15069802446
210	2.70026347305
211	2.35624603175
212	2.8114015748
213	2.17791425723
214	1.15634716981
215	0.156119828816
216	0.292026241799
217	1.55851881188
218	1.95567632368
219	2.16659470069
220	2.54357720892
221	2.21194074074
222	2.93514485514
223	2.92711287129
224	2.9882814668
225	3.13397205589
226	2.59004761905
227	2.46731337325
228	2.13275134168
229	2.13558608385
230	1.99941658342
231	1.9641031746
232	1.78049108911
233	1.93035
234	2.39434165834
235	1.90341386139
236	2.20168792934
237	1.53808316832
238	1.63247105005
239	1.31933596838
240	1.62695738355
241	0.845853465347
242	1.02938613861
243	1.00671810089
244	1.26452277228
245	1.66237974684
246	0.404284615385
247	0.222401354784
248	1.21242352941
249	0.737554013875
250	1.21938861139
251	0.90024975223
252	1.00584215784
253	1.48635364635
254	1.45319326065
255	0.528695652174
256	0.531262135922
257	0.439905882353
258	0.0643764705882
259	0.488991008991
260	1.24957886045
261	1.91790891089
262	1.46611485149
263	1.88598811881
264	1.65261782178
265	1.57971812081
266	1.84731020813
267	1.88197032641
268	1.42425371655
269	1.72819180819
270	1.64549852507
271	1.18108514851
272	1.20562055336
273	1.18440078585
274	1.53285914086
275	0.811748251748
276	0.578049067713
277	0.658765048544
278	0.581375745527
279	0.572023668639
280	0.773928286853
281	0.648322766571
282	1.23543656344
283	1.48619047619
284	1.2639446093
285	1.55382745098
286	1.27269047619
287	0.859996488147
288	1.11496735905
289	0.827001980198
290	1.38096303696
291	1.42722222222
292	1.51136532811
293	1.48115758176
294	1.27126409496
295	1.31445354645
296	1.50615445545
297	0.983397423191
298	1.33044705882
299	1.35445544554
300	0.744850894632
301	1.44114059406
302	1.54517111771
303	1.10472150644
304	0.942370642202
305	1.34470095238
306	1.19963076923
307	0.408792156863
308	0.178892307692
309	0.134557377049
310	0.0526153846154
311	0.00985945945946
312	0.0171536050157
313	0.0469987730061
314	0.119389090909
315	0.0674366197183
316	0.171
317	0.109779844961
318	0.349858141858
