0	1.01067195243
1	0.823508910891
2	0.386258823529
3	1.07272871287
4	0.91208627451
5	0.801837623762
6	0.435634951456
7	0.216712871287
8	0.273863330125
9	0.543578564941
10	0.596551040634
11	1.00856470588
12	1.11585882353
13	0.502419161677
14	0.313581661891
15	0.536567432567
16	0.574289108911
17	0.725988118812
18	0.768184615385
19	0.252553846154
20	0.189597690087
21	0.226925541942
22	0.0841846153846
23	0.0862653465347
24	0.304996721311
25	0.801837623762
26	0.49843960396
27	0.563685131195
28	0.191068865179
29	0.0488571428571
30	0.62352848723
31	0.754381618382
32	0.343341176471
33	0.233439865433
34	0.227548514851
35	0.239497621313
36	0.0906335403727
37	0.0965647058824
38	0.0134030045722
39	0.108571428571
40	0.110748850046
41	0.115420901246
42	0.112508411215
43	0.107294117647
44	0.119192079208
45	0.12048440367
46	0.108356435644
47	0.112613657624
48	0.115753846154
49	0.114542340628
50	0.00137729675308
51	0.838338835795
52	1.49217982018
53	2.23621978022
54	1.76458585859
55	2.04901132075
56	1.6074877193
57	1.72724779628
58	1.49155642787
59	1.87355401388
60	1.66087824351
61	2.80888095238
62	2.0126993007
63	2.85353846154
64	3.71363036963
65	4.10396003996
66	1.91627572428
67	2.90790049751
68	2.58218793274
69	2.74706182532
70	3.36608191808
71	2.44900699301
72	2.70824182359
73	1.71482630029
74	2.06769957806
75	2.81991397849
76	2.5474045954
77	2.15149206349
78	2.92272997033
79	3.10528316832
80	2.94965034965
81	3.30477777778
82	2.61234059406
83	3.28054345654
84	3.96672927073
85	4.03292063492
86	3.39574025974
87	3.75687824351
88	3.47503777336
89	3.65906586826
90	3.34153846154
91	3.66172908367
92	4.2651314741
93	3.52934795613
94	2.37874903475
95	4.98440759241
96	3.20390261497
97	4.47604395604
98	3.32464
99	4.04254145854
100	3.59189637306
101	3.95127272727
102	4.11389410589
103	3.17538668913
104	3.6321996008
105	3.03864420218
106	3.11514650934
107	1.77358325025
108	3.65683832335
109	3.47211177645
110	3.92998201798
111	3.62391752577
112	4.29879764244
113	4.78756087824
114	3.95469330669
115	4.2683107178
116	3.83281437126
117	3.07255144855
118	3.07293608653
119	3.4379241517
120	3.23224854369
121	4.62124275724
122	3.45354645355
123	2.9392239925
124	3.56266133866
125	3.39265534466
126	4.09287512488
127	3.99154013875
128	3.427996004
129	2.99346825397
130	4.05136463536
131	3.33907692308
132	4.19275516224
133	0.684
134	0.0637514563107
135	0.0643764705882
136	0.278908741595
137	2.7393006993
138	4.08544255744
139	3.16913059034
140	3.00198130841
141	2.5885508982
142	1.40048298009
143	2.18955053974
144	2.6458021978
145	1.93289990089
146	2.71749950544
147	3.71676511397
148	3.09010693069
149	2.5802037962
150	2.20540500463
151	3.02314455446
152	1.60797602398
153	2.5474045954
154	1.80185714286
155	2.88632967033
156	2.27709090909
157	2.98331746032
158	1.53436330275
159	2.14288111888
160	1.40417182817
161	2.30687712288
162	2.20823038729
163	2.26401598402
164	2.15841257367
165	2.68294105894
166	3.84441958042
167	3.64053546454
168	2.69185864374
169	3.89171628372
170	4.3565954046
171	4.66828371628
172	4.07059244533
173	3.11316391853
174	2.7278490566
175	2.96974225774
176	3.3488991009
177	2.1167372549
178	3.28871128871
179	3.8485958292
180	4.2353006993
181	3.2238970297
182	3.03559960357
183	4.19323076923
184	4.57603196803
185	4.29242063492
186	4.52593806194
187	3.90553480475
188	4.2493986014
189	3.89183616384
190	3.60656041131
191	4.410997003
192	4.29142057942
193	3.9366984127
194	3.35907418398
195	4.05852673267
196	3.58379607843
197	4.38133066933
198	3.48466733267
199	4.62033166833
200	3.50616367265
201	4.2236812749
202	3.14260939061
203	3.85892507493
204	3.28855850541
205	4.53921278721
206	4.27919207921
207	3.74468037383
208	4.56403596404
209	4.24437962038
210	3.53534774067
211	4.61392207792
212	3.18125124131
213	3.90759242561
214	3.59293712317
215	3.7879862069
216	4.42766833167
217	4.13480919081
218	3.14082539683
219	4.10941058941
220	3.49894905095
221	3.68592
222	4.01975624376
223	4.5235387674
224	3.7211960396
225	3.56138613861
226	4.53298217822
227	4.58051548452
228	1.77915079365
229	3.51044752475
230	4.07127719298
231	4.77373026973
232	4.52574625375
233	3.6226746507
234	4.45025149701
235	3.89610358566
236	3.56146253746
237	3.21509727626
238	3.12035964036
239	3.81503078451
240	3.79377422577
241	3.36867132867
242	4.65339405941
243	4.31617982018
244	3.98214585415
245	3.10716186693
246	2.67051348651
247	3.41723076923
248	3.00659340659
249	2.51273453094
250	4.05680952381
251	3.20681718282
252	3.68706493506
253	3.70110689311
254	3.58227559055
255	0.210830122592
256	6.1461611002
257	2.11279252336
258	2.8753966034
259	2.88080712166
260	3.77676723277
261	3.17489498581
262	3.59723476523
263	3.66326196693
264	3.64598601399
265	2.84052329039
266	2.69859009901
267	2.43712287712
268	3.64409190809
269	4.28564519326
270	3.65642357642
271	4.0683956044
272	2.60909632572
273	2.13040559441
274	2.2452011893
275	2.76857821782
276	2.331004995
277	3.75154806739
278	3.41442376238
279	3.14772427572
280	2.18389705882
281	2.33734131737
282	1.36469130869
283	1.8040754717
284	1.93515284715
285	2.8485034965
286	2.10628571429
287	0.0493215171925
288	6.12366633955
289	3.08447552448
290	2.82125148515
291	3.77190809191
292	1.64605108055
293	1.85558811881
294	1.97532067932
295	2.62771628372
296	2.89598414272
297	1.78698613861
298	1.97888511489
299	1.66739225422
300	2.08821578422
301	0.116721178263
302	0.929310689311
303	1.1605629336
304	1.04957442557
305	0.958905847374
306	1.44847058824
307	1.25693465347
308	1.2901018981
309	1.60526461843
310	0.982908011869
311	1.77880673935
312	1.76022377622
313	0.143389533385
314	6.2977022977
315	2.73324356436
316	2.72825904762
317	1.75711397423
318	1.19192079208
