0	0.215401360544
1	0.317211881188
2	0.455097029703
3	0.57878019802
4	0.737679207921
5	0.692935289042
6	0.444261386139
7	0.37283960396
8	0.455548067393
9	0.386117647059
10	0.349725490196
11	0.3526875
12	0.173125925926
13	0.225317647059
14	0.214168297456
15	0.108140018921
16	0.178892307692
17	0.180453928225
18	0.188073858115
19	0.303097922849
20	0.231401360544
21	0.300423529412
22	0.198256603774
23	0.16954298993
24	0.018732597946
25	0.531112871287
26	0.669885148515
27	0.382508737864
28	0.255700934579
29	0.203858823529
30	0.520110891089
31	0.841005988024
32	0.668642384106
33	0.546653346653
34	0.46639444995
35	0.246776470588
36	0.0798832116788
37	0.00278154784598
38	0.0210461538462
39	0.0536470588235
40	0.0342
41	0.067258999122
42	0.0722035815269
43	0.0736615384615
44	0.0491129394166
45	0.118023529412
46	0.115753846154
47	0.0695409054805
48	0.0563639484979
49	0.0490322580645
50	0.0526660250241
51	0.0525648414986
52	0.000265414184202
53	2.48688111888
54	2.7616152381
55	1.6792007992
56	1.53615184815
57	1.77990882061
58	2.07000999001
59	1.63584257603
60	2.18672527473
61	2.07296729435
62	2.02433234421
63	1.19267393459
64	1.19192079208
65	0.368047477745
66	0.381401980198
67	0.869082352941
68	0.406753246753
69	0.390469772052
70	0.253333333333
71	0.352049122807
72	1.56333926805
73	1.24029335976
74	1.49783016983
75	1.37218217822
76	1.43633267327
77	1.65703896104
78	1.86654509415
79	0.791814814815
80	1.3688619001
81	1.05046580773
82	1.13703896104
83	0.934693069307
84	1.01219009901
85	1.3832611251
86	1.59283960396
87	1.10968483647
88	1.47364752475
89	1.53098101898
90	1.8833966034
91	2.48915084915
92	1.77261904762
93	1.94170629371
94	1.82730624381
95	1.45634059406
96	1.28816617211
97	1.6524962963
98	1.89088316832
99	1.57116831683
100	1.50251348651
101	1.44256888008
102	1.14273978066
103	1.31064135864
104	1.2369980198
105	1.82762624254
106	1.28369353234
107	0.740329411765
108	0.294243137255
109	0.515135446686
110	0.639936570862
111	0.626547972305
112	0.942700990099
113	0.810276923077
114	0.256518155054
115	0.546653346653
116	1.24722376238
117	0.686009794319
118	0.544777142857
119	1.14971655104
120	1.21554104847
121	1.70184215784
122	0.970378592666
123	1.04934265734
124	1.57094945491
125	1.36141960784
126	1.69462537463
127	1.20283845391
128	1.38112287712
129	2.04215784216
130	1.8400555005
131	1.40863366337
132	0.829442557443
133	1.1071372549
134	1.76620990099
135	1.28946534653
136	2.78012387612
137	3.01477106046
138	1.51488031652
139	1.73979253867
140	2.55546181818
141	1.97888511489
142	2.08443556444
143	2.30171428571
144	1.44986213786
145	1.71203168317
146	1.24960792079
147	1.26777029703
148	1.10523564356
149	1.15672079208
150	1.35375824176
151	1.80448351648
152	1.72913052012
153	1.40767524752
154	1.65645333333
155	1.50615445545
156	1.45902097902
157	1.62173110893
158	1.1851988012
159	1.83303865213
160	1.26823576424
161	1.04797777778
162	1.37963564356
163	1.71877227723
164	1.31085262117
165	1.02108950914
166	1.67622777223
167	1.97551683168
168	2.01641980198
169	2.21046153846
170	2.37247552448
171	2.00376984127
172	2.20366833167
173	2.648864222
174	2.21471328671
175	2.60035964036
176	3.44414117647
177	2.36114851485
178	2.07843012884
179	2.62393606394
180	1.57075904542
181	1.37328185328
182	0.915633466135
183	0.739556435644
184	1.11585882353
185	1.46587313433
186	2.18012289395
187	1.92163168317
188	2.40308235294
189	2.29594405594
190	1.88788265746
191	2.36154245754
192	1.86635247525
193	2.35133465347
194	2.02408791209
195	2.52962237762
196	2.43927849356
197	2.21557978196
198	2.15951227773
199	2.17616
200	2.01943529412
201	2.29594405594
202	1.81961238761
203	2.12569744597
204	2.38384158416
205	1.98198019802
206	1.98292277228
207	1.45054005935
208	1.36529108911
209	0.960959365709
210	0.833519287834
211	0.715152475248
212	0.3648
213	0.465932673267
214	0.343341176471
215	0.315692307692
216	0.216712871287
217	0.225317647059
218	0.229594405594
219	0.220984615385
220	0.292562376238
221	0.214588235294
222	0.0160893854749
223	0.0832243346008
224	0.0911156336725
225	0.0920523364486
226	0.0710857142857
227	0.660769101595
228	1.28095841584
229	1.06380819181
230	1.25899702676
231	1.43299100899
232	1.40910758966
233	1.87355844156
234	1.87751448551
235	1.722981755
236	2.18783714002
237	1.95271928072
238	1.28975024975
239	1.39520317146
240	1.29627961165
241	1.09822177822
242	1.17140931615
243	1.1239
244	2.00075124875
245	1.85351448551
246	1.7322814668
247	1.94537657658
248	1.91236635514
249	2.00155044955
250	1.97934065934
251	2.05508820614
252	1.99782617383
253	2.58444314869
254	1.82859405941
255	2.63486913087
256	1.99834565435
257	2.07371428571
258	1.90746138614
259	2.52553846154
260	2.05651948052
261	2.45944651619
262	1.97026173826
263	2.47297522299
264	1.9860215475
265	0.0310909090909
266	4.69679356568
267	1.12523342939
268	1.37744655345
269	0.951066666667
270	1.20713371616
271	1.32228118812
272	1.06937657658
273	1.10451538462
274	1.36744055944
275	1.33262574257
276	1.12004030227
277	1.3935984016
278	1.54906693307
279	0.987989628349
280	1.0901760633
281	1.17138861139
282	0.909655629139
283	1.23935841584
284	0.969732979664
285	1.23405940594
286	0.867497142857
287	1.16287058824
288	0.489124752475
289	0.271603738318
290	1.05467857143
291	1.19426973027
292	1.41516153846
293	1.7925034965
294	1.53511501317
295	1.30612885154
296	0.689609065156
297	0.932448780488
298	0.948995196926
299	1.40541308411
300	1.40389243697
301	1.67402197802
302	1.37571825765
303	1.55749655172
304	1.42673207547
305	1.32842142857
306	1.33892531523
307	1.27060530973
308	1.71748251748
309	0.971297350343
310	1.23511111111
311	1.59772227772
312	0.878280597015
313	1.41180574827
314	1.24179020979
315	1.01823776224
316	0.770580645161
317	1.03803369673
318	1.21364193867
