0	1.827
1	1.78929070929
2	1.75655896928
3	1.6451588785
4	1.80633766234
5	1.6347078926
6	1.80955247525
7	1.51281584158
8	1.56575841584
9	1.43481188119
10	1.62268146883
11	1.8655777998
12	1.412995005
13	1.60725674326
14	1.98685714286
15	1.58277722278
16	1.52220176991
17	1.8655777998
18	1.6474011976
19	2.25828571429
20	1.4372027972
21	1.40196435644
22	1.34566213592
23	1.69203567889
24	1.12324516129
25	1.95234886026
26	1.69926546906
27	1.84205940594
28	1.34481437126
29	1.99771428571
30	1.72886336634
31	1.65551248751
32	1.98444400396
33	1.95544554455
34	1.87905882353
35	2.42714085914
36	1.88649355798
37	2.11504459861
38	1.8593006993
39	2.33197224975
40	2.14429306931
41	2.71159563925
42	0.588537549407
43	2.40089154229
44	2.41512253642
45	2.66458471761
46	2.83893861386
47	2.28492368682
48	2.45175445545
49	2.20181565907
50	1.15742657343
51	1.87642418236
52	1.54151587302
53	1.77115684316
54	1.22775445545
55	2.40058983051
56	2.46670866142
57	0.869543859649
58	0.568658823529
59	0.490179159049
60	0.0652424091588
61	2.47957522124
62	0.536470588235
63	0.378830769231
64	0.211522689076
65	0.0257961107837
66	0.122736448598
67	0.265631067961
68	0.435634951456
69	0.182662824207
70	0.128752941176
71	0.163801683817
72	0.809140594059
73	0.646093457944
74	0.597876040703
75	0.893002997003
76	0.765673110721
77	0.859336643496
78	0.694024231128
79	0.454420512821
80	0.983123395854
81	0.9744
82	1.04120438684
83	1.05597932817
84	1.27372222222
85	0.776247752248
86	0.674143277723
87	0.953536633663
88	0.813002997003
89	1.33102574257
90	1.02462521008
91	1.05265946724
92	0.650138613861
93	0.829206726014
94	0.379560693642
95	0.268235294118
96	0.195041584158
97	0.07296
98	0.0943657448707
99	0.00159380851329
100	0.296613084112
101	0.407219512195
102	0.875908091908
103	0.845581560284
104	1.15685544554
105	0.806465534466
106	1.11640832507
107	0.688863366337
108	0.896744554455
109	0.845900990099
110	1.20062574257
111	1.09885314685
112	1.12569185476
113	0.559794669299
114	0.263275471698
115	0.203858823529
116	0.224851376147
117	0.257505882353
118	0.617631683168
119	0.569868498528
120	0.371372627373
121	0.472
122	0.592322200393
123	0.580863366337
124	0.658196078431
125	0.788323676324
126	0.664823762376
127	0.84248
128	1.50122772277
129	1.1904962963
130	1.5491257485
131	1.16563492063
132	0.356397140588
133	0.666251497006
134	0.48628741328
135	0.744890434783
136	1.05306930693
137	1.39761018609
138	0.942852652259
139	1.34661960784
140	0.706162962963
141	1.03762016807
142	0.788458119658
143	0.643764705882
144	0.541782178218
145	0.300658823529
146	0.400918811881
147	0.0231619047619
148	0.879457560976
149	0.0306841121495
150	0.602619469027
151	0.649789264414
152	0.494768619662
153	0.776910344828
154	1.3395590864
155	1.08938005391
156	1.39460941371
157	1.50319920714
158	1.48285148515
159	1.21745454545
160	1.34518811881
161	1.18433300297
162	1.27860594059
163	1.03992807193
164	1.1287992008
165	0.936981818182
166	1.19310208127
167	0.841466666667
168	1.21024537815
169	2.25186013986
170	2.11204795205
171	1.62383242259
172	1.94111683168
173	2.16598226601
174	1.51640944882
175	1.4243012884
176	1.2537029703
177	0.841850448654
178	0.928475862069
179	1.96125148515
180	0.78243960396
181	0.931865346535
182	0.777077227723
183	1.05105742574
184	0.814106930693
185	0.769037837838
186	0.0436015936255
187	0.885171014493
188	1.5631338843
189	2.0607636004
190	1.95539345887
191	2.19975663027
192	2.48374825175
193	2.3898015873
194	2.33205544554
195	2.15796689387
196	1.43822670025
197	3.56417982018
198	3.15007333994
199	1.99573439049
200	1.65812
201	1.67289940828
202	1.55565805169
203	1.89142057942
204	3.45315133531
205	2.73382617383
206	2.04282259663
207	1.61099116781
208	1.18216983017
209	1.54424666667
210	1.23543656344
211	0.477240832507
212	0.552071216617
213	0.404544747082
214	0.292156862745
215	0.435733333333
216	0.281726732673
217	0.682645544554
218	0.59596039604
219	0.482745098039
220	0.406919765166
221	0.336905660377
222	0.228829090909
223	0.1824
224	0.346740594059
225	0.364308196721
226	0.776247752248
227	0.576211972522
228	0.665223529412
229	1.03794605395
230	1.45658440276
231	1.23094444444
232	0.971980178394
233	0.913142857143
234	0.909383548067
235	0.897940594059
236	0.983152847153
237	1.16212487611
238	1.07200791296
239	1.6907012987
240	1.13451559934
241	1.11607128713
242	0.864695304695
243	1.14749306931
244	1.54627552032
245	1.7325508982
246	1.51912079208
247	1.33669536962
248	1.68228383921
249	2.13251038576
250	1.17415262636
251	1.61451089109
252	0.875014836795
253	1.05209910803
254	0.482079534433
255	0.780939544103
256	0.520110891089
257	0.0657661816357
258	1.82541782178
259	2.64999800995
260	0.97576119403
261	1.76001582591
262	1.38281428571
263	2.71851497006
264	2.19129365079
265	2.54964235764
266	2.35428571429
267	3.19207142857
268	2.43026118721
269	2.4403036963
270	1.61711000991
271	2.33257942058
272	1.85078295342
273	1.31111287129
274	1.32377029703
275	1.3516039604
276	1.28746902655
277	1.5708125
278	1.49266003976
279	1.35388514851
280	1.15987326733
281	1.43440776699
282	0.526046017699
283	1.61451089109
284	1.05877647059
285	1.05148235294
286	0.877441584158
287	2.02261738262
288	1.27238057483
289	1.79337462537
290	2.13485714286
291	1.60329365079
292	1.90235364635
293	1.39123885035
294	1.7231372549
295	1.82004395604
296	1.92417839445
297	1.39915247525
298	1.41893069307
299	1.95396241345
300	1.76360373832
301	2.4152007992
302	1.54932539683
303	2.08424182359
304	2.19626773227
305	2.53763333333
306	2.70516153846
307	2.99566033966
308	2.27547274529
309	2.27498901099
310	1.76478097126
311	2.05541658342
312	1.54759167493
313	1.87588822355
314	1.55055344655
315	1.42745270891
316	1.44316483516
317	0.975525016678
318	0.0708880475933
