0	0.59596039604
1	0.493552941176
2	0.433425742574
3	0.191254368932
4	0.193413592233
5	0.111836177474
6	2.1972536162
7	1.90399200799
8	1.77516083916
9	1.03933333333
10	1.38597402597
11	1.10652673267
12	1.21136967294
13	0.993361290323
14	1.09612178877
15	1.17295575221
16	0.731784431138
17	0.653181636727
18	0.777213051823
19	1.75885714286
20	1.98471128871
21	1.92441158841
22	1.63766371681
23	2.02071317829
24	2.24216583417
25	1.84856318914
26	2.3079463807
27	2.26591683168
28	2.98472727273
29	2.70157042957
30	2.66839292731
31	2.19754645355
32	2.13251038576
33	1.90306349206
34	2.39467722772
35	1.57254117647
36	2.26133333333
37	1.81569721116
38	1.65785346535
39	1.75373465347
40	1.72165434565
41	2.19754645355
42	1.85926873127
43	1.62886025768
44	1.85618823529
45	1.23536633663
46	1.30027722772
47	1.12610589411
48	0.644822641509
49	0.504282352941
50	1.25693465347
51	0.85478019802
52	0.751795878312
53	0.60902994012
54	0.419269155206
55	0.926420168067
56	1.83487138584
57	1.58469910626
58	0.783247058824
59	1.00928671329
60	0.771379038613
61	0.896511488511
62	1.18023529412
63	0.677443137255
64	0.0452909467865
65	1.23119844358
66	0.280083412322
67	0.18689943074
68	0.000371373307544
69	0.48687040619
70	0.255528949951
71	0.0978890876565
72	0.807054251012
73	0.946793261868
74	0.943992727273
75	0.953164356436
76	1.00975986566
77	1.1096531219
78	0.784047058824
79	0.839083495146
80	0.643764705882
81	0.603364635365
82	1.40400396432
83	1.47055344655
84	1.85775222993
85	1.17602105263
86	1.65386108468
87	2.40048751249
88	2.10182755203
89	2.09484241824
90	1.71589210789
91	1.81979751671
92	2.15069802446
93	2.70026347305
94	2.35624603175
95	2.8114015748
96	2.17791425723
97	1.15634716981
98	0.156119828816
99	0.292026241799
100	1.55851881188
101	1.95567632368
102	2.16659470069
103	2.54357720892
104	2.21194074074
105	2.93514485514
106	2.92711287129
107	2.9882814668
108	3.13397205589
109	2.59004761905
110	2.46731337325
111	2.13275134168
112	2.13558608385
113	1.99941658342
114	1.9641031746
115	1.78049108911
116	1.93035
117	2.39434165834
118	1.90341386139
119	2.20168792934
120	1.53808316832
121	1.63247105005
122	1.31933596838
123	1.62695738355
124	0.845853465347
125	1.02938613861
126	1.00671810089
127	1.26452277228
128	1.66237974684
129	0.404284615385
130	0.222401354784
131	1.21242352941
132	0.737554013875
133	1.21938861139
134	0.90024975223
135	1.00584215784
136	1.48635364635
137	1.45319326065
138	0.528695652174
139	0.531262135922
140	0.439905882353
141	0.0643764705882
142	0.488991008991
143	1.24957886045
144	1.91790891089
145	1.46611485149
146	1.88598811881
147	1.65261782178
148	1.57971812081
149	1.84731020813
150	1.88197032641
151	1.42425371655
152	1.72819180819
153	1.64549852507
154	1.18108514851
155	1.20562055336
156	1.18440078585
157	1.53285914086
158	0.811748251748
159	0.578049067713
160	0.658765048544
161	0.581375745527
162	0.572023668639
163	0.773928286853
164	0.648322766571
165	1.23543656344
166	1.48619047619
167	1.2639446093
168	1.55382745098
169	1.27269047619
170	0.859996488147
171	1.11496735905
172	0.827001980198
173	1.38096303696
174	1.42722222222
175	1.51136532811
176	1.48115758176
177	1.27126409496
178	1.31445354645
179	1.50615445545
180	0.983397423191
181	1.33044705882
182	1.35445544554
183	0.744850894632
184	1.44114059406
185	1.54517111771
186	1.10472150644
187	0.942370642202
188	1.34470095238
189	1.19963076923
190	0.408792156863
191	0.178892307692
192	0.134557377049
193	0.0526153846154
194	0.00985945945946
195	0.0171536050157
196	0.0469987730061
197	0.119389090909
198	0.0674366197183
199	0.171
200	0.109779844961
201	0.349858141858
202	0.461653121903
203	0.4439168
204	0.672583416583
205	0.764966336634
206	0.716823762376
207	0.772273538157
208	1.11411788212
209	1.28352447552
210	1.30006387226
211	1.15624604569
212	1.90528671329
213	1.5636031746
214	1.52187142857
215	1.86953663366
216	1.96328471528
217	1.73877227723
218	1.67334265734
219	2.27240744368
220	1.54978217822
221	1.49418334735
222	1.22315294118
223	1.2604063745
224	1.1992945591
225	1.81488911089
226	0.672444003964
227	0.234008950771
228	1.80890891283
229	1.56197423191
230	1.35703247863
231	1.48003971631
232	1.94661386139
233	1.90272475248
234	1.89386350148
235	1.76998109641
236	1.62602222222
237	1.51835410485
238	1.49776470588
239	1.84768831169
240	1.53408919722
241	1.67275924076
242	1.05266472303
243	2.05877227723
244	1.4449029703
245	1.81488911089
246	1.52858372311
247	2.10211485149
248	1.22666930693
249	1.84205940594
250	1.31933465347
251	1.70555844156
252	1.17193260654
253	1.67952475248
254	1.34067326733
255	1.30480719281
256	1.33383416583
257	0.995662082515
258	1.06911488511
259	1.18339777588
260	1.27551304348
261	1.76008773679
262	1.70918664047
263	1.41793684211
264	1.5812027972
265	1.86174211001
266	1.84768831169
267	1.55521902874
268	1.54266005946
269	1.40455544456
270	1.69571699741
271	1.63481998115
272	1.55965059145
273	1.41900692384
274	1.35498602794
275	1.61138461538
276	1.96348235294
277	1.35303896104
278	1.20708730159
279	1.72742457542
280	1.42918681319
281	1.79199207136
282	1.78208991009
283	0.778759167493
284	0.531565714286
285	0.57485827552
286	0.822694362018
287	0.637514563107
288	0.152024260804
289	0.0448
290	1.84446923077
291	1.41527920792
292	1.94856343656
293	1.34141885326
294	1.70842772277
295	1.35962772277
296	1.20456231306
297	1.60263520157
298	2.31447752248
299	2.48982178218
300	2.05308225966
301	2.24915643564
302	3.1315333998
303	2.66556831683
304	2.57244356436
305	1.72985530228
306	2.776999001
307	2.37969230769
308	2.59678721279
309	2.94698602794
310	2.70074725275
311	2.73957684631
312	3.42018781219
313	2.22834851485
314	3.01339079334
315	2.2014047619
316	2.29715643564
317	1.40883665339
318	1.75537425743
