0	0.740329411765
1	0.798113886114
2	1.52423576424
3	1.45485714286
4	0.392782547502
5	0.357930624381
6	0.628467326733
7	0.676308910891
8	1.06050749251
9	1.00856470588
10	1.10973465347
11	1.76796035679
12	1.41173491592
13	0.79178592666
14	0.866851485149
15	0.441969230769
16	0.407717647059
17	0.583992007992
18	0.644396467125
19	0.611640718563
20	0.574879377432
21	0.681970326409
22	1.21929831516
23	1.89142057942
24	1.62619038273
25	1.89142057942
26	1.45791873142
27	1.85676646707
28	1.20964285714
29	1.68956175299
30	1.32084294235
31	1.31196803197
32	1.30843088656
33	1.47364752475
34	0.67785014985
35	0.957625539258
36	0.31299408284
37	0.778666666667
38	0.0871489361702
39	3.85201191658
40	1.57566732673
41	1.26902675917
42	1.40724035608
43	1.23997602398
44	0.977334641806
45	1.13887016848
46	0.925528712871
47	0.901270588235
48	0.823508910891
49	0.884266666667
50	1.16983816184
51	1.53152186589
52	1.21810989011
53	1.14971655104
54	1.05666206897
55	0.875685572139
56	1.18077122877
57	1.42087611497
58	1.17474851485
59	1.45218461538
60	0.684427184466
61	1.3557002997
62	1.7896531219
63	1.07598001998
64	1.713728444
65	1.21810989011
66	0.423705382436
67	1.0944
68	1.06590106693
69	1.56494941634
70	0.715152475248
71	0.821657688966
72	0.85084548105
73	0.0963622641509
74	1.79302297702
75	1.30477623762
76	1.93065609514
77	1.60817425743
78	1.19096470588
79	1.07722772277
80	1.91601186944
81	1.50130426165
82	0.804705882353
83	0.942700990099
84	1.04794074074
85	1.30027722772
86	1.5400239521
87	1.18558415842
88	0.931404255319
89	1.10502524272
90	0.379984313725
91	1.05105742574
92	1.18108514851
93	0.936364356436
94	1.27860594059
95	1.22442772277
96	1.17474851485
97	1.20275643564
98	1.51799626168
99	2.54637623762
100	1.59418181818
101	2.17688235294
102	1.78788118812
103	2.33328271728
104	2.6727135778
105	2.18661338661
106	1.78662937063
107	1.98685714286
108	1.53876078431
109	1.41946930693
110	1.62263336663
111	2.11576840039
112	2.21497029703
113	1.71653069307
114	2.37247552448
115	2.10368831169
116	1.93515956392
117	2.5247049505
118	1.8917740337
119	1.72736633663
120	1.94608591409
121	2.07088911089
122	2.72687312687
123	1.84014159292
124	2.0380979021
125	2.26055104063
126	2.79886513487
127	2.26055104063
128	2.95646753247
129	2.48832507433
130	2.54003960396
131	2.21047128713
132	1.06504695305
133	1.86955444555
134	2.34421578422
135	2.49326713009
136	2.776999001
137	1.91346679881
138	1.88502697303
139	2.20847952048
140	2.09993650794
141	2.96443912176
142	2.71879365079
143	3.032999001
144	3.38283316683
145	3.3811031746
146	3.22657085828
147	2.58206498195
148	3.0691257485
149	2.63193650794
150	2.33024826216
151	2.69691633466
152	2.53007792208
153	2.60514770798
154	2.82883832335
155	2.9018021978
156	3.09100297915
157	2.42074725275
158	3.04074251497
159	2.00795326193
160	1.84768831169
161	2.94387314172
162	3.61245154845
163	3.27352647353
164	3.00107936508
165	2.59567632368
166	2.43409316155
167	2.72233366633
168	2.57381018981
169	2.65102081269
170	2.70500699301
171	2.37136507937
172	2.40551287129
173	1.11971228771
174	1.58357185332
175	1.85222777223
176	2.48180619381
177	2.36608191808
178	2.27590863952
179	2.73508118812
180	2.7297254902
181	3.76551448551
182	3.52498701299
183	2.46907936508
184	2.7441998002
185	2.45354645355
186	2.07822222222
187	2.13194805195
188	2.27861738262
189	2.42565079365
190	2.8362037962
191	2.50621011673
192	3.01075457875
193	2.76330538922
194	3.15011576846
195	3.58913179724
196	3.18152247752
197	1.95062537463
198	3.0985974026
199	3.25166033966
200	2.06059642147
201	2.21047128713
202	2.47502574257
203	2.71594005994
204	1.73105861136
205	2.21941258741
206	2.18462636274
207	1.83262704565
208	2.40789692765
209	1.89596003996
210	2.1846673209
211	2.59113686314
212	2.48634565435
213	2.77307936508
214	2.30048351648
215	2.99810505451
216	3.01752647353
217	2.28224380575
218	2.13648751249
219	2.08443709826
220	1.75537425743
221	1.65151683168
222	1.94608591409
223	2.03277700694
224	2.2339588785
225	2.40551287129
226	2.30165544554
227	2.35514885115
228	2.45144815149
229	2.99063762376
230	2.51339130435
231	2.83822222222
232	3.31726673327
233	3.15767128713
234	2.72687312687
235	2.51250793651
236	2.58971881188
237	2.01992871287
238	2.32234965035
239	2.22687969201
240	2.95192807193
241	2.84343762376
242	3.15326273726
243	3.66336507937
244	3.07673126873
245	2.79247152847
246	2.56287712288
247	2.841040715
248	2.04369454545
249	2.59113686314
250	2.60763528246
251	2.87309990109
252	2.89086913087
253	2.67536507937
254	2.45647407407
255	3.00623853211
256	3.1311847619
257	3.48125474525
258	3.90764435564
259	3.12360675273
260	3.59058541459
261	2.89086913087
262	3.76107936508
263	3.53592007992
264	3.25166033966
265	2.74050793651
266	2.09127920792
267	1.84129470529
268	2.82980019782
269	3.45707936508
270	3.02206593407
271	3.0657982018
272	2.36050793651
273	2.6786013986
274	2.59308582834
275	3.42658941059
276	3.96437375746
277	3.37880109991
278	3.72177422577
279	2.79479365079
280	3.24420594059
281	2.7770779661
282	3.08312487512
283	3.31394810379
284	3.12360675273
285	3.33260560748
286	3.97724233432
287	4.18097102897
288	4.13265225933
289	3.8944950495
290	3.27052673267
291	3.75458141858
292	3.9851258672
293	2.69407392607
294	3.26259340659
295	2.49957237465
296	3.00348304308
297	4.13723876124
298	3.68899100899
299	4.10850793651
300	3.70311992071
301	3.82017982018
302	3.30907392996
303	2.86446353646
304	1.56640319361
305	1.976
306	2.28955044955
307	1.87008126858
308	2.38102994012
309	3.13136507937
310	3.17307387387
311	3.69991608392
312	2.86794846383
313	3.68898301698
314	3.36099100899
315	3.35183316783
316	3.18606193806
317	3.73271528472
318	3.58380971259
