0	1.17244356436
1	1.46503096903
2	1.61545292369
3	2.06715684316
4	2.04432903865
5	2.05447352647
6	1.75961638362
7	2.53583333333
8	2.40057777778
9	2.14288111888
10	1.63653861386
11	1.96319524281
12	0.899046488625
13	0.32558925144
14	0.601318681319
15	2.08308855721
16	1.91137724551
17	1.40508300395
18	1.88166666667
19	1.19074183976
20	0.399876923077
21	0.878556987116
22	1.86768862275
23	1.81953617443
24	1.77839444995
25	1.84768831169
26	1.35555384615
27	1.62534653465
28	1.97404162537
29	1.34950649351
30	1.98341946903
31	2.42714085914
32	2.71647552448
33	0.0214345053148
34	0.0290659316621
35	3.1582019802
36	2.54591683168
37	1.40418217822
38	1.41097254902
39	2.09460052219
40	2.14768288288
41	2.49425964912
42	3.01822977023
43	4.04527254708
44	3.16235621891
45	2.49837088388
46	4.43534865135
47	2.66526156752
48	2.89478644068
49	3.04925811966
50	3.57856543457
51	2.52874677259
52	2.60182217782
53	2.13532867133
54	2.24085475793
55	3.04897037037
56	3.41367432567
57	2.66236933798
58	3.05993923146
59	3.35536463536
60	3.55854257426
61	2.87698760724
62	4.01576823177
63	2.84940529931
64	2.70476755687
65	2.81881318681
66	2.77217657046
67	3.00152235966
68	2.49466798811
69	1.38771485149
70	1.90235364635
71	1.55961149653
72	2.31872127872
73	2.35281746032
74	2.88967920792
75	2.43807392607
76	2.14295341923
77	2.08088712871
78	3.40353692615
79	1.71360476663
80	3.03403364486
81	3.48302081269
82	2.28528135593
83	2.97977029703
84	3.95708291708
85	2.21483807655
86	2.07823356232
87	1.91448667851
88	4.13398606965
89	2.70186138614
90	2.59420579421
91	3.2793419227
92	2.79727058824
93	3.11132606541
94	3.03561238761
95	3.17064554455
96	2.9664015984
97	3.14123783287
98	3.37884515485
99	3.90213786214
100	3.27015162455
101	4.04966233766
102	3.99514885115
103	3.40563763066
104	3.60906138614
105	3.34272
106	4.22061138861
107	4.34088404361
108	3.41974453782
109	4.60038019802
110	3.44194770063
111	4.15285514486
112	3.1158208
113	6.12348103792
114	1.58064746773
115	3.61798802395
116	4.25512974052
117	4.38786481113
118	4.2159040959
119	5.4883996004
120	4.37900199601
121	5.43388656716
122	3.67393406593
123	3.88252264808
124	4.71215184815
125	3.37954045954
126	4.00005588822
127	3.79538430983
128	4.2407440273
129	4.49349050949
130	3.90333666334
131	0.776939702428
132	6.7135024975
133	3.94974205607
134	5.16040759241
135	4.11920713578
136	4.53722277722
137	3.67341129832
138	5.00734465534
139	4.21778571429
140	0.0221517660977
141	5.59233063792
142	1.9458388998
143	3.78620937188
144	3.3032007992
145	3.761299339
146	4.14742857143
147	3.59858541459
148	4.28576223776
149	0.977111366246
150	5.71077534791
151	1.22978217822
152	1.25511428571
153	1.6678368932
154	1.63473326673
155	2.0036043956
156	1.89775875486
157	1.71603074295
158	2.08025907753
159	2.05189724771
160	1.92611388611
161	2.1252987013
162	1.52663576159
163	1.93402054155
164	1.78281980198
165	2.04168631369
166	1.8053253493
167	1.44205734767
168	1.86726666667
169	1.42772184133
170	1.74406393606
171	1.41403484321
172	1.71641158841
173	1.49312287712
174	0.950862706913
175	1.0574929312
176	1.4788
177	1.31156043956
178	1.33799621928
179	1.54878458844
180	1.50783746283
181	1.8093253493
182	1.31198606272
183	1.66277722278
184	1.70760655738
185	1.61921960415
186	1.70841481481
187	1.74082644628
188	1.57563428571
189	1.36592149533
190	1.55861396131
191	1.90447152847
192	1.69136463536
193	1.16943856144
194	1.76787225549
195	1.53600669456
196	1.96792015968
197	1.4071048951
198	1.64781120944
199	1.33137454545
200	1.60076455256
201	1.71077184054
202	2.38253746254
203	1.5623032491
204	1.92204595405
205	2.03858077304
206	1.13404363636
207	1.31451089109
208	0.839747285291
209	0.895062562066
210	1.11291108891
211	1.15044553484
212	1.86734530938
213	1.54522211809
214	1.74763696919
215	1.64937815126
216	1.70965090909
217	1.95326147705
218	1.52952647353
219	1.57609542744
220	1.58053146853
221	1.63233994334
222	1.56985414585
223	1.29161138371
224	1.88332467532
225	1.48006342914
226	1.41621428571
227	1.90415049505
228	1.80189158879
229	2.4028742515
230	2.09076190476
231	2.25318899083
232	2.32867747748
233	2.08886153846
234	2.67905649158
235	1.61281118881
236	1.76796035679
237	1.6488951049
238	1.86585530228
239	2.23027326733
240	1.97219425173
241	2.90146906188
242	2.89866933067
243	3.33645283019
244	2.76345254745
245	2.52987908821
246	2.14044356436
247	2.53805351833
248	1.9082997003
249	2.05494857143
250	2.47087312687
251	1.93681665015
252	2.48382160555
253	1.7724470821
254	2.3211258672
255	1.88290909091
256	2.24297821782
257	1.90893161546
258	2.09914885115
259	1.78358017493
260	0.00636279069767
261	5.68762735382
262	2.89726273726
263	2.34872347826
264	3.0985974026
265	3.19333464181
266	3.69552847153
267	2.60191008991
268	2.32467326733
269	2.1692765114
270	1.48908691309
271	1.54351635282
272	1.98981818182
273	1.55144499504
274	2.00075124875
275	1.60677106046
276	2.13194805195
277	1.91581367691
278	2.24265334665
279	2.25068780971
280	0.420359088879
281	1.20145101843
282	2.28501098901
283	2.05737958375
284	1.61116039604
285	1.86373069307
286	1.17697350343
287	1.50615445545
288	1.40932667333
289	1.86907492507
290	1.86742857143
291	1.06012289395
292	0.954481665015
293	0.0816647975078
294	1.45658382643
295	0.520131910766
296	0.57485827552
297	0.542946534653
298	0.798113886114
299	0.769330693069
300	0.653694117647
301	0.891415112856
302	0.48101665206
303	0.708836113837
304	0.758495049505
305	0.583395934172
306	0.542857142857
307	0.424626362735
308	0.465932673267
309	0.65568627451
310	0.439905882353
311	0.375897939156
312	0.268506930693
313	0.371883495146
314	0.308132038835
315	0.289694117647
316	0.239572815534
317	0.418447058824
318	0.329382524272
