0	4.21377022977
1	3.90533333333
2	4.00285148515
3	4.27934465534
4	4.50898701299
5	4.00444444444
6	4.14371485149
7	2.89183849765
8	2.81402587065
9	3.92951048951
10	3.69960675273
11	3.63431768232
12	3.29853465347
13	3.52498701299
14	3.77594013096
15	3.8944950495
16	4.07164035964
17	3.1313966034
18	3.17585854617
19	3.64525074925
20	3.77193650794
21	3.10953046953
22	3.02206593407
23	2.81433766234
24	3.20792807193
25	3.40955864811
26	3.38285714286
27	3.39379020979
28	2.16531237721
29	2.74873926074
30	2.91912887113
31	2.37986124876
32	2.78153846154
33	3.06534249264
34	2.3690148662
35	2.6764039604
36	2.70500699301
37	2.44242590775
38	2.20413465347
39	2.30665660377
40	2.12101498501
41	1.78662937063
42	1.94608591409
43	2.58851587302
44	2.869002997
45	2.34965079365
46	2.41988844622
47	2.72419880716
48	2.79247152847
49	2.65722473013
50	2.71594005994
51	2.27868064824
52	2.48180619381
53	1.72907829534
54	2.15381418581
55	1.77246382557
56	1.45358596491
57	1.91328671329
58	0.118832275612
59	2.53367330677
60	1.92421978022
61	1.57566732673
62	1.64701782178
63	1.29464135864
64	1.76796035679
65	1.97658613861
66	0.81814368932
67	0.969831516353
68	0.847623529412
69	0.866851485149
70	1.23039366963
71	0.950851485149
72	1.24388434696
73	1.32084294235
74	1.52631454006
75	1.54468979187
76	1.13661721068
77	0.987020812686
78	0.986138317757
79	1.14797202797
80	1.06294549058
81	0.801044510386
82	0.857318681319
83	1.30156590684
84	1.33331490622
85	1.05523658052
86	0.973042957043
87	1.13887016848
88	1.11946191889
89	0.954481665015
90	0.960191425723
91	0.851365079365
92	0.878556987116
93	1.06050749251
94	0.861962781587
95	1.14
96	1.07272871287
97	0.958035643564
98	1.12690693069
99	1.33986287953
100	1.14224158416
101	1.30156590684
102	1.2460990099
103	1.10973465347
104	1.05148235294
105	1.18932801595
106	0.972963618486
107	1.08356435644
108	1.30517735849
109	1.27860594059
110	1.63999216454
111	1.08919332679
112	1.23526336634
113	1.18295384615
114	1.52782574257
115	1.26607058824
116	1.27226930693
117	1.30027722772
118	1.06745904762
119	1.19192079208
120	1.19192079208
121	1.39146138614
122	1.2460990099
123	1.92875924076
124	1.37749058474
125	1.31945688073
126	1.18108514851
127	0.965328047572
128	0.73609495549
129	0.578788118812
130	0.780166336634
131	0.901270588235
132	1.00856470588
133	1.10973465347
134	1.59283960396
135	1.29394059406
136	1.1917042957
137	1.18342857143
138	1.30542257742
139	1.20275643564
140	1.11717740337
141	0.740739861523
142	1.2460990099
143	1.12802378593
144	0.978745796241
145	1.1605629336
146	1.2112360431
147	1.75987326733
148	1.30027722772
149	0.904753221011
150	1.06189306931
151	0.933458823529
152	0.884266666667
153	0.693481188119
154	0.693481188119
155	0.715152475248
156	0.725988118812
157	0.671456543457
158	0.965328047572
159	0.736823762376
160	0.725988118812
161	0.741322772277
162	0.665223529412
163	0.715152475248
164	0.557929411765
165	0.736823762376
166	0.470431683168
167	0.493552941176
168	0.504282352941
169	0.476768316832
170	0.469028571429
171	0.439475024486
172	0.401316154609
173	0.238166990291
174	0.260571428571
175	0.193129411765
176	0.357576237624
177	0.332611764706
178	0.350633009709
179	0.260055445545
180	0.278964705882
181	0.159378640777
182	0.14592
183	0.13812815534
184	0.180629126214
185	0.151310091743
186	0.0736310679612
187	0.0576
188	0.0285527065527
189	0.00121094439541
190	1.66868910891
191	1.68823176823
192	1.51170223325
193	1.72736633663
194	1.79225574426
195	1.84914965312
196	2.39116190476
197	2.6458021978
198	2.29309018831
199	2.39888111888
200	2.26532966024
201	2.6438970297
202	2.42074725275
203	2.34732210109
204	2.45354645355
205	2.60313181368
206	2.30165544554
207	2.29081980198
208	2.30554766355
209	2.51636075322
210	2.11462137862
211	2.31141658342
212	2.37535777998
213	2.27861738262
214	2.26279365079
215	2.32511215834
216	2.62393606394
217	2.3690148662
218	2.26914851485
219	2.39344137274
220	2.5005578635
221	2.42074725275
222	2.32562933598
223	2.36913751169
224	2.60206993007
225	2.38794805195
226	2.35514885115
227	2.36665520535
228	2.63486913087
229	2.12340918164
230	2.36287586892
231	2.6458021978
232	2.36608191808
233	2.37986124876
234	2.32562933598
235	2.59113686314
236	2.16928671329
237	2.15423015873
238	2.23438490566
239	2.52553846154
240	2.18462636274
241	2.24525420376
242	2.26689395441
243	2.19988822355
244	2.11462137862
245	2.13673736373
246	0.0233515054338
247	0.156077021823
248	1.94656126482
249	4.248081557
250	4.54176223776
251	5.12975841584
252	4.39094549058
253	3.78738061938
254	3.73271528472
255	4.39963236763
256	3.82366633565
257	4.42800798403
258	4.58704267161
259	3.28627193828
260	6.15396407186
261	4.4151048951
262	4.41056543457
263	4.50387301587
264	5.26334465534
265	4.54279484638
266	4.70575824176
267	4.12630569431
268	4.29484115884
269	4.06507936508
270	4.06786534653
271	3.88365940594
272	3.91857742258
273	3.45082765336
274	3.55859009901
275	3.00020779221
276	3.14948349515
277	3.11330409914
278	3.28445954046
279	3.43752247752
280	3.79365079365
281	4.2903016983
282	3.44280673935
283	3.39379020979
284	3.47534588702
285	3.77644755245
286	3.09879365079
287	2.01622377622
288	2.23885827552
289	3.41565634366
290	4.24656943057
291	3.47032167832
292	3.67038113949
293	3.86135439289
294	3.54711152765
295	4.51538522954
296	4.20283716284
297	4.07684758364
298	0.975207920792
299	1.33643076923
300	1.49584313725
301	2.46920373832
302	2.41634851485
303	2.59567632368
304	2.87879484638
305	2.12555444555
306	2.97942296369
307	3.86391208791
308	4.36474925669
309	4.04219188922
310	3.99651485149
311	3.09132075472
312	4.19120713578
313	3.97324275724
314	4.44336463536
315	4.28673015873
316	4.4542977023
317	4.23563636364
318	4.31670729271
