0	0.469475691134
1	0.383254170756
2	0.350023529412
3	0.27625631068
4	0.290154455446
5	0.275720930233
6	0.133213483146
7	0.113530371714
8	0.197146014207
9	0.250598019802
10	0.357071038251
11	0.451882037534
12	0.457313761468
13	0.383587628866
14	0.502796039604
15	0.798576459685
16	0.835272727273
17	1.02732743363
18	1.05112978525
19	1.28448702595
20	1.33835948361
21	0.97342962963
22	1.17773947111
23	1.33010109019
24	1.21610969638
25	1.65949653122
26	1.37273126873
27	1.2638493558
28	1.32845940594
29	1.31613333333
30	1.61291394659
31	1.43615803336
32	2.17568031968
33	1.73434126984
34	1.62373861386
35	1.36508291708
36	1.29087809713
37	1.3567952048
38	1.44190287413
39	1.44427353816
40	1.39263366337
41	1.44258941059
42	1.27585361029
43	1.45806352262
44	1.75361727184
45	1.50422970297
46	1.24152347826
47	1.77583366337
48	1.7393006993
49	1.58298501499
50	1.65823182711
51	1.66109514563
52	2.36451139742
53	1.93327058824
54	1.78788118812
55	1.69203567889
56	1.5069010989
57	1.66868910891
58	1.5265697446
59	1.18886713287
60	1.35981035996
61	1.6886884273
62	1.16840436075
63	1.22564122894
64	0.988147572816
65	0.663074074074
66	0.606796039604
67	0.699017964072
68	1.11434126984
69	1.09334870317
70	0.847651268705
71	1.25289110889
72	1.17609277431
73	1.46281188119
74	1.13944895937
75	1.56961424332
76	1.26931219029
77	1.59622777223
78	1.20757185332
79	1.26772571429
80	1.41036563437
81	1.25619821606
82	1.33314909091
83	1.50466468843
84	1.10262178218
85	1.26348363636
86	1.3557002997
87	0.205670965221
88	1.13887016848
89	1.28665734266
90	1.30680673935
91	1.39247952048
92	1.44026957384
93	1.25741302409
94	1.9577029703
95	1.38133565217
96	1.7636107507
97	2.46650698603
98	1.6776
99	1.77735054618
100	1.75107418398
101	1.94157623762
102	2.30687712288
103	1.75623809524
104	1.86240949555
105	1.89142057942
106	1.42735841584
107	1.51253546454
108	2.20181565907
109	1.69871952428
110	1.53479215686
111	1.59824594852
112	2.11295049505
113	1.69468503937
114	1.6906374502
115	1.53118055556
116	1.89142057942
117	1.34790049751
118	1.55785229541
119	1.90896333003
120	1.394785645
121	1.672
122	1.72742457542
123	1.15734390486
124	0.998363203807
125	0.520626362735
126	0.24795
127	0.863712287712
128	0.841921568627
129	0.924969578018
130	0.945114818449
131	0.696173421301
132	1.26276923077
133	0.664713870029
134	0.407656160458
135	0.576849241748
136	0.759554252199
137	0.167403441683
138	0.272055500496
139	0.343341176471
140	0.5472
141	0.302930769231
142	0.323144554455
143	0.535945151812
144	0.603290386521
145	0.896870425321
146	1.10768681863
147	1.21290709291
148	1.2534985015
149	1.14661645193
150	1.36424182359
151	1.06025925926
152	1.31508491508
153	0.98153419227
154	1.1786481665
155	0.633012858556
156	0.488087215064
157	0.626556862745
158	1.37232941176
159	0.690640776699
160	0.408392541708
161	0.553165510406
162	0.569418604651
163	0.490170542636
164	1.15915830116
165	0.292562376238
166	0.235503797468
167	0.336237859267
168	0.422172106825
169	0.626772815534
170	0.171382550336
171	0.195234886026
172	0.0768750733138
173	0.516988505747
174	0.184571428571
175	0.171167155425
176	0.212194174757
177	0.346740594059
178	0.353176470588
179	0.3648
180	0.151478899083
181	0.516904347826
182	0.542963809524
183	0.77239246779
184	0.657924345296
185	0.458605714286
186	0.408736633663
187	0.38342970297
188	0.555368007851
189	0.597908910891
190	0.748554455446
191	0.248973293769
192	0.259858913251
193	0.292562376238
194	0.278483809524
195	0.296613084112
196	0.0871646017699
197	0.380419196866
198	0.813346534653
199	0.694729939603
200	1.07042557443
201	1.08551128557
202	1.45257821782
203	0.97552047952
204	1.06893417493
205	0.684
206	0.474162376238
207	0.113712846348
208	0.231107692308
209	0.498607692308
210	0.603403921569
211	0.982138461538
212	1.27315630252
213	1.71637962038
214	2.5228543112
215	2.18678019802
216	1.72409230769
217	2.0046970297
218	1.54596635514
219	1.95701898102
220	1.55836734694
221	2.17142288557
222	2.82676739563
223	3.16269330669
224	2.90094373149
225	2.70981890547
226	2.85107692308
227	3.2935256917
228	3.25483101392
229	3.19866533467
230	3.30074455446
231	3.23742657343
232	2.56221735468
233	2.66885114885
234	2.38745254745
235	2.1081849711
236	2.70891089109
237	1.73284396467
238	2.46450377834
239	3.70946283449
240	2.41027027027
241	3.16696103896
242	3.45484915085
243	3.40596031746
244	3.13255419416
245	0.160626223092
246	6.32505555556
247	4.08185414585
248	3.20673929961
249	4.92534124629
250	3.99104895105
251	4.11335864136
252	4.23976023976
253	4.29723260437
254	3.21432167832
255	2.77247175421
256	2.51639285714
257	3.17058941059
258	3.20007928642
259	3.4726884273
260	3.41225974026
261	3.51448303393
262	3.98055248619
263	0.236365384615
264	6.17211133201
265	1.92344103072
266	1.98852347652
267	2.26689395441
268	2.0127952048
269	2.27669375619
270	2.070140455
271	2.73326673327
272	1.95525663717
273	1.5494970297
274	0.952914285714
275	0.452492307692
276	0.332611764706
277	0.304301886792
278	0.104042780749
279	0.0597566302652
280	1.12880157171
281	1.35986427146
282	1.65508730159
283	1.72286732673
284	1.75537425743
285	0.992934653465
286	1.33383416583
287	1.52933994054
288	1.3968
289	1.75194455446
290	1.4844995005
291	1.38694028595
292	0.912
293	0.876818991098
294	0.416491575818
295	0.606796039604
296	0.601318681319
297	0.379623389495
298	0.343341176471
299	0.326215384615
300	0.239129677981
301	0.579452547453
302	0.0484017725258
303	1.59857884232
304	0.769521912351
305	1.17946719682
306	0.541782178218
307	0.2451456
308	0.114231111111
309	0.412162537166
310	0.329063045587
311	0.144080442433
312	0.421754940711
313	0.15554186718
314	0.278964705882
315	0.250021379981
316	0.317058941059
317	0.164573628489
318	0.447576430401
