0	3.0095984016
1	3.10342405619
2	4.01588811189
3	3.0224222002
4	2.35468514851
5	2.2962957043
6	2.43843137255
7	2.79527672328
8	2.66508658744
9	2.82306586826
10	2.30947244094
11	1.67725074925
12	3.23739460539
13	3.87745054945
14	3.72730952381
15	3.0084955045
16	3.77638095238
17	3.58677045908
18	3.85116483516
19	2.58989264414
20	2.09686313686
21	2.13673736373
22	1.46594205794
23	1.7814302554
24	2.39434165834
25	2.59398609732
26	3.47204795205
27	3.20740377358
28	3.6152967033
29	3.87729070929
30	4.71715179393
31	3.21815445545
32	2.27535575221
33	3.05277922078
34	3.52597002997
35	3.28542857143
36	2.98358811881
37	2.99872927073
38	2.74411950791
39	2.6176293578
40	3.24552247752
41	3.19960839161
42	3.72401526718
43	3.14273392681
44	3.17813977567
45	3.22578221778
46	3.48668131868
47	2.19996825397
48	2.1893493014
49	2.77798035363
50	3.70630969031
51	2.12559440559
52	2.98715873016
53	2.39462745098
54	3.13679120879
55	3.8267965812
56	3.46813186813
57	3.60014385614
58	4.04491269841
59	4.06228971029
60	2.99263177227
61	3.33287512488
62	2.69807524752
63	2.07625174825
64	2.17949825784
65	3.44391608392
66	1.46905054509
67	1.95880353982
68	2.63306138614
69	2.00716883117
70	2.77798003992
71	2.26464950495
72	0.810377777778
73	2.06634965035
74	1.99403187251
75	1.68956175299
76	1.58529470529
77	1.7579960396
78	2.20301782178
79	1.85097029703
80	1.9939020979
81	2.05424975025
82	1.86133862959
83	2.34826347305
84	1.99616253717
85	2.30734588702
86	2.36792807193
87	2.38813186813
88	2.51592857143
89	3.19516981132
90	2.89342115768
91	3.23266324786
92	2.71974653465
93	2.38126660915
94	2.16697502015
95	2.60206993007
96	2.61848780488
97	3.51945346535
98	3.56170517928
99	3.56531468531
100	2.92163940887
101	1.70350727117
102	2.52553846154
103	2.60576223776
104	1.56638888889
105	3.24676923077
106	3.70804752475
107	3.80036763237
108	3.20899900892
109	3.21588011988
110	3.29883544304
111	3.53223576424
112	3.43233300297
113	2.75804356436
114	3.52108691309
115	3.62487912088
116	4.69652694611
117	1.62245811365
118	6.62403964321
119	2.39434165834
120	2.28858671952
121	2.45587212787
122	3.41111688312
123	3.30585044865
124	4.05509253731
125	3.68694505495
126	3.89403396603
127	3.31142857143
128	2.41198801199
129	4.00843113772
130	3.96373439049
131	3.54231368631
132	0.108954280964
133	6.61712820513
134	2.42595626243
135	2.6004055666
136	3.0076963037
137	2.83371428571
138	2.13425774226
139	2.13885714286
140	2.0371009901
141	1.74144255744
142	3.34833532934
143	3.28506349206
144	2.71878857143
145	2.52933333333
146	3.01295049505
147	2.67586415094
148	2.78212336449
149	2.73555229358
150	2.52038526912
151	2.63886513487
152	2.67596893204
153	2.62424578791
154	3.09392207792
155	2.84083746556
156	3.37627290448
157	2.77736915423
158	3.25138061938
159	3.84326873127
160	3.65429141717
161	3.70459038143
162	0.173135720233
163	1.84558726549
164	1.98981818182
165	2.50122677323
166	2.62499900892
167	2.77977222777
168	2.59659980139
169	2.0102019802
170	2.59113686314
171	1.91753419227
172	2.39195209581
173	1.85109036743
174	2.26314485514
175	1.16755029586
176	2.16917928287
177	2.45483316683
178	2.97095191364
179	2.41550175439
180	2.11726037736
181	2.08132142857
182	2.58777668952
183	3.75718962076
184	3.47832612967
185	3.41134065934
186	3.1065014985
187	2.27851851852
188	2.57186055046
189	2.39467722772
190	1.73801188119
191	1.71094653465
192	1.88727056492
193	1.46095351137
194	2.41620779221
195	1.01554806739
196	2.6458021978
197	2.30853518335
198	2.53444155844
199	2.42714085914
200	2.01511111111
201	2.15056633663
202	1.90858909091
203	1.52933994054
204	1.36101498501
205	1.78208991009
206	1.57847301276
207	1.62695738355
208	1.49484346959
209	1.43751340616
210	2.20847952048
211	2.33296303696
212	2.31982728165
213	1.92134131737
214	2.60206993007
215	2.49351833499
216	2.29996439169
217	3.30487128713
218	2.32428429752
219	2.32168213228
220	1.80271748136
221	2.33025742574
222	1.79357016683
223	0.517394059406
224	1.16983816184
225	1.6256333003
226	1.36558641359
227	1.56528932039
228	1.25104322767
229	1.88426190476
230	1.43238165138
231	1.90707326733
232	1.77115684316
233	1.95370634921
234	2.18661338661
235	1.80049950446
236	1.57504095904
237	2.06081268583
238	1.64761638362
239	1.60980773043
240	2.29594405594
241	1.57220392157
242	2.0933518335
243	1.35211988012
244	2.25604757185
245	1.72696103896
246	1.96319524281
247	1.63754455446
248	2.05877227723
249	1.47113663366
250	1.22442772277
251	0.890541176471
252	0.778384313725
253	1.05666206897
254	0.925611940299
255	0.922729411765
256	0.55363960396
257	0.834344554455
258	0.978472303207
259	0.481171677983
260	0.260055445545
261	0.585124752475
262	0.42259009901
263	0.59596039604
264	0.3756432111
265	0.382657342657
266	0.622916584887
267	0.65198001998
268	0.436137164041
269	0.265631067961
270	0.238384158416
271	0.231507692308
272	0.23097029703
273	0.396599412341
274	0.446735177866
275	0.430442477876
276	0.189415384615
277	0.110351288056
278	0.0608
279	0.00120561828697
280	0.106252427184
281	0.107084148728
282	0.105433526012
283	0.0724561403509
284	0.4651
285	0.546159223301
286	0.603746534653
287	0.386802747792
288	0.60362037962
289	0.532923076923
290	0.59914370664
291	0.572506930693
292	0.549442557443
293	0.553381746811
294	0.865900990099
295	0.537992727273
296	0.6118390579
297	0.606304950495
298	0.705590504451
299	0.971313052012
300	0.771920634921
301	0.503623439001
302	0.326215384615
303	0.0421724581725
304	1.33558483034
305	0.440478900883
306	0.171664285714
307	0.306125874126
308	0.128879293425
309	0.0600522674865
310	0.078804680468
311	0.0921384471469
312	0.0921384471469
313	0.12861719324
314	0.357930624381
315	0.252515484515
316	0.413142296369
317	0.596539460539
318	0.508584887144
