0	3.60761638362
1	2.40652947053
2	2.23026756497
3	2.28354820937
4	2.940995005
5	0.0207523749208
6	0.305326504481
7	2.4272
8	3.98468731269
9	4.51348651349
10	3.32
11	4.00211788212
12	2.62802376238
13	3.32405816938
14	3.78294505495
15	3.54086025768
16	3.39893706294
17	2.61724075744
18	3.0036627451
19	2.40513886114
20	2.7912007992
21	3.1093015873
22	3.56883832335
23	2.92287301587
24	3.3755960396
25	3.8438041958
26	4.79885714286
27	4.03688311688
28	3.22507892108
29	4.04137325349
30	4.08228230616
31	3.00624950495
32	2.8228991453
33	4.24559440559
34	4.58801982161
35	2.91882857143
36	3.15557242757
37	2.72469375619
38	2.70491908092
39	2.42191269841
40	2.27408591409
41	2.44268531469
42	3.14853968254
43	3.48273326673
44	3.52757497858
45	4.29361038961
46	2.96034509804
47	3.80905494505
48	2.8415024975
49	3.6620774578
50	2.16312079208
51	3.92321278721
52	3.89014185814
53	4.23768231768
54	3.73653280318
55	2.59129140833
56	2.6786013986
57	2.88198019802
58	3.35941658342
59	3.74417977528
60	3.89145221675
61	3.83578486056
62	3.93004615385
63	3.67073244782
64	3.55877656405
65	3.01122376238
66	2.34312441534
67	3.05293465347
68	2.66633366633
69	2.41030723489
70	3.54921980198
71	3.75728271728
72	3.95718681319
73	4.10875074479
74	3.7904975025
75	4.10447952048
76	3.86519080919
77	3.69153525323
78	3.49811788212
79	3.27697125867
80	3.13209117939
81	2.90324075924
82	2.99745632974
83	2.52109401709
84	3.52044755245
85	0.0070063463282
86	0.00612244897959
87	2.77392475248
88	2.21393855302
89	2.63992087043
90	2.69286545455
91	2.43074727453
92	2.42595804196
93	2.4428498528
94	2.50796403596
95	2.79404595405
96	3.12734985134
97	3.00742063492
98	2.78803596404
99	2.8534025974
100	2.46833966034
101	1.99286052871
102	2.20036113837
103	2.67776633663
104	2.61209142857
105	2.47085921889
106	2.33785425812
107	2.0371009901
108	1.25693465347
109	1.20350891089
110	1.92303257651
111	1.47950695825
112	1.12686732673
113	1.64469343781
114	2.16474725275
115	2.5723015873
116	2.27372502473
117	2.09542857143
118	1.21357042957
119	0.803193495935
120	1.39943256743
121	2.29943310208
122	0.907567888999
123	1.28732
124	1.78788118812
125	1.96387612388
126	2.1554172448
127	2.18517023097
128	2.89797402597
129	3.20304495504
130	2.576
131	3.07238019802
132	3.4191555996
133	2.6962226087
134	3.24375624376
135	3.23020979021
136	2.76963838903
137	2.77406789525
138	2.91912887113
139	2.17127452924
140	2.40789692765
141	1.64835603996
142	1.55094610778
143	1.67091751622
144	0.998857142857
145	1.24636963037
146	1.66516551041
147	1.48148118812
148	1.90235364635
149	1.83775619425
150	2.12101498501
151	1.22154212091
152	1.32194851485
153	1.1748971029
154	1.5196963037
155	1.4388011988
156	2.11486792453
157	0.926415425066
158	5.77212313803
159	2.97379420579
160	2.42441745081
161	3.01796603397
162	3.46813186813
163	3.12301587302
164	3.07462937063
165	2.09134814815
166	2.83166433566
167	2.51824807528
168	3.39726147705
169	2.94707692308
170	2.33201998002
171	3.23497711443
172	3.22112287712
173	2.13772354623
174	4.04523476523
175	2.92862760675
176	3.80091017964
177	3.73910889111
178	2.3189270217
179	0.701601805869
180	6.95405940594
181	3.37831768232
182	3.03932690622
183	3.89385133796
184	3.0838041958
185	3.53138061938
186	3.06162462761
187	3.38784158416
188	4.08896703297
189	3.46633366633
190	0.94660447036
191	6.09347869177
192	1.94608591409
193	1.11607128713
194	0.391245869776
195	0.42875612145
196	0.618857142857
197	0.801837623762
198	0.899358415842
199	1.08356435644
200	1.0991968032
201	1.64321099117
202	1.77880673935
203	0.678274285714
204	0.910194059406
205	0.059416137806
206	1.79882071713
207	0.403759223301
208	0.368411881188
209	0.303398019802
210	0.336738461538
211	0.314233663366
212	0.314233663366
213	0.221709894332
214	0.0363789473684
215	0.0420599538816
216	0.0342267396403
217	0.0312685714286
218	0.0341733021077
219	0.0342267396403
220	0.0341733021077
221	0.0304
222	0.03648
223	0.0315692307692
224	0.0342
225	0.0301764705882
226	0.0521142857143
227	0.0490029850746
228	0.0256299765808
229	0.0231374207188
230	0.0488571428571
231	0.0538229508197
232	0.186696994314
233	0.193129411765
234	0.255253644315
235	0.268235294118
236	0.270994285714
237	0.324747774481
238	0.0103416017009
239	0.0072862849534
240	0.0409504209542
241	0.0592635379061
242	0.118724637681
243	0.0656263079223
244	0.116088717454
245	0.0657579399142
246	0.105637065637
247	0.0693755942948
248	0.105415061296
249	0.0739459459459
250	0.104928092042
251	0.0996721311475
252	0.0617308622079
253	0.0736615384615
254	0.0562054292003
255	0.105535197686
256	0.115984859955
257	0.141998146432
258	0.0910620272315
259	0.111389312977
260	0.115301141352
261	0.0436387377584
262	0.057650570676
263	0.0709990732159
264	0.0573484716157
265	0.0896232939035
266	0.107294117647
267	0.126155619597
268	0.0969448818898
269	0.0694857142857
270	0.0588387096774
271	0.0707776879547
272	0.0554594594595
273	0.0371297709924
274	0.0414545454545
275	0.00975401069519
276	0.00416874583373
277	0.00641500586166
278	0.139473237043
279	0.222266924565
280	0.182231267345
281	0.1824
282	0.160941176471
283	0.154721960415
284	0.158150289017
285	0.157392138063
286	0.155307473983
287	0.150211764706
288	0.154721960415
289	0.158150289017
290	0.154576271186
291	0.163996003996
292	0.0318832400876
293	0.657510009533
294	0.122860103627
295	0.151399209486
296	0.0987736389685
297	0.160783545544
298	0.115531669866
299	0.107774395703
300	0.00678820324076
301	0.715459265891
302	0.0565094664372
303	0.00972147093713
304	0.129257367387
305	0.101146025878
306	0.134854976303
307	0.109221556886
308	0.0821484570475
309	0.0670823117338
310	0.0507136237257
311	0.0585240641711
312	0.00800780487805
313	0.0502576687117
314	0.180096885813
315	0.147606936416
316	0.144543396226
317	0.150211764706
318	0.158150289017
