0	2.01542970297
1	1.62263336663
2	1.94342857143
3	1.13104313725
4	1.37612673267
5	1.5196963037
6	1.29464135864
7	1.66114285714
8	1.60658358061
9	1.18234285714
10	0.988515484515
11	2.09542857143
12	1.73196403596
13	1.83675524476
14	2.15208721506
15	2.09577821782
16	2.29609411765
17	1.4362259663
18	2.0506233988
19	2.06081268583
20	1.68823176823
21	1.93958019802
22	1.6117002997
23	2.3786560319
24	1.80511527094
25	2.18246336634
26	2.49273926074
27	2.06327128713
28	1.92431318137
29	2.35060939061
30	1.84129470529
31	1.83936507937
32	2.0371009901
33	1.75383016983
34	1.66868910891
35	1.08914172448
36	1.12658823529
37	0.975207920792
38	0.13067996012
39	1.92838927507
40	1.10523564356
41	0.987140740741
42	1.18023529412
43	0.839394174757
44	1.08356435644
45	0.762994059406
46	0.765017475728
47	0.650138613861
48	0.403367604268
49	0.17016909621
50	0.258113207547
51	0.259285291214
52	0.12405958292
53	0.321882352941
54	0.254986020503
55	0.355115044248
56	0.412571428571
57	0.502419161677
58	0.396068571429
59	0.378589817483
60	0.346957383548
61	0.39071372549
62	0.365845272206
63	0.353367521368
64	0.263076923077
65	0.0330301810865
66	0.390469772052
67	0.268235294118
68	0.270891089109
69	0.1575936
70	0.465932673267
71	0.23363047619
72	0.259798219585
73	0.396211350294
74	0.120967490247
75	0.665876349362
76	0.703620178042
77	1.27277522478
78	2.14758374628
79	1.87906534653
80	2.12101498501
81	1.5121506442
82	0.834344554455
83	0.896511488511
84	1.21929831516
85	1.74626759167
86	1.2373201581
87	0.883610894942
88	0.3648
89	0.336738461538
90	0.3648
91	0.187254752852
92	0.102471910112
93	0.116346959123
94	0.108055096419
95	0.223554317549
96	0.046570212766
97	0.4104
98	0.145781160799
99	0.0456
100	0.367318136769
101	0.250677227723
102	0.386258823529
103	0.213001941748
104	0.172863366337
105	0.227548514851
106	0.187432921028
107	0.149372156506
108	0.416253465347
109	0.746919881306
110	0.637514563107
111	0.347595765159
112	0.410677227723
113	0.479269116187
114	0.495513459621
115	0.884145812808
116	1.33941492537
117	1.86318481518
118	1.95234886026
119	1.44481754736
120	0.804226415094
121	0.84518019802
122	0.669678431373
123	0.772517647059
124	0.791001980198
125	0.686682352941
126	0.815756653992
127	1.15085714286
128	1.56033267327
129	1.32644752475
130	1.55576470588
131	0.86505631068
132	1.28944158416
133	0.836894117647
134	1.22892673267
135	1.86582652044
136	1.99334260179
137	1.82038811881
138	0.87135049505
139	1.41946930693
140	1.63798431373
141	1.39511287129
142	1.81488911089
143	1.16504261645
144	1.72286732673
145	1.74906138614
146	1.72457482656
147	1.73196403596
148	1.56649411765
149	1.15307722772
150	1.49633532934
151	1.31822222222
152	1.84388503469
153	1.38208191808
154	1.33878058252
155	1.23784
156	1.7337029703
157	1.29953287537
158	1.10877122877
159	1.96319524281
160	1.55703496503
161	1.64701782178
162	1.84838850347
163	1.73116713352
164	2.28501098901
165	1.87008126858
166	2.03911992071
167	1.54316039604
168	1.73198813056
169	1.67484638256
170	1.40724035608
171	1.60817425743
172	1.88017142857
173	1.82941246291
174	1.56638255699
175	1.63780376611
176	1.35445544554
177	0.660523476523
178	0.986043564356
179	0.360071784646
180	0.848540755467
181	0.873537254902
182	0.954917647059
183	1.05105742574
184	0.769330693069
185	0.557116831683
186	0.983976023976
187	1.65078899083
188	1.62213438735
189	0.902037735849
190	0.541988571429
191	0.232047524752
192	0.628467326733
193	1.33278415842
194	1.04075294118
195	1.00137821782
196	1.20263736264
197	1.37114767096
198	1.36529108911
199	1.60716083916
200	1.83754212091
201	1.54316039604
202	1.66182617383
203	1.67484638256
204	1.72286732673
205	1.3671245283
206	1.92874455446
207	1.53516883117
208	1.73987046124
209	1.2342247619
210	1.90707326733
211	1.57566732673
212	1.71203168317
213	1.58493372898
214	1.62695738355
215	1.17621773486
216	1.82582217782
217	1.91157227723
218	2.13194805195
219	1.82669573835
220	1.59283960396
221	0.450491195551
222	0.39359040959
223	0.423008919722
224	0.36090785645
225	0.568658823529
226	0.869082352941
227	0.498933597621
228	0.165396078431
229	0.833519287834
230	0.812673267327
231	0.780166336634
232	0.705014866204
233	0.372542037587
234	0.542413994169
235	0.368307692308
236	0.590385614386
237	1.24733399405
238	0.636242661448
239	0.650782953419
240	0.835171456888
241	0.689970902037
242	0.705677669903
243	0.705014866204
244	0.79021958457
245	0.899358415842
246	1.12057029703
247	1.14971655104
248	1.31065868263
249	1.19776817289
250	0.130156590684
251	1.31065868263
252	1.34930669331
253	1.16448472906
254	1.32026321037
255	0.849679207921
256	1.10523564356
257	0.715152475248
258	0.583968379447
259	0.509236506379
260	0.479908484271
261	0.313612648221
262	0.477714285714
263	0.445827352085
264	0.437322677323
265	0.770857142857
266	0.637490196078
267	1.32064094955
268	1.32101275761
269	0.77697254902
270	1.17024950495
271	1.31945688073
272	1.91790891089
273	1.18558584071
274	1.57279041916
275	1.62332416503
276	0.730495049505
277	0.869082352941
278	0.681418867925
279	0.336738461538
280	0.520110891089
281	0.422901960784
282	1.00771485149
283	1.30027722772
284	0.85124387855
285	0.627498542274
286	0.379247524752
287	0.812673267327
288	0.841846153846
289	1.04472079208
290	2.14758374628
291	1.53232475248
292	1.93074410163
293	2.03184282908
294	1.78154455446
295	1.96125148515
296	1.96155844156
297	2.20631912785
298	2.18661338661
299	1.8158493558
300	2.18276226415
301	2.15166467066
302	1.61136507937
303	2.10211485149
304	1.5789010989
305	1.75711397423
306	1.39146138614
307	1.3884995005
308	1.3603012884
309	2.04793663366
310	1.69916483516
311	2.12851078516
312	2.35060939061
313	1.65841020608
314	1.97208712871
315	1.56483168317
316	1.79871683168
317	1.5789010989
318	2.04114285714
