0	0.125074285714
1	0.440728712871
2	0.246776470588
3	0.147410909091
4	0.233755339806
5	0.343341176471
6	0.307472569779
7	0.231507692308
8	0.166138613861
9	0.390083168317
10	0.394369200395
11	0.814906588004
12	0.809631683168
13	0.755616221563
14	0.857966303271
15	0.723502516175
16	0.883477031802
17	1.4414159292
18	1.49721568627
19	1.3034044665
20	1.42193006993
21	1.94382574257
22	1.37476557864
23	1.43111199207
24	1.41847920792
25	2.11303096903
26	2.22588095238
27	2.17071452991
28	2.876995005
29	2.67175662414
30	2.24497425743
31	2.1512967033
32	2.37300594059
33	1.62721428571
34	2.01534465534
35	2.31047352647
36	3.05313948919
37	1.86300899101
38	1.93415384615
39	1.99643650794
40	1.92971650485
41	2.65210682493
42	1.68298909812
43	1.35445544554
44	1.02223356232
45	1.14797202797
46	1.06294549058
47	0.836980392157
48	1.40584980237
49	1.20173015873
50	1.00771485149
51	1.20275643564
52	1.01094017094
53	1.41988023952
54	1.14738888889
55	1.06149369544
56	0.977334641806
57	0.772372277228
58	1.12579228487
59	1.02953846154
60	1.42841216879
61	1.28031714569
62	1.09679293425
63	1.3977980198
64	1.03005794206
65	0.90024975223
66	0.54462512364
67	0.846857142857
68	1.19042376238
69	1.46373577982
70	2.30075524476
71	2.54093646649
72	2.36933466533
73	2.07993606394
74	2.08250687623
75	2.30358441558
76	2.03355044955
77	1.94191543756
78	2.5474045954
79	2.27774033697
80	1.87081980198
81	2.19754645355
82	1.67786507937
83	1.63618217822
84	1.14532277228
85	1.34361980198
86	1.25231568432
87	2.36154245754
88	3.02722474977
89	2.66827573182
90	3.77190809191
91	3.08621786065
92	3.10368831169
93	3.13440959041
94	2.88891518738
95	3.03998406375
96	3.01268331668
97	3.22315163528
98	3.40652947053
99	3.15527787611
100	3.82877304262
101	3.23718962076
102	3.16158742633
103	3.57573626374
104	3.13412365064
105	3.09901298701
106	2.10854653465
107	2.13885714286
108	1.77081318681
109	2.0371009901
110	1.57587326733
111	2.12115884116
112	1.88727056492
113	1.36269573835
114	1.15941386139
115	1.2644038835
116	0.720775224775
117	0.976174430129
118	1.23526336634
119	1.10732467532
120	1.32325867195
121	1.36663336663
122	1.03414866204
123	1.3229010989
124	1.10743866536
125	0.810276923077
126	0.740329411765
127	0.425009708738
128	0.530946534653
129	0.281344927536
130	0.650138613861
131	0.342
132	0.862091089109
133	1.24622142857
134	1.22692142857
135	1.62420779221
136	1.42049554014
137	1.34601568627
138	1.20302574257
139	1.14971327434
140	1.79003396603
141	1.39131813677
142	1.55475643564
143	1.67952475248
144	1.21831287129
145	0.940653913043
146	1.22442772277
147	0.537418788411
148	0.39319760479
149	0.132964485981
150	0.444701684836
151	0.0781714285714
152	1.16126858276
153	0.690640776699
154	0.443434223541
155	0.5155171737
156	0.728871128871
157	0.629090188305
158	0.607397423191
159	0.303027027027
160	0.9576
161	0.42517418214
162	0.726707631318
163	0.666159223301
164	0.622916584887
165	0.605882117882
166	0.953576237624
167	1.04525148515
168	0.770849206349
169	0.6888
170	0.67785014985
171	0.542319127849
172	0.625726273726
173	0.559025540275
174	0.546769230769
175	0.522299120235
176	0.380377358491
177	0.26285625
178	0.675952941176
179	0.908262487757
180	0.821007936508
181	0.812322456814
182	0.814285714286
183	0.0648213228036
184	0.18700096432
185	0.765017475728
186	0.42231372549
187	0.125904424779
188	0.625243564356
189	0.361169747899
190	0.223130097087
191	0.159378640777
192	0.270878431373
193	0.346330400782
194	0.424887174542
195	0.368411881188
196	0.286996078431
197	0.289694117647
198	0.145128089888
199	0.382508737864
200	0.118314606742
201	0.504282352941
202	0.497205153617
203	0.657718811881
204	0.681615841584
205	0.892988679245
206	0.955721639657
207	0.998760784314
208	1.17814653465
209	1.20617254902
210	1.10486336634
211	0.625521568627
212	0.65067160037
213	0.795536345776
214	0.623532210109
215	1.0127728558
216	1.39897821782
217	1.84036471754
218	1.95591304348
219	1.85453831041
220	1.96970940171
221	2.39434165834
222	1.95737301587
223	2.01503366337
224	1.98729270729
225	2.11744697721
226	1.86854291417
227	2.00056405164
228	1.81793267327
229	2.52553846154
230	1.9024222002
231	2.0841958042
232	1.77400364299
233	1.91601186944
234	1.45324275724
235	1.63018867925
236	0.968727272727
237	1.11607128713
238	1.15606262231
239	1.48356777996
240	1.09854145854
241	1.30285714286
242	1.35445544554
243	1.24623376623
244	2.13462178218
245	1.6324039604
246	1.75711397423
247	1.48597002997
248	1.5307009901
249	1.55792269574
250	1.68248888889
251	2.20847952048
252	1.94112190287
253	1.5842043222
254	1.06221176471
255	0.974298714144
256	1.14971655104
257	0.507521865889
258	0.693481188119
259	0.552071216617
260	1.16572447968
261	1.06773226773
262	1.68782711198
263	0.306922930542
264	0.425422740525
265	0.791001980198
266	0.715861248761
267	0.656023552502
268	0.801837623762
269	0.856015841584
270	0.422843564356
271	0.664231213873
272	0.439475024486
273	0.454279245283
274	0.268437735849
275	0.128752941176
276	0.972251748252
277	1.83492566898
278	0.973630769231
279	1.30815841584
280	1.08170847458
281	1.31246686449
282	1.34579187314
283	1.12366369931
284	0.995231372549
285	0.76414871306
286	0.964372277228
287	0.897665014866
288	0.92102970297
289	0.295168627451
290	0.524787212787
291	1.19140594059
292	1.25961188119
293	0.600847058824
294	0.300490408674
295	0.0516226415094
296	1.2075387674
297	1.00169256198
298	1.35714685315
299	1.30522222222
300	1.43957936508
301	1.17018613861
302	1.33109290709
303	0.778938337802
304	1.23543656344
305	1.43587301587
306	1.24031168831
307	1.4725466795
308	1.43774117647
309	0.961471810089
310	1.46503096903
311	1.06613176008
312	1.54018632309
313	1.04513043478
314	1.26911111111
315	1.43971513353
316	0.985902097902
317	1.28697619048
318	1.67952475248
