0	1.6772987013
1	2.56171089109
2	2.84713686314
3	2.9456345776
4	2.64767265469
5	2.50935166994
6	2.4912360431
7	2.39070763132
8	2.86446353646
9	2.7486382557
10	2.58338217822
11	2.73780619381
12	2.60763528246
13	2.50581333333
14	2.83166433566
15	2.14742057942
16	2.13250793651
17	2.5474045954
18	2.55194405594
19	2.59936507937
20	2.55194405594
21	2.29309018831
22	2.55721188119
23	2.3775049505
24	2.53007792208
25	2.20614720314
26	2.50303366337
27	2.36608191808
28	2.03277700694
29	2.28501098901
30	2.06531615461
31	2.21301898102
32	2.45128245788
33	2.22395204795
34	2.22395204795
35	2.46907936508
36	2.38384158416
37	1.93969230769
38	1.98488800793
39	1.84129470529
40	2.02393650794
41	2.39434165834
42	2.27998415842
43	2.42074725275
44	2.45578592666
45	2.60206993007
46	2.32562933598
47	2.45354645355
48	2.83540931615
49	2.91928712871
50	2.84976761905
51	3.12076190476
52	3.05220186916
53	3.19651485149
54	2.67221578422
55	2.69440634291
56	2.47013438735
57	1.87099531396
58	2.76606593407
59	2.72687312687
60	2.62758349705
61	2.79247152847
62	2.8326019802
63	2.90845148515
64	2.67940740741
65	2.8097982018
66	2.51250793651
67	2.57381018981
68	2.51914485514
69	2.44622222222
70	2.44900699301
71	2.24107936508
72	2.34421578422
73	2.68990287413
74	2.60660939061
75	2.78117740337
76	2.79247152847
77	2.8034045954
78	2.31707936508
79	2.77422754491
80	2.49078571429
81	2.44261338661
82	1.90262041625
83	2.43807392607
84	2.09785530228
85	2.29081980198
86	2.5474045954
87	2.34576643768
88	2.35583366337
89	2.27998415842
90	2.44900699301
91	2.16293359762
92	2.42084752475
93	2.71594005994
94	2.88305585586
95	3.06125874126
96	2.78393650794
97	2.58474325674
98	2.48832507433
99	2.43168316832
100	2.7441998002
101	2.30393657086
102	2.48634565435
103	2.45578592666
104	2.39434165834
105	2.19532210109
106	1.58665346535
107	2.37247552448
108	2.20615505397
109	2.09275524476
110	1.82219226957
111	1.19760555005
112	1.73835764236
113	2.18021978022
114	2.48832507433
115	2.82073126873
116	2.28132679097
117	2.26914851485
118	1.85618823529
119	1.24099108028
120	0.841846153846
121	0.0768750733138
122	2.71898007968
123	1.94608591409
124	1.69485940594
125	1.63544615385
126	1.8655777998
127	1.69916483516
128	2.21941258741
129	1.91346679881
130	2.04793663366
131	1.7382019802
132	1.61386666667
133	1.65232941176
134	1.34725818182
135	1.44989205103
136	1.65785346535
137	1.27277522478
138	1.21479484638
139	0.735367588933
140	0.655936507937
141	1.02770829171
142	1.18225569871
143	1.02304950495
144	1.21359207921
145	1.55974425574
146	1.54681188119
147	1.72907829534
148	1.74889411765
149	1.49980990099
150	1.63087058824
151	1.52382135922
152	1.62927326151
153	1.46426164519
154	1.16391287129
155	1.20263736264
156	0.9152170062
157	1.25534117647
158	1.25693465347
159	1.14224158416
160	1.34361980198
161	1.27661814556
162	0.884814299901
163	0.855169139466
164	0.889403369673
165	0.682645544554
166	0.583843137255
167	0.751058823529
168	0.856015841584
169	1.07272871287
170	1.12057029703
171	1.35190588235
172	1.17474851485
173	1.13774257426
174	0.888522772277
175	0.675290891283
176	0.633593657086
177	0.73609495549
178	0.504282352941
179	0.726707631318
180	0.854431067961
181	0.879811764706
182	0.839394174757
183	0.84518019802
184	0.819890196078
185	0.964372277228
186	1.01929411765
187	0.888522772277
188	0.578788118812
189	0.574289108911
190	0.748400396432
191	0.699716283716
192	0.654494117647
193	0.13067996012
194	0.166299212598
195	0.801044510386
196	0.732515484515
197	0.809089494163
198	1.08698714144
199	1.50615445545
200	1.38833696729
201	1.26016221563
202	1.23526336634
203	1.04577998018
204	1.2451257485
205	1.292
206	1.05411388611
207	1.41002973241
208	1.2383372549
209	1.50876323676
210	1.54018632309
211	1.42583816184
212	1.72457482656
213	1.46731089109
214	1.61291394659
215	1.14338156591
216	1.28944158416
217	1.11517282717
218	0.861367690783
219	0.751058823529
220	0.662953846154
221	0.551441860465
222	0.560912698413
223	0.516403162055
224	0.681338521401
225	0.711891262136
226	0.493552941176
227	0.429176470588
228	0.375930164888
229	0.455548067393
230	0.563453465347
231	0.371883495146
232	0.396988235294
233	0.0182541252159
234	0.628467326733
235	0.59255721393
236	1.30674626866
237	1.57436163836
238	1.53384340932
239	1.9246490566
240	2.26240949555
241	2.22801189296
242	2.05040553907
243	2.21047128713
244	1.51065346535
245	1.43172249752
246	0.0933561253561
247	1.72361033797
248	0.736823762376
249	0.252553846154
250	0.171670588235
251	0.255005825243
252	0.308132038835
253	0.0491363265306
254	0.233755339806
255	0.292562376238
256	0.0923844155844
257	0.054267768595
258	0.0523561290323
259	0.284123076923
260	0.303398019802
261	0.278964705882
262	0.199938461538
263	0.238384158416
264	0.332611764706
265	0.3648
266	0.431861405197
267	0.317058941059
268	0.289694117647
269	0.326337254902
270	0.675952941176
271	0.595263366337
272	0.910891089109
273	0.725988118812
274	1.07722772277
275	1.00856470588
276	1.01855049505
277	0.653185617104
278	0.42638961039
279	0.488087215064
280	0.823508910891
281	0.578820763957
282	0.488087215064
283	0.440046601942
284	0.889668952008
285	1.57436163836
286	1.5121506442
287	1.86373069307
288	1.66235247525
289	1.86429862475
290	1.99875449102
291	1.75077106046
292	1.71961978661
293	1.41313267327
294	1.63780376611
295	1.43676323676
296	1.59441823588
297	1.4805034965
298	1.75711397423
299	1.39641543027
300	0.926445986125
301	1.16950588235
302	0.942700990099
303	0.882186138614
304	0.869082352941
305	0.418447058824
306	0.0126933953128
307	0.152405163853
308	0.147323076923
309	0.148753398058
310	0.139482352941
311	0.1368
312	0.0830234482759
313	0.0645029469548
314	0.106046511628
315	0.0975207920792
316	0.24879223301
317	0.736823762376
318	0.758495049505
