0	0.195041584158
1	0.0130909090909
2	1.53632571996
3	0.579223762376
4	0.535904950495
5	0.428601709402
6	0.472006557377
7	0.524419417476
8	0.427278431373
9	0.464308910891
10	0.527968316832
11	0.504949593496
12	0.722027722772
13	0.781275247525
14	0.725037623762
15	0.733676190476
16	1.13774257426
17	0.659970909091
18	0.847053254438
19	1.20333200795
20	1.1270970297
21	0.9296
22	0.992957467854
23	0.885217046581
24	1.03805148515
25	1.35674725275
26	1.41923960396
27	0.91718960539
28	0.0539492957746
29	1.08714485514
30	1.02213676908
31	0.930368316832
32	1.06588834476
33	1.28265609514
34	1.40421978022
35	1.29125490196
36	1.19944055944
37	1.25716551041
38	1.22554608523
39	1.00063939106
40	1.38833696729
41	1.13608791209
42	1.19639674797
43	1.38696237624
44	1.15905742574
45	1.46281188119
46	0.882807843137
47	1.22600727273
48	1.57436163836
49	1.14743866536
50	1.11996330275
51	1.47364752475
52	1.17673663366
53	0.934992125984
54	1.17530677291
55	1.41691269841
56	1.27190679612
57	1.62053307009
58	1.3504428997
59	1.28225374625
60	1.7896531219
61	1.16291708292
62	1.44256888008
63	0.439722772277
64	1.34361980198
65	1.00601188119
66	1.21359207921
67	0.908831683168
68	1.38833696729
69	1.00733666334
70	1.42087611497
71	1.0958001998
72	1.20252380952
73	1.25412892562
74	1.50064642507
75	1.15665411298
76	1.14885368127
77	1.32244611529
78	1.58466534653
79	1.3025271028
80	1.51511652174
81	2.0371009901
82	1.24431683168
83	1.36181386139
84	1.7121037037
85	2.21026973027
86	1.80273994112
87	1.81845354645
88	1.83717740337
89	1.66064950495
90	1.96847952048
91	1.7597733711
92	2.18661338661
93	1.59761347869
94	2.1888
95	1.50934653465
96	2.14545742574
97	1.34504554455
98	2.17568031968
99	1.70726073926
100	1.65064023786
101	1.89738751239
102	1.85503541315
103	2.07165906838
104	2.15629306931
105	1.65322497522
106	1.94608591409
107	1.37749058474
108	1.01668051434
109	0.877406896552
110	0.953536633663
111	0.557929411765
112	0.408117762512
113	0.414384466019
114	0.235909000989
115	0.151699009901
116	0.128752941176
117	0.257505882353
118	0.418447058824
119	0.499386407767
120	0.953536633663
121	0.919744510978
122	0.728563492063
123	1.23543656344
124	1.19822398414
125	0.859545098039
126	1.50615445545
127	1.24921980198
128	1.28239207921
129	1.7011960396
130	1.17518481518
131	1.13675743913
132	1.49828571429
133	1.34774653465
134	1.4708971029
135	1.41183164983
136	1.71649150849
137	1.35756243756
138	1.27730496454
139	1.45197623762
140	1.13603996004
141	1.34049852797
142	1.43652083333
143	1.77880673935
144	1.2710499002
145	1.44885089463
146	1.64865014866
147	1.45853134328
148	1.88727056492
149	1.25023776224
150	1.50482376238
151	2.0251037037
152	1.74254473943
153	1.6858031746
154	2.32874325674
155	2.23518881119
156	1.91974066798
157	2.58656603774
158	1.69036039604
159	0.292773053562
160	6.56206144698
161	1.14387314172
162	1.08096785506
163	2.06271161049
164	1.06189306931
165	1.32194851485
166	1.21300598802
167	1.86928301887
168	1.53098101898
169	2.2452011893
170	1.31081188119
171	1.86768862275
172	1.29099206349
173	1.78788118812
174	1.37956443556
175	1.88727056492
176	1.5793006993
177	1.76114509804
178	1.59995826087
179	2.00459405941
180	1.5158019802
181	1.81561033797
182	1.91790891089
183	1.35257198825
184	1.46294117647
185	1.93958019802
186	1.6344950495
187	1.78624466019
188	0.908119148936
189	1.70856
190	0.846017839445
191	1.98783233533
192	1.85436507937
193	2.00622577423
194	2.00024578791
195	1.97479320679
196	1.72775566502
197	1.79881188119
198	1.80955247525
199	1.31945346535
200	1.49837362637
201	1.61444752475
202	1.93515284715
203	1.33816451933
204	1.4330603363
205	1.37366897919
206	1.96514285714
207	1.77408991009
208	1.37240744021
209	1.90518694362
210	1.49922077922
211	1.82219226957
212	1.47451531532
213	1.70288206145
214	1.09792607393
215	1.23585185185
216	1.03347912525
217	0.940243756244
218	0.456062806673
219	0.590385614386
220	0.351015586546
221	0.307833171678
222	0.314233663366
223	0.219088655863
224	0.180726605505
225	0.303398019802
226	0.130953846154
227	0.265680672269
228	0.24921980198
229	0.120595041322
230	0.106149369544
231	0.130156590684
232	0.220348993289
233	0.0123327674024
234	0.112508411215
235	0.113569811321
236	0.273062068966
237	0.332611764706
238	0.268420689655
239	0.289694117647
240	0.237464150943
241	0.0355385892116
242	0.315483797612
243	0.400918811881
244	0.769246753247
245	1.02155613577
246	1.20762264151
247	1.02100890208
248	1.4203562341
249	1.5855984016
250	1.53664222002
251	1.58004395604
252	1.62809190809
253	1.32962417375
254	1.67983366337
255	1.97133795837
256	1.88772027972
257	1.5998961039
258	1.403567889
259	1.65785346535
260	0.848215784216
261	1.2931031746
262	1.61218318068
263	1.48283936081
264	1.6716774759
265	1.68635072712
266	1.86140056022
267	1.98974608696
268	1.92937051793
269	1.20403960396
270	1.91790891089
271	1.46532277228
272	1.41073153153
273	1.84768831169
274	1.35006593407
275	1.79513974232
276	1.84781782178
277	1.67065734266
278	1.7295324165
279	1.67885827552
280	1.672999001
281	1.30869593496
282	1.38405770965
283	1.40478504673
284	1.42344727273
285	1.84768831169
286	1.34262537463
287	1.49828571429
288	0.602373626374
289	0.975207920792
290	0.551542384562
291	1.88541858142
292	1.81013962635
293	2.26036363636
294	1.78112475248
295	1.7337029703
296	1.1827009901
297	1.14533069307
298	1.27860594059
299	0.967741176471
300	1.68369230769
301	1.45814866204
302	1.57116831683
303	0.295907603465
304	0.00701089045484
305	2.11394319295
306	0.672475718533
307	1.07272871287
308	0.873430569431
309	0.878556987116
310	0.704316831683
311	0.28999807877
312	0.107781818182
313	0.0206172289776
314	1.2101028128
315	0.225538763494
316	0.275405247813
317	0.371883495146
318	0.335899910634
