0	2.74322939424
1	2.13040316206
2	1.44563960396
3	2.56927072927
4	2.54101098901
5	2.94553446553
6	2.28043781095
7	2.06247992165
8	2.53647152847
9	2.30048351648
10	2.35816848365
11	2.58594251734
12	2.70046753247
13	2.35583366337
14	2.14995643564
15	2.47967661213
16	1.89142057942
17	1.59892170466
18	2.15416023739
19	2.11462137862
20	2.14336507937
21	2.20847952048
22	1.55553617443
23	1.65785346535
24	1.73196403596
25	1.89142057942
26	1.68736507937
27	2.37701498501
28	1.82219226957
29	1.71043137255
30	1.92421978022
31	1.98342457542
32	2.11155992141
33	1.96795204795
34	1.80848751249
35	1.91085714286
36	1.81761277445
37	2.22571428571
38	1.90689310689
39	2.00529070929
40	2.36451139742
41	2.23617254902
42	1.90689310689
43	1.93508840864
44	1.62263336663
45	2.01168431568
46	1.96965079365
47	1.78154455446
48	2.44900699301
49	1.9676987116
50	1.88048751249
51	1.45791873142
52	1.68369230769
53	1.4477042957
54	1.78458153242
55	1.4022970297
56	1.56342857143
57	1.27353022795
58	1.27860594059
59	1.0944
60	0.868251748252
61	1.11717740337
62	1.03040634291
63	0.573058941059
64	1.06189306931
65	1.04022178218
66	0.568658823529
67	0.372910891089
68	0.611576470588
69	0.493552941176
70	0.595370919881
71	0.310028328612
72	0.239954242135
73	0.262320230105
74	0.229740458015
75	0.0035580601463
76	0.231426415094
77	0.863712287712
78	1.04125272547
79	0.931865346535
80	1.04472079208
81	1.21359207921
82	1.20275643564
83	0.991560784314
84	1.21242352941
85	1.13774257426
86	0.752158415842
87	0.866851485149
88	0.682645544554
89	0.255170984456
90	0.862222222222
91	0.666917082917
92	0.758495049505
93	1.12610589411
94	0.885134445535
95	0.846017839445
96	1.07144055944
97	1.19641980198
98	1.37065631068
99	1.4212987013
100	1.02131468531
101	1.216
102	1.15422001982
103	1.11496735905
104	1.23526336634
105	0.852914622179
106	1.22442772277
107	1.28944158416
108	1.5789010989
109	1.65785346535
110	1.01221386139
111	1.2364876115
112	1.67275924076
113	1.14157842158
114	0.848455348381
115	0.824325074331
116	0.852078431373
117	1.25693465347
118	1.20275643564
119	0.769854145854
120	1.0310343474
121	0.899358415842
122	0.834628571429
123	1.12627572816
124	0.740329411765
125	0.725988118812
126	0.587244859813
127	0.701266019417
128	0.682645544554
129	0.536470588235
130	0.655984015984
131	0.676979187314
132	0.906538922156
133	0.904902723735
134	0.996879207921
135	0.884266666667
136	1.07272871287
137	1.01677522478
138	0.850521308226
139	0.834344554455
140	0.704316831683
141	0.675952941176
142	0.735283349562
143	0.631091806515
144	0.908395256917
145	0.933714285714
146	0.682220155039
147	1.5494970297
148	1.51487433628
149	1.8902296369
150	1.32417254902
151	1.57436163836
152	1.48595441031
153	1.29394059406
154	1.65785346535
155	1.17592071358
156	1.70555844156
157	1.31519361277
158	1.30285714286
159	1.06294549058
160	0.589623762376
161	0.765314685315
162	0.90024975223
163	0.798113886114
164	0.872190287413
165	1.1917042957
166	1.20275643564
167	1.04577998018
168	1.20275643564
169	1.02770829171
170	1.01221386139
171	0.953536633663
172	0.931865346535
173	1.13252725471
174	1.22442772277
175	1.26823576424
176	1.02304950495
177	1.28944158416
178	1.29071952428
179	1.18558415842
180	1.5196963037
181	1.59892170466
182	1.45054005935
183	1.25183746283
184	1.23543656344
185	1.17140931615
186	1.19541960784
187	1.97888511489
188	1.28437661051
189	1.37612673267
190	1.23693980583
191	1.27860594059
192	1.40863366337
193	1.30555044955
194	1.37749058474
195	1.20727920792
196	2.28501098901
197	1.72103096903
198	2.14971428571
199	1.28370829171
200	1.56187908821
201	1.15307722772
202	1.65232941176
203	1.47812277228
204	1.78208991009
205	2.00026164519
206	1.72742457542
207	1.11082656095
208	1.54503529412
209	1.47814653465
210	1.48065882353
211	1.2573026973
212	0.659595682041
213	1.18839091807
214	1.0545840708
215	0.654637623762
216	0.639302970297
217	0.791001980198
218	0.666917082917
219	0.660046692607
220	0.718939663699
221	0.830913086913
222	0.824325074331
223	1.18108514851
224	1.23976237624
225	1.47510802775
226	1.81942857143
227	2.08494257426
228	1.91790891089
229	1.24300093545
230	0.869082352941
231	0.541782178218
232	0.45644228904
233	0.541782178218
234	1.14289303238
235	1.37756643357
236	1.46503096903
237	1.75383016983
238	1.5542504817
239	1.84205940594
240	1.37506796117
241	1.47510802775
242	1.0944
243	1.34930669331
244	1.56033267327
245	1.08914172448
246	1.353115727
247	1.17140931615
248	0.893021782178
249	1.24636963037
250	1.09548463826
251	0.734054901961
252	0.685338551859
253	1.08579960707
254	0.622305882353
255	0.62268852459
256	0.279025495751
257	0.171297391304
258	0.0383663453111
259	0.425422740525
260	0.0911309613929
261	0.579956820412
262	0.525741176471
263	0.654494117647
264	0.286881553398
265	0.0829693693694
266	0.0435272727273
267	0.758495049505
268	1.2901018981
269	1.12610589411
270	1.30736507937
271	1.37612673267
272	0.784665346535
273	1.34361980198
274	1.48852869565
275	1.67786350148
276	1.06050749251
277	0.829650793651
278	1.94608591409
279	2.01622377622
280	2.00857142857
281	2.00909306931
282	2.40740918164
283	2.33879365079
284	2.33967632368
285	2.14124083251
286	2.48634565435
287	2.44955996549
288	2.95192807193
289	1.41453320119
290	2.26768431568
291	2.57762874251
292	2.51250793651
293	2.71609910803
294	3.08182178218
295	3.0001998002
296	2.96868302257
297	3.0657982018
298	3.41026759167
299	3.20101386139
300	3.42658941059
301	2.61848166501
302	2.89437125749
303	3.00108730159
304	2.72687312687
305	2.45354645355
306	1.86292750745
307	2.51138278932
308	2.23488511489
309	1.97854509415
310	1.44256888008
311	1.38696237624
312	1.52423576424
313	2.28726546906
314	2.80890944123
315	3.22327843137
316	3.91616633663
317	2.86613972056
318	2.89885714286
