0	1.19106620209
1	1.02002330097
2	0.652929772502
3	1.16015986678
4	1.42322743682
5	2.05541658342
6	1.45538156591
7	1.39583875969
8	2.05541658342
9	1.3831049505
10	1.48402775025
11	1.74865004985
12	1.76137574553
13	2.03355044955
14	1.65848166501
15	1.79630769231
16	2.08250545094
17	2.26088622754
18	0.387484515485
19	1.73886792453
20	1.33659140859
21	1.56187908821
22	1.12047105788
23	1.68285714286
24	0.859738613861
25	1.39803592814
26	1.04145525292
27	1.18488188976
28	1.23297308076
29	0.798574257426
30	0.954917647059
31	1.08260920666
32	1.10491816367
33	1.24868817204
34	1.50876323676
35	1.22562376238
36	1.25603996004
37	1.24381746032
38	1.57279041916
39	1.23081889764
40	1.2370144648
41	1.59145816733
42	1.1703468781
43	1.23181978452
44	1.48595441031
45	1.20552247752
46	1.53732023576
47	1.24289395441
48	1.39918334985
49	1.27916883117
50	0.730031858407
51	1.08356435644
52	1.12690693069
53	0.986043564356
54	0.467377601586
55	0.611576470588
56	0.473538461538
57	0.481533333333
58	1.32335664336
59	0.437352363961
60	1.11939622642
61	1.02312437811
62	1.48437014925
63	1.71767765568
64	0.722375
65	1.61255445545
66	1.7381978022
67	1.59544444444
68	1.53734520277
69	1.22185178056
70	0.207048648649
71	0.341386138614
72	0.715152475248
73	0.650138613861
74	0.11250256996
75	0.479908484271
76	0.27625631068
77	0.418867326733
78	1.02902857143
79	1.16757597173
80	0.970505660377
81	1.35843650794
82	1.10261134632
83	1.79575624376
84	1.5934826561
85	1.73789119683
86	1.89684920635
87	1.30523636364
88	0.84796125908
89	0.72727340824
90	1.33725901639
91	1.79347852148
92	1.45214285714
93	1.32180594059
94	1.94608591409
95	1.39081070367
96	1.75537425743
97	1.87562037962
98	1.8306013986
99	2.15843012884
100	1.77705201178
101	1.94856237624
102	2.32874325674
103	2.29085714286
104	1.72592475248
105	2.2339077527
106	1.47119280719
107	2.25604757185
108	1.62434365634
109	1.76156339371
110	2.44900699301
111	1.89426984127
112	1.83724383021
113	2.52519563059
114	1.8292990099
115	1.94618981019
116	2.05089329556
117	2.65477844311
118	2.09511377246
119	2.00566202783
120	1.99711776447
121	1.84513492063
122	1.98968231768
123	1.65288253968
124	1.78057142857
125	1.41455344655
126	1.77147169811
127	1.53637562438
128	1.83729070929
129	2.02647930703
130	1.98794529915
131	1.85473141724
132	2.11008191808
133	1.47050941526
134	2.20847952048
135	2.29594405594
136	1.66440759241
137	1.90188679245
138	1.73595247525
139	1.68118929633
140	0.994455445545
141	1.33383416583
142	1.29861615155
143	1.34896222664
144	0.922729411765
145	0.902106930693
146	1.24857142857
147	0.58288
148	0.184205940594
149	0.541782178218
150	0.650138613861
151	0.466831372549
152	0.105332050048
153	0.675952941176
154	0.276157009346
155	0.128626836435
156	1.02057142857
157	1.02856343656
158	0.579326275265
159	0.687223762376
160	0.888522772277
161	0.945114818449
162	0.690988235294
163	0.890541176471
164	0.558650980392
165	0.783247058824
166	0.593417821782
167	0.928383233533
168	0.668155642023
169	0.697774257426
170	0.697929411765
171	0.772820412169
172	0.806971315529
173	0.956554455446
174	0.899659405941
175	0.953152941176
176	1.04345346535
177	1.07986534653
178	1.03515247525
179	0.609270588235
180	0.885036521739
181	0.335607843137
182	0.888522772277
183	0.583984450923
184	0.675290891283
185	0.571773451327
186	0.691311953353
187	0.400662875711
188	0.67180990099
189	0.663358415842
190	0.580526522593
191	0.601107692308
192	0.718870588235
193	0.466114135206
194	0.552617821782
195	0.42875612145
196	0.4424
197	0.520110891089
198	0.53025173439
199	0.754616600791
200	0.742816651904
201	0.929310689311
202	0.729209028459
203	0.988074582924
204	0.922323353293
205	0.908772313297
206	1.32194851485
207	0.83168031968
208	0.86013995118
209	1.04125272547
210	0.901114517583
211	1.11517282717
212	0.886236893204
213	0.942025974026
214	0.892150793651
215	0.765760932945
216	0.45117938553
217	1.21530029155
218	1.20541035857
219	1.44615873016
220	1.23357009346
221	1.27938634238
222	1.86955444555
223	1.43253069307
224	1.79302297702
225	1.41323809524
226	1.30982018349
227	1.79871683168
228	1.5476
229	1.62985814186
230	1.69408191808
231	1.65458998145
232	1.22315294118
233	1.01576047904
234	0.872208092486
235	0.573763106796
236	0.429176470588
237	0.400918811881
238	0.849350649351
239	1.81180852916
240	2.04793663366
241	1.28603564356
242	1.21478058252
243	1.53062937063
244	1.03727254708
245	1.24636963037
246	1.07834920635
247	1.25077241379
248	1.30876747967
249	1.35741788618
250	1.40906206897
251	1.05013798573
252	0.900118811881
253	1.15961149653
254	1.25405309735
255	1.28453479853
256	1.52701639344
257	1.40780952381
258	1.48448316832
259	1.06667722772
260	1.24876153846
261	1.44114059406
262	1.10984215784
263	1.00431318137
264	1.22701359223
265	1.47364752475
266	1.0984950495
267	1.13078295342
268	1.41946930693
269	1.2315727003
270	1.20052747253
271	1.17004805302
272	1.64701782178
273	1.35860939061
274	1.65949653122
275	1.25612685828
276	1.53542457542
277	1.57519127849
278	1.70716994022
279	2.21941258741
280	1.68962065541
281	1.68808880666
282	1.97047920792
283	1.99222178218
284	1.80833300297
285	1.86399209486
286	2.00908730159
287	1.99052947053
288	2.04962537166
289	2.0163960396
290	2.11226901521
291	2.54486227545
292	1.83172194638
293	2.06891508492
294	1.81041117764
295	1.66726984127
296	1.70941481481
297	1.89910588235
298	1.17632507433
299	1.54057857143
300	1.9593115727
301	1.49279041916
302	1.9170564663
303	2.45994005994
304	1.84588305253
305	2.3404990099
306	2.04448351648
307	1.30972888016
308	1.84205940594
309	1.38130980392
310	1.55103270565
311	0.872514851485
312	1.08237362637
313	1.21371655104
314	0.631129411765
315	1.7896531219
316	1.08827722772
317	1.10633102081
318	0.684811188811
