0	0.10598647343
1	0.379247524752
2	0.526424357755
3	0.733322772277
4	0.888118811881
5	0.240191812865
6	0.39104079602
7	0.391732019704
8	0.112794239314
9	0.375897939156
10	0.559454005935
11	0.664458252427
12	0.97830969031
13	1.27541258741
14	1.40033333333
15	0.53877817151
16	0.230988551518
17	0.260491297862
18	0.399979581419
19	0.360007877893
20	0.289548
21	0.278909452736
22	0.26679798995
23	0.307756
24	0.283710144928
25	0.286407111111
26	0.114265573198
27	0.3648
28	0.489464251668
29	0.696271728272
30	0.313504209542
31	0.307965217391
32	0.273552413457
33	0.251975510204
34	0.220970048309
35	0.0896076555024
36	0.357576237624
37	0.471865346535
38	0.592551448551
39	0.0388516129032
40	0.211009708738
41	0.224578461538
42	0.836625742574
43	0.106533466533
44	0.545140647656
45	0.698257943925
46	0.597066933067
47	0.091614953271
48	0.0876194842407
49	0.464742342342
50	0.147432258065
51	0.252804020101
52	0.248247342995
53	0.3088375
54	0.319942857143
55	0.24631804878
56	0.264697536946
57	0.27203280369
58	0.354025615764
59	0.319975384615
60	0.243266341463
61	0.259240201005
62	0.223536964981
63	0.225789973615
64	0.196195215311
65	0.463643979058
66	0.23560776699
67	0.254159183673
68	0.233771680549
69	0.250257128564
70	0.457255931348
71	0.212724
72	0.0680588319292
73	0.317217391304
74	0.158963103122
75	0.483297350343
76	0.488538529672
77	0.965976470588
78	0.181501176471
79	0.308011707317
80	0.25202705314
81	0.911744255744
82	0.0702034129693
83	0.249035920177
84	0.309579130435
85	0.227457268722
86	0.240478431373
87	0.0870077103587
88	0.415456543457
89	0.598580773043
90	0.792723076923
91	0.487112887113
92	0.143328171531
93	0.609967346939
94	0.258941004388
95	0.534849261084
96	0.0924035346097
97	0.401316154609
98	0.635276723277
99	0.636784615385
100	0.259814285714
101	0.0912508262945
102	0.346740594059
103	0.578463366337
104	0.863712287712
105	1.53581157998
106	2.55996082272
107	4.23952522255
108	4.82453546454
109	2.90228756058
110	0.552343457068
111	0.39359040959
112	0.650782953419
113	0.951176823177
114	1.2983976024
115	2.38244705882
116	4.41398601399
117	2.22096606786
118	0.506821002387
119	1.27986051282
120	2.83823541048
121	1.50828811974
122	0.441200424178
123	0.390469772052
124	0.696728697356
125	0.901270588235
126	0.792918811881
127	2.08775431862
128	3.4398961039
129	3.60133466533
130	2.0966035313
131	1.0111701161
132	1.05810005157
133	1.0536843147
134	1.276
135	2.33734131737
136	0.26273015873
137	1.77744299065
138	1.82667130435
139	2.48136237624
140	0.256934131737
141	2.01942857143
142	1.6877388724
143	1.74453861386
144	0.993528712871
145	1.62695738355
146	0.705734579439
147	1.63408591409
148	2.8425974026
149	0.0199983931871
150	3.03939260739
151	3.34728712871
152	0.78005132592
153	1.37044133269
154	3.190001998
155	1.82169185476
156	1.96795204795
157	0.610727452924
158	0.981626236335
159	1.04448624312
160	1.13909090909
161	1.10777125808
162	1.01736755111
163	1.43037209302
164	0.889989167898
165	1.18906391753
166	1.3301803998
167	1.89811694747
168	1.11141386139
169	1.14857821782
170	1.19801183432
171	1.31632604374
172	0.946239366963
173	0.948783505155
174	2.25221178821
175	1.85836091725
176	1.9852166998
177	0.606473161034
178	0.90554517134
179	0.77626035503
180	0.776247752248
181	0.869758415842
182	0.922736323312
183	2.14545742574
184	0.252779627816
185	1.44316483516
186	1.14790089197
187	0.911096134787
188	1.27734124629
189	1.70113267327
190	0.245833220339
191	1.8854019802
192	1.04874455446
193	0.259587755102
194	0.33691440287
195	0.261278672523
196	0.315492
197	0.367726867887
198	0.426984455959
199	0.861242757243
200	0.275405247813
201	0.214901333333
202	0.0779420689655
203	0.357981308411
204	0.552687312687
205	0.622552454283
206	0.260543554007
207	0.283406185567
208	0.311710552764
209	0.306058291457
210	0.24603202329
211	0.235972139303
212	0.536455384615
213	0.277332
214	0.292684
215	0.273123354461
216	0.275876923077
217	0.0827269659129
218	0.357222551929
219	0.514117647059
220	0.297874509804
221	0.834805194805
222	1.33914885115
223	0.768861476239
224	0.25497254902
225	0.214216915423
226	0.523777777778
227	0.255471921182
228	0.435025906736
229	0.340840565578
230	0.447172
231	0.203587555556
232	0.0751994224869
233	0.335241106719
234	0.33974025974
235	0.390721568627
236	0.477086834734
237	1.00822178218
238	0.58753617443
239	0.141548035784
240	0.328888888889
241	0.401178325123
242	0.786267961165
243	0.152554455446
244	0.791001980198
245	0.0908435643564
246	0.333419487179
247	0.295268365817
248	0.351274622199
249	0.306742628686
250	0.23091597863
251	0.24503946694
252	0.251642211055
253	0.270648275862
254	0.269555329949
255	0.255849802372
256	0.219243771373
257	0.234702040816
258	0.224438411262
259	0.265759919638
260	0.203849781659
261	0.0688302350591
262	0.150467461045
263	0.207728271728
264	0.516257940327
265	0.833124752475
266	0.689121568627
267	0.804237623762
268	0.0951454005935
269	0.30237939574
270	0.505107692308
271	0.095974822974
272	0.400522255193
273	0.327992007992
274	0.0738390272148
275	0.491988011988
276	0.373066666667
277	0.515011764706
278	0.514677227723
279	0.0279350140056
280	0.64083960396
281	0.590117647059
282	0.284123076923
283	0.88447127556
284	0.882932270916
285	0.940582755203
286	1.04075294118
287	1.18023529412
288	1.0631049505
289	0.995893175074
290	1.12802378593
291	1.39241938675
292	1.01855049505
293	1.39091231527
294	1.01110447761
295	1.18108514851
296	1.27916883117
297	1.16232871287
298	1.42087611497
299	1.35190588235
300	1.28732067932
301	1.51699009901
302	1.43172249752
303	0.411873333333
304	1.24486646884
305	1.08473405299
306	0.738885114885
307	1.12690693069
308	0.922637623762
309	1.41946930693
310	1.5179960396
311	1.72365940594
312	1.17244356436
313	1.46503096903
314	1.61545292369
315	2.06715684316
316	2.04432903865
317	2.05447352647
318	1.75961638362
