0	2.5474045954
1	2.77264313725
2	2.81433766234
3	3.19650793651
4	4.5726132542
5	3.35005794206
6	3.57325874126
7	3.01204085422
8	3.67804995005
9	2.66160518999
10	1.73542120912
11	1.4531047619
12	1.72286732673
13	1.46426164519
14	1.22904295704
15	1.68369230769
16	1.06744895937
17	1.54156243756
18	1.03662752647
19	0.685338551859
20	0.54875307474
21	0.300423529412
22	0.846793339863
23	1.00137821782
24	0.536997055937
25	0.819161676647
26	0.694168483647
27	0.125793103448
28	0.591852795471
29	1.32457142857
30	1.37749058474
31	0.69798019802
32	0.660974257426
33	1.77115684316
34	2.51914485514
35	2.33647571853
36	2.21350280374
37	2.6458021978
38	2.81371655104
39	3.21886913087
40	2.66186719524
41	2.62932804757
42	2.74317705242
43	2.71934615385
44	2.93805988024
45	2.47541258741
46	2.51500297915
47	2.55087524752
48	2.5474045954
49	2.30393657086
50	3.37438415842
51	3.41772673267
52	3.54775445545
53	2.86510891089
54	2.39888111888
55	2.26276984127
56	2.51940769231
57	2.56927072927
58	2.29536507937
59	2.21301898102
60	2.41874331021
61	2.50821178821
62	2.24355289421
63	2.79759285005
64	3.62337662338
65	2.85847843137
66	3.25933732535
67	4.24656943057
68	4.66685203575
69	3.61699100899
70	3.25166033966
71	3.45593612774
72	3.41295124378
73	3.33527272727
74	2.58749903661
75	3.75458141858
76	3.63069061876
77	2.869002997
78	3.07231809145
79	3.01385014985
80	2.36975824176
81	2.98926673327
82	4.15193650794
83	3.43203849856
84	3.19198446602
85	3.17073398058
86	3.61245154845
87	4.03884115884
88	5.00965079365
89	3.41565634366
90	3.21822222222
91	3.57325874126
92	4.08257342657
93	3.75638506876
94	2.94095841584
95	3.08458283433
96	3.16393650794
97	2.82527072927
98	3.41565634366
99	3.86005588822
100	3.6924055666
101	4.47616383616
102	3.00895143707
103	2.40740918164
104	2.46067130089
105	2.21941258741
106	2.98926673327
107	3.15767128713
108	3.18606193806
109	3.42316966068
110	3.36604373757
111	3.50858867925
112	2.27407792208
113	1.86246908734
114	1.97888511489
115	1.55707936508
116	1.8854019802
117	1.96380613254
118	1.97658613861
119	1.76796035679
120	1.80321584158
121	1.73835764236
122	1.51065346535
123	2.24127872128
124	2.36608191808
125	3.3030259481
126	3.17022664016
127	2.8362037962
128	2.71072601385
129	3.17794637537
130	2.8907972028
131	2.61855302279
132	3.36184860558
133	3.01472397326
134	3.02674328082
135	3.09132075472
136	3.20338861139
137	2.68314085914
138	2.55593650794
139	2.20398431373
140	2.2984
141	2.66766833167
142	2.79247152847
143	2.1975
144	2.04735238095
145	2.21047128713
146	2.58474325674
147	2.46447952048
148	2.45371428571
149	2.38794805195
150	2.09785530228
151	2.70500699301
152	2.72687312687
153	2.8097982018
154	2.55847467726
155	3.62338461538
156	3.9851258672
157	3.26237623762
158	2.30415984016
159	2.27139742319
160	1.95491485149
161	3.24388023952
162	1.9607388282
163	2.8034045954
164	3.16080079286
165	4.69013972056
166	4.19644355644
167	5.14308091908
168	4.88872293942
169	4.72267988107
170	3.968
171	4.86975424575
172	4.09350649351
173	3.93890353391
174	3.31394810379
175	4.17679840319
176	4.49743141153
177	3.92951048951
178	3.57965234765
179	3.80998003992
180	4.10034331337
181	4.0962552343
182	4.19374085064
183	3.35005794206
184	3.01979781962
185	2.88964122894
186	2.38794805195
187	2.30048351648
188	1.51581925344
189	0.84518019802
190	1.28370829171
191	2.39070763132
192	2.75238323353
193	2.25984690873
194	2.63940859141
195	2.29536507937
196	2.09914885115
197	1.64068118812
198	1.37198833819
199	0.879811764706
200	1.07616221563
201	1.37749058474
202	2.41001980198
203	1.92501960784
204	2.08821578422
205	2.06531615461
206	2.48634565435
207	2.71231881372
208	3.08312487512
209	2.55340336967
210	2.17162772277
211	2.8034045954
212	2.30555514019
213	2.36685714286
214	1.8899009901
215	2.40981418581
216	3.33912487512
217	2.82650834879
218	2.9056744186
219	3.30507936508
220	3.38762718447
221	3.80927072927
222	2.79202378593
223	2.32966336634
224	3.35005794206
225	3.6236039604
226	3.63169078295
227	3.64525074925
228	3.76551448551
229	4.49816895874
230	2.70500699301
231	3.19380439122
232	2.0368142999
233	2.68953446553
234	1.93707936508
235	1.59084818805
236	3.11330409914
237	3.16129230769
238	3.12076190476
239	3.24435643564
240	3.52498701299
241	2.82982974743
242	3.20285714286
243	2.04902297702
244	2.02715684316
245	2.20181565907
246	2.93167265469
247	1.84460963618
248	1.63996003996
249	1.379171737
250	2.08973913043
251	1.99762904809
252	1.34796007984
253	1.55882121807
254	1.54156243756
255	1.60076723277
256	1.73079365079
257	2.42714085914
258	2.03808991009
259	2.55593650794
260	3.43752247752
261	2.72679484638
262	1.81488911089
263	1.13791747147
264	1.09225831703
265	1.17140931615
266	1.18531068931
267	1.57428571429
268	1.45197623762
269	1.05411388611
270	0.997867195243
271	1.16983816184
272	1.0573372206
273	1.26777029703
274	1.16228343313
275	0.875087857848
276	0.463637438424
277	0.732515484515
278	1.44707234886
279	1.56033267327
280	1.17095849057
281	1.34476723277
282	1.46426164519
283	1.34930669331
284	1.718390579
285	1.56483168317
286	1.82038811881
287	1.54316039604
288	1.93958019802
289	1.73196403596
290	1.65949653122
291	1.25090909091
292	1.3124122894
293	0.865896987366
294	1.07037125749
295	1.55257142857
296	1.7056950495
297	1.63618217822
298	0.911984015984
299	0.846017839445
300	0.6487696793
301	0.929310689311
302	1.43677122877
303	1.80049950446
304	1.25090909091
305	1.32194851485
306	0.930100172712
307	0.491969465649
308	0.563453465347
309	1.2901018981
310	1.75987326733
311	2.06960792079
312	2.32332673267
313	1.95685232904
314	1.15877647059
315	0.929310689311
316	1.20506407767
317	1.34476723277
318	0.979882352941
