0	2.38927731092
1	1.98796831683
2	1.91095004897
3	2.35930196078
4	2.29108605341
5	1.93398612488
6	2.101256917
7	1.72392857143
8	1.96692215569
9	1.82985018727
10	2.15381418581
11	1.72418781219
12	1.52295191364
13	1.94403076923
14	2.75513286713
15	2.51184815185
16	2.41386507937
17	2.75513286713
18	1.97675924076
19	2.70074925669
20	2.75225346535
21	1.80839160839
22	2.18570964833
23	2.22130693069
24	1.53065882353
25	1.74453861386
26	1.54721278721
27	1.41946930693
28	0.737554013875
29	0.533722277722
30	0.332285994123
31	0.0214168297456
32	0.860884955752
33	0.458605714286
34	1.13801980198
35	2.15249851632
36	2.14667107438
37	1.91815934959
38	2.01542970297
39	0.620509803922
40	0.67180990099
41	0.879811764706
42	1.00850196078
43	1.33278415842
44	1.00959050445
45	1.21359207921
46	0.954265346535
47	1.29825882353
48	1.09272327672
49	2.12101498501
50	1.79027777778
51	1.47654814815
52	1.86955444555
53	1.58496633663
54	1.62072156863
55	2.17568031968
56	1.25053716551
57	1.33278415842
58	1.40584980237
59	0.915501472031
60	1.10523564356
61	0.608978417266
62	0.305448604493
63	0.0713739130435
64	0.21681509434
65	0.16519245283
66	0.0008691922802
67	0.00271002888981
68	0.268603636364
69	2.85353046953
70	4.049500998
71	4.28570858283
72	4.43439520958
73	4.17447657029
74	4.20786413586
75	4.34422956522
76	5.47746653347
77	4.10788411588
78	4.97757442557
79	4.54620634921
80	4.52913968548
81	4.77044714687
82	4.56098285714
83	2.2188129285
84	2.52313277311
85	3.11592407592
86	2.72145454545
87	4.78390419162
88	4.76168631369
89	4.68938507463
90	4.62295548961
91	4.74474325674
92	4.27029821074
93	4.79984815185
94	4.97454545455
95	3.72178740157
96	2.16558866856
97	2.44702222222
98	3.38925074925
99	2.71211089109
100	1.92237168142
101	1.85632149533
102	2.34632384691
103	1.52082235529
104	2.23111719418
105	2.14301176471
106	2.47939260739
107	1.79887272727
108	1.84787964602
109	1.7548962963
110	1.82960740741
111	1.99063652174
112	2.60843956044
113	1.80095387293
114	2.13223845508
115	2.36756843157
116	1.76567690783
117	2.11284715285
118	1.56183151635
119	1.82004485981
120	1.32213069307
121	1.3271245283
122	1.7310738523
123	1.51355844156
124	1.80968253968
125	2.08861843409
126	1.40673267327
127	1.70012592593
128	1.89628108108
129	2.34397602398
130	1.71478170837
131	1.94800360036
132	2.20354045954
133	1.69510769231
134	1.79102477701
135	1.91722677323
136	1.64454017094
137	1.45451047324
138	1.26343050847
139	1.10642735043
140	1.69297102897
141	1.29956701031
142	2.10001135289
143	1.90998802395
144	1.9859020979
145	1.74516683317
146	1.93806786427
147	1.49671499503
148	1.53034165834
149	1.66403996004
150	1.53405009634
151	1.21647850467
152	1.2881980198
153	1.30132267732
154	1.12308649174
155	1.54484715285
156	1.03267902439
157	1.06833466135
158	0.934113886114
159	0.902384158416
160	0.894761238761
161	0.664872150644
162	0.588854368932
163	0.813546453546
164	1.3032007992
165	1.27972249752
166	1.60361238761
167	1.68123686819
168	0.921948514851
169	1.17406846847
170	1.21026973027
171	1.12141038198
172	1.07495238095
173	1.2676579658
174	1.41808547009
175	1.4097769003
176	0.580838133069
177	0.505568627451
178	0.599310891089
179	0.921417142857
180	1.472999001
181	0.87987047619
182	1.04290841121
183	1.56966233766
184	3.30468186323
185	2.05500972591
186	2.65304295704
187	1.40057142857
188	1.36797602398
189	1.51284705882
190	1.99865734266
191	2.82704495504
192	2.99876923077
193	2.5950347567
194	1.96626666667
195	1.69462537463
196	1.93989210789
197	1.96319524281
198	0.977243564356
199	1.12690693069
200	0.934579365079
201	1.36526946108
202	0.798023529412
203	1.36663336663
204	1.6442997003
205	1.669
206	1.35579781962
207	0.87580990099
208	1.86508912831
209	0.673149653122
210	0.428243478261
211	0.49843960396
212	1.05786213786
213	1.92699300699
214	1.20909490509
215	1.09657142857
216	0.436450648056
217	0.701068520357
218	0.533419983753
219	1.84584431138
220	1.77678571429
221	1.89049350649
222	1.57560356789
223	1.82038811881
224	1.51570829171
225	1.27721188119
226	1.26902675917
227	1.1556011846
228	1.46716981132
229	1.19565234765
230	2.08044356436
231	1.64930139721
232	1.78156385069
233	1.65238761239
234	1.79518885988
235	1.88353709199
236	1.25907631318
237	1.62902697303
238	1.38511297852
239	1.89811694747
240	1.30293861386
241	1.86955444555
242	1.49783016983
243	1.26821218075
244	1.90235364635
245	1.97888511489
246	1.79083316683
247	1.73251587302
248	1.19922477522
249	1.5820039604
250	1.75335864136
251	1.83951635282
252	1.56802105263
253	2.08921068249
254	1.11984142716
255	1.66868910891
256	1.51373426573
257	1.9415024777
258	1.48714624506
259	2.03355044955
260	1.14540077821
261	0.351090742438
262	0.152645239539
263	0.994909090909
264	0.785875810936
265	1.23543656344
266	1.07206336634
267	1.25818037661
268	0.869898039216
269	0.800358301158
270	1.69708151093
271	1.21592079208
272	1.45874925075
273	1.35011576846
274	1.40621251241
275	1.32072903226
276	0.732515484515
277	0.891415112856
278	0.696615384615
279	1.00856470588
280	1.06549450549
281	1.00294653465
282	1.48329142857
283	1.5616333003
284	1.32597224792
285	1.17883508772
286	1.92421978022
287	2.10618037661
288	2.14134665335
289	1.63563924678
290	1.52866333666
291	1.32980534022
292	1.9415024777
293	1.50487112887
294	1.38429048086
295	1.59815384615
296	1.59371764706
297	1.58951128557
298	0.431128712871
299	1.02836795252
300	1.12787326733
301	1.14413103448
302	1.36529108911
303	0.678745098039
304	0.834344554455
305	0.537850980392
306	0.863712287712
307	0.370957383548
308	0.338925074925
309	0.639302970297
310	0.93022977023
311	0.364485908649
312	0.491988011988
313	0.265889212828
314	0.281726732673
315	0.0846196150321
316	0.332285994123
317	0.282005946482
318	0.468506930693
