0	1.60716083916
1	1.74929070929
2	1.51198412698
3	1.80776261128
4	2.10211485149
5	1.50633663366
6	1.85473141724
7	1.32890207715
8	0.256
9	1.16530139721
10	1.47545688801
11	1.33941386139
12	1.82173416149
13	1.63958852621
14	2.5002749274
15	1.32674353877
16	1.56671683168
17	1.33935664336
18	1.47854202077
19	2.01373826174
20	2.16967032967
21	1.8478001998
22	1.90244598612
23	1.91995471698
24	2.1975249501
25	2.09764285714
26	1.91429370629
27	2.7371028971
28	2.32670811744
29	2.3367992008
30	2.54238728898
31	1.70758841159
32	2.03343856144
33	3.152
34	3.36388411588
35	2.92734596211
36	3.60826373626
37	2.81723752495
38	3.21661904762
39	3.02407992008
40	2.62253746254
41	2.75404595405
42	2.82522277722
43	2.31376984127
44	2.11722677323
45	2.0982891326
46	2.79886513487
47	2.22686223984
48	2.08465469062
49	2.73134865135
50	2.48563168317
51	2.67309637489
52	2.77467722772
53	2.74413478692
54	2.21904158416
55	2.09218217822
56	2.85032567433
57	2.77353046953
58	3.04622222222
59	2.7526970297
60	1.85306772908
61	2.56509090909
62	2.42606937562
63	2.42319280719
64	2.82139147671
65	3.12968756219
66	2.93002997003
67	2.23345391904
68	2.80114285714
69	2.28875247525
70	2.8912318408
71	2.29287920792
72	2.5259901088
73	2.21050434783
74	2.63567096135
75	1.70932267732
76	2.02513379584
77	2.2858817652
78	2.88228118812
79	2.84975024975
80	2.79416451933
81	3.44745654346
82	3.9000753221
83	3.42257742258
84	2.50952929494
85	1.86549450549
86	2.09823587711
87	2.20344380952
88	2.39434165834
89	2.56291708292
90	2.56118929633
91	2.48255841584
92	2.99645954046
93	2.45272222222
94	2.23115284715
95	2.46038761239
96	2.50471442591
97	2.43718999073
98	2.97379420579
99	2.66077623762
100	2.4113966034
101	2.58378592666
102	2.24915643564
103	1.97717482517
104	2.60313181368
105	1.9977245509
106	2.47087312687
107	2.20858671952
108	3.13779020979
109	1.03519524281
110	1.98959764475
111	2.47052673267
112	1.94157042957
113	2.11877106046
114	2.53554059406
115	1.95706719368
116	2.51386930693
117	2.01985628743
118	2.25005555556
119	2.66234895314
120	2.78088888889
121	2.29895221239
122	2.42828645384
123	1.88048751249
124	1.63670679612
125	0.0977419835943
126	3.98584309831
127	2.01605588822
128	2.1544047619
129	2.62098701299
130	2.55974628345
131	2.29394263106
132	3.06648712871
133	2.65657254902
134	2.71169200395
135	2.18643892751
136	2.01022857143
137	2.20576744186
138	1.74765510406
139	1.76302874133
140	2.08044356436
141	1.75807392607
142	1.82665889213
143	2.86060990099
144	2.42827572428
145	2.9953006993
146	2.56188095238
147	2.62328783383
148	3.22753174603
149	2.66731668332
150	2.93233966034
151	2.88216343724
152	3.17484356436
153	2.10853946054
154	2.21420812686
155	2.65673526474
156	1.44872150644
157	1.50615445545
158	1.13789410589
159	1.67034291378
160	2.00566633367
161	2.2711043771
162	2.65673526474
163	2.24361188119
164	2.22949454906
165	3.20603773585
166	1.6995960396
167	1.98488800793
168	1.47155244755
169	1.7896531219
170	1.43513248283
171	1.72502184236
172	1.78819502488
173	1.80981102362
174	1.58508366534
175	1.65705660377
176	2.02261738262
177	1.78498217822
178	1.87642418236
179	0.219173770492
180	5.73123902439
181	1.62501818182
182	1.54988514851
183	1.69524705882
184	1.52396788582
185	2.55974628345
186	2.16054074074
187	2.03858823529
188	1.86691764706
189	1.41169108911
190	1.8528950495
191	1.4180652819
192	1.9367690783
193	2.45316363636
194	2.23171764706
195	1.84603396603
196	2.02778021978
197	2.35905482042
198	2.63387586207
199	2.60900262927
200	2.64105580159
201	2.51563430726
202	2.62793206793
203	2.26097661366
204	2.52495504496
205	2.88619380619
206	2.57253946054
207	2.21035153923
208	2.38563883495
209	2.60260539461
210	2.18218613861
211	2.13724828263
212	1.0893254902
213	1.38833696729
214	1.3557002997
215	1.12231287129
216	2.40527472527
217	2.57059266601
218	2.09383762376
219	2.1036460177
220	2.02626534653
221	1.86710889111
222	2.19754645355
223	2.36703174603
224	2.60484315684
225	2.10924275724
226	2.02504761905
227	2.66537462537
228	2.70046753247
229	0.680541602067
230	5.51753784861
231	3.1156039604
232	3.28676923077
233	2.70273726274
234	2.56937388193
235	3.37832567433
236	3.66718881119
237	3.20816148024
238	2.48002996255
239	3.18152247752
240	2.5279344859
241	3.24446753247
242	3.20505094905
243	3.13891774034
244	3.11482917083
245	3.18110689311
246	1.23615109344
247	1.82038811881
248	2.17392207792
249	2.5088255093
250	1.59622777223
251	1.82219226957
252	2.0652990099
253	3.16598219585
254	2.95135714286
255	3.18575763547
256	2.76293491124
257	2.24297821782
258	1.60661386139
259	1.95041584158
260	1.39114455446
261	1.61451089109
262	1.41628235294
263	1.70024554455
264	1.65232941176
265	1.12427924528
266	2.38340859141
267	2.4780654113
268	2.98373731343
269	2.11826467662
270	1.87765776459
271	1.54841188119
272	1.53387242395
273	2.01794851485
274	1.57531764706
275	1.27588910891
276	1.36176556777
277	1.9079246779
278	1.51699009901
279	0.948776699029
280	0.185631492619
281	1.28836887608
282	1.64834851485
283	2.06960792079
284	2.2349010989
285	2.34760339943
286	2.72459081836
287	2.4345952381
288	1.65867722772
289	2.12047152847
290	2.2232864222
291	2.96783233533
292	2.99223176823
293	2.03690627843
294	2.9081958042
295	1.90998612488
296	1.90715151515
297	2.32874325674
298	1.7934826561
299	2.23034565435
300	1.46553815659
301	1.49160034752
302	1.69036039604
303	1.52638616715
304	1.47231777557
305	1.73398425197
306	1.25371542289
307	1.46989513823
308	2.12378613861
309	1.92919080919
310	1.73171628372
311	1.65083693517
312	1.98488800793
313	1.51238361638
314	1.42086818632
315	1.34117647059
316	1.0945029703
317	1.24636963037
318	1.07751412429
