0	0.109226666667
1	0.555454367026
2	0.300129285015
3	0.250841918295
4	0.310703277236
5	0.34300489716
6	0.329702623907
7	0.277607920792
8	0.360791208791
9	0.277033009709
10	0.361258252427
11	0.287937254902
12	0.3648
13	0.279145631068
14	0.166739622642
15	0.368411881188
16	0.246205825243
17	0.266078431373
18	0.247555136664
19	0.352306182532
20	0.065984496124
21	0.331827111984
22	0.274726213592
23	0.275691089109
24	0.368411881188
25	0.28217468106
26	0.240007079646
27	0.258838931955
28	0.343238469087
29	0.357576237624
30	0.210439276486
31	0.337680872151
32	0.2892736
33	0.3648
34	0.165350135014
35	0.365661050545
36	0.286117647059
37	0.287896927651
38	0.211873612297
39	0.331673675357
40	0.360791208791
41	0.275084241824
42	0.276701273262
43	0.361258252427
44	0.271114563107
45	0.278760784314
46	0.354418056919
47	0.17611988012
48	0.361258252427
49	0.243862295082
50	0.125904424779
51	0.0708349514563
52	0.0451632970451
53	0.536997055937
54	0.0074906673485
55	0.461817468106
56	0.329166516652
57	0.446260194175
58	0.526257114818
59	0.470979228487
60	0.631384615385
61	0.552023762376
62	0.650114851485
63	0.516553846154
64	0.845663366337
65	0.548714754098
66	0.866015638575
67	0.769419226957
68	0.459823076923
69	0.210452336449
70	0.151699009901
71	0.162534653465
72	0.108275862069
73	0.162534653465
74	0.0626721266721
75	0.244613313388
76	0.168369230769
77	0.220984615385
78	0.289694117647
79	0.295741429971
80	0.534119521912
81	0.384182178218
82	0.519921568627
83	0.497483495146
84	0.201683802134
85	0.767888999009
86	0.929321463897
87	0.712666005946
88	0.854264730999
89	0.94380990099
90	0.752431876607
91	1.17024950495
92	0.615360639361
93	0.722843564356
94	0.718596078431
95	0.832366899302
96	0.847287128713
97	0.844182178218
98	0.614732673267
99	0.673043137255
100	0.769721115538
101	0.687564356436
102	0.638431683168
103	0.581774193548
104	0.597088888889
105	0.89676039604
106	0.843120792079
107	0.960372277228
108	1.08798415842
109	0.836186206897
110	1.41018981019
111	1.46109018831
112	1.28212413793
113	1.30209491525
114	1.44141176471
115	1.47888736533
116	1.39530201342
117	2.48237924152
118	2.51047619048
119	1.92245354645
120	2.08842814668
121	1.98053518335
122	1.85450549451
123	1.84628118812
124	2.35060939061
125	2.3692765114
126	2.52940659341
127	1.94835282458
128	2.81726732673
129	2.18867532468
130	2.45140931615
131	2.40079207921
132	2.68953446553
133	2.12456689792
134	2.02293123772
135	2.23156814159
136	2.49989500423
137	2.64424207493
138	2.62742857143
139	1.89770634921
140	1.86529108911
141	1.80093465347
142	1.89623762376
143	1.25944554455
144	1.10098782609
145	1.08356435644
146	1.28944158416
147	0.972697029703
148	1.58529470529
149	0.750895273401
150	0.718870588235
151	0.418726956522
152	1.26777029703
153	1.31007905138
154	1.6379334638
155	1.69708151093
156	1.55428571429
157	1.57276323676
158	1.20755992141
159	1.08776470588
160	1.21596491228
161	1.28941402498
162	1.31781818182
163	1.34270874662
164	1.75537425743
165	1.38316083916
166	1.9
167	1.53576023976
168	1.2992
169	1.74427037773
170	1.30021760633
171	1.12310009911
172	1.59622777223
173	1.2199592215
174	1.75321791045
175	1.29270819672
176	1.32194851485
177	1.34117647059
178	1.07795643564
179	1.48595441031
180	1.1075009901
181	1.28018217822
182	1.34368186227
183	1.70765063788
184	1.50400799201
185	1.39059033989
186	1.72742457542
187	1.44283845391
188	2.19745994065
189	1.4593254902
190	1.80624902724
191	2.43807392607
192	1.9071968032
193	2.49902362205
194	2.33967330677
195	2.18661338661
196	1.29464554455
197	1.54018632309
198	1.52509306931
199	2.17350898204
200	1.37315520629
201	1.66182617383
202	1.25232111001
203	1.90235364635
204	1.50138888889
205	1.66182617383
206	1.34958431373
207	1.34361980198
208	0.91737029703
209	1.14857821782
210	1.26777029703
211	0.831657711443
212	0.964372277228
213	0.600847058824
214	0.392481553398
215	0.400918811881
216	0.3099375
217	0.244380582524
218	0.147891891892
219	0.00785783521809
220	0.32721955261
221	0.65966033966
222	0.796122893954
223	0.799213559322
224	1.19528471528
225	1.04263492063
226	1.28404366079
227	1.77813861386
228	1.46281188119
229	1.9177980198
230	1.74266138614
231	1.68170196078
232	1.29543396226
233	1.71617804154
234	1.827
235	1.78929070929
236	1.75655896928
237	1.6451588785
238	1.80633766234
239	1.6347078926
240	1.80955247525
241	1.51281584158
242	1.56575841584
243	1.43481188119
244	1.62268146883
245	1.8655777998
246	1.412995005
247	1.60725674326
248	1.98685714286
249	1.58277722278
250	1.52220176991
251	1.8655777998
252	1.6474011976
253	2.25828571429
254	1.4372027972
255	1.40196435644
256	1.34566213592
257	1.69203567889
258	1.12324516129
259	1.95234886026
260	1.69926546906
261	1.84205940594
262	1.34481437126
263	1.99771428571
264	1.72886336634
265	1.65551248751
266	1.98444400396
267	1.95544554455
268	1.87905882353
269	2.42714085914
270	1.88649355798
271	2.11504459861
272	1.8593006993
273	2.33197224975
274	2.14429306931
275	2.71159563925
276	0.588537549407
277	2.40089154229
278	2.41512253642
279	2.66458471761
280	2.83893861386
281	2.28492368682
282	2.45175445545
283	2.20181565907
284	1.15742657343
285	1.87642418236
286	1.54151587302
287	1.77115684316
288	1.22775445545
289	2.40058983051
290	2.46670866142
291	0.869543859649
292	0.568658823529
293	0.490179159049
294	0.0652424091588
295	2.47957522124
296	0.536470588235
297	0.378830769231
298	0.211522689076
299	0.0257961107837
300	0.122736448598
301	0.265631067961
302	0.435634951456
303	0.182662824207
304	0.128752941176
305	0.163801683817
306	0.809140594059
307	0.646093457944
308	0.597876040703
309	0.893002997003
310	0.765673110721
311	0.859336643496
312	0.694024231128
313	0.454420512821
314	0.983123395854
315	0.9744
316	1.04120438684
317	1.05597932817
318	1.27372222222
