0	0.682645544554
1	0.687144554455
2	0.650138613861
3	0.954917647059
4	0.953536633663
5	0.957088031652
6	1.11939622642
7	1.27789221557
8	0.990542574257
9	1.02938613861
10	0.932788899901
11	0.999448551449
12	0.964372277228
13	1.13703896104
14	1.14337363726
15	1.32457142857
16	1.26697005988
17	1.04472079208
18	1.07272871287
19	0.977334641806
20	1.19624375624
21	1.13251343284
22	1.30674626866
23	1.17396078431
24	1.25818037661
25	1.23853610287
26	1.17024950495
27	1.23526336634
28	1.12279365079
29	1.43223176823
30	1.4477042957
31	1.713728444
32	1.38210589411
33	1.15941386139
34	1.01855049505
35	0.869082352941
36	0.9472
37	0.866851485149
38	0.867710604559
39	0.802653346653
40	0.92102970297
41	0.803428571429
42	0.756996047431
43	0.915599603568
44	0.801044510386
45	1.12737026239
46	1.26143366337
47	1.21357042957
48	1.04177428852
49	0.798431372549
50	1.3229010989
51	1.26777029703
52	0.979706930693
53	1.07399411187
54	1.20263736264
55	1.29953287537
56	1.13774257426
57	1.05555643564
58	1.13774257426
59	1.15877647059
60	1.2601859545
61	1.30156590684
62	1.08919332679
63	1.06050749251
64	0.942700990099
65	1.10973465347
66	1.00771485149
67	1.04022178218
68	0.772517647059
69	0.611287128713
70	0.682645544554
71	0.67180990099
72	0.701266019417
73	0.693481188119
74	0.632966336634
75	0.901270588235
76	1.01955996036
77	1.27277522478
78	1.04125272547
79	0.81735014549
80	0.846686567164
81	0.600173399015
82	0.783247058824
83	1.34249263984
84	1.09784615385
85	1.11607128713
86	0.980059701493
87	0.975842209073
88	1.24486646884
89	1.06221176471
90	0.968871287129
91	1.13690097087
92	1.06221176471
93	0.643801980198
94	0.899358415842
95	1.1605629336
96	1.15193669634
97	1.26607058824
98	0.954481665015
99	0.951176823177
100	1.31131650485
101	1.064
102	0.851928143713
103	0.588007619048
104	0.590696761531
105	0.013674302374
106	0.628467326733
107	0.113142857143
108	0.245333333333
109	0.661629335976
110	0.348029510396
111	0.791001980198
112	0.990992125984
113	1.58946995074
114	4.64835059761
115	0.13067996012
116	0.369892725937
117	0.60143670265
118	0.358877330716
119	0.643134182174
120	1.20263736264
121	1.2460990099
122	0.893906838454
123	0.654494117647
124	1.52507163886
125	1.49833432245
126	2.01542970297
127	2.06327128713
128	1.93515956392
129	2.40527472527
130	2.21716551041
131	2.16928671329
132	2.16734117647
133	1.5898015873
134	2.07073726274
135	2.42714085914
136	2.07822222222
137	1.99435764236
138	2.36154245754
139	2.33647571853
140	2.44261338661
141	2.42084752475
142	2.70880318091
143	2.53752720079
144	2.3418762475
145	2.43168031968
146	2.72514285714
147	2.95646753247
148	3.77644755245
149	3.14893422307
150	3.24712087912
151	2.6635364486
152	2.78117740337
153	2.55805490196
154	2.60352502453
155	2.38794805195
156	2.70381176471
157	2.66127472527
158	3.42790863952
159	3.4013253493
160	3.64527524752
161	2.71594005994
162	2.75675247525
163	3.17479365079
164	2.84713686314
165	2.79247152847
166	2.10211485149
167	0.200452830189
168	1.68693641618
169	2.51663073852
170	2.70513034826
171	2.81963708873
172	3.19245554446
173	2.92123529412
174	3.72632167832
175	3.45938861139
176	3.27352647353
177	3.42790863952
178	3.27352647353
179	2.55833766234
180	2.2383670265
181	2.16928671329
182	2.11008191808
183	2.23158714703
184	2.44262137862
185	2.62847552448
186	2.45994005994
187	2.01786081983
188	2.03479365079
189	2.39888111888
190	2.66766833167
191	2.21301898102
192	2.02393650794
193	2.55833766234
194	2.09577821782
195	1.47218991098
196	0.721121019108
197	1.01855049505
198	0.994909090909
199	0.568515361744
200	0.994909090909
201	0.998857142857
202	0.404377358491
203	0.687825569871
204	2.23034565435
205	3.57965234765
206	3.54137524558
207	3.72215873016
208	4.73382834331
209	4.69732460243
210	4.70575824176
211	5.10660539461
212	4.37504895105
213	5.03375024975
214	3.67516500994
215	4.62922677323
216	4.65109290709
217	4.51969381747
218	4.79322277722
219	4.17601570167
220	4.65106893107
221	5.00097502498
222	3.90827944112
223	4.01987637089
224	5.07241516966
225	4.49163636364
226	5.26334465534
227	4.37137262737
228	5.51480519481
229	4.45883716284
230	5.36196211366
231	3.74071385842
232	5.54137549407
233	4.93496207585
234	5.47107292707
235	5.04503585657
236	4.68548989413
237	5.06654945055
238	5.01141716567
239	5.19774625375
240	4.50256943057
241	4.47616383616
242	4.79457627119
243	5.13156087824
244	5.15855344655
245	5.34546906188
246	4.38502297702
247	4.53825049702
248	4.94628571429
249	3.96684915085
250	4.62460678643
251	4.79567395626
252	5.25241158841
253	5.42645908184
254	5.43827372627
255	4.4807032967
256	4.61829370629
257	3.91387064677
258	4.21740336967
259	4.77135664336
260	4.30488714426
261	4.91348651349
262	4.92895904096
263	5.19774625375
264	4.40302868069
265	5.16494705295
266	3.01113286713
267	5.07108891109
268	5.07748251748
269	4.47383057449
270	5.11028171828
271	4.37776623377
272	4.78682917083
273	5.02050793651
274	3.45148522402
275	3.63085262117
276	5.46566336634
277	4.66190818363
278	5.05561638362
279	3.84711111111
280	4.85882117882
281	4.97269130869
282	4.4214985015
283	4.4214985015
284	4.50834558093
285	5.15401398601
286	4.09330589336
287	5.43827372627
288	4.52443556444
289	3.45938861139
290	4.53005964215
291	4.57008502773
292	5.25241158841
293	5.01642357642
294	5.04136779324
295	4.53536863137
296	5.05390891089
297	4.74417425743
298	5.06654945055
299	4.5463016983
300	4.65596027805
301	4.81554851485
302	3.49596862745
303	3.53844839858
304	5.45988636364
305	5.20867932068
306	4.23563636364
307	4.79091161867
308	4.89162037962
309	4.78682917083
310	4.72762437562
311	3.87618720153
312	4.86975424575
313	4.53082917083
314	4.21830969031
315	4.86489421158
316	4.7430969031
317	4.50190646766
318	4.65760158573
