0	1.48445148515
1	2.30324075924
2	2.97629335976
3	2.64342178218
4	2.25402772277
5	1.73451009174
6	2.47052673267
7	1.34977425743
8	1.57116831683
9	1.57663010967
10	2.12429498525
11	1.89371428571
12	2.8425974026
13	2.85472927073
14	2.5982923588
15	2.51714751131
16	2.25681503462
17	2.85542857143
18	2.35491988131
19	1.54742970297
20	1.66605940594
21	1.68026407767
22	2.12101498501
23	1.89224182359
24	2.10419821606
25	2.01527272727
26	2.96406793207
27	2.22209712587
28	2.35426973027
29	2.49873571429
30	0.0782730819246
31	5.98233036597
32	2.8425974026
33	1.91880277502
34	1.93826055046
35	2.07520958084
36	2.10360278054
37	1.85511926606
38	2.36154245754
39	2.41260534125
40	2.52914285714
41	1.78294591937
42	2.16487512488
43	1.90754410307
44	2.87943026706
45	1.81259861249
46	2.52553846154
47	2.0335952381
48	3.54231368631
49	2.74423762376
50	2.63486913087
51	1.79252380952
52	2.39195209581
53	2.38340859141
54	1.87086166008
55	0.0544554039874
56	5.95254576857
57	1.90235364635
58	1.89142057942
59	1.62857142857
60	1.61451089109
61	2.12618581419
62	3.42745688801
63	2.40209181637
64	1.95428571429
65	2.3464750499
66	3.42204995005
67	2.23902284012
68	2.38384158416
69	1.23526336634
70	1.26777029703
71	0.165722834646
72	5.48545490585
73	1.2573026973
74	1.00771485149
75	0.893387755102
76	0.84518019802
77	1.17959281437
78	0.639873015873
79	0.867710604559
80	0.902934393638
81	1.36390827517
82	1.2601305638
83	1.0087135778
84	1.07272871287
85	1.15314512922
86	0.786515422886
87	1.26777029703
88	1.37749058474
89	2.88228118812
90	2.39848071217
91	2.84175222993
92	2.19996831683
93	1.50764717542
94	1.03864135864
95	1.95041584158
96	0.358104046243
97	5.99677165354
98	2.28858671952
99	1.64290909091
100	2.43564071856
101	2.03196027805
102	1.51699009901
103	1.14804705882
104	0.588962818004
105	0.932788899901
106	0.081766687461
107	3.69687475149
108	0.780939544103
109	0.343896487985
110	1.07791780822
111	2.45994005994
112	1.97938217822
113	1.57898507463
114	1.53891633466
115	2.83893861386
116	2.0273966034
117	2.2452011893
118	1.30770617042
119	1.11798612488
120	2.26314485514
121	1.75979220779
122	1.94848664688
123	1.60217097416
124	1.80955247525
125	1.52543366337
126	2.07838575668
127	1.86361942517
128	2.3777029703
129	2.46199400599
130	2.05461304736
131	2.0378572628
132	1.62133333333
133	3.01352079208
134	2.35164870259
135	1.48605447471
136	0.806721568627
137	1.27674615385
138	1.69672079208
139	2.44139060939
140	1.9572666025
141	2.91622551929
142	3.66564915758
143	2.683004995
144	2.41754707379
145	2.08423576424
146	3.36673978066
147	1.86292717584
148	3.12267722772
149	1.6809088
150	3.17478978389
151	3.62995812562
152	2.79106493506
153	3.44786653582
154	2.68885514486
155	3.88416383616
156	2.75024236453
157	3.20595608782
158	3.18648888889
159	3.97338661339
160	2.61966033966
161	3.43665787159
162	3.2901923775
163	3.33228837998
164	3.18737391304
165	1.76725750682
166	3.23876435644
167	2.56790769231
168	3.38646336634
169	2.67179813084
170	3.28852747253
171	2.61860539461
172	3.23746031746
173	3.27994405594
174	2.41880519481
175	3.26738888889
176	2.84903272727
177	3.58735049505
178	3.50501498501
179	2.80124822695
180	3.53948451548
181	2.46734065934
182	3.10098711596
183	2.62647920792
184	2.26862698413
185	2.50152072072
186	2.41555244755
187	1.9015579782
188	1.67079633028
189	3.06541641939
190	3.18733266733
191	2.70928133705
192	2.45017382617
193	2.90585530228
194	3.03836963037
195	3.04267732268
196	1.55587301587
197	1.92909415263
198	2.11638019802
199	2.10897725025
200	3.00256888008
201	2.67530869131
202	3.29148412698
203	2.50164660194
204	2.90615045872
205	2.91910578842
206	1.64691115312
207	1.78101898102
208	3.12989312977
209	3.66903496503
210	3.18686307838
211	3.5953254902
212	3.16567692308
213	3.22802807018
214	3.70688511489
215	2.39334786918
216	2.79571628372
217	3.11105921601
218	3.38163436563
219	2.28825548902
220	3.12823809524
221	2.75856943057
222	2.72485544554
223	3.20403984064
224	2.71353581662
225	3.92042021804
226	2.30472727273
227	3.2271555996
228	2.93616153846
229	2.78446732673
230	1.94037227723
231	1.54588108108
232	2.73312287712
233	1.84635877106
234	2.74106
235	3.54799207921
236	3.53643156843
237	3.8575024975
238	3.33316753022
239	2.63548451548
240	3.20461138861
241	2.39882003711
242	3.44610589411
243	2.90985133796
244	3.03458947368
245	3.43202376238
246	2.84234965035
247	2.71983349851
248	2.73355893536
249	3.03483088235
250	3.30372027972
251	3.55684985836
252	3.31633966034
253	2.71333201189
254	2.04501898102
255	2.06597402597
256	2.77685799404
257	1.59526660059
258	1.89454360711
259	2.3404990099
260	2.05851089109
261	2.29182817183
262	1.87973553719
263	2.63925765054
264	1.94423038729
265	2.43706930693
266	2.67064554455
267	2.09728571429
268	2.59174425574
269	2.14148551361
270	2.44435564436
271	2.37684836472
272	2.83106493506
273	1.94890572119
274	2.0383255814
275	2.65698301698
276	2.20553467954
277	2.75275294118
278	2.81755844156
279	3.97671128871
280	4.06151040634
281	3.02278412391
282	4.25689332004
283	3.52997250859
284	3.1395004995
285	3.15712287712
286	3.10492154916
287	3.39211188811
288	3.13323476523
289	1.61939184178
290	4.58277722278
291	3.32792015968
292	3.51402391904
293	3.76075124875
294	2.95764075067
295	4.07636726547
296	3.01533951763
297	4.11775424575
298	3.17512339585
299	3.37452947053
300	3.02100696517
301	3.08026035503
302	3.18067594433
303	3.09964435564
304	3.852432111
305	3.0673029703
306	3.38185229541
307	3.07715820896
308	3.55455536627
309	4.10876323676
310	3.24023153693
311	4.35440714995
312	3.65394605395
313	2.1232515667
314	2.95318281718
315	2.99954104847
316	3.06640559441
317	3.35045084409
318	3.00714766355
