0	1.47218991098
1	0.721121019108
2	1.01855049505
3	0.994909090909
4	0.568515361744
5	0.994909090909
6	0.998857142857
7	0.404377358491
8	0.687825569871
9	2.23034565435
10	3.57965234765
11	3.54137524558
12	3.72215873016
13	4.73382834331
14	4.69732460243
15	4.70575824176
16	5.10660539461
17	4.37504895105
18	5.03375024975
19	3.67516500994
20	4.62922677323
21	4.65109290709
22	4.51969381747
23	4.79322277722
24	4.17601570167
25	4.65106893107
26	5.00097502498
27	3.90827944112
28	4.01987637089
29	5.07241516966
30	4.49163636364
31	5.26334465534
32	4.37137262737
33	5.51480519481
34	4.45883716284
35	5.36196211366
36	3.74071385842
37	5.54137549407
38	4.93496207585
39	5.47107292707
40	5.04503585657
41	4.68548989413
42	5.06654945055
43	5.01141716567
44	5.19774625375
45	4.50256943057
46	4.47616383616
47	4.79457627119
48	5.13156087824
49	5.15855344655
50	5.34546906188
51	4.38502297702
52	4.53825049702
53	4.94628571429
54	3.96684915085
55	4.62460678643
56	4.79567395626
57	5.25241158841
58	5.42645908184
59	5.43827372627
60	4.4807032967
61	4.61829370629
62	3.91387064677
63	4.21740336967
64	4.77135664336
65	4.30488714426
66	4.91348651349
67	4.92895904096
68	5.19774625375
69	4.40302868069
70	5.16494705295
71	3.01113286713
72	5.07108891109
73	5.07748251748
74	4.47383057449
75	5.11028171828
76	4.37776623377
77	4.78682917083
78	5.02050793651
79	3.45148522402
80	3.63085262117
81	5.46566336634
82	4.66190818363
83	5.05561638362
84	3.84711111111
85	4.85882117882
86	4.97269130869
87	4.4214985015
88	4.4214985015
89	4.50834558093
90	5.15401398601
91	4.09330589336
92	5.43827372627
93	4.52443556444
94	3.45938861139
95	4.53005964215
96	4.57008502773
97	5.25241158841
98	5.01642357642
99	5.04136779324
100	4.53536863137
101	5.05390891089
102	4.74417425743
103	5.06654945055
104	4.5463016983
105	4.65596027805
106	4.81554851485
107	3.49596862745
108	3.53844839858
109	5.45988636364
110	5.20867932068
111	4.23563636364
112	4.79091161867
113	4.89162037962
114	4.78682917083
115	4.72762437562
116	3.87618720153
117	4.86975424575
118	4.53082917083
119	4.21830969031
120	4.86489421158
121	4.7430969031
122	4.50190646766
123	4.65760158573
124	3.66798403194
125	5.84205782652
126	4.59003396603
127	4.76659481038
128	4.38885429142
129	4.76969080235
130	5.03587301587
131	4.91348651349
132	4.68379781962
133	5.56947052947
134	4.8086953047
135	5.49837924152
136	4.98957285429
137	4.55840549828
138	3.96124833492
139	5.5180563654
140	5.11610379242
141	4.71651896208
142	4.81639880359
143	4.95353446553
144	4.47991217565
145	4.43243156843
146	4.62498217822
147	5.00159368836
148	4.21388768473
149	3.32834365634
150	4.22374628345
151	5.47107292707
152	5.07108891109
153	4.44491280148
154	5.23811485149
155	4.49495445545
156	5.46013986014
157	4.76496303696
158	5.04468331668
159	4.48553785644
160	5.03223762376
161	4.86336633663
162	4.78228971029
163	4.52749181906
164	5.28521078921
165	4.45593650794
166	4.5463016983
167	5.18163672655
168	4.66049652433
169	4.97908491508
170	4.29484115884
171	5.17822794846
172	4.43697102897
173	4.31216783217
174	4.20283716284
175	3.8682589372
176	5.26540850643
177	4.65563236763
178	4.51659861249
179	4.59881188119
180	3.77005394605
181	5.49293906094
182	4.81872222222
183	5.47107292707
184	4.6119000999
185	5.41100199601
186	4.81481836327
187	5.1033256705
188	5.18393663366
189	4.62283316683
190	4.93535264735
191	4.63923591213
192	5.5804035964
193	5.06015584416
194	5.19774625375
195	4.61244444444
196	5.07748251748
197	4.26204195804
198	4.3559000999
199	4.75388672238
200	5.12468447082
201	4.72718334985
202	4.7180039604
203	4.70936380952
204	5.11028171828
205	4.91644444444
206	5.30707692308
207	4.58545309381
208	4.26843556444
209	4.62922677323
210	3.78738861139
211	4.81612749004
212	4.14369108911
213	4.33288627451
214	4.96815184815
215	4.5198961039
216	4.53084231537
217	4.81316845878
218	3.28784950495
219	3.70714570858
220	5.23243607532
221	4.83058541459
222	4.31878642715
223	4.6464510978
224	4.53084231537
225	5.11027372627
226	4.16164426877
227	5.01188411588
228	3.87831618335
229	4.91348651349
230	4.58900374532
231	5.14308091908
232	4.5993870334
233	4.91912318138
234	4.23976721629
235	4.52443556444
236	4.83695504496
237	4.43697102897
238	4.95824526421
239	4.30123476523
240	4.81655281343
241	4.81161481481
242	5.01188411588
243	4.67295904096
244	4.6774985015
245	5.11527093596
246	3.82471928072
247	4.0766649789
248	5.31382857143
249	4.77135664336
250	4.11561493124
251	3.88577822178
252	5.14308091908
253	4.00811001965
254	5.07749050949
255	4.48756143667
256	2.20847952048
257	4.16936284889
258	4.83241147379
259	4.6708539114
260	5.38360839161
261	4.95082517483
262	5.12330486594
263	4.64401568627
264	5.19774625375
265	4.90709290709
266	4.95330677291
267	4.61821956088
268	5.14052277228
269	4.80876723277
270	5.30707692308
271	4.3953015873
272	5.08841558442
273	4.5708039604
274	5.27427772228
275	4.60787314172
276	5.2833254902
277	4.97172277228
278	4.78843912176
279	4.60096703297
280	5.06654945055
281	4.51992015968
282	5.16494705295
283	3.34670658683
284	4.03244755245
285	4.88653610287
286	4.42011386593
287	5.00095104895
288	3.52121726408
289	3.47778043912
290	5.00095104895
291	4.59702675917
292	3.73829019608
293	5.07748251748
294	4.33857342657
295	4.8407388282
296	4.78228971029
297	4.03244755245
298	4.05422222222
299	4.3886993007
300	4.25712654615
301	5.32894305694
302	4.48215873016
303	3.65973439049
304	5.28521078921
305	4.85850698603
306	5.06485769981
307	5.26334465534
308	4.85242757243
309	5.12121478521
310	4.53008142999
311	5.49837924152
312	3.69991608392
313	4.35609580838
314	5.64881889764
315	5.10388811189
316	5.1176531219
317	5.75533266733
318	4.84649355798
