0	1.87271216617
1	1.81134588702
2	1.57638773492
3	1.4592
4	1.25515247525
5	1.94608591409
6	1.58421578422
7	1.71752727273
8	1.3480239521
9	1.64105660377
10	1.49264670659
11	1.4574488189
12	2.01168431568
13	2.08559528487
14	1.21198415842
15	2.07728271728
16	1.96319524281
17	0.0377644831503
18	4.82660250241
19	1.92874455446
20	0.957984313725
21	1.09331750742
22	0.516757605496
23	0.14212987013
24	2.3717002997
25	1.67952475248
26	1.13185332012
27	1.30852173913
28	1.52807142857
29	1.55662574257
30	1.53050949051
31	1.04535714286
32	0.68694368932
33	0.349858141858
34	0.215857988166
35	0.182221351616
36	0.0208556455455
37	0.711337773549
38	0.1368
39	0.229521448999
40	0.0841846153846
41	0.0332067620286
42	0.0757370242215
43	0.057135042735
44	0.227323442136
45	0.194448045758
46	0.189415384615
47	0.081528358209
48	0.118023529412
49	0.00265345848776
50	0.00687005649718
51	0.0160704845815
52	0.038433713784
53	0.0314352941176
54	0.0440782978723
55	0.00693005380477
56	0.0360236998025
57	0.0408663181479
58	0.0419712368169
59	0.0405333333333
60	0.0575495179667
61	0.0463728813559
62	0.0279518072289
63	0.0506666666667
64	0.0538671041838
65	0.0421328200192
66	0.0479579316389
67	0.0471724137931
68	0.0518181818182
69	0.0496101541251
70	0.0497907188353
71	0.03315
72	0.0331385314156
73	0.0673181019332
74	0.048
75	0.0497907188353
76	0.0437322677323
77	0.0364496253122
78	0.0401762114537
79	0.0490322580645
80	0.039652173913
81	0.0244504021448
82	0.0332770927969
83	0.0378031088083
84	0.036602006689
85	0.0179852095316
86	0.0228158443363
87	0.0297122171946
88	0.0253333333333
89	0.00839585730725
90	0.10032
91	0.174580259222
92	0.072349726776
93	0.163832335329
94	0.0059278518037
95	0.565698301698
96	1.27533465347
97	1.35170664024
98	1.13643156843
99	1.49841403509
100	1.98625374625
101	2.19294849368
102	2.42465014866
103	2.51902497502
104	1.5935984252
105	0.849332027424
106	0.791001980198
107	1.66942115768
108	1.73714285714
109	1.17438888889
110	2.0371009901
111	1.38321584158
112	1.79871683168
113	2.07346067416
114	1.4265884653
115	1.36394065282
116	1.2371031746
117	1.03235294118
118	1.25693465347
119	1.1998974359
120	1.77122077922
121	1.94957042957
122	1.617021611
123	1.76796035679
124	1.33774328358
125	1.73835764236
126	1.46567930029
127	1.44302097902
128	1.53772627373
129	1.51039048563
130	1.55938949455
131	1.57056543457
132	1.72431538462
133	1.64136336925
134	1.78845862413
135	1.91502574257
136	1.59487304348
137	2.10211485149
138	1.64190891089
139	2.06664334305
140	2.08664150943
141	1.55685544554
142	1.79302297702
143	1.50035282458
144	1.52269888476
145	1.75147514911
146	1.38043564356
147	1.73085217391
148	2.56726473526
149	1.82026560951
150	2.04971828172
151	1.6549754386
152	2.06960792079
153	1.75763960396
154	1.65432437442
155	2.07728271728
156	1.78239841427
157	1.79153313551
158	1.69823771224
159	1.89724583741
160	1.41104158416
161	1.4757002997
162	1.75885714286
163	1.44957442557
164	1.82038811881
165	1.97888511489
166	1.56628571429
167	1.84768831169
168	1.58304158416
169	1.96125148515
170	1.85945098039
171	2.46840718563
172	1.98058730159
173	2.7955960396
174	2.19745816733
175	2.38384158416
176	1.65890618762
177	2.72514285714
178	2.06248951049
179	3.32494364852
180	2.91529270729
181	2.98372027972
182	1.94607142857
183	2.94262537463
184	2.79559004975
185	2.65701498501
186	0.920758096761
187	5.79977777778
188	2.35997837838
189	2.79886513487
190	2.30711377246
191	2.97379420579
192	2.31919920714
193	2.64736863137
194	2.96286113886
195	2.09212698413
196	2.40800799201
197	2.715249501
198	2.89864811133
199	3.25249150849
200	2.73926190476
201	2.23308691309
202	2.01869573835
203	2.07094796594
204	2.71165634366
205	2.11880272109
206	2.34900890208
207	2.411567889
208	2.18910016978
209	2.19068123862
210	2.26314485514
211	2.51611904762
212	1.90101757632
213	2.11857425743
214	2.19093069307
215	2.37834455446
216	2.40348275862
217	2.75513286713
218	2.26261738262
219	1.95865873016
220	2.39579285714
221	2.62393606394
222	2.05987710605
223	2.38340859141
224	1.69622377622
225	1.68727777778
226	1.63868364349
227	2.19096927651
228	1.33953617443
229	1.62254328358
230	1.11424950495
231	1.46281188119
232	1.46281188119
233	1.24012673267
234	1.60716083916
235	1.74929070929
236	1.51198412698
237	1.80776261128
238	2.10211485149
239	1.50633663366
240	1.85473141724
241	1.32890207715
242	0.256
243	1.16530139721
244	1.47545688801
245	1.33941386139
246	1.82173416149
247	1.63958852621
248	2.5002749274
249	1.32674353877
250	1.56671683168
251	1.33935664336
252	1.47854202077
253	2.01373826174
254	2.16967032967
255	1.8478001998
256	1.90244598612
257	1.91995471698
258	2.1975249501
259	2.09764285714
260	1.91429370629
261	2.7371028971
262	2.32670811744
263	2.3367992008
264	2.54238728898
265	1.70758841159
266	2.03343856144
267	3.152
268	3.36388411588
269	2.92734596211
270	3.60826373626
271	2.81723752495
272	3.21661904762
273	3.02407992008
274	2.62253746254
275	2.75404595405
276	2.82522277722
277	2.31376984127
278	2.11722677323
279	2.0982891326
280	2.79886513487
281	2.22686223984
282	2.08465469062
283	2.73134865135
284	2.48563168317
285	2.67309637489
286	2.77467722772
287	2.74413478692
288	2.21904158416
289	2.09218217822
290	2.85032567433
291	2.77353046953
292	3.04622222222
293	2.7526970297
294	1.85306772908
295	2.56509090909
296	2.42606937562
297	2.42319280719
298	2.82139147671
299	3.12968756219
300	2.93002997003
301	2.23345391904
302	2.80114285714
303	2.28875247525
304	2.8912318408
305	2.29287920792
306	2.5259901088
307	2.21050434783
308	2.63567096135
309	1.70932267732
310	2.02513379584
311	2.2858817652
312	2.88228118812
313	2.84975024975
314	2.79416451933
315	3.44745654346
316	3.9000753221
317	3.42257742258
318	2.50952929494
