0	2.70948251748
1	2.78370634921
2	2.68723960396
3	2.27226321037
4	1.84830188679
5	2.19535329341
6	1.89773015873
7	1.8985773399
8	1.79063964758
9	2.63486913087
10	1.94890782953
11	2.09748910891
12	1.83931803279
13	2.42718415842
14	1.8920950495
15	1.7952
16	2.18661338661
17	1.66642616452
18	2.06960792079
19	1.84339009901
20	2.24734257426
21	2.44882376238
22	2.90750849151
23	2.34281863231
24	1.47841758242
25	1.8385173439
26	2.36217029703
27	1.48020594059
28	1.80955247525
29	1.51258341658
30	1.81307784431
31	1.62398409543
32	1.04456742557
33	1.78254112983
34	3.25488911089
35	2.47138949455
36	2.55239254171
37	3.22525474525
38	2.37917282717
39	2.11855698712
40	2.41379640719
41	2.12337301587
42	1.96177425743
43	1.86476952381
44	2.3404990099
45	1.83803564356
46	2.115004995
47	1.96613177648
48	2.84739622642
49	1.73946161515
50	1.95920733945
51	1.18225569871
52	1.17104495504
53	1.31111287129
54	0.997671287129
55	0.877687128713
56	0.558476938175
57	0.89913271028
58	0.733141747573
59	0.775642718447
60	0.509275247525
61	0.47892038835
62	0.617631683168
63	0.568658823529
64	0.490547972305
65	0.644396467125
66	0.563453465347
67	0.215568627451
68	0.1824
69	0.171670588235
70	0.160941176471
71	0.016082292432
72	0.000202351897049
73	0.865994065282
74	0.551807692308
75	1.31038255699
76	1.08841527914
77	1.25052673267
78	1.36400395648
79	1.14858647937
80	2.02496703297
81	1.57989482612
82	2.1059009901
83	1.70781367691
84	1.15007892527
85	0.691806848112
86	0.969932673267
87	1.75543656344
88	1.92777232581
89	1.50737560976
90	2.63230069238
91	2.20955294118
92	2.03467988107
93	2.69807524752
94	1.5128951049
95	2.28668387097
96	2.22431855748
97	2.77209910803
98	2.97794594595
99	3.38778821179
100	2.57942039356
101	3.20561038961
102	2.39311793855
103	2.40399310345
104	2.4464
105	3.17058941059
106	2.90665334665
107	2.08405153617
108	2.35312136752
109	2.98372389381
110	3.26152871287
111	2.65071728272
112	1.89494444444
113	1.6733986014
114	2.63486913087
115	2.13399206349
116	2.50367232767
117	1.57112388503
118	1.83122376238
119	1.55442136499
120	2.25221178821
121	2.0385697446
122	1.8115960396
123	1.82081584158
124	1.80296237624
125	2.57443356643
126	2.51345887017
127	2.62393606394
128	1.8846382557
129	2.26314485514
130	1.89334029591
131	2.21941258741
132	1.77154845155
133	1.83485714286
134	1.59976470588
135	0.113866666667
136	5.34883516484
137	2.08354857704
138	1.83122376238
139	1.02160792079
140	2.24244705882
141	2.35677122877
142	2.85190645463
143	2.32804771372
144	1.58980876494
145	1.87968316832
146	2.27548514851
147	1.83005341246
148	2.81983233533
149	2.36931082423
150	2.1436872285
151	2.42865150136
152	2.34744150943
153	2.34004775023
154	2.32492823858
155	2.29072222222
156	2.13236575875
157	1.80215568862
158	1.33693465347
159	1.25479561316
160	1.2075387674
161	1.07718681319
162	1.78664292779
163	2.06503865213
164	2.55061876248
165	3.30057142857
166	2.01798201798
167	3.15629732408
168	2.90430188679
169	2.81737188435
170	2.50494545455
171	2.97379420579
172	2.56944655345
173	2.23932539683
174	2.37163636364
175	2.937562316
176	3.20109490509
177	3.22881918082
178	3.3058148457
179	3.07934693878
180	3.03530869131
181	2.96625396825
182	1.73242502483
183	1.89666932271
184	1.23725668979
185	1.02539099099
186	1.15826706231
187	1.2598515962
188	1.92421978022
189	1.49528712871
190	2.28543703704
191	1.97165900667
192	1.34476723277
193	1.66770230967
194	1.84768831169
195	0.664806504065
196	1.2245034965
197	1.16877700694
198	2.06682701203
199	2.25432308905
200	2.17291367456
201	2.66157966102
202	3.52718481518
203	3.06989597645
204	3.21432167832
205	3.8012990099
206	2.20834886026
207	2.24643356643
208	2.23257086224
209	2.35592407592
210	3.11592407592
211	2.20817582418
212	2.32573584906
213	1.88345254745
214	1.35747692308
215	1.6512
216	0.47761238855
217	0.585525291829
218	0.631384615385
219	0.725988118812
220	0.865900990099
221	1.67952475248
222	0.947863063063
223	0.343341176471
224	0.396988235294
225	0.697411764706
226	0.834344554455
227	1.53334653465
228	2.50235247525
229	1.81004595405
230	1.65084975124
231	1.64262151394
232	1.42168483647
233	1.64351648352
234	1.89622970297
235	1.92476831683
236	1.59782970297
237	1.6085034965
238	2.30554269972
239	2.41634851485
240	2.08766285714
241	2.01161142857
242	1.97560839161
243	2.60767492567
244	2.2798961039
245	2.85353046953
246	2.65381169475
247	2.54844003964
248	2.47538018628
249	2.80921308226
250	2.10754845155
251	2.50059861249
252	3.18567920792
253	2.77220178042
254	3.60312079208
255	3.99442957043
256	2.92997402597
257	2.90092857143
258	2.67334786918
259	2.35249108911
260	2.1416983017
261	3.06622977023
262	2.94675
263	2.97255445545
264	3.01751848152
265	3.36748851149
266	3.87017782218
267	2.47367626614
268	3.37739060939
269	3.00198652551
270	3.16101176471
271	3.20968631369
272	3.10841158841
273	3.55835084242
274	1.63715121951
275	5.75133067729
276	1.9660039604
277	2.79801798202
278	2.90478604224
279	2.96286113886
280	2.70369078295
281	2.76308910891
282	2.07691881188
283	1.77870891089
284	2.20220359281
285	2.95804955401
286	2.9783016983
287	3.09806554121
288	2.44705835806
289	2.86265230167
290	2.50056689792
291	2.97635964036
292	3.80203796204
293	2.43236935167
294	2.79288711289
295	2.80554212091
296	3.15610789211
297	2.27054112983
298	2.05132875368
299	1.12533822181
300	1.93318940137
301	3.15965634366
302	2.960999001
303	2.63925388601
304	2.7849030969
305	3.11454257426
306	2.8493986014
307	2.64870837344
308	3.0729980198
309	2.54438057483
310	2.10003560831
311	0.636155844156
312	1.99771428571
313	1.55878931751
314	1.7745037037
315	2.75475808031
316	2.71555882353
317	1.79693768546
318	1.0846382557
