0	1.94890572119
1	2.0383255814
2	2.65698301698
3	2.20553467954
4	2.75275294118
5	2.81755844156
6	3.97671128871
7	4.06151040634
8	3.02278412391
9	4.25689332004
10	3.52997250859
11	3.1395004995
12	3.15712287712
13	3.10492154916
14	3.39211188811
15	3.13323476523
16	1.61939184178
17	4.58277722278
18	3.32792015968
19	3.51402391904
20	3.76075124875
21	2.95764075067
22	4.07636726547
23	3.01533951763
24	4.11775424575
25	3.17512339585
26	3.37452947053
27	3.02100696517
28	3.08026035503
29	3.18067594433
30	3.09964435564
31	3.852432111
32	3.0673029703
33	3.38185229541
34	3.07715820896
35	3.55455536627
36	4.10876323676
37	3.24023153693
38	4.35440714995
39	3.65394605395
40	2.1232515667
41	2.95318281718
42	2.99954104847
43	3.06640559441
44	3.35045084409
45	3.00714766355
46	3.25960878244
47	2.9735
48	3.52421944177
49	4.2154005994
50	3.46453378956
51	3.37793398751
52	3.64514030384
53	2.69117202797
54	3.18714814815
55	3.88643323442
56	3.74994810379
57	2.86311817279
58	3.0742895851
59	2.64475768406
60	1.93515284715
61	1.88385332012
62	1.86125340599
63	2.80593267327
64	2.827004995
65	2.90818253968
66	4.02701992032
67	4.17716898608
68	3.42618518519
69	3.1398041958
70	3.01607992008
71	2.97442557443
72	3.00433743409
73	2.72798557259
74	2.75851348651
75	1.31226957384
76	2.05215584416
77	2.09505694306
78	2.00485714286
79	1.58951448551
80	2.5800999001
81	2.68904042179
82	2.89022754491
83	1.9410685413
84	2.49944455544
85	2.54474325674
86	2.58594444444
87	2.2273006993
88	2.23447920792
89	2.79666733267
90	2.70848412698
91	1.96980619381
92	3.16641758242
93	3.1519047619
94	2.44711370262
95	3.29496237624
96	1.78146785361
97	3.37508091908
98	1.76131053105
99	2.38811519364
100	2.54210778443
101	2.86628571429
102	2.7478041958
103	3.03788888889
104	3.99056943057
105	3.32808791209
106	3.21580971259
107	3.42926673327
108	3.49075396825
109	3.43098501499
110	1.9244995005
111	2.62816285998
112	2.24335381566
113	2.21558441558
114	3.18883647175
115	3.01893306693
116	2.77408126858
117	3.29354645355
118	4.2151048951
119	3.49276254181
120	3.5840653951
121	4.65461738262
122	4.22258541459
123	3.92493906094
124	3.68011857018
125	0.23810475423
126	6.19061201144
127	2.18293013972
128	2.26198178506
129	2.42074725275
130	2.30532539683
131	2.44900699301
132	1.62710802775
133	1.20462521008
134	2.06634965035
135	2.93596003996
136	2.24346853147
137	3.93361904762
138	4.18778021978
139	3.54450850492
140	4.15028855721
141	4.08909054726
142	3.02171881188
143	0.0233515054338
144	1.78059741856
145	2.70046753247
146	2.57765289256
147	3.42157042957
148	3.13494505495
149	3.25966236346
150	3.18784415584
151	3.31476984127
152	1.32863936064
153	2.64027750248
154	2.86208991009
155	3.01094444444
156	3.03734095238
157	3.2028115688
158	3.18045148515
159	3.11899405941
160	2.93854145854
161	3.19033167825
162	3.0086953047
163	3.2095984016
164	3.18786507937
165	2.91601584158
166	2.90065934066
167	2.90372027972
168	2.52003174603
169	2.46398401598
170	2.38570465808
171	2.4526019802
172	2.6458021978
173	1.94371456888
174	2.23214257426
175	1.6645034965
176	1.53170267592
177	1.94608591409
178	1.44182720953
179	1.63996003996
180	1.41946930693
181	0.888522772277
182	0.58697254902
183	0.793976470588
184	0.019456
185	4.38505882353
186	1.93515284715
187	2.1692765114
188	1.69654653465
189	1.71774666667
190	2.23034565435
191	2.05908730159
192	1.3977980198
193	0.797124752475
194	1.46281188119
195	1.09798626104
196	0.7296
197	1.01855049505
198	0.628546534653
199	0.856015841584
200	0.885384347826
201	0.520636893204
202	0.423008919722
203	0.965328047572
204	1.55473053892
205	2.1226031746
206	2.10018198037
207	1.85359801489
208	1.8185046729
209	1.63996003996
210	1.30312770138
211	0.721582417582
212	0.599516352825
213	0.508771513353
214	0.325069306931
215	0.42959764475
216	0.931865346535
217	0.727042532146
218	0.997867195243
219	1.03336237624
220	0.801837623762
221	0.433425742574
222	0.418447058824
223	0.428992592593
224	0.568658823529
225	0.437322677323
226	0.489236151603
227	0.585124752475
228	0.439905882353
229	0.301816023739
230	0.401316154609
231	0.525741176471
232	0.21888
233	0.220984615385
234	0.292272997033
235	0.255253644315
236	0.257505882353
237	0.357576237624
238	0.324114848236
239	0.595370919881
240	0.931865346535
241	0.858352941176
242	0.670100890208
243	0.665876349362
244	0.633035294118
245	0.563685131195
246	0.379247524752
247	0.244618075802
248	0.200971098266
249	0.281726732673
250	0.357930624381
251	0.360791208791
252	0.287160349854
253	0.414384466019
254	0.335572700297
255	0.411754455446
256	0.402656603774
257	0.361258252427
258	0.256776237624
259	0.440337585868
260	0.67785014985
261	0.827787819253
262	0.0816647975078
263	1.38786069652
264	0.343341176471
265	0.382657342657
266	0.759246778989
267	0.736823762376
268	0.704316831683
269	0.28135014549
270	0.347595765159
271	0.299835616438
272	0.293433962264
273	0.407717647059
274	0.278964705882
275	0.276524781341
276	0.00942838681887
277	0.107294117647
278	0.105230769231
279	0.102280373832
280	0.0965647058824
281	0.105230769231
282	0.110444036697
283	0.108356435644
284	0.0975207920792
285	0.0833828571429
286	0.0700416
287	0.0405333333333
288	0.00460832339112
289	0.44475862069
290	0.5472
291	0.390083168317
292	0.314233663366
293	0.446693877551
294	0.329382524272
295	0.0877860962567
296	0.00671411042945
297	0.203858823529
298	0.343341176471
299	0.2128
300	0.21681509434
301	0.289694117647
302	0.196166037736
303	0.127028571429
304	0.0311260983139
305	0.215230046948
306	0.0810666666667
307	0.147323076923
308	0.0775559055118
309	0.00172672767435
310	0.606195845697
311	0.544589235127
312	0.321882352941
313	0.222933333333
314	0.13812815534
315	0.113569811321
316	0.118864235842
317	0.196166037736
318	0.27625631068
