0	2.96083116883
1	2.98724281467
2	3.72126607319
3	3.34170069376
4	3.01279682854
5	2.74006336634
6	2.89961546085
7	2.60566633367
8	2.80271952428
9	2.05108088235
10	3.31443168317
11	2.34641358641
12	3.35665873016
13	2.84890999011
14	3.16695275591
15	3.23325024728
16	3.05117282717
17	3.33970559372
18	3.6772039604
19	3.63163236763
20	3.71192807193
21	3.95511904762
22	3.00309290709
23	3.34585938792
24	3.37651047619
25	3.33666267465
26	2.55778571429
27	3.51824175824
28	2.97519136408
29	2.9604039604
30	2.79557242757
31	2.53217046581
32	3.20338861139
33	1.07755713608
34	5.74576623377
35	3.16414371257
36	3.03203964321
37	2.68764285714
38	2.99757285429
39	2.95527777778
40	2.73450097087
41	2.92995478261
42	2.940995005
43	2.24853280318
44	2.53284315684
45	1.89877777778
46	2.68544299065
47	2.22130693069
48	1.47776125245
49	1.84947852148
50	2.33268525896
51	3.37871968191
52	2.92626362735
53	2.09245154845
54	2.67518932444
55	2.82530563798
56	1.42431777557
57	0.986139079334
58	0.72383810464
59	2.5344975025
60	2.51043012884
61	2.86446353646
62	1.70747722772
63	1.56809552239
64	0.657302325581
65	2.33197224975
66	1.92261386139
67	2.16903272727
68	2.62222574257
69	0.272751020408
70	1.76620990099
71	1.4248
72	1.90707326733
73	1.46586930693
74	1.95041584158
75	1.5424
76	2.19963564356
77	2.26588514851
78	2.07477227723
79	1.64056923077
80	2.3045748503
81	1.73538949455
82	1.74703827282
83	2.22742115028
84	2.41620779221
85	1.55201598402
86	1.59463230922
87	1.95729230769
88	1.57161111111
89	1.62066534653
90	1.96125148515
91	1.56415430267
92	2.18464677575
93	2.5274877193
94	3.17954491018
95	4.49673526474
96	3.61148114075
97	3.88652147852
98	3.50105389222
99	2.82210785241
100	3.77342657343
101	2.57428171828
102	3.170703667
103	3.11271372549
104	2.87397402597
105	2.76134920635
106	2.98165034965
107	3.19651485149
108	2.19577821782
109	2.613002997
110	2.42627772228
111	2.23645579568
112	1.48448316832
113	1.47343333333
114	1.47137193327
115	1.02751372549
116	1.28881437126
117	1.32457142857
118	1.25558019802
119	1.21596666667
120	2.3565782652
121	1.56028374384
122	1.38708910891
123	1.43162754607
124	2.20767492567
125	3.09431368631
126	3.01378790882
127	1.87244
128	0.983976023976
129	0.861481049563
130	0.357784615385
131	0.390083168317
132	0.801837623762
133	1.14094705295
134	1.06639370079
135	1.2001996008
136	2.46086818632
137	2.59200727934
138	2.13014985015
139	1.18932801595
140	0.105805800757
141	0.0677946902655
142	0.111580582524
143	0.579452547453
144	0.684
145	0.432396039604
146	1.02770829171
147	1.4391
148	2.19131020813
149	0.0310399679455
150	0.346740594059
151	0.457329446064
152	0.42259009901
153	0.307833171678
154	0.353090196078
155	0.416910505837
156	0.64771147541
157	0.991001980198
158	0.732163836164
159	1.02348320413
160	1.09152380952
161	1.37848551449
162	1.39810505451
163	1.08308037383
164	1.06469126913
165	0.953982370225
166	0.369142857143
167	0.233755339806
168	0.050471944658
169	0.342641805692
170	0.715152475248
171	0.240030769231
172	0.599540869565
173	0.668118811881
174	0.48472243346
175	0.910247544204
176	0.638670623145
177	0.302835643564
178	0.122542635659
179	0.662285714286
180	0.972277227723
181	1.26121878122
182	0.879213445378
183	1.20880792079
184	1.05775049505
185	1.46281188119
186	1.04191080278
187	1.0044035964
188	1.24583316977
189	0.900432220039
190	0.82535553379
191	0.505198801199
192	0.196351274788
193	0.111777158774
194	0.507767028628
195	0.759137487636
196	1.01677522478
197	0.782630350195
198	0.692966336634
199	0.983860869565
200	0.914592307692
201	1.04721584158
202	1.4109010989
203	1.41479747975
204	1.29616955684
205	1.19215347722
206	1.99762904809
207	1.8028834476
208	1.25522820037
209	1.38711377246
210	1.13514285714
211	1.1820990099
212	1.1812987013
213	1.14852436975
214	1.2768
215	0.636352824579
216	0.515011764706
217	0.27625631068
218	0.199938461538
219	0.132840336134
220	0.0993103448276
221	0.0931844843898
222	0.131196803197
223	0.120595041322
224	0.00182674011017
225	0.0125537065053
226	0.00322691481747
227	0.0451857968621
228	0.42959764475
229	0.507204747774
230	0.235028741328
231	0.253304918033
232	0.201488372093
233	0.139236641221
234	0.115479905437
235	0.0650138613861
236	0.396590284143
237	1.03204757185
238	0.718765048544
239	0.673806193806
240	0.654483809524
241	0.994719546742
242	1.07883564356
243	0.797074684772
244	0.943776447106
245	0.969803376365
246	1.22434886026
247	0.723457085828
248	0.900202180377
249	0.986043564356
250	0.576431372549
251	0.57485827552
252	0.358023529412
253	0.8256
254	0.908693424424
255	1.08505882353
256	0.835588118812
257	0.903112605042
258	1.23526336634
259	0.896641584158
260	0.732110891089
261	0.874645354645
262	0.693998037291
263	0.613921311475
264	0.0951652173913
265	0.0470456743686
266	0.851630662021
267	1.11592079208
268	1.0493986014
269	0.840476272649
270	1.04482264151
271	0.504282352941
272	0.343296969697
273	0.237913043478
274	0.375529411765
275	0.492776470588
276	0.473538461538
277	0.248396521739
278	0.611576470588
279	0.418225742574
280	0.472580530973
281	0.534652043868
282	0.56711817279
283	0.639302970297
284	0.437710891089
285	0.368411881188
286	0.188527131783
287	0.210305882353
288	0.232626086957
289	0.0315692307692
290	0.374257742258
291	0.781988118812
292	0.902558415842
293	0.82193625498
294	1.01810344828
295	0.99420990099
296	0.724907829534
297	0.887643916914
298	0.264282352941
299	0.178892307692
300	0.648045283019
301	0.980909090909
302	0.922729411765
303	0.669037623762
304	0.9488
305	1.3299020979
306	1.45966303271
307	0.912823529412
308	1.41009230769
309	1.3850703667
310	1.59622777223
311	1.28873736373
312	1.28815042735
313	1.63996003996
314	1.03986521308
315	1.15941386139
316	1.45021562809
317	1.83122376238
318	1.56877932406
