0	0.872208092486
1	0.573763106796
2	0.429176470588
3	0.400918811881
4	0.849350649351
5	1.81180852916
6	2.04793663366
7	1.28603564356
8	1.21478058252
9	1.53062937063
10	1.03727254708
11	1.24636963037
12	1.07834920635
13	1.25077241379
14	1.30876747967
15	1.35741788618
16	1.40906206897
17	1.05013798573
18	0.900118811881
19	1.15961149653
20	1.25405309735
21	1.28453479853
22	1.52701639344
23	1.40780952381
24	1.48448316832
25	1.06667722772
26	1.24876153846
27	1.44114059406
28	1.10984215784
29	1.00431318137
30	1.22701359223
31	1.47364752475
32	1.0984950495
33	1.13078295342
34	1.41946930693
35	1.2315727003
36	1.20052747253
37	1.17004805302
38	1.64701782178
39	1.35860939061
40	1.65949653122
41	1.25612685828
42	1.53542457542
43	1.57519127849
44	1.70716994022
45	2.21941258741
46	1.68962065541
47	1.68808880666
48	1.97047920792
49	1.99222178218
50	1.80833300297
51	1.86399209486
52	2.00908730159
53	1.99052947053
54	2.04962537166
55	2.0163960396
56	2.11226901521
57	2.54486227545
58	1.83172194638
59	2.06891508492
60	1.81041117764
61	1.66726984127
62	1.70941481481
63	1.89910588235
64	1.17632507433
65	1.54057857143
66	1.9593115727
67	1.49279041916
68	1.9170564663
69	2.45994005994
70	1.84588305253
71	2.3404990099
72	2.04448351648
73	1.30972888016
74	1.84205940594
75	1.38130980392
76	1.55103270565
77	0.872514851485
78	1.08237362637
79	1.21371655104
80	0.631129411765
81	1.7896531219
82	1.08827722772
83	1.10633102081
84	0.684811188811
85	0.866851485149
86	0.857617443013
87	0.743448551449
88	0.459831932773
89	0.472610505451
90	0.491988011988
91	0.505769911504
92	0.248973293769
93	0.1995
94	0.428083250743
95	0.754381618382
96	0.364831758034
97	0.454646884273
98	0.823508910891
99	0.552800792864
100	0.173027667984
101	1.06081268583
102	1.18411188811
103	1.04143508424
104	0.883163528246
105	1.02170524233
106	1.19606739346
107	0.648566440349
108	1.14672527473
109	0.820604735883
110	0.437343482398
111	0.354418056919
112	0.49843960396
113	0.82396003996
114	0.749026759167
115	0.737318681319
116	0.861068999028
117	0.88202997003
118	0.796773307164
119	0.96180667237
120	0.800542372881
121	0.616862973761
122	0.559738613861
123	0.673476923077
124	0.563453465347
125	0.52963960396
126	0.622803883495
127	0.704316831683
128	0.585545098039
129	0.641701285856
130	0.51252892562
131	0.479120792079
132	0.675952941176
133	0.567746534653
134	0.612522772277
135	0.688468965517
136	0.807075409836
137	0.159378640777
138	0.61626407767
139	0.527183349851
140	0.551240759241
141	0.588166037736
142	0.748400396432
143	0.471554463554
144	0.573946481665
145	0.67785014985
146	0.411716814159
147	0.605638834951
148	0.499073267327
149	0.682645544554
150	0.57779009901
151	0.590455445545
152	0.528430188679
153	0.696466666667
154	0.748281224152
155	0.802105263158
156	0.772388118812
157	0.744935579782
158	0.765314685315
159	0.68209468599
160	0.704398406375
161	0.656565870911
162	0.877687128713
163	0.710876227898
164	0.670045222465
165	1.10633102081
166	0.349994123408
167	0.31298379409
168	0.0636896217265
169	0.00249563878912
170	0.0
171	3.0226013986
172	2.23176581681
173	1.59173626374
174	1.24253568119
175	2.66861938062
176	2.29955203171
177	2.22866733267
178	3.37106093906
179	3.38216257089
180	3.24778802748
181	3.24812787213
182	3.14280358923
183	4.40786413586
184	3.23062288557
185	3.15017782218
186	3.38396186845
187	4.21825519288
188	3.38382574257
189	3.33895384615
190	4.17021960784
191	3.36593006993
192	3.25342914172
193	3.30770866142
194	3.61839207921
195	3.32594576271
196	3.82692336449
197	1.54870799104
198	2.79561238761
199	2.78368932039
200	3.09969126378
201	3.80462116716
202	2.76267732268
203	3.15016955333
204	3.80644135189
205	2.7672967033
206	3.18066537718
207	4.5174025974
208	2.94541269841
209	3.68713043478
210	2.89233005894
211	3.67688712871
212	4.15006593407
213	3.56320599251
214	3.37354587581
215	3.52166101695
216	4.24632167832
217	3.181002997
218	2.61447328244
219	3.2617245509
220	3.50822360248
221	4.16037562438
222	2.61577843719
223	2.33287611497
224	3.595996004
225	3.63252329039
226	2.41490472378
227	2.2725034965
228	3.05226566885
229	3.63881718282
230	3.82328071928
231	3.07761838162
232	3.22284372177
233	3.38447179487
234	3.44357665678
235	3.88007935077
236	4.27800790514
237	4.35549250749
238	3.41151640112
239	3.34695738355
240	3.53744569939
241	3.91257542458
242	3.23076923077
243	3.27730250482
244	3.5580672994
245	4.62724151697
246	3.13561111111
247	4.07604478898
248	4.12141458541
249	3.10589410589
250	4.14529365079
251	3.28258141858
252	2.99478310666
253	3.19371028971
254	3.18957842158
255	4.27732267732
256	3.89764243615
257	3.75043356643
258	2.86738095238
259	3.55200798403
260	4.50442357642
261	3.19907177974
262	3.18768431568
263	2.83992063492
264	2.61966467066
265	2.57444400786
266	2.59100917431
267	2.43159397304
268	3.22467460317
269	3.84248551449
270	3.46482758621
271	4.0763956044
272	2.89291784703
273	2.91146453546
274	4.55234365634
275	2.9050952381
276	3.8199000999
277	3.61367432567
278	1.21471403611
279	6.19241205053
280	2.41634851485
281	2.4682113659
282	2.40098823529
283	2.94538232373
284	3.30434817013
285	3.35590714286
286	4.01014185814
287	4.22372827173
288	4.31221428571
289	3.75490693069
290	3.48502970297
291	2.71116039604
292	2.76035964036
293	3.46579020979
294	3.67794240318
295	3.13471145564
296	3.07450049456
297	3.4506481665
298	3.37766336634
299	2.92013706041
300	3.57946053946
301	3.73801398601
302	3.68015873016
303	1.40462574257
304	2.68953446553
305	2.43869177403
306	2.66297804391
307	2.58785344057
308	3.71146453546
309	3.70623569024
310	4.47132067932
311	4.21551587302
312	3.60792472198
313	4.01147652348
314	4.27367032967
315	3.92452380952
316	3.38340769231
317	4.01743056943
318	3.38102675917
