0	0.976174430129
1	1.23526336634
2	1.10732467532
3	1.32325867195
4	1.36663336663
5	1.03414866204
6	1.3229010989
7	1.10743866536
8	0.810276923077
9	0.740329411765
10	0.425009708738
11	0.530946534653
12	0.281344927536
13	0.650138613861
14	0.342
15	0.862091089109
16	1.24622142857
17	1.22692142857
18	1.62420779221
19	1.42049554014
20	1.34601568627
21	1.20302574257
22	1.14971327434
23	1.79003396603
24	1.39131813677
25	1.55475643564
26	1.67952475248
27	1.21831287129
28	0.940653913043
29	1.22442772277
30	0.537418788411
31	0.39319760479
32	0.132964485981
33	0.444701684836
34	0.0781714285714
35	1.16126858276
36	0.690640776699
37	0.443434223541
38	0.5155171737
39	0.728871128871
40	0.629090188305
41	0.607397423191
42	0.303027027027
43	0.9576
44	0.42517418214
45	0.726707631318
46	0.666159223301
47	0.622916584887
48	0.605882117882
49	0.953576237624
50	1.04525148515
51	0.770849206349
52	0.6888
53	0.67785014985
54	0.542319127849
55	0.625726273726
56	0.559025540275
57	0.546769230769
58	0.522299120235
59	0.380377358491
60	0.26285625
61	0.675952941176
62	0.908262487757
63	0.821007936508
64	0.812322456814
65	0.814285714286
66	0.0648213228036
67	0.18700096432
68	0.765017475728
69	0.42231372549
70	0.125904424779
71	0.625243564356
72	0.361169747899
73	0.223130097087
74	0.159378640777
75	0.270878431373
76	0.346330400782
77	0.424887174542
78	0.368411881188
79	0.286996078431
80	0.289694117647
81	0.145128089888
82	0.382508737864
83	0.118314606742
84	0.504282352941
85	0.497205153617
86	0.657718811881
87	0.681615841584
88	0.892988679245
89	0.955721639657
90	0.998760784314
91	1.17814653465
92	1.20617254902
93	1.10486336634
94	0.625521568627
95	0.65067160037
96	0.795536345776
97	0.623532210109
98	1.0127728558
99	1.39897821782
100	1.84036471754
101	1.95591304348
102	1.85453831041
103	1.96970940171
104	2.39434165834
105	1.95737301587
106	2.01503366337
107	1.98729270729
108	2.11744697721
109	1.86854291417
110	2.00056405164
111	1.81793267327
112	2.52553846154
113	1.9024222002
114	2.0841958042
115	1.77400364299
116	1.91601186944
117	1.45324275724
118	1.63018867925
119	0.968727272727
120	1.11607128713
121	1.15606262231
122	1.48356777996
123	1.09854145854
124	1.30285714286
125	1.35445544554
126	1.24623376623
127	2.13462178218
128	1.6324039604
129	1.75711397423
130	1.48597002997
131	1.5307009901
132	1.55792269574
133	1.68248888889
134	2.20847952048
135	1.94112190287
136	1.5842043222
137	1.06221176471
138	0.974298714144
139	1.14971655104
140	0.507521865889
141	0.693481188119
142	0.552071216617
143	1.16572447968
144	1.06773226773
145	1.68782711198
146	0.306922930542
147	0.425422740525
148	0.791001980198
149	0.715861248761
150	0.656023552502
151	0.801837623762
152	0.856015841584
153	0.422843564356
154	0.664231213873
155	0.439475024486
156	0.454279245283
157	0.268437735849
158	0.128752941176
159	0.972251748252
160	1.83492566898
161	0.973630769231
162	1.30815841584
163	1.08170847458
164	1.31246686449
165	1.34579187314
166	1.12366369931
167	0.995231372549
168	0.76414871306
169	0.964372277228
170	0.897665014866
171	0.92102970297
172	0.295168627451
173	0.524787212787
174	1.19140594059
175	1.25961188119
176	0.600847058824
177	0.300490408674
178	0.0516226415094
179	1.2075387674
180	1.00169256198
181	1.35714685315
182	1.30522222222
183	1.43957936508
184	1.17018613861
185	1.33109290709
186	0.778938337802
187	1.23543656344
188	1.43587301587
189	1.24031168831
190	1.4725466795
191	1.43774117647
192	0.961471810089
193	1.46503096903
194	1.06613176008
195	1.54018632309
196	1.04513043478
197	1.26911111111
198	1.43971513353
199	0.985902097902
200	1.28697619048
201	1.67952475248
202	1.32058341658
203	1.30176817289
204	1.17318811881
205	1.29002985075
206	1.45011809524
207	1.36631653404
208	1.38787326733
209	1.39854905847
210	1.41187734916
211	1.72457482656
212	1.48270623145
213	1.41293106893
214	1.38791269841
215	1.33146587537
216	1.26722695738
217	1.39103366337
218	1.27052947053
219	1.26897125867
220	1.25086834734
221	1.62173110893
222	1.18174625375
223	1.30661645193
224	1.64538872404
225	1.41962037962
226	1.63006225681
227	2.08821578422
228	1.64932679097
229	1.8577631068
230	2.17568031968
231	1.86926673327
232	2.18228571429
233	1.61294257426
234	1.89623762376
235	1.21329108911
236	1.68369230769
237	1.07035877106
238	1.88353709199
239	1.44842857143
240	1.90707326733
241	1.35168031968
242	1.82582217782
243	1.38917460317
244	1.44114059406
245	1.40733333333
246	1.60050592885
247	1.24920634921
248	1.36394065282
249	1.02495336788
250	1.2573026973
251	1.14948502994
252	1.31663268893
253	1.67275924076
254	1.31176214073
255	1.3215047259
256	1.49783016983
257	1.83552126607
258	1.42436763237
259	0.760754716981
260	0.762535819431
261	0.0594430839002
262	1.9382584493
263	1.48008687068
264	1.25681604185
265	1.55103270565
266	1.41848303393
267	1.50849480642
268	1.65949653122
269	1.17209190809
270	1.66305882353
271	1.32880079286
272	1.73835764236
273	1.55502897103
274	1.6788039604
275	2.14277939747
276	2.21089616464
277	1.97888511489
278	1.59441823588
279	1.28247373637
280	1.84205940594
281	1.70687524752
282	1.8916875
283	1.86026242545
284	0.322084683149
285	5.44718415842
286	1.2888293578
287	1.58043916914
288	1.0467789891
289	1.5494970297
290	1.32763564356
291	1.24945742574
292	1.53062937063
293	1.24319524281
294	1.54981386139
295	1.44584380952
296	1.55292673267
297	1.46676363636
298	1.51699009901
299	1.36251881188
300	1.56315684316
301	1.71390287413
302	1.93361334642
303	1.71103366337
304	2.15629306931
305	1.83596039604
306	2.01542970297
307	1.51977799802
308	2.06960792079
309	1.63697425743
310	1.63780376611
311	1.38258039216
312	1.76022377622
313	1.40625216554
314	1.74453861386
315	1.66408791209
316	1.976
317	1.49531881188
318	1.10384313725
