0	0.780166336634
1	0.904966897614
2	1.38696237624
3	1.4540979021
4	1.33860852329
5	1.61611100099
6	1.50236963037
7	1.89623762376
8	1.7756963037
9	1.83833398821
10	1.38210589411
11	1.70555844156
12	1.44021768707
13	1.80395604396
14	1.56638255699
15	1.69036039604
16	1.09885490196
17	0.536997055937
18	0.357576237624
19	0.666251497006
20	0.622916584887
21	1.01631267874
22	0.874645354645
23	1.63146085233
24	1.89142057942
25	1.6772987013
26	1.48595441031
27	1.5539960396
28	2.02785882353
29	1.73196403596
30	2.06081268583
31	1.51065346535
32	1.4012411215
33	1.41313267327
34	1.47510802775
35	1.27277522478
36	1.60367524752
37	1.41240393208
38	1.60025122669
39	1.5896916996
40	0.927184313725
41	1.25818037661
42	0.981207142857
43	0.812673267327
44	0.671145400593
45	1.04075294118
46	1.36979009901
47	1.38696237624
48	1.07891428571
49	1.36529108911
50	0.997867195243
51	0.350633009709
52	0.460344048653
53	0.634576271186
54	0.42259009901
55	0.921942517344
56	0.705014866204
57	0.324428198433
58	0.217142857143
59	0.198034285714
60	0.205877227723
61	0.270891089109
62	0.195041584158
63	0.309835294118
64	0.239714851485
65	0.297506796117
66	0.162133333333
67	0.0655984015984
68	0.488087215064
69	0.227548514851
70	0.383366963403
71	0.791001980198
72	0.622916584887
73	0.2736
74	0.399876923077
75	0.115753846154
76	0.415456543457
77	0.193944303797
78	0.0147096774194
79	0.250985308521
80	0.0301487603306
81	0.1368
82	0.1824
83	0.0850019417476
84	0.212504854369
85	0.184205940594
86	0.175516981132
87	0.0207403663929
88	0.361699716714
89	0.0464220572641
90	0.578769230769
91	0.32539147671
92	0.180629126214
93	0.19433271028
94	0.108954280964
95	0.276739562624
96	0.24921980198
97	0.157846153846
98	0.00303682042306
99	0.929310689311
100	1.36529108911
101	0.914693069307
102	0.748400396432
103	0.268235294118
104	0.846017839445
105	0.61662704565
106	0.973042957043
107	1.48742857143
108	1.23997602398
109	1.17024950495
110	0.146388443018
111	0.00552820340125
112	0.346740594059
113	0.982392079208
114	0.393943192948
115	0.572096805421
116	0.734974045802
117	0.993272365805
118	0.723052947053
119	2.38340859141
120	1.65315361744
121	2.01593904762
122	1.97888511489
123	1.21454820416
124	0.408920353982
125	0.0450884072927
126	2.96876190476
127	2.20181565907
128	1.28437661051
129	1.27916883117
130	1.64500197239
131	2.59171343284
132	2.33328271728
133	2.15828171828
134	2.39705054509
135	2.05797205589
136	2.17606286837
137	2.37247552448
138	2.05446977205
139	1.82488712871
140	2.6458021978
141	2.27365079365
142	2.21301898102
143	1.87456633663
144	1.57418326693
145	1.76235387674
146	1.33860852329
147	1.94848664688
148	2.08182217782
149	2.03430814524
150	2.23272727273
151	2.27407792208
152	1.74165079365
153	1.10512941176
154	0.747659405941
155	0.849679207921
156	0.740329411765
157	0.798113886114
158	1.52423576424
159	1.45485714286
160	0.392782547502
161	0.357930624381
162	0.628467326733
163	0.676308910891
164	1.06050749251
165	1.00856470588
166	1.10973465347
167	1.76796035679
168	1.41173491592
169	0.79178592666
170	0.866851485149
171	0.441969230769
172	0.407717647059
173	0.583992007992
174	0.644396467125
175	0.611640718563
176	0.574879377432
177	0.681970326409
178	1.21929831516
179	1.89142057942
180	1.62619038273
181	1.89142057942
182	1.45791873142
183	1.85676646707
184	1.20964285714
185	1.68956175299
186	1.32084294235
187	1.31196803197
188	1.30843088656
189	1.47364752475
190	0.67785014985
191	0.957625539258
192	0.31299408284
193	0.778666666667
194	0.0871489361702
195	3.85201191658
196	1.57566732673
197	1.26902675917
198	1.40724035608
199	1.23997602398
200	0.977334641806
201	1.13887016848
202	0.925528712871
203	0.901270588235
204	0.823508910891
205	0.884266666667
206	1.16983816184
207	1.53152186589
208	1.21810989011
209	1.14971655104
210	1.05666206897
211	0.875685572139
212	1.18077122877
213	1.42087611497
214	1.17474851485
215	1.45218461538
216	0.684427184466
217	1.3557002997
218	1.7896531219
219	1.07598001998
220	1.713728444
221	1.21810989011
222	0.423705382436
223	1.0944
224	1.06590106693
225	1.56494941634
226	0.715152475248
227	0.821657688966
228	0.85084548105
229	0.0963622641509
230	1.79302297702
231	1.30477623762
232	1.93065609514
233	1.60817425743
234	1.19096470588
235	1.07722772277
236	1.91601186944
237	1.50130426165
238	0.804705882353
239	0.942700990099
240	1.04794074074
241	1.30027722772
242	1.5400239521
243	1.18558415842
244	0.931404255319
245	1.10502524272
246	0.379984313725
247	1.05105742574
248	1.18108514851
249	0.936364356436
250	1.27860594059
251	1.22442772277
252	1.17474851485
253	1.20275643564
254	1.51799626168
255	2.54637623762
256	1.59418181818
257	2.17688235294
258	1.78788118812
259	2.33328271728
260	2.6727135778
261	2.18661338661
262	1.78662937063
263	1.98685714286
264	1.53876078431
265	1.41946930693
266	1.62263336663
267	2.11576840039
268	2.21497029703
269	1.71653069307
270	2.37247552448
271	2.10368831169
272	1.93515956392
273	2.5247049505
274	1.8917740337
275	1.72736633663
276	1.94608591409
277	2.07088911089
278	2.72687312687
279	1.84014159292
280	2.0380979021
281	2.26055104063
282	2.79886513487
283	2.26055104063
284	2.95646753247
285	2.48832507433
286	2.54003960396
287	2.21047128713
288	1.06504695305
289	1.86955444555
290	2.34421578422
291	2.49326713009
292	2.776999001
293	1.91346679881
294	1.88502697303
295	2.20847952048
296	2.09993650794
297	2.96443912176
298	2.71879365079
299	3.032999001
300	3.38283316683
301	3.3811031746
302	3.22657085828
303	2.58206498195
304	3.0691257485
305	2.63193650794
306	2.33024826216
307	2.69691633466
308	2.53007792208
309	2.60514770798
310	2.82883832335
311	2.9018021978
312	3.09100297915
313	2.42074725275
314	3.04074251497
315	2.00795326193
316	1.84768831169
317	2.94387314172
318	3.61245154845
