0	0.830913086913
1	0.419203109815
2	0.595013592233
3	0.498902036857
4	0.776247752248
5	1.064
6	0.911984015984
7	1.41946930693
8	1.07890943756
9	0.567849056604
10	0.0179655266758
11	2.69424079602
12	1.09759688413
13	0.418178331735
14	0.0204289276808
15	0.935624880383
16	0.171702675917
17	0.00493195132943
18	0.0602422018349
19	0.0576
20	0.0985945945946
21	0.123568743818
22	0.719862726406
23	0.317058941059
24	1.12610589411
25	1.28565079365
26	1.78208991009
27	1.71823191278
28	2.21910979228
29	1.87409390609
30	1.68285714286
31	1.46731089109
32	1.19192079208
33	0.760568138196
34	0.988
35	0.132842975207
36	1.96965079365
37	1.74954645355
38	1.71797819623
39	1.49783016983
40	0.824765217391
41	0.264859632139
42	0.218828599412
43	0.225861163227
44	0.183010189229
45	1.96096901408
46	2.05673590504
47	1.12330206379
48	2.36831620553
49	0.831033050047
50	0.034692795389
51	0.91288457808
52	0.10846382557
53	0.160783545544
54	0.0416469208211
55	0.856269306931
56	0.286603297769
57	0.214989710009
58	0.12048440367
59	0.310665334665
60	0.618243805748
61	0.144939038243
62	0.694422200198
63	0.714445103858
64	1.43338476756
65	2.02827353816
66	1.7382019802
67	1.87642418236
68	1.26184215784
69	0.64952195122
70	0.337062560154
71	0.115605633803
72	0.223130097087
73	0.168153649168
74	0.379050966608
75	0.420518731988
76	0.244618075802
77	0.00706064516129
78	0.509275247525
79	0.0380808056588
80	0.465679207921
81	0.574289108911
82	0.922917082917
83	2.35133465347
84	2.39070763132
85	2.03808991009
86	2.35366501487
87	1.85222777223
88	1.74453861386
89	1.47961149653
90	2.541002997
91	2.67220779221
92	3.00742857143
93	1.99628090999
94	2.07616253717
95	2.55087524752
96	2.96444271845
97	2.67220779221
98	2.71609910803
99	2.75967232767
100	2.81371655104
101	2.86510891089
102	2.72687312687
103	2.613002997
104	2.75136507937
105	2.78925940594
106	2.79247152847
107	2.65102081269
108	2.53647152847
109	1.83754212091
110	1.73196403596
111	1.94608591409
112	0.0192300469484
113	0.527653250774
114	1.68201197605
115	2.47993650794
116	2.47502574257
117	2.98472727273
118	2.39888111888
119	2.35816848365
120	2.73780619381
121	2.52755289421
122	2.78495427435
123	2.40981418581
124	2.01622377622
125	2.34360707269
126	1.88502697303
127	2.10870168484
128	0.878556987116
129	0.666917082917
130	0.815435294118
131	0.914693069307
132	1.22564122894
133	1.10414243323
134	0.87135049505
135	1.13774257426
136	1.35190588235
137	1.33703792415
138	1.39109433962
139	1.16276162216
140	1.06294549058
141	0.874645354645
142	1.00229019608
143	1.2768
144	1.26607058824
145	0.968871287129
146	0.987020812686
147	0.847623529412
148	0.725270029674
149	0.770176870748
150	0.856015841584
151	0.67785014985
152	0.311337931034
153	0.375897939156
154	0.362427586207
155	0.823508910891
156	1.15890509491
157	0.932788899901
158	0.921996007984
159	0.901142857143
160	0.858352941176
161	0.834344554455
162	0.846385614386
163	1.0087135778
164	1.00584215784
165	1.15422001982
166	0.874645354645
167	0.932788899901
168	0.79158226601
169	0.606796039604
170	0.827605970149
171	1.32194851485
172	1.2383372549
173	1.28752941176
174	1.16391287129
175	0.0826436838217
176	0.414384466019
177	0.964372277228
178	0.833188349515
179	0.899358415842
180	1.05105742574
181	1.12690693069
182	1.17474851485
183	1.2901018981
184	1.15422001982
185	1.05105742574
186	0.100515337423
187	1.16591549296
188	0.610666666667
189	1.13843375859
190	1.03064854369
191	1.24
192	1.62695738355
193	1.46957042957
194	1.292
195	0.761042115573
196	0.830913086913
197	0.724746561886
198	0.804705882353
199	0.758495049505
200	1.21357042957
201	0.633593657086
202	0.765314685315
203	0.782479921645
204	0.553714285714
205	0.520110891089
206	0.748178640777
207	0.721582417582
208	0.617631683168
209	0.00283920510559
210	0.899358415842
211	0.884266666667
212	1.49531881188
213	1.47814653465
214	1.52782574257
215	1.24906666667
216	0.986043564356
217	1.26651632047
218	1.25029244357
219	1.2460990099
220	1.01955996036
221	0.41700254022
222	0.467193706981
223	0.994909090909
224	1.08237362637
225	1.15191295747
226	1.45341526264
227	1.474875
228	1.27735188867
229	1.35579781962
230	0.741322772277
231	0.634117882118
232	0.317058941059
233	0.0970212765957
234	0.881039767216
235	0.564011892963
236	0.626985074627
237	0.966594700687
238	0.00897049180328
239	0.194514499532
240	0.301309734513
241	0.0207813909328
242	0.000733285984214
243	0.390336633663
244	0.644795204795
245	0.487552960801
246	0.996879207921
247	0.941768545994
248	0.965328047572
249	0.723301960784
250	0.830234482759
251	1.01272835821
252	0.964490566038
253	1.25569139466
254	1.40863366337
255	0.949566241413
256	0.519596439169
257	0.489236151603
258	0.520110891089
259	0.669390291262
260	0.354666666667
261	0.181333333333
262	0.0960269587195
263	0.226204724409
264	0.793976470588
265	1.15941386139
266	0.97479245283
267	0.45003364486
268	0.0693633802817
269	0.976376470588
270	0.596551040634
271	0.42638961039
272	0.47860058309
273	0.266933066933
274	0.429176470588
275	0.446260194175
276	0.266177736202
277	0.244618075802
278	0.305169230769
279	0.710905094905
280	0.762740594059
281	1.00771485149
282	1.22442772277
283	1.18558415842
284	1.14517670286
285	0.869433962264
286	0.823508910891
287	0.492102970297
288	0.836894117647
289	1.20263736264
290	0.780252991453
291	1.05209910803
292	0.567849056604
293	0.553165510406
294	0.628467326733
295	0.476549019608
296	0.291555555556
297	0.356869565217
298	0.282005946482
299	0.0161694163999
300	1.60716083916
301	1.44625948104
302	2.23243694141
303	2.41395845697
304	2.12828514851
305	2.04362338949
306	2.35060939061
307	1.81942857143
308	2.052
309	1.75383016983
310	2.0416
311	2.49466798811
312	2.43168031968
313	2.62672475248
314	2.68046307385
315	2.50413505462
316	2.99566033966
317	2.70257425743
318	2.68046307385
