0	1.23294350842
1	0.788553011026
2	0.797907590759
3	0.69569047619
4	0.689825661117
5	0.593700970874
6	0.349968627451
7	0.497859545005
8	0.990420600858
9	1.9688015873
10	1.41998518519
11	2.24238961039
12	1.77836428571
13	1.84693861386
14	1.54098049194
15	1.50827353816
16	1.45253412463
17	1.29835247525
18	1.23539435415
19	1.81488911089
20	1.37443603604
21	1.73014653465
22	1.72108691309
23	2.08111888112
24	2.26519047619
25	1.87139260739
26	2.35866533467
27	0.907086695279
28	2.14742296369
29	1.70602197802
30	2.03911992071
31	1.85114085914
32	2.37312298558
33	2.72571428571
34	2.99098613861
35	2.65443512974
36	2.31352133581
37	3.09405794206
38	2.25476923077
39	1.95728571429
40	2.33967632368
41	0.736166501487
42	2.14438019802
43	1.83416551724
44	2.35060939061
45	1.92100693756
46	1.66730538922
47	1.95234886026
48	1.60857086224
49	2.01168431568
50	1.14041958042
51	1.52177693041
52	1.56342857143
53	1.19119920714
54	1.86955444555
55	2.162703667
56	1.81858753709
57	1.0873419227
58	1.4212987013
59	1.23550136488
60	1.60367524752
61	1.71614785215
62	1.7148
63	1.48780819181
64	1.78788118812
65	1.70235364635
66	2.4176984127
67	2.57806096362
68	3.46632669323
69	0.2539008
70	3.14715247525
71	2.12101498501
72	1.56857879088
73	1.98428742515
74	2.21485714286
75	1.97900990099
76	2.1792950495
77	2.06634965035
78	2.0174271556
79	1.25377864078
80	0.42432263978
81	0.333884745763
82	3.23982574257
83	1.9472
84	2.3404990099
85	2.02507092907
86	1.54566501487
87	2.38340859141
88	2.6465173439
89	1.80266923077
90	2.19754645355
91	1.92242899119
92	1.74931219029
93	2.56804752475
94	2.16851148851
95	2.59228543112
96	1.82287747036
97	2.49714285714
98	2.14946019417
99	2.48180619381
100	2.21756039604
101	2.68761868446
102	3.23618781219
103	2.05973611111
104	2.38660903733
105	1.07168871595
106	3.21707829534
107	1.82634965035
108	2.128
109	2.12101498501
110	2.11772447968
111	2.23721878122
112	1.99630769231
113	2.53979282869
114	2.18881391304
115	2.73328840436
116	1.77115684316
117	2.00075124875
118	2.53754608523
119	3.01230891089
120	2.24629836381
121	1.92874455446
122	2.61420979021
123	2.01822001982
124	1.99875449102
125	1.78953009709
126	2.03911992071
127	1.82299306244
128	2.29594405594
129	1.51817964072
130	1.24419234544
131	2.03367930029
132	2.8097982018
133	2.29910889111
134	2.87056143856
135	3.67692368682
136	1.85965234765
137	2.80114285714
138	1.84637462834
139	1.93766172107
140	1.87886666667
141	1.43829249012
142	2.24742857143
143	1.68091881188
144	2.16474725275
145	2.29594405594
146	0.129645895153
147	4.10299900695
148	2.05541658342
149	1.6430970297
150	2.79007114625
151	2.09672727273
152	2.14588235294
153	2.26464950495
154	2.27791140434
155	2.17796435644
156	1.8042259663
157	1.5524955045
158	1.58795294118
159	1.83122376238
160	1.54825174825
161	1.34117647059
162	1.54018632309
163	1.75463762376
164	1.97013649852
165	1.49545044161
166	1.68286777669
167	1.66613542689
168	1.78208991009
169	1.53339147671
170	1.58043916914
171	1.6892039604
172	1.40210109019
173	1.60716083916
174	1.35488316832
175	1.4303049505
176	0.860755244755
177	1.52933994054
178	1.09958863859
179	1.40693228656
180	1.15211869436
181	1.09548463826
182	1.01677522478
183	0.759246778989
184	0.484201780415
185	0.57485827552
186	0.371522793404
187	0.297506796117
188	0.308132038835
189	0.190766972477
190	0.126276923077
191	0.00127093252816
192	0.00152813590877
193	0.600258570029
194	0.856015841584
195	0.814739622642
196	2.18483809524
197	2.19180183486
198	1.84563418803
199	1.64102970297
200	2.14476114965
201	2.03497029703
202	1.98491908092
203	2.44806393606
204	3.04369047619
205	2.31328627451
206	2.73163773585
207	2.02734167469
208	2.59099300699
209	2.97628771229
210	3.35755004955
211	3.01137262737
212	3.18300099108
213	3.15778621379
214	3.24405194805
215	3.40131082423
216	3.40303393214
217	3.24178849722
218	3.70695704296
219	2.5074172448
220	3.69548051948
221	3.89377333333
222	4.65748651349
223	3.51475396825
224	2.14159762141
225	3.62615568862
226	3.94876646707
227	4.54008782435
228	4.74578308458
229	3.02233986928
230	3.41420895522
231	4.58976854599
232	4.17481188119
233	3.75946453546
234	4.13021378621
235	4.04131082423
236	4.52628971029
237	3.23780158033
238	2.37300594059
239	2.27548514851
240	2.74413478692
241	3.66257742258
242	2.53404195804
243	4.028
244	3.14077122877
245	3.88348514851
246	3.37846979866
247	3.92673809524
248	4.46882717283
249	4.22342857143
250	3.47179220779
251	3.97186013986
252	4.89657142857
253	3.96214653465
254	4.36546107784
255	4.93081318681
256	4.778027833
257	4.46595315315
258	4.67935264735
259	3.65435528942
260	3.49213108242
261	3.69151648352
262	4.46428514851
263	4.11480519481
264	4.09268447082
265	2.62082651072
266	3.15965634366
267	3.61532673267
268	3.70138417541
269	4.57002197802
270	3.66112287712
271	3.57173809524
272	3.42204995005
273	2.60792864222
274	3.00659340659
275	1.94248562934
276	1.49679389313
277	2.60856405164
278	2.36217029703
279	2.33845354645
280	3.69537662338
281	3.25190809191
282	3.78914285714
283	3.24934265734
284	3.49921747766
285	4.38415984016
286	2.64634920635
287	1.74089020772
288	2.61704347826
289	3.17922873346
290	5.19320679321
291	4.18805946482
292	4.01892507493
293	2.63486913087
294	4.35462137862
295	4.06761546085
296	4.19681415929
297	3.17626164519
298	2.33967632368
299	2.48727272727
300	2.44528301887
301	1.99713886114
302	2.45994005994
303	0.580642041639
304	4.8200271581
305	3.51771428571
306	3.01507407407
307	5.17134065934
308	3.73464554455
309	4.2310969031
310	3.30067532468
311	0.730469606675
312	4.16244615385
313	2.75513286713
314	3.30608591409
315	3.09151142006
316	3.74973705179
317	0.935077534791
318	2.5247049505
