0	1.28088007929
1	2.21047128713
2	1.44114851485
3	1.53062937063
4	1.17545853194
5	1.34976
6	1.77017029703
7	1.55653559322
8	1.53264137931
9	1.61263571429
10	1.67275924076
11	1.42853518335
12	1.49304087737
13	1.93449056604
14	1.19918496538
15	0.954011774601
16	1.28944158416
17	1.22935464535
18	1.47364752475
19	1.05478140455
20	0.985021570319
21	0.858352941176
22	0.987105882353
23	0.877749259625
24	0.841846153846
25	0.390469772052
26	0.355464566929
27	0.370507936508
28	0.374725663717
29	0.803428571429
30	0.688423931624
31	1.1474421365
32	1.34436435644
33	1.22013203883
34	1.27860594059
35	0.893188118812
36	1.0376
37	1.33542764228
38	1.37756643357
39	1.23292765114
40	1.04022178218
41	0.517338461538
42	0.203867908552
43	0.355053435115
44	0.866851485149
45	0.706621782178
46	0.725988118812
47	0.780732615083
48	1.0310343474
49	0.699033663366
50	0.807518446602
51	0.569544554455
52	0.776703557312
53	0.998626104024
54	1.51515537849
55	1.20756218905
56	1.232
57	1.26466403162
58	1.49086340977
59	1.33773846154
60	1.61451089109
61	1.18818632309
62	1.24977422577
63	1.29883076923
64	1.78588656716
65	1.07012277228
66	1.05644356436
67	1.31111287129
68	0.875215841584
69	0.998857142857
70	0.342346718903
71	0.10944
72	1.14857821782
73	1.06317623762
74	1.07891161867
75	1.38696237624
76	0.578504579517
77	1.19223809524
78	1.20275643564
79	1.11521584158
80	1.60336127745
81	1.31325734024
82	1.33542857143
83	1.69171628372
84	1.38045589693
85	1.23073852295
86	1.2363064833
87	0.888662674651
88	1.22685714286
89	0.981835294118
90	1.32194851485
91	0.350923379175
92	1.35714285714
93	0.936071287129
94	0.7296576
95	0.600847058824
96	0.325069306931
97	0.113726618705
98	0.174039289055
99	0.112508411215
100	0.122621848739
101	0.129899109792
102	0.00901111568547
103	0.0568131147541
104	0.0372879045997
105	0.238620416254
106	0.482823529412
107	0.555689320388
108	0.693866666667
109	0.873721008403
110	1.19
111	1.0507009901
112	0.694708910891
113	0.715920792079
114	0.367914563107
115	0.380548571429
116	0.245472897196
117	0.189233429395
118	0.828726953468
119	1.04202711864
120	1.14591851852
121	0.994611764706
122	0.940739861523
123	1.20800799201
124	1.11406144698
125	0.746648055833
126	1.31501468189
127	1.51766142461
128	1.34495143707
129	0.923121182266
130	0.90723062201
131	0.811659222498
132	0.890541176471
133	0.709869306931
134	1.2901018981
135	0.907631318137
136	1.34708910891
137	1.3557002997
138	0.730889106968
139	0.964701273262
140	0.845557978196
141	1.41946930693
142	0.735358415842
143	0.942700990099
144	0.467510679612
145	0.11558377425
146	0.0841161290323
147	0.856864222002
148	1.17810945274
149	1.46042587065
150	1.20038019802
151	1.13865346535
152	1.09538099902
153	1.03919127849
154	0.512071928072
155	0.290704507513
156	1.24193406593
157	0.950905847374
158	1.00715247525
159	1.28651089109
160	1.04503496503
161	1.09277894737
162	1.06110608696
163	1.1184292589
164	1.50615445545
165	0.799097922849
166	0.485679207921
167	1.12658823529
168	0.772517647059
169	0.782479921645
170	1.35188811189
171	1.93815445545
172	1.00508514851
173	0.77067768595
174	0.954481665015
175	0.704117431193
176	0.823508910891
177	1.04022178218
178	0.860644906034
179	0.378498023715
180	0.31959086758
181	0.726081268583
182	1.57116831683
183	0.90362
184	1.12362772277
185	1.12975841584
186	0.927144554455
187	1.13915254237
188	1.46281188119
189	1.10107722772
190	1.30122772277
191	1.93958019802
192	1.45678321678
193	1.73542120912
194	1.38887920792
195	1.8854019802
196	1.55645148515
197	1.18707326733
198	1.37858941059
199	1.05262239841
200	1.32325867195
201	1.29978021978
202	1.43756039604
203	1.51542178218
204	1.17140931615
205	0.902823529412
206	1.11517282717
207	0.527440897325
208	0.899358415842
209	0.776247752248
210	0.604380765456
211	0.793198824682
212	0.867710604559
213	0.722817012859
214	0.784076923077
215	1.26607058824
216	0.562633009709
217	0.497946587537
218	0.297506796117
219	0.41948952381
220	0.390083168317
221	0.101467549669
222	0.314545094153
223	0.497584158416
224	0.665223529412
225	0.434463366337
226	0.762724752475
227	0.70575049505
228	0.961926073926
229	0.930854311199
230	1.08998811881
231	0.979548514851
232	0.775762376238
233	0.887850980392
234	0.874115702479
235	1.38696237624
236	1.20321253673
237	1.13158811881
238	1.00795785777
239	0.95259347181
240	0.926120434353
241	1.11915044248
242	0.796641584158
243	1.14857821782
244	0.809653281097
245	0.808253716551
246	1.08356435644
247	0.517174849268
248	0.765017475728
249	0.416483168317
250	0.472557409225
251	0.318757281553
252	0.244380582524
253	0.135239543726
254	0.0141096623203
255	0.45467826087
256	0.407717647059
257	0.282094117647
258	0.390083168317
259	0.323453465347
260	0.306015686275
261	0.375755555556
262	0.0411944792974
263	0.0268399754752
264	0.290320557491
265	0.225317647059
266	0.18391372549
267	0.372102752294
268	0.60076266137
269	0.805718811881
270	0.63906012951
271	0.904427722772
272	0.593523061825
273	0.75876817793
274	1.02573426573
275	0.686042105263
276	0.742853778214
277	0.59596039604
278	0.471631733595
279	0.516011869436
280	0.499428571429
281	0.428494559842
282	0.910194059406
283	0.75114370664
284	0.796007843137
285	0.864814953271
286	1.06940990099
287	0.431500990099
288	0.500297142857
289	0.216712871287
290	0.599897029703
291	0.9272
292	1.06794123408
293	1.52366522865
294	1.69182817183
295	1.46891089109
296	1.60261960784
297	1.37602376238
298	1.94937821782
299	1.54420594059
300	1.1419147671
301	1.30038022814
302	1.92874455446
303	1.04803187251
304	1.44316483516
305	1.16296051423
306	1.3229010989
307	1.06050693069
308	1.4212987013
309	0.798809738503
310	0.245205970149
311	2.3318970297
312	1.10633102081
313	1.27789221557
314	0.296845588235
315	0.303157894737
316	0.301606299213
317	0.688783216783
318	0.72539481268
