0	1.79238019802
1	2.01343620178
2	1.81773333333
3	2.25239246779
4	2.03084115884
5	2.24970465808
6	2.26797268293
7	2.68437735849
8	2.27365079365
9	2.17587238285
10	2.34501083032
11	2.58971881188
12	2.35583366337
13	2.40632373386
14	1.93339774557
15	2.613002997
16	2.46201996008
17	2.33879365079
18	2.41240039643
19	2.68458160237
20	2.40981418581
21	2.40155401388
22	2.38834059406
23	2.65673526474
24	2.00222222222
25	2.35117786561
26	2.44308614232
27	2.6458021978
28	2.37565490196
29	2.42074725275
30	2.31707142857
31	2.6458021978
32	2.10870168484
33	2.10368831169
34	2.29943310208
35	1.67318811881
36	1.60941176471
37	0.315303754266
38	4.06786534653
39	1.80955247525
40	1.4529254902
41	0.6873562316
42	0.814285714286
43	0.0225403267412
44	0.152207633588
45	1.1917042957
46	3.62338461538
47	4.2247032967
48	4.24017582418
49	4.32337176938
50	4.73855744256
51	3.98871528472
52	4.02790809191
53	3.83111288711
54	4.05140357853
55	3.65618381618
56	3.86391208791
57	3.20339884393
58	3.7427960396
59	3.27686336634
60	2.95179405941
61	3.00895143707
62	3.12820551855
63	3.59465609514
64	3.43752247752
65	3.07707936508
66	3.27352647353
67	3.83111288711
68	3.94044355644
69	3.90222222222
70	3.92004757185
71	3.44845554446
72	3.29499332698
73	3.4719049505
74	4.03884115884
75	3.46504347826
76	3.28989264414
77	3.98417582418
78	3.91857742258
79	3.95709018831
80	4.4214985015
81	3.87484515485
82	4.26050793651
83	4.11991208791
84	4.16279365079
85	3.97324275724
86	3.41224750499
87	4.10171996028
88	3.47450980392
89	4.12630569431
90	4.06070729271
91	4.09765079365
92	3.61245154845
93	3.21670508475
94	4.3886993007
95	4.60793650794
96	3.98173689416
97	4.19120713578
98	4.59642757243
99	4.64990927022
100	4.8503721393
101	3.85297902098
102	3.82858039216
103	3.56871928072
104	3.28445954046
105	3.83111288711
106	4.54176223776
107	4.28411542289
108	3.61699100899
109	4.39963236763
110	4.31478571429
111	4.23594411178
112	4.56450793651
113	4.67295904096
114	4.36700998004
115	4.96028599801
116	4.46977022977
117	4.41479004975
118	4.30589452736
119	3.77594013096
120	4.01697502498
121	4.46878415842
122	4.35913822688
123	4.71669130869
124	4.74077330716
125	4.65563236763
126	4.73967524752
127	3.35931565441
128	3.40689108911
129	4.5198961039
130	4.39963236763
131	3.72411131725
132	3.99510889111
133	4.34496703297
134	3.98417582418
135	3.36270109235
136	3.86198811881
137	3.50766033966
138	3.24757185332
139	4.34496703297
140	3.72112475248
141	3.34850793651
142	3.37104648863
143	3.47032967033
144	3.40279365079
145	3.39379020979
146	4.00679484638
147	4.48072727273
148	4.46523076923
149	3.36099100899
150	3.67064811133
151	1.83572277228
152	1.0944
153	0.741322772277
154	1.28944158416
155	1.03864135864
156	0.0782086707956
157	0.795500990099
158	0.693481188119
159	0.660974257426
160	0.622305882353
161	0.631384615385
162	0.281726732673
163	0.294149019608
164	0.390083168317
165	0.222933333333
166	0.823508910891
167	0.650138613861
168	0.877687128713
169	0.611295049505
170	0.606796039604
171	1.00771485149
172	0.227236436705
173	1.57564356436
174	2.69978152929
175	3.35005794206
176	3.48125474525
177	3.42450793651
178	3.21883716284
179	3.23354455446
180	2.99809712587
181	2.9263777336
182	2.68602390438
183	2.73508118812
184	2.3449980198
185	3.43409181637
186	3.77644755245
187	3.42790863952
188	3.12046353646
189	2.6727135778
190	2.59567632368
191	3.56871928072
192	2.71879365079
193	2.25381386139
194	1.98939607843
195	1.80748190476
196	1.56033267327
197	1.48448316832
198	1.21929831516
199	1.5494970297
200	1.95298120673
201	1.91956923077
202	2.5247049505
203	2.20413465347
204	2.85806993007
205	3.90764435564
206	3.13136507937
207	2.72687312687
208	2.52336507937
209	2.84977425743
210	2.07088911089
211	2.26768431568
212	2.26279365079
213	2.14288111888
214	2.09275524476
215	2.63940859141
216	2.74685714286
217	2.49727872128
218	3.29422222222
219	3.57965234765
220	2.42074725275
221	2.04565079365
222	2.36154245754
223	0.0233431878896
224	0.0638183753104
225	0.986139079334
226	3.25166033966
227	4.16951437066
228	4.23140918164
229	3.5547463838
230	3.27352647353
231	4.1591048951
232	3.92951048951
233	4.22127507448
234	3.66619436876
235	4.33221010902
236	4.1919040959
237	4.08257342657
238	3.79192007992
239	3.81388397247
240	3.86391208791
241	3.88365940594
242	3.95258671952
243	3.60151848152
244	3.59915956392
245	3.79831368631
246	4.07164035964
247	3.79365079365
248	4.03078763709
249	3.86706653426
250	3.71813972056
251	4.04336507937
252	4.14817182817
253	4.23563636364
254	3.99343670265
255	3.88577822178
256	3.99510889111
257	3.69960675273
258	4.07535686275
259	4.11126546906
260	4.04977422577
261	4.17779543198
262	3.7417271028
263	4.10034331337
264	4.12218762475
265	4.01477656405
266	3.86005588822
267	2.72605590062
268	3.83707936508
269	2.4640587156
270	2.95926552655
271	2.77392475248
272	1.8158493558
273	2.39680316518
274	2.12589098117
275	1.84129470529
276	2.10741960784
277	2.67084369748
278	3.24757185332
279	3.71084915085
280	1.84388503469
281	1.29464135864
282	1.42087611497
283	1.50251089109
284	1.46085429142
285	1.77164202335
286	1.62695738355
287	1.50725748503
288	1.83036163836
289	2.15652173913
290	2.54922105263
291	2.15843012884
292	2.89761584158
293	2.50570858283
294	2.69707936508
295	2.73058217822
296	3.032999001
297	3.29095738355
298	3.37192407592
299	2.31141658342
300	1.95879365079
301	2.40740918164
302	2.98571428571
303	2.78153846154
304	2.89086913087
305	2.95646753247
306	2.65628599801
307	2.24357684631
308	2.60571428571
309	2.2317964775
310	2.32793650794
311	2.8362037962
312	3.79831368631
313	2.01236879433
314	1.84768831169
315	1.85172914622
316	2.40527472527
317	2.04565079365
318	1.34476723277
