0	0.609489108911
1	0.4965
2	0.585299009901
3	0.641291089109
4	0.418861083744
5	0.595397044335
6	0.491332038835
7	0.407717647059
8	0.263667326733
9	0.34288627451
10	0.325069306931
11	0.4734
12	0.520636893204
13	0.214754782609
14	0.242030769231
15	0.441091901729
16	0.480827586207
17	0.317609815951
18	0.17024
19	0.196166037736
20	0.142876923077
21	0.148753398058
22	0.240618434093
23	0.0838628795299
24	0.245508196721
25	0.12836302521
26	0.238384158416
27	0.286881553398
28	0.215401151631
29	0.320100156495
30	0.433425742574
31	0.241942517344
32	0.336414985591
33	0.281726732673
34	0.295952941176
35	0.398368932039
36	0.379917566241
37	0.386825591586
38	0.406849122807
39	0.503976214073
40	0.368069565217
41	0.362268656716
42	0.16519245283
43	0.17337029703
44	0.17109396637
45	0.324266666667
46	0.374035928144
47	0.488198609732
48	0.481242334322
49	0.432478431373
50	0.544792864222
51	0.494978217822
52	0.422338883448
53	0.514558415842
54	0.43207135778
55	0.304672639559
56	0.61153617443
57	0.668451548452
58	0.616756756757
59	0.668308910891
60	0.66377029703
61	0.734350842418
62	0.627377081293
63	0.395430814524
64	0.718166503428
65	0.596534864643
66	0.409210434783
67	0.0484017725258
68	1.09440313112
69	0.453749259625
70	0.257374379345
71	0.346740594059
72	0.324450485437
73	0.315692307692
74	0.225317647059
75	0.241215686275
76	0.317182300885
77	0.46380990099
78	0.305144370861
79	0.18112392638
80	0.357269230769
81	0.299270588235
82	0.137402985075
83	0.281726732673
84	0.261090196078
85	0.253709803922
86	0.347261538462
87	0.175441587068
88	0.323350826045
89	0.287160349854
90	0.195332667333
91	0.226925541942
92	0.17016909621
93	0.247788679245
94	0.135160784314
95	0.231507692308
96	0.202075801749
97	0.160783545544
98	0.0821923076923
99	0.135626310772
100	0.203659157689
101	0.111026086957
102	0.0694876033058
103	0.278691478942
104	0.262495049505
105	0.32539147671
106	0.211437623762
107	0.303398019802
108	0.237719626168
109	0.31975871819
110	0.209963235294
111	0.354070588235
112	0.288439215686
113	0.333884745763
114	0.229291743119
115	0.332611764706
116	0.326746506986
117	0.469475691134
118	0.383254170756
119	0.350023529412
120	0.27625631068
121	0.290154455446
122	0.275720930233
123	0.133213483146
124	0.113530371714
125	0.197146014207
126	0.250598019802
127	0.357071038251
128	0.451882037534
129	0.457313761468
130	0.383587628866
131	0.502796039604
132	0.798576459685
133	0.835272727273
134	1.02732743363
135	1.05112978525
136	1.28448702595
137	1.33835948361
138	0.97342962963
139	1.17773947111
140	1.33010109019
141	1.21610969638
142	1.65949653122
143	1.37273126873
144	1.2638493558
145	1.32845940594
146	1.31613333333
147	1.61291394659
148	1.43615803336
149	2.17568031968
150	1.73434126984
151	1.62373861386
152	1.36508291708
153	1.29087809713
154	1.3567952048
155	1.44190287413
156	1.44427353816
157	1.39263366337
158	1.44258941059
159	1.27585361029
160	1.45806352262
161	1.75361727184
162	1.50422970297
163	1.24152347826
164	1.77583366337
165	1.7393006993
166	1.58298501499
167	1.65823182711
168	1.66109514563
169	2.36451139742
170	1.93327058824
171	1.78788118812
172	1.69203567889
173	1.5069010989
174	1.66868910891
175	1.5265697446
176	1.18886713287
177	1.35981035996
178	1.6886884273
179	1.16840436075
180	1.22564122894
181	0.988147572816
182	0.663074074074
183	0.606796039604
184	0.699017964072
185	1.11434126984
186	1.09334870317
187	0.847651268705
188	1.25289110889
189	1.17609277431
190	1.46281188119
191	1.13944895937
192	1.56961424332
193	1.26931219029
194	1.59622777223
195	1.20757185332
196	1.26772571429
197	1.41036563437
198	1.25619821606
199	1.33314909091
200	1.50466468843
201	1.10262178218
202	1.26348363636
203	1.3557002997
204	0.205670965221
205	1.13887016848
206	1.28665734266
207	1.30680673935
208	1.39247952048
209	1.44026957384
210	1.25741302409
211	1.9577029703
212	1.38133565217
213	1.7636107507
214	2.46650698603
215	1.6776
216	1.77735054618
217	1.75107418398
218	1.94157623762
219	2.30687712288
220	1.75623809524
221	1.86240949555
222	1.89142057942
223	1.42735841584
224	1.51253546454
225	2.20181565907
226	1.69871952428
227	1.53479215686
228	1.59824594852
229	2.11295049505
230	1.69468503937
231	1.6906374502
232	1.53118055556
233	1.89142057942
234	1.34790049751
235	1.55785229541
236	1.90896333003
237	1.394785645
238	1.672
239	1.72742457542
240	1.15734390486
241	0.998363203807
242	0.520626362735
243	0.24795
244	0.863712287712
245	0.841921568627
246	0.924969578018
247	0.945114818449
248	0.696173421301
249	1.26276923077
250	0.664713870029
251	0.407656160458
252	0.576849241748
253	0.759554252199
254	0.167403441683
255	0.272055500496
256	0.343341176471
257	0.5472
258	0.302930769231
259	0.323144554455
260	0.535945151812
261	0.603290386521
262	0.896870425321
263	1.10768681863
264	1.21290709291
265	1.2534985015
266	1.14661645193
267	1.36424182359
268	1.06025925926
269	1.31508491508
270	0.98153419227
271	1.1786481665
272	0.633012858556
273	0.488087215064
274	0.626556862745
275	1.37232941176
276	0.690640776699
277	0.408392541708
278	0.553165510406
279	0.569418604651
280	0.490170542636
281	1.15915830116
282	0.292562376238
283	0.235503797468
284	0.336237859267
285	0.422172106825
286	0.626772815534
287	0.171382550336
288	0.195234886026
289	0.0768750733138
290	0.516988505747
291	0.184571428571
292	0.171167155425
293	0.212194174757
294	0.346740594059
295	0.353176470588
296	0.3648
297	0.151478899083
298	0.516904347826
299	0.542963809524
300	0.77239246779
301	0.657924345296
302	0.458605714286
303	0.408736633663
304	0.38342970297
305	0.555368007851
306	0.597908910891
307	0.748554455446
308	0.248973293769
309	0.259858913251
310	0.292562376238
311	0.278483809524
312	0.296613084112
313	0.0871646017699
314	0.380419196866
315	0.813346534653
316	0.694729939603
317	1.07042557443
318	1.08551128557
