0	0.0371297709924
1	0.0414545454545
2	0.00975401069519
3	0.00416874583373
4	0.00641500586166
5	0.139473237043
6	0.222266924565
7	0.182231267345
8	0.1824
9	0.160941176471
10	0.154721960415
11	0.158150289017
12	0.157392138063
13	0.155307473983
14	0.150211764706
15	0.154721960415
16	0.158150289017
17	0.154576271186
18	0.163996003996
19	0.0318832400876
20	0.657510009533
21	0.122860103627
22	0.151399209486
23	0.0987736389685
24	0.160783545544
25	0.115531669866
26	0.107774395703
27	0.00678820324076
28	0.715459265891
29	0.0565094664372
30	0.00972147093713
31	0.129257367387
32	0.101146025878
33	0.134854976303
34	0.109221556886
35	0.0821484570475
36	0.0670823117338
37	0.0507136237257
38	0.0585240641711
39	0.00800780487805
40	0.0502576687117
41	0.180096885813
42	0.147606936416
43	0.144543396226
44	0.150211764706
45	0.158150289017
46	0.144135465663
47	0.158150289017
48	0.150211764706
49	0.153062937063
50	0.120263736264
51	0.865916129032
52	0.0450729023384
53	2.33052295409
54	0.738285714286
55	0.510556862745
56	0.750955489614
57	0.728293359762
58	0.680039177277
59	0.815805229937
60	0.916707292707
61	1.09539009901
62	0.887674925669
63	0.843363006924
64	0.853201189296
65	1.13206660137
66	0.977670588235
67	0.945718811881
68	1.20275643564
69	0.842250740375
70	0.554264150943
71	0.841752229931
72	0.601718281718
73	0.722916363636
74	0.804282394996
75	0.850042857143
76	0.975207920792
77	0.699798058252
78	0.960837795276
79	1.09012142857
80	1.10467586207
81	1.09476406381
82	1.26902675917
83	1.05728671329
84	0.94257254902
85	1.2573026973
86	0.848848364718
87	0.809137254902
88	0.977142857143
89	0.643764705882
90	0.516615690169
91	0.699716283716
92	0.878001982161
93	0.912894995093
94	0.637638834951
95	0.787180819181
96	0.578830525273
97	1.26823576424
98	1.66322709163
99	1.32329970326
100	1.30717145689
101	1.53036563437
102	1.3103467189
103	1.3585
104	1.23350346192
105	1.65949653122
106	1.47766567755
107	1.36723137255
108	1.61099116781
109	1.26359643917
110	1.3327888999
111	1.43203960396
112	1.7011960396
113	0.833902874133
114	1.27023880597
115	1.40589096827
116	1.8655777998
117	1.56216583417
118	1.59554410307
119	1.54628011753
120	1.5308
121	1.50188305253
122	1.60986262266
123	1.64572797263
124	1.52536945071
125	2.15166467066
126	1.49170267592
127	1.64050196078
128	1.56698501499
129	1.52854761905
130	1.59991627022
131	1.557248
132	1.44224273504
133	1.74889411765
134	1.31113663366
135	1.57722352941
136	1.21668910891
137	1.24241000962
138	1.54796439169
139	1.15817254902
140	0.948675603217
141	1.2579960396
142	1.28233220339
143	1.64538872404
144	1.16131615461
145	1.49783016983
146	1.09212573674
147	1.4303049505
148	1.05246290801
149	1.60526461843
150	1.08897425743
151	1.18911683168
152	1.35445544554
153	0.810421364985
154	0.986043564356
155	1.15991364082
156	0.550566336634
157	1.10261333333
158	1.63456379822
159	1.27202376238
160	1.90896333003
161	1.19684786325
162	1.37067457962
163	1.32194851485
164	1.07483052527
165	1.10349357072
166	1.13146481665
167	1.08806101695
168	0.986043564356
169	0.859333333333
170	1.50615445545
171	0.674524770642
172	1.14857821782
173	1.26651632047
174	0.851781962339
175	1.17024950495
176	0.928007920792
177	1.14804705882
178	0.929940594059
179	1.09330669331
180	0.892233894945
181	1.06755701395
182	0.963418397626
183	0.81893877551
184	0.427810909091
185	0.530421364985
186	1.19208721506
187	1.2354421365
188	1.69036039604
189	0.370146534653
190	1.31012091179
191	1.29888031652
192	1.41960628619
193	2.17568031968
194	1.62507829534
195	1.58335412844
196	1.86691764706
197	1.32240553907
198	1.48765957447
199	1.97013649852
200	1.45724630113
201	1.57569930762
202	2.14758374628
203	1.35859340659
204	1.50996233895
205	1.40929470529
206	1.371165524
207	1.50506876228
208	1.20431936128
209	1.61771428571
210	1.21878536103
211	1.52330108588
212	1.56498113208
213	1.0453518335
214	1.25693465347
215	1.18108514851
216	0.715152475248
217	0.612549019608
218	0.617631683168
219	0.434752941176
220	0.509275247525
221	0.574289108911
222	0.772712871287
223	0.761042115573
224	0.173126331811
225	1.6875913556
226	0.982882235529
227	0.991301960784
228	1.38013004926
229	0.568346116028
230	0.533057654076
231	0.563453465347
232	0.344443125618
233	1.01855049505
234	1.01813907933
235	1.05154410307
236	1.21242352941
237	0.845386138614
238	0.612245363766
239	0.0126886956522
240	1.11775609756
241	0.354940540541
242	0.0786997026759
243	0.168207492795
244	0.160783545544
245	0.153564078578
246	0.0664587341772
247	0.0180148148148
248	0.351446153846
249	0.320362606232
250	0.254716618636
251	0.347261538462
252	0.314580392157
253	0.527651485149
254	0.429974781765
255	0.440770137525
256	0.250698318497
257	0.318757281553
258	0.191976237624
259	0.255005825243
260	0.236047058824
261	0.174258503401
262	0.487603960396
263	0.202007407407
264	0.294929740135
265	0.292562376238
266	0.445762237762
267	0.51630952381
268	0.377418217434
269	0.17337029703
270	0.114948571429
271	0.0705193578848
272	0.189730496454
273	0.156342857143
274	0.0546420950533
275	0.0759246778989
276	0.189415384615
277	0.174805970149
278	0.488287099903
279	0.218846153846
280	0.250148571429
281	0.268498527969
282	0.234988235294
283	0.382657342657
284	0.213215234721
285	0.371883495146
286	0.241798270893
287	0.146767735666
288	0.208457142857
289	0.205673590504
290	0.209865970409
291	0.244380582524
292	0.220560460653
293	0.24726129666
294	0.15591372549
295	0.364442703232
296	0.213665107577
297	0.343341176471
298	0.332027695351
299	0.392222723853
300	0.478656838657
301	0.467965014577
302	0.368164544564
303	0.483722772277
304	0.313736936937
305	0.675171456888
306	0.860383778437
307	0.551427642276
308	0.743026496565
309	0.464277227723
310	0.305479723046
311	0.279238469087
312	0.179855855856
313	0.415456543457
314	0.382706448508
315	0.703857425743
316	0.432132038835
317	0.220247301276
318	0.357784615385
