0	3.31074751131
1	4.9580979021
2	3.20248691515
3	4.54368031968
4	5.82011928429
5	4.6876963037
6	4.6766993007
7	5.64011892963
8	4.67664950495
9	4.61365834166
10	4.90133786078
11	0.7296
12	1.47912887113
13	1.49408644168
14	1.37123168317
15	1.34196413322
16	1.19629850746
17	1.42241758242
18	1.70825768087
19	1.71362215628
20	1.83899300699
21	1.3434047619
22	2.45558669002
23	2.93892507493
24	2.38107646475
25	2.77773537354
26	2.95332277228
27	2.81220194175
28	3.20573246024
29	3.6268090999
30	2.74627924528
31	3.716995005
32	2.40040436075
33	2.43842557443
34	0.361174603175
35	0.231507692308
36	0.482350636631
37	1.10523564356
38	0.343524281467
39	0.863712287712
40	0.997867195243
41	0.593310689311
42	0.303698711596
43	0.170686238532
44	0.244380582524
45	0.170686238532
46	0.153134328358
47	0.634346388164
48	2.01542970297
49	1.73257942058
50	1.55540138751
51	1.39915247525
52	1.50561584158
53	1.51278243513
54	1.68750793651
55	2.24807835455
56	2.14626759167
57	2.34142657343
58	1.97277304262
59	1.00584215784
60	1.08923686819
61	1.70904055391
62	2.89310978044
63	2.5442224429
64	2.413002997
65	2.29247552448
66	2.27311000991
67	2.26212732615
68	2.83371428571
69	2.00045148515
70	0.842981818182
71	2.66766833167
72	0.661998037291
73	2.11295049505
74	0.29397615894
75	2.0205988024
76	2.66437301587
77	1.27860594059
78	1.06186138614
79	0.910194059406
80	0.686682352941
81	0.233968253968
82	0.0951652173913
83	0.108356435644
84	0.0825962264151
85	0.206490566038
86	0.157846153846
87	0.107485714286
88	0.546664054848
89	0.267237209302
90	1.04741230487
91	1.42701176471
92	1.02770829171
93	0.840650148662
94	1.83667924528
95	2.01427716849
96	1.01677522478
97	0.76781027668
98	0.983016715831
99	1.2901018981
100	1.14554336283
101	0.902155053974
102	1.25693465347
103	1.31354302671
104	2.0205988024
105	1.41108548708
106	1.40196226415
107	0.848637450199
108	1.31196803197
109	1.34476723277
110	0.994116947473
111	1.22315294118
112	1.13774257426
113	1.31111287129
114	1.01253946054
115	1.25657311089
116	0.934312871287
117	1.10523564356
118	0.756415686275
119	1.00856470588
120	0.766526732673
121	0.988147572816
122	0.866259663033
123	1.41036563437
124	1.32083116883
125	1.777728444
126	1.49170485437
127	2.41620779221
128	1.64265911237
129	2.69633566434
130	2.03394205794
131	1.62115873016
132	1.54502297702
133	1.6355529179
134	1.96711111111
135	2.04448351648
136	1.7502970297
137	2.18272127872
138	1.97230588235
139	2.05819047619
140	2.33796603397
141	2.0933518335
142	1.65061090909
143	2.44900699301
144	1.71238361638
145	2.61657142857
146	1.74256694367
147	2.18241245136
148	2.49740336967
149	2.49915684316
150	2.94475124875
151	1.42294408322
152	2.8361305638
153	1.5567
154	2.85353046953
155	0.354975316878
156	2.05673590504
157	2.11440792079
158	2.48540990099
159	2.15264735265
160	1.14783116206
161	2.6764039604
162	0.730029850746
163	1.21142510121
164	1.1912156078
165	1.23370287384
166	2.07577358491
167	1.62242376238
168	2.08044356436
169	2.23214257426
170	1.8686033966
171	2.44043607532
172	2.31340659341
173	2.6465173439
174	1.85451272016
175	2.1701129326
176	2.19963564356
177	2.12241358641
178	1.92830618253
179	0.853487769784
180	2.14288111888
181	1.09277304262
182	1.50468102564
183	1.52867939698
184	1.68264120603
185	1.65426534653
186	0.436378432209
187	0.396068571429
188	0.7296
189	0.889839252336
190	1.35837051406
191	2.65901298701
192	4.30991616766
193	4.8503777336
194	4.48411588412
195	2.42240959041
196	1.15118145845
197	1.66703587671
198	1.53072079208
199	2.9576
200	4.23852027695
201	1.81000412371
202	1.67457615007
203	1.911296
204	1.42049108911
205	1.28254545455
206	0.793518297872
207	0.368744787922
208	0.368411881188
209	0.667062857143
210	0.805495583906
211	1.27624375624
212	2.8281029703
213	2.7712950495
214	2.68723960396
215	1.70964752475
216	2.24079245283
217	3.13922848665
218	2.30052725471
219	2.6764039604
220	1.23755247525
221	1.89142057942
222	2.10419821606
223	1.39158441558
224	1.49680079286
225	1.52782574257
226	1.33889108911
227	0.862850299401
228	0.651428571429
229	0.488761165049
230	0.510011650485
231	0.00762411951389
232	0.0930084985836
233	0.0894604904632
234	0.147057425743
235	1.33278415842
236	1.30148910891
237	1.20577493138
238	1.7818442256
239	1.87807142857
240	1.96667169811
241	1.98477617675
242	1.8584420218
243	1.3167
244	1.45042444261
245	1.8932027972
246	1.96312698413
247	1.9713966034
248	1.98374425574
249	1.92573826174
250	1.76741211519
251	1.70068173913
252	2.60206993007
253	1.02245378151
254	1.33410505451
255	1.60186890756
256	1.99375841584
257	1.66544655345
258	1.75104095904
259	1.71702697303
260	1.99318253968
261	1.97428288823
262	2.11565234765
263	1.65613102119
264	0.914058690745
265	1.66703857567
266	1.16409910803
267	1.56961424332
268	1.69036039604
269	1.3022019802
270	1.90896333003
271	1.62392007992
272	1.68050980392
273	2.02159349593
274	2.12014131501
275	2.0974728972
276	2.11723887375
277	2.15670163934
278	1.24636963037
279	1.68115758176
280	1.95701898102
281	1.35092170466
282	2.14288111888
283	1.67056491576
284	1.72891764706
285	2.49273926074
286	1.69797813288
287	2.68723960396
288	1.73535049505
289	1.60057542458
290	2.03911992071
291	1.21250693069
292	2.20118575553
293	2.5802037962
294	1.28528316832
295	1.71649150849
296	2.01568285431
297	0.783277837838
298	2.78476039604
299	0.324302341137
300	2.55721188119
301	0.441130620985
302	2.16712871287
303	0.993110889111
304	1.7145540275
305	2.39195209581
306	2.0516984127
307	1.98292277228
308	2.04448351648
309	2.42168483647
310	2.63908891109
311	3.55666204163
312	1.01634318182
313	2.31882772277
314	1.70028235294
315	2.12378613861
316	1.47344273504
317	1.74281305638
318	1.76521878122
