0	2.6786013986
1	2.59308582834
2	3.42658941059
3	3.96437375746
4	3.37880109991
5	3.72177422577
6	2.79479365079
7	3.24420594059
8	2.7770779661
9	3.08312487512
10	3.31394810379
11	3.12360675273
12	3.33260560748
13	3.97724233432
14	4.18097102897
15	4.13265225933
16	3.8944950495
17	3.27052673267
18	3.75458141858
19	3.9851258672
20	2.69407392607
21	3.26259340659
22	2.49957237465
23	3.00348304308
24	4.13723876124
25	3.68899100899
26	4.10850793651
27	3.70311992071
28	3.82017982018
29	3.30907392996
30	2.86446353646
31	1.56640319361
32	1.976
33	2.28955044955
34	1.87008126858
35	2.38102994012
36	3.13136507937
37	3.17307387387
38	3.69991608392
39	2.86794846383
40	3.68898301698
41	3.36099100899
42	3.35183316783
43	3.18606193806
44	3.73271528472
45	3.58380971259
46	3.68530139721
47	3.61993650794
48	3.34187722772
49	2.09577821782
50	1.98580527753
51	3.32819180819
52	3.21886113886
53	3.06529466791
54	3.56871928072
55	3.35603567889
56	3.20792807193
57	3.63431768232
58	3.53307936508
59	3.73271528472
60	4.41056543457
61	3.61640801457
62	4.17622178218
63	3.75458141858
64	4.01697502498
65	3.96898194946
66	3.78737262737
67	3.39379020979
68	3.64525074925
69	3.92783316783
70	3.65618381618
71	3.85496927651
72	3.41772673267
73	3.23641088674
74	3.09132075472
75	3.25197230465
76	3.48619226957
77	3.17512887113
78	3.01396923077
79	3.74364835165
80	3.63079365079
81	2.49476247505
82	3.3030499002
83	3.85558648111
84	3.25519207921
85	3.03847920792
86	3.05234489594
87	2.8425974026
88	2.35279840319
89	2.97936507937
90	2.8034045954
91	2.75967232767
92	2.97936507937
93	3.1641958042
94	2.92507936508
95	2.613002997
96	1.62263336663
97	2.47541258741
98	2.58564663024
99	3.1779900892
100	3.1641958042
101	3.43383816184
102	3.05465801668
103	3.51405394605
104	3.14232967033
105	3.17794637537
106	3.10569068204
107	3.01613944954
108	3.06952626363
109	1.72118281718
110	3.67804995005
111	4.03481037924
112	2.87650099404
113	2.31249108911
114	2.11954806739
115	2.747582198
116	2.92571428571
117	2.95473399459
118	3.28118163673
119	3.192
120	3.58419180819
121	3.53592007992
122	2.76222222222
123	3.08200571973
124	3.71806786427
125	3.38285714286
126	3.52222222222
127	4.03935777998
128	2.7350738523
129	2.07649857279
130	1.38022641509
131	1.73111192661
132	3.07219180819
133	2.9018021978
134	2.74050793651
135	3.0657982018
136	3.55778621379
137	3.02279365079
138	2.45354645355
139	2.63938461538
140	2.83824603175
141	3.01451497006
142	2.97833366633
143	3.39193650794
144	2.34732210109
145	2.10661386139
146	2.27997623762
147	2.95926552655
148	3.42658941059
149	3.95137662338
150	4.49802997003
151	3.45307355865
152	3.12046353646
153	3.50312087912
154	2.74050793651
155	2.37701498501
156	2.72965079365
157	2.31781018981
158	1.33621197252
159	1.46281188119
160	0.13067996012
161	1.72189870904
162	0.899358415842
163	0.815435294118
164	1.20851866405
165	1.94414371257
166	2.03958061325
167	2.21301898102
168	2.10628571429
169	1.52631454006
170	1.58529470529
171	1.30736507937
172	1.33278415842
173	1.12057029703
174	1.30027722772
175	1.36529108911
176	1.24443743842
177	1.54631641791
178	1.33837362637
179	1.30981602374
180	1.24857142857
181	1.00137821782
182	1.1917042957
183	1.01848378128
184	1.12690693069
185	1.19096470588
186	0.958035643564
187	0.975207920792
188	0.801837623762
189	0.866851485149
190	0.708815841584
191	0.718166503428
192	0.585704658077
193	0.482823529412
194	0.476768316832
195	0.414628115653
196	0.301525773196
197	0.292852329039
198	0.379247524752
199	0.357784615385
200	0.34932815534
201	0.443688161694
202	0.396988235294
203	0.339677982541
204	0.483297350343
205	0.415833827893
206	0.596551040634
207	0.439905882353
208	0.477672162949
209	0.457329446064
210	0.368411881188
211	0.390083168317
212	0.318417408506
213	0.499871720117
214	0.450635294118
215	0.39359040959
216	0.305246923708
217	0.62194217348
218	0.322831858407
219	0.467883495146
220	0.485210789211
221	0.542413994169
222	0.0174672083575
223	0.655984015984
224	1.11585882353
225	0.981793915604
226	1.30103496503
227	1.18558415842
228	1.27734124629
229	1.14
230	0.130549800797
231	1.33330149254
232	0.414384466019
233	0.515011764706
234	0.579452547453
235	0.68332210109
236	0.459596039604
237	0.568658823529
238	0.343341176471
239	0.24921980198
240	0.27625631068
241	0.289694117647
242	0.262393606394
243	0.271159563925
244	0.278964705882
245	0.281726732673
246	0.260055445545
247	0.10201980198
248	0.0295517551755
249	0.00591727493917
250	0.0756996047431
251	0.242497109827
252	0.325069306931
253	0.473538461538
254	0.787180819181
255	0.802632309217
256	0.600459405941
257	0.347261538462
258	0.216712871287
259	0.163648598131
260	0.151699009901
261	0.108356435644
262	0.00211494608279
263	0.693481188119
264	0.964372277228
265	0.747988011988
266	0.986755642787
267	1.23677922078
268	1.28437661051
269	1.50876323676
270	1.40368681863
271	1.63996003996
272	1.5121506442
273	1.63618217822
274	1.49981782178
275	1.93958019802
276	1.7382019802
277	2.18661338661
278	2.16928671329
279	2.36608191808
280	1.56790830946
281	2.14995643564
282	1.90235364635
283	1.91346679881
284	1.84991372549
285	1.36529108911
286	1.2573026973
287	1.14289303238
288	1.61809390609
289	0.828828543112
290	0.801837623762
291	0.877687128713
292	1.44603076923
293	2.01542970297
294	1.67318811881
295	2.0371009901
296	1.46957042957
297	1.54018632309
298	0.761788235294
299	0.744784313725
300	1.17024950495
301	1.44316483516
302	1.84838850347
303	2.18021978022
304	1.42841216879
305	1.10887476636
306	1.31111287129
307	0.653853085211
308	0.425422740525
309	0.649495548961
310	1.4022970297
311	1.17991691395
312	1.51365079365
313	1.93129411765
314	1.75383016983
315	2.1102585034
316	1.8854019802
317	1.63356643357
318	1.50764717542
