0	4.01697502498
1	4.18097102897
2	3.76558730159
3	5.43827372627
4	4.98362437562
5	5.39454145854
6	3.66691595845
7	5.27427772228
8	4.60096703297
9	5.16555932203
10	4.61821956088
11	5.35080919081
12	4.7102977023
13	5.3236247505
14	4.14295029821
15	5.25241158841
16	5.10388811189
17	5.73346653347
18	5.00206882989
19	4.69293457944
20	4.72762437562
21	4.63703213958
22	3.80147326733
23	4.65109290709
24	4.45534225621
25	5.42734065934
26	4.81479441118
27	4.75947980296
28	4.88639680957
29	5.29822704837
30	4.70089730808
31	5.50915308151
32	4.91802597403
33	5.14618397626
34	2.5192967033
35	4.5463016983
36	4.96144313725
37	4.08969429098
38	4.43243156843
39	5.22161347869
40	3.94498301698
41	5.3951555996
42	4.06524675325
43	4.50896303696
44	4.02388822355
45	4.64007185629
46	4.96420717131
47	4.44077623762
48	5.11028171828
49	4.90217165669
50	5.56393612774
51	4.84758483034
52	4.87688845015
53	4.84149450549
54	4.82602197802
55	4.12619103314
56	4.93535264735
57	3.41224750499
58	5.06015584416
59	4.65109290709
60	4.79627192118
61	4.5198961039
62	5.11822222222
63	4.66210505451
64	5.19477227723
65	4.70559680639
66	4.99001798202
67	4.4151048951
68	5.19774625375
69	4.65098602794
70	5.13400372439
71	5.38360839161
72	4.7758961039
73	5.646001998
74	4.7430969031
75	5.30178043912
76	5.06015584416
77	5.04342744324
78	5.33987612388
79	4.4230343474
80	5.40064950495
81	4.88522677323
82	5.53667132867
83	4.9273015873
84	5.03187181904
85	5.19774625375
86	4.95987301587
87	5.64600999001
88	5.09295504496
89	5.06956454721
90	5.46013986014
91	4.7929740519
92	5.35080919081
93	4.9044612326
94	5.09425948104
95	4.57987301587
96	4.73855744256
97	4.6446993007
98	5.32894305694
99	4.06985826772
100	5.14887025948
101	4.44492857143
102	2.74614770459
103	5.10971656687
104	5.36731337325
105	4.97467860697
106	4.8416950495
107	5.62413586414
108	4.99455744256
109	5.5804035964
110	4.5791008991
111	5.36174225774
112	5.0886374502
113	5.15855344655
114	5.44920679321
115	4.89615184815
116	5.42734065934
117	4.96973359841
118	4.92298039216
119	5.28521078921
120	5.16676435644
121	5.48200599401
122	4.84758483034
123	5.10009172483
124	4.70559680639
125	5.10543238095
126	4.96815184815
127	4.82602197802
128	3.86845154845
129	4.64015984016
130	4.41551145038
131	4.67921756487
132	2.1889652433
133	4.92441958042
134	4.43322837707
135	5.08333732535
136	4.39415213358
137	5.28521078921
138	4.55723476523
139	5.32450793651
140	4.52443556444
141	5.04807135778
142	4.55191364082
143	4.81028343313
144	4.74168083097
145	5.29614385614
146	4.35261657033
147	5.17588011988
148	4.37339720559
149	4.6119000999
150	4.69945580933
151	4.43697102897
152	5.27427772228
153	4.3193015873
154	5.40547452547
155	4.04296438884
156	5.25241158841
157	4.60097502498
158	5.2253253493
159	4.58265472637
160	4.8432363996
161	4.67295904096
162	4.44346506986
163	4.39963236763
164	4.32397345972
165	4.65109290709
166	4.4214985015
167	4.38885429142
168	5.05561638362
169	4.37560199005
170	3.08777692308
171	3.80924675325
172	5.1731009901
173	4.51662574257
174	5.04468331668
175	4.81962837163
176	5.05561638362
177	4.74928542914
178	5.46562549801
179	4.83056143856
180	4.01368712871
181	4.39007970343
182	4.81508891109
183	4.8645592233
184	4.83695504496
185	4.31878642715
186	3.60818150087
187	4.58549450549
188	5.12575424575
189	4.95045391477
190	4.5199389313
191	4.97908491508
192	4.70518058252
193	4.66202597403
194	4.83041347053
195	5.23054545455
196	4.3862552381
197	4.03884115884
198	5.19774625375
199	4.61073558648
200	4.65109290709
201	5.34440759241
202	5.37823552894
203	4.86698709037
204	4.8958778626
205	4.68389210789
206	4.81508891109
207	3.50452815534
208	5.21954045954
209	4.34281285444
210	4.01646065259
211	5.44912524085
212	5.07748251748
213	4.4772173913
214	4.88673852295
215	4.6142160555
216	4.7758961039
217	5.15401398601
218	3.98273015873
219	5.24147852148
220	4.1504627451
221	4.80105733722
222	4.62956590684
223	5.12121478521
224	4.26843556444
225	4.98362437562
226	5.04468331668
227	4.64634895314
228	5.21961238761
229	4.45438722555
230	4.99001798202
231	4.76584554455
232	4.88155142018
233	4.6015952381
234	4.78228971029
235	4.42215976901
236	5.12468447082
237	3.92820363636
238	5.55851348651
239	3.8504765343
240	3.13722958694
241	5.30707692308
242	4.9786506986
243	4.73322834646
244	4.91311776447
245	5.46013986014
246	4.87429370629
247	5.07748251748
248	4.60096703297
249	4.01296606786
250	4.77135664336
251	4.14856686627
252	5.11028171828
253	4.61871952428
254	5.27427772228
255	4.4126382557
256	5.03375024975
257	3.89282235529
258	4.86336063936
259	4.9413493014
260	3.02149553933
261	3.97778221778
262	4.72762437562
263	4.52443556444
264	4.94450793651
265	4.91802597403
266	5.02281718282
267	4.39882330468
268	4.20456577646
269	5.27370888469
270	4.95721878122
271	4.68700096061
272	4.75051089109
273	4.70755472404
274	5.06654945055
275	4.57456143856
276	4.65098602794
277	5.26334465534
278	4.79776223776
279	4.9304139265
280	5.41640759241
281	5.19709381238
282	5.17588011988
283	4.26261630219
284	4.72762437562
285	4.43414652712
286	4.59817347956
287	4.77568584475
288	4.62922677323
289	5.03375024975
290	4.50256943057
291	4.48209731877
292	4.08116923077
293	4.2247032967
294	4.88068731269
295	4.02151448551
296	5.11028171828
297	4.81743141153
298	4.1588815534
299	5.17001732435
300	5.35080919081
301	4.27160380952
302	5.2923009901
303	4.8086953047
304	5.04468331668
305	4.89615984016
306	5.08747030185
307	5.10388811189
308	5.1647952048
309	2.75982417582
310	4.5463016983
311	5.41651844467
312	4.94797614314
313	5.16677656405
314	4.5135024975
315	5.17588011988
316	4.3166993007
317	4.56398596491
318	5.17008973081
