0	1.39460941371
1	1.50319920714
2	1.48285148515
3	1.21745454545
4	1.34518811881
5	1.18433300297
6	1.27860594059
7	1.03992807193
8	1.1287992008
9	0.936981818182
10	1.19310208127
11	0.841466666667
12	1.21024537815
13	2.25186013986
14	2.11204795205
15	1.62383242259
16	1.94111683168
17	2.16598226601
18	1.51640944882
19	1.4243012884
20	1.2537029703
21	0.841850448654
22	0.928475862069
23	1.96125148515
24	0.78243960396
25	0.931865346535
26	0.777077227723
27	1.05105742574
28	0.814106930693
29	0.769037837838
30	0.0436015936255
31	0.885171014493
32	1.5631338843
33	2.0607636004
34	1.95539345887
35	2.19975663027
36	2.48374825175
37	2.3898015873
38	2.33205544554
39	2.15796689387
40	1.43822670025
41	3.56417982018
42	3.15007333994
43	1.99573439049
44	1.65812
45	1.67289940828
46	1.55565805169
47	1.89142057942
48	3.45315133531
49	2.73382617383
50	2.04282259663
51	1.61099116781
52	1.18216983017
53	1.54424666667
54	1.23543656344
55	0.477240832507
56	0.552071216617
57	0.404544747082
58	0.292156862745
59	0.435733333333
60	0.281726732673
61	0.682645544554
62	0.59596039604
63	0.482745098039
64	0.406919765166
65	0.336905660377
66	0.228829090909
67	0.1824
68	0.346740594059
69	0.364308196721
70	0.776247752248
71	0.576211972522
72	0.665223529412
73	1.03794605395
74	1.45658440276
75	1.23094444444
76	0.971980178394
77	0.913142857143
78	0.909383548067
79	0.897940594059
80	0.983152847153
81	1.16212487611
82	1.07200791296
83	1.6907012987
84	1.13451559934
85	1.11607128713
86	0.864695304695
87	1.14749306931
88	1.54627552032
89	1.7325508982
90	1.51912079208
91	1.33669536962
92	1.68228383921
93	2.13251038576
94	1.17415262636
95	1.61451089109
96	0.875014836795
97	1.05209910803
98	0.482079534433
99	0.780939544103
100	0.520110891089
101	0.0657661816357
102	1.82541782178
103	2.64999800995
104	0.97576119403
105	1.76001582591
106	1.38281428571
107	2.71851497006
108	2.19129365079
109	2.54964235764
110	2.35428571429
111	3.19207142857
112	2.43026118721
113	2.4403036963
114	1.61711000991
115	2.33257942058
116	1.85078295342
117	1.31111287129
118	1.32377029703
119	1.3516039604
120	1.28746902655
121	1.5708125
122	1.49266003976
123	1.35388514851
124	1.15987326733
125	1.43440776699
126	0.526046017699
127	1.61451089109
128	1.05877647059
129	1.05148235294
130	0.877441584158
131	2.02261738262
132	1.27238057483
133	1.79337462537
134	2.13485714286
135	1.60329365079
136	1.90235364635
137	1.39123885035
138	1.7231372549
139	1.82004395604
140	1.92417839445
141	1.39915247525
142	1.41893069307
143	1.95396241345
144	1.76360373832
145	2.4152007992
146	1.54932539683
147	2.08424182359
148	2.19626773227
149	2.53763333333
150	2.70516153846
151	2.99566033966
152	2.27547274529
153	2.27498901099
154	1.76478097126
155	2.05541658342
156	1.54759167493
157	1.87588822355
158	1.55055344655
159	1.42745270891
160	1.44316483516
161	0.975525016678
162	0.0708880475933
163	4.2118019802
164	1.53356831683
165	1.45086732673
166	2.00811881188
167	1.66299487179
168	1.66793454545
169	1.90235364635
170	1.58211298315
171	1.54360839161
172	1.4592
173	1.32103631011
174	1.50478183613
175	1.57532472691
176	1.93515284715
177	1.28571735242
178	1.65949653122
179	1.12265142857
180	1.90235364635
181	1.75552824579
182	2.0174271556
183	1.47218381618
184	1.86373069307
185	1.64444796829
186	1.94608591409
187	1.59634851485
188	2.0371009901
189	1.67490693069
190	1.55302297702
191	2.00658077304
192	1.5718243513
193	2.25381386139
194	1.6686993007
195	1.66438057483
196	2.1649851632
197	1.92420218038
198	2.20847952048
199	1.6423468781
200	1.59768231768
201	1.76915758176
202	2.22130693069
203	1.79382217782
204	1.76696927651
205	1.81035247525
206	2.06761481481
207	2.13885714286
208	1.70790809191
209	2.13673736373
210	1.98204995005
211	1.92106923077
212	2.47297522299
213	2.12713686314
214	2.01404995005
215	2.01276511397
216	2.18012289395
217	2.0277886341
218	1.48595441031
219	0.713424332344
220	1.02029440628
221	1.33146587537
222	1.48667164179
223	1.3557002997
224	1.53562055336
225	1.31501886792
226	0.868539460539
227	1.82972142857
228	2.17168328446
229	1.50615292949
230	2.24775898931
231	2.05541658342
232	1.28752941176
233	1.62871528472
234	2.39434165834
235	1.47583333333
236	1.83122376238
237	1.23388235294
238	0.858637623762
239	1.20899135447
240	1.37606286837
241	0.715901088032
242	1.62058088235
243	1.37879652174
244	1.68561584158
245	2.23500990099
246	1.88771485149
247	1.37431504425
248	1.75651538462
249	2.18661338661
250	2.00745346535
251	1.64641758242
252	1.99771428571
253	1.54829906542
254	1.95041584158
255	2.06222931206
256	1.68651439921
257	2.06377276525
258	2.52553846154
259	1.93655144855
260	0.817829878485
261	1.20394846383
262	1.10523564356
263	0.660503184713
264	0.274849315068
265	0.798100263852
266	0.953536633663
267	0.9588
268	2.01542970297
269	1.05998431373
270	0.68067638484
271	0.406104662226
272	0.42608627451
273	0.59596039604
274	0.493552941176
275	0.433425742574
276	0.191254368932
277	0.193413592233
278	0.111836177474
279	2.1972536162
280	1.90399200799
281	1.77516083916
282	1.03933333333
283	1.38597402597
284	1.10652673267
285	1.21136967294
286	0.993361290323
287	1.09612178877
288	1.17295575221
289	0.731784431138
290	0.653181636727
291	0.777213051823
292	1.75885714286
293	1.98471128871
294	1.92441158841
295	1.63766371681
296	2.02071317829
297	2.24216583417
298	1.84856318914
299	2.3079463807
300	2.26591683168
301	2.98472727273
302	2.70157042957
303	2.66839292731
304	2.19754645355
305	2.13251038576
306	1.90306349206
307	2.39467722772
308	1.57254117647
309	2.26133333333
310	1.81569721116
311	1.65785346535
312	1.75373465347
313	1.72165434565
314	2.19754645355
315	1.85926873127
316	1.62886025768
317	1.85618823529
318	1.23536633663
