0	1.87849420161
1	3.14629672447
2	2.41620779221
3	1.70738553023
4	1.98785389931
5	1.91726713009
6	2.03808991009
7	2.60313181368
8	1.98742178218
9	2.35279840319
10	2.18443113772
11	2.23465606362
12	2.62847552448
13	2.92218037661
14	2.1708964253
15	2.21266204163
16	1.61421520237
17	1.38817699115
18	1.38062574257
19	2.13194805195
20	1.7428971029
21	2.42958969277
22	1.88314570858
23	2.67220779221
24	3.36854384236
25	4.01587250996
26	3.77267864271
27	3.49748616601
28	2.869002997
29	2.97736915423
30	3.06189141165
31	3.59058541459
32	4.16019085487
33	3.17934257426
34	3.20792807193
35	3.48125474525
36	3.85374581281
37	3.33970887338
38	3.15867692308
39	3.10164528302
40	3.13779020979
41	3.35005794206
42	3.032999001
43	2.54758291956
44	2.66165481353
45	3.7648142999
46	3.06015049505
47	2.98926673327
48	3.62338461538
49	3.37022222222
50	3.31725874126
51	2.97833366633
52	3.10965079365
53	3.57965234765
54	3.10656888008
55	3.02764356436
56	2.82980019782
57	2.57765079365
58	2.22360435213
59	2.74141782178
60	3.12046353646
61	3.77963426372
62	4.12630569431
63	3.87666204163
64	3.33912487512
65	3.47032167832
66	2.56934260179
67	3.22979420579
68	3.60151848152
69	3.377728444
70	3.5295777998
71	2.9674005994
72	2.27139742319
73	0.364488471392
74	1.76796035679
75	2.09275524476
76	1.80500297324
77	1.82582217782
78	1.5880753221
79	1.92421978022
80	1.37114767096
81	1.33383416583
82	1.76476323676
83	1.54171428571
84	1.08377475728
85	0.859752727273
86	1.57436163836
87	1.40368681863
88	1.58529470529
89	1.51849355798
90	1.29394059406
91	1.44847058824
92	0.824527472527
93	1.07144055944
94	1.3124122894
95	1.27353022795
96	1.20275643564
97	1.3210240616
98	1.5196963037
99	1.22442772277
100	1.37114767096
101	1.51548961424
102	1.14337363726
103	0.620861538462
104	0.787180819181
105	1.50521904762
106	1.88048751249
107	1.57722893954
108	0.770093161546
109	1.31196803197
110	1.97249150849
111	2.10419821606
112	1.62263336663
113	1.84838850347
114	1.7896531219
115	1.7100979021
116	2.11008191808
117	1.9676987116
118	2.09758446602
119	2.18012289395
120	1.68235806133
121	2.26464950495
122	1.92875924076
123	2.18681335953
124	2.5189609446
125	2.3211258672
126	1.81942857143
127	2.13194805195
128	1.87008126858
129	1.75077106046
130	2.28501098901
131	2.22801189296
132	1.73110458716
133	1.91790891089
134	1.89406786427
135	1.95428571429
136	1.60817425743
137	1.93958019802
138	1.69318298714
139	1.65949653122
140	1.66636563437
141	1.89811694747
142	1.53232475248
143	1.66496512724
144	1.83652993131
145	1.53363672655
146	2.03911992071
147	1.73358979392
148	2.12378613861
149	1.89930348259
150	1.77509551657
151	1.93065609514
152	1.7100979021
153	1.95234886026
154	1.86822970297
155	2.05267522211
156	1.93900297915
157	1.92875924076
158	1.93065609514
159	1.69485940594
160	2.01542970297
161	1.8084955045
162	1.86875072185
163	2.06960792079
164	1.91782617383
165	2.04996630327
166	1.88299401198
167	1.45944913928
168	1.82582217782
169	1.80501090188
170	2.08821578422
171	1.57722893954
172	1.11607128713
173	0.100515337423
174	3.01029253731
175	2.12555444555
176	2.30682352941
177	1.76476323676
178	1.8158493558
179	2.07165906838
180	2.01622377622
181	2.32996923077
182	1.62902697303
183	1.88279365079
184	2.01168431568
185	2.00529070929
186	1.824
187	1.45863736264
188	2.01168431568
189	1.58965079365
190	1.98744760039
191	1.95234886026
192	0.562591658584
193	0.828828543112
194	0.791001980198
195	0.509275247525
196	0.585124752475
197	0.67180990099
198	0.477907692308
199	1.69293413174
200	1.82850793651
201	2.01168431568
202	1.55253438114
203	2.09914885115
204	2.08182217782
205	1.91346679881
206	2.32874325674
207	2.11954806739
208	2.01622377622
209	1.9415024777
210	1.53231683168
211	1.15941386139
212	0.780166336634
213	1.24906666667
214	2.78793206793
215	2.51001783944
216	2.37701498501
217	3.69991608392
218	2.87079365079
219	2.8000950495
220	2.8839248269
221	2.62585229541
222	2.9560754717
223	3.196995005
224	2.51914485514
225	3.52222222222
226	3.50312087912
227	2.94387314172
228	2.16957480315
229	2.44619123506
230	2.41554605263
231	3.13467455621
232	2.88662857143
233	2.51460539461
234	2.20631912785
235	2.85427326733
236	2.1610745098
237	2.83166433566
238	2.6727135778
239	2.58474325674
240	2.33647571853
241	2.44900699301
242	2.19547274529
243	1.98939147671
244	2.08921068249
245	2.10661386139
246	2.38834059406
247	2.57381018981
248	2.33056722277
249	2.09577821782
250	2.14995643564
251	2.11295049505
252	2.06531615461
253	1.93553688142
254	2.25604757185
255	2.39888111888
256	2.22395204795
257	2.65408383234
258	2.93885203575
259	2.0579001996
260	2.4606633565
261	2.44888972667
262	1.73046153846
263	2.1932990099
264	2.4449395441
265	2.56927072927
266	2.30047552448
267	2.36050793651
268	2.29735619048
269	2.45994005994
270	1.82669573835
271	2.09914885115
272	1.86316083916
273	2.07822222222
274	2.18661338661
275	1.92431318137
276	2.14742057942
277	2.37535777998
278	2.22395204795
279	2.31478295342
280	2.26650887574
281	2.00602556539
282	2.29309018831
283	2.12378613861
284	1.93775648703
285	2.25193650794
286	2.09705389222
287	1.89365079365
288	2.36666930693
289	2.00459405941
290	1.75383016983
291	1.96795204795
292	1.56793650794
293	1.76022377622
294	1.08914172448
295	1.25693465347
296	1.28370829171
297	1.58951128557
298	1.65151683168
299	1.61809390609
300	1.35579781962
301	0.936372277228
302	1.6416
303	1.54316039604
304	2.01168431568
305	2.06855795678
306	1.43223176823
307	1.37781960784
308	1.82038811881
309	1.4022970297
310	1.22564122894
311	1.36843521266
312	1.42087611497
313	0.887643916914
314	0.626760784314
315	0.802632309217
316	0.918377622378
317	0.901270588235
318	0.937292368682
