0	4.01697502498
1	2.99016290481
2	4.57456143856
3	1.67275924076
4	1.84838850347
5	2.85353046953
6	2.28224380575
7	1.96155844156
8	2.38620416254
9	2.47541258741
10	1.99134838077
11	2.38794805195
12	2.39434165834
13	2.26279365079
14	2.35279840319
15	2.47153128103
16	1.4212987013
17	2.21497029703
18	2.7441998002
19	2.21716551041
20	1.52148910891
21	2.27548514851
22	2.07088911089
23	2.3690148662
24	2.20618867925
25	2.33954137587
26	2.24581818182
27	2.56171089109
28	2.62482457879
29	2.45335445545
30	2.00909306931
31	2.47087312687
32	2.01108424182
33	2.03076435644
34	2.26314485514
35	2.10946418057
36	2.44263736264
37	2.28224380575
38	2.53303264095
39	2.38872620216
40	2.36666930693
41	2.46447952048
42	2.47542857143
43	2.12555444555
44	2.37844378109
45	2.56617931034
46	2.32102868447
47	2.58594251734
48	2.07088911089
49	2.3211258672
50	2.60400798403
51	2.5630805501
52	2.32234965035
53	2.32342857143
54	1.81942857143
55	2.14995643564
56	2.40527472527
57	2.16293359762
58	1.94600594648
59	1.92421978022
60	1.33728316832
61	1.63618217822
62	1.56638255699
63	2.05541658342
64	1.79756243756
65	2.32342857143
66	2.52670227498
67	2.65923168317
68	2.57951372549
69	2.6483960396
70	2.7404876115
71	2.34789210789
72	2.49727872128
73	2.47993650794
74	2.49727872128
75	2.51885714286
76	2.24581818182
77	2.23885827552
78	2.41620779221
79	2.33416237624
80	2.62932804757
81	2.65034165834
82	2.55194405594
83	2.48382160555
84	2.28224380575
85	2.33328271728
86	2.36451139742
87	2.22395204795
88	2.15209514371
89	2.13194805195
90	2.05446977205
91	1.67318811881
92	1.86373069307
93	1.93969230769
94	2.08821578422
95	2.08907936508
96	2.48586138614
97	2.45354645355
98	2.46212884044
99	2.25831287129
100	1.96575049505
101	2.24297821782
102	1.47814653465
103	2.16474725275
104	2.06531615461
105	2.27998415842
106	2.19754645355
107	1.9676987116
108	1.79238019802
109	2.16474725275
110	2.21716551041
111	1.8786527117
112	2.07165906838
113	1.90689310689
114	2.08250545094
115	1.85739405941
116	2.0416
117	2.21047128713
118	1.2831049505
119	1.21359207921
120	1.25693465347
121	0.925528712871
122	1.72286732673
123	1.45646732673
124	2.52220771513
125	2.04362338949
126	2.06882235529
127	2.28
128	1.94647843137
129	2.03076435644
130	2.01542970297
131	2.06327128713
132	2.16928671329
133	2.22571428571
134	1.85222777223
135	2.02626534653
136	1.93324356436
137	1.93324356436
138	2.09127920792
139	1.92501960784
140	1.96354956689
141	2.01343620178
142	1.60076723277
143	1.62857142857
144	1.33728316832
145	1.56342857143
146	1.64230723489
147	1.68369230769
148	1.72103096903
149	1.86717159763
150	1.72507064677
151	2.00459405941
152	1.78154455446
153	1.83675524476
154	1.70738553023
155	1.87058546169
156	1.55230860534
157	1.61291394659
158	0.851515873016
159	1.18979823702
160	1.06319920714
161	0.682141858142
162	1.07379187314
163	0.963418397626
164	0.698452189455
165	1.5930448654
166	1.22442772277
167	0.903857425743
168	1.02938613861
169	1.18023529412
170	1.05555643564
171	1.07294117647
172	0.812673267327
173	0.787317431193
174	0.834344554455
175	0.996879207921
176	0.939305389222
177	0.623365079365
178	0.682645544554
179	0.715152475248
180	0.847623529412
181	0.751058823529
182	0.485594405594
183	0.488087215064
184	0.325069306931
185	0.390083168317
186	0.0278107362614
187	2.11314399206
188	1.65785346535
189	1.81942857143
190	1.9415024777
191	1.59733861386
192	1.76620990099
193	1.56483168317
194	2.0371009901
195	1.68402376238
196	1.68823176823
197	1.66469087341
198	1.53232475248
199	1.57116831683
200	1.46977142857
201	1.8528950495
202	1.66636563437
203	1.70288206145
204	1.26103238469
205	1.17907933399
206	1.12802378593
207	0.924613254204
208	0.725988118812
209	0.599671232877
210	0.505273084479
211	0.386258823529
212	0.344282173499
213	0.378830769231
214	0.25916585839
215	0.425964071856
216	0.336905660377
217	0.368307692308
218	0.47961752988
219	0.522178926441
220	0.605638834951
221	0.429176470588
222	0.583271302644
223	0.612176643768
224	0.425009708738
225	0.482823529412
226	0.393133980583
227	0.465932673267
228	0.340403960396
229	0.444261386139
230	0.4104
231	0.455097029703
232	0.510011650485
233	0.418447058824
234	0.450635294118
235	0.429176470588
236	0.546273267327
237	0.579388235294
238	0.708141176471
239	0.563453465347
240	0.675952941176
241	0.578788118812
242	0.525741176471
243	0.487603960396
244	0.49843960396
245	0.450635294118
246	0.396988235294
247	0.461789090909
248	0.633035294118
249	0.600847058824
250	0.667062857143
251	0.585124752475
252	0.354070588235
253	0.405417821782
254	0.96210989011
255	1.3124122894
256	1.4477042957
257	2.06081268583
258	1.7382019802
259	2.03355044955
260	1.42213150147
261	1.51699009901
262	1.10973465347
263	1.07272871287
264	1.01829578844
265	0.58441609421
266	0.347261538462
267	0.0160095751047
268	0.400918811881
269	0.606796039604
270	0.769330693069
271	0.6340096
272	0.628467326733
273	0.823508910891
274	0.828768932039
275	0.899358415842
276	1.09885490196
277	0.922729411765
278	1.2383372549
279	1.33278415842
280	1.40863366337
281	1.21810989011
282	1.38833696729
283	1.41490509491
284	1.33410505451
285	1.72116078431
286	1.45197623762
287	1.10512941176
288	0.873055555556
289	0.692110671937
290	0.84518019802
291	0.59596039604
292	0.590117647059
293	0.318756435644
294	0.315692307692
295	0.150605504587
296	0.0966594700687
297	0.125074285714
298	0.286603297769
299	0.400918811881
300	0.291170642202
301	0.0250817417876
302	0.719576054956
303	0.619104371097
304	1.0944
305	0.848455348381
306	0.747659405941
307	0.680407843137
308	1.2573026973
309	1.03002352941
310	0.7936
311	0.907444555445
312	0.526774066798
313	0.329063045587
314	0.249466798811
315	0.236047058824
316	0.203459882583
317	0.153707865169
318	0.150211764706
