0	2.20847952048
1	1.55553617443
2	1.65785346535
3	1.73196403596
4	1.89142057942
5	1.68736507937
6	2.37701498501
7	1.82219226957
8	1.71043137255
9	1.92421978022
10	1.98342457542
11	2.11155992141
12	1.96795204795
13	1.80848751249
14	1.91085714286
15	1.81761277445
16	2.22571428571
17	1.90689310689
18	2.00529070929
19	2.36451139742
20	2.23617254902
21	1.90689310689
22	1.93508840864
23	1.62263336663
24	2.01168431568
25	1.96965079365
26	1.78154455446
27	2.44900699301
28	1.9676987116
29	1.88048751249
30	1.45791873142
31	1.68369230769
32	1.4477042957
33	1.78458153242
34	1.4022970297
35	1.56342857143
36	1.27353022795
37	1.27860594059
38	1.0944
39	0.868251748252
40	1.11717740337
41	1.03040634291
42	0.573058941059
43	1.06189306931
44	1.04022178218
45	0.568658823529
46	0.372910891089
47	0.611576470588
48	0.493552941176
49	0.595370919881
50	0.310028328612
51	0.239954242135
52	0.262320230105
53	0.229740458015
54	0.0035580601463
55	0.231426415094
56	0.863712287712
57	1.04125272547
58	0.931865346535
59	1.04472079208
60	1.21359207921
61	1.20275643564
62	0.991560784314
63	1.21242352941
64	1.13774257426
65	0.752158415842
66	0.866851485149
67	0.682645544554
68	0.255170984456
69	0.862222222222
70	0.666917082917
71	0.758495049505
72	1.12610589411
73	0.885134445535
74	0.846017839445
75	1.07144055944
76	1.19641980198
77	1.37065631068
78	1.4212987013
79	1.02131468531
80	1.216
81	1.15422001982
82	1.11496735905
83	1.23526336634
84	0.852914622179
85	1.22442772277
86	1.28944158416
87	1.5789010989
88	1.65785346535
89	1.01221386139
90	1.2364876115
91	1.67275924076
92	1.14157842158
93	0.848455348381
94	0.824325074331
95	0.852078431373
96	1.25693465347
97	1.20275643564
98	0.769854145854
99	1.0310343474
100	0.899358415842
101	0.834628571429
102	1.12627572816
103	0.740329411765
104	0.725988118812
105	0.587244859813
106	0.701266019417
107	0.682645544554
108	0.536470588235
109	0.655984015984
110	0.676979187314
111	0.906538922156
112	0.904902723735
113	0.996879207921
114	0.884266666667
115	1.07272871287
116	1.01677522478
117	0.850521308226
118	0.834344554455
119	0.704316831683
120	0.675952941176
121	0.735283349562
122	0.631091806515
123	0.908395256917
124	0.933714285714
125	0.682220155039
126	1.5494970297
127	1.51487433628
128	1.8902296369
129	1.32417254902
130	1.57436163836
131	1.48595441031
132	1.29394059406
133	1.65785346535
134	1.17592071358
135	1.70555844156
136	1.31519361277
137	1.30285714286
138	1.06294549058
139	0.589623762376
140	0.765314685315
141	0.90024975223
142	0.798113886114
143	0.872190287413
144	1.1917042957
145	1.20275643564
146	1.04577998018
147	1.20275643564
148	1.02770829171
149	1.01221386139
150	0.953536633663
151	0.931865346535
152	1.13252725471
153	1.22442772277
154	1.26823576424
155	1.02304950495
156	1.28944158416
157	1.29071952428
158	1.18558415842
159	1.5196963037
160	1.59892170466
161	1.45054005935
162	1.25183746283
163	1.23543656344
164	1.17140931615
165	1.19541960784
166	1.97888511489
167	1.28437661051
168	1.37612673267
169	1.23693980583
170	1.27860594059
171	1.40863366337
172	1.30555044955
173	1.37749058474
174	1.20727920792
175	2.28501098901
176	1.72103096903
177	2.14971428571
178	1.28370829171
179	1.56187908821
180	1.15307722772
181	1.65232941176
182	1.47812277228
183	1.78208991009
184	2.00026164519
185	1.72742457542
186	1.11082656095
187	1.54503529412
188	1.47814653465
189	1.48065882353
190	1.2573026973
191	0.659595682041
192	1.18839091807
193	1.0545840708
194	0.654637623762
195	0.639302970297
196	0.791001980198
197	0.666917082917
198	0.660046692607
199	0.718939663699
200	0.830913086913
201	0.824325074331
202	1.18108514851
203	1.23976237624
204	1.47510802775
205	1.81942857143
206	2.08494257426
207	1.91790891089
208	1.24300093545
209	0.869082352941
210	0.541782178218
211	0.45644228904
212	0.541782178218
213	1.14289303238
214	1.37756643357
215	1.46503096903
216	1.75383016983
217	1.5542504817
218	1.84205940594
219	1.37506796117
220	1.47510802775
221	1.0944
222	1.34930669331
223	1.56033267327
224	1.08914172448
225	1.353115727
226	1.17140931615
227	0.893021782178
228	1.24636963037
229	1.09548463826
230	0.734054901961
231	0.685338551859
232	1.08579960707
233	0.622305882353
234	0.62268852459
235	0.279025495751
236	0.171297391304
237	0.0383663453111
238	0.425422740525
239	0.0911309613929
240	0.579956820412
241	0.525741176471
242	0.654494117647
243	0.286881553398
244	0.0829693693694
245	0.0435272727273
246	0.758495049505
247	1.2901018981
248	1.12610589411
249	1.30736507937
250	1.37612673267
251	0.784665346535
252	1.34361980198
253	1.48852869565
254	1.67786350148
255	1.06050749251
256	0.829650793651
257	1.94608591409
258	2.01622377622
259	2.00857142857
260	2.00909306931
261	2.40740918164
262	2.33879365079
263	2.33967632368
264	2.14124083251
265	2.48634565435
266	2.44955996549
267	2.95192807193
268	1.41453320119
269	2.26768431568
270	2.57762874251
271	2.51250793651
272	2.71609910803
273	3.08182178218
274	3.0001998002
275	2.96868302257
276	3.0657982018
277	3.41026759167
278	3.20101386139
279	3.42658941059
280	2.61848166501
281	2.89437125749
282	3.00108730159
283	2.72687312687
284	2.45354645355
285	1.86292750745
286	2.51138278932
287	2.23488511489
288	1.97854509415
289	1.44256888008
290	1.38696237624
291	1.52423576424
292	2.28726546906
293	2.80890944123
294	3.22327843137
295	3.91616633663
296	2.86613972056
297	2.89885714286
298	2.55087524752
299	2.8034045954
300	2.9257232581
301	2.77842376238
302	1.98939147671
303	1.77704554455
304	1.43881941748
305	1.01677522478
306	0.909293768546
307	0.688031434185
308	0.838843564356
309	1.92421978022
310	1.76161744301
311	1.18108514851
312	1.40252065322
313	2.19754645355
314	1.54629365079
315	1.16877669903
316	0.682645544554
317	0.81743853211
318	1.44114059406
