0	0.909383548067
1	0.897940594059
2	0.983152847153
3	1.16212487611
4	1.07200791296
5	1.6907012987
6	1.13451559934
7	1.11607128713
8	0.864695304695
9	1.14749306931
10	1.54627552032
11	1.7325508982
12	1.51912079208
13	1.33669536962
14	1.68228383921
15	2.13251038576
16	1.17415262636
17	1.61451089109
18	0.875014836795
19	1.05209910803
20	0.482079534433
21	0.780939544103
22	0.520110891089
23	0.0657661816357
24	1.82541782178
25	2.64999800995
26	0.97576119403
27	1.76001582591
28	1.38281428571
29	2.71851497006
30	2.19129365079
31	2.54964235764
32	2.35428571429
33	3.19207142857
34	2.43026118721
35	2.4403036963
36	1.61711000991
37	2.33257942058
38	1.85078295342
39	1.31111287129
40	1.32377029703
41	1.3516039604
42	1.28746902655
43	1.5708125
44	1.49266003976
45	1.35388514851
46	1.15987326733
47	1.43440776699
48	0.526046017699
49	1.61451089109
50	1.05877647059
51	1.05148235294
52	0.877441584158
53	2.02261738262
54	1.27238057483
55	1.79337462537
56	2.13485714286
57	1.60329365079
58	1.90235364635
59	1.39123885035
60	1.7231372549
61	1.82004395604
62	1.92417839445
63	1.39915247525
64	1.41893069307
65	1.95396241345
66	1.76360373832
67	2.4152007992
68	1.54932539683
69	2.08424182359
70	2.19626773227
71	2.53763333333
72	2.70516153846
73	2.99566033966
74	2.27547274529
75	2.27498901099
76	1.76478097126
77	2.05541658342
78	1.54759167493
79	1.87588822355
80	1.55055344655
81	1.42745270891
82	1.44316483516
83	0.975525016678
84	0.0708880475933
85	4.2118019802
86	1.53356831683
87	1.45086732673
88	2.00811881188
89	1.66299487179
90	1.66793454545
91	1.90235364635
92	1.58211298315
93	1.54360839161
94	1.4592
95	1.32103631011
96	1.50478183613
97	1.57532472691
98	1.93515284715
99	1.28571735242
100	1.65949653122
101	1.12265142857
102	1.90235364635
103	1.75552824579
104	2.0174271556
105	1.47218381618
106	1.86373069307
107	1.64444796829
108	1.94608591409
109	1.59634851485
110	2.0371009901
111	1.67490693069
112	1.55302297702
113	2.00658077304
114	1.5718243513
115	2.25381386139
116	1.6686993007
117	1.66438057483
118	2.1649851632
119	1.92420218038
120	2.20847952048
121	1.6423468781
122	1.59768231768
123	1.76915758176
124	2.22130693069
125	1.79382217782
126	1.76696927651
127	1.81035247525
128	2.06761481481
129	2.13885714286
130	1.70790809191
131	2.13673736373
132	1.98204995005
133	1.92106923077
134	2.47297522299
135	2.12713686314
136	2.01404995005
137	2.01276511397
138	2.18012289395
139	2.0277886341
140	1.48595441031
141	0.713424332344
142	1.02029440628
143	1.33146587537
144	1.48667164179
145	1.3557002997
146	1.53562055336
147	1.31501886792
148	0.868539460539
149	1.82972142857
150	2.17168328446
151	1.50615292949
152	2.24775898931
153	2.05541658342
154	1.28752941176
155	1.62871528472
156	2.39434165834
157	1.47583333333
158	1.83122376238
159	1.23388235294
160	0.858637623762
161	1.20899135447
162	1.37606286837
163	0.715901088032
164	1.62058088235
165	1.37879652174
166	1.68561584158
167	2.23500990099
168	1.88771485149
169	1.37431504425
170	1.75651538462
171	2.18661338661
172	2.00745346535
173	1.64641758242
174	1.99771428571
175	1.54829906542
176	1.95041584158
177	2.06222931206
178	1.68651439921
179	2.06377276525
180	2.52553846154
181	1.93655144855
182	0.817829878485
183	1.20394846383
184	1.10523564356
185	0.660503184713
186	0.274849315068
187	0.798100263852
188	0.953536633663
189	0.9588
190	2.01542970297
191	1.05998431373
192	0.68067638484
193	0.406104662226
194	0.42608627451
195	0.59596039604
196	0.493552941176
197	0.433425742574
198	0.191254368932
199	0.193413592233
200	0.111836177474
201	2.1972536162
202	1.90399200799
203	1.77516083916
204	1.03933333333
205	1.38597402597
206	1.10652673267
207	1.21136967294
208	0.993361290323
209	1.09612178877
210	1.17295575221
211	0.731784431138
212	0.653181636727
213	0.777213051823
214	1.75885714286
215	1.98471128871
216	1.92441158841
217	1.63766371681
218	2.02071317829
219	2.24216583417
220	1.84856318914
221	2.3079463807
222	2.26591683168
223	2.98472727273
224	2.70157042957
225	2.66839292731
226	2.19754645355
227	2.13251038576
228	1.90306349206
229	2.39467722772
230	1.57254117647
231	2.26133333333
232	1.81569721116
233	1.65785346535
234	1.75373465347
235	1.72165434565
236	2.19754645355
237	1.85926873127
238	1.62886025768
239	1.85618823529
240	1.23536633663
241	1.30027722772
242	1.12610589411
243	0.644822641509
244	0.504282352941
245	1.25693465347
246	0.85478019802
247	0.751795878312
248	0.60902994012
249	0.419269155206
250	0.926420168067
251	1.83487138584
252	1.58469910626
253	0.783247058824
254	1.00928671329
255	0.771379038613
256	0.896511488511
257	1.18023529412
258	0.677443137255
259	0.0452909467865
260	1.23119844358
261	0.280083412322
262	0.18689943074
263	0.000371373307544
264	0.48687040619
265	0.255528949951
266	0.0978890876565
267	0.807054251012
268	0.946793261868
269	0.943992727273
270	0.953164356436
271	1.00975986566
272	1.1096531219
273	0.784047058824
274	0.839083495146
275	0.643764705882
276	0.603364635365
277	1.40400396432
278	1.47055344655
279	1.85775222993
280	1.17602105263
281	1.65386108468
282	2.40048751249
283	2.10182755203
284	2.09484241824
285	1.71589210789
286	1.81979751671
287	2.15069802446
288	2.70026347305
289	2.35624603175
290	2.8114015748
291	2.17791425723
292	1.15634716981
293	0.156119828816
294	0.292026241799
295	1.55851881188
296	1.95567632368
297	2.16659470069
298	2.54357720892
299	2.21194074074
300	2.93514485514
301	2.92711287129
302	2.9882814668
303	3.13397205589
304	2.59004761905
305	2.46731337325
306	2.13275134168
307	2.13558608385
308	1.99941658342
309	1.9641031746
310	1.78049108911
311	1.93035
312	2.39434165834
313	1.90341386139
314	2.20168792934
315	1.53808316832
316	1.63247105005
317	1.31933596838
318	1.62695738355
