0	0.579452547453
1	0.68332210109
2	0.459596039604
3	0.568658823529
4	0.343341176471
5	0.24921980198
6	0.27625631068
7	0.289694117647
8	0.262393606394
9	0.271159563925
10	0.278964705882
11	0.281726732673
12	0.260055445545
13	0.10201980198
14	0.0295517551755
15	0.00591727493917
16	0.0756996047431
17	0.242497109827
18	0.325069306931
19	0.473538461538
20	0.787180819181
21	0.802632309217
22	0.600459405941
23	0.347261538462
24	0.216712871287
25	0.163648598131
26	0.151699009901
27	0.108356435644
28	0.00211494608279
29	0.693481188119
30	0.964372277228
31	0.747988011988
32	0.986755642787
33	1.23677922078
34	1.28437661051
35	1.50876323676
36	1.40368681863
37	1.63996003996
38	1.5121506442
39	1.63618217822
40	1.49981782178
41	1.93958019802
42	1.7382019802
43	2.18661338661
44	2.16928671329
45	2.36608191808
46	1.56790830946
47	2.14995643564
48	1.90235364635
49	1.91346679881
50	1.84991372549
51	1.36529108911
52	1.2573026973
53	1.14289303238
54	1.61809390609
55	0.828828543112
56	0.801837623762
57	0.877687128713
58	1.44603076923
59	2.01542970297
60	1.67318811881
61	2.0371009901
62	1.46957042957
63	1.54018632309
64	0.761788235294
65	0.744784313725
66	1.17024950495
67	1.44316483516
68	1.84838850347
69	2.18021978022
70	1.42841216879
71	1.10887476636
72	1.31111287129
73	0.653853085211
74	0.425422740525
75	0.649495548961
76	1.4022970297
77	1.17991691395
78	1.51365079365
79	1.93129411765
80	1.75383016983
81	2.1102585034
82	1.8854019802
83	1.63356643357
84	1.50764717542
85	1.7428971029
86	1.02057142857
87	0.499386407767
88	0.655984015984
89	0.783076923077
90	1.71649150849
91	1.33278415842
92	1.13252725471
93	2.01496068376
94	2.0371009901
95	2.21301898102
96	2.21266204163
97	2.01622377622
98	1.96155844156
99	2.00857142857
100	1.35769185476
101	1.49783016983
102	1.63146878097
103	1.7337029703
104	1.7382019802
105	1.69462537463
106	1.4477042957
107	1.95234886026
108	1.85555687438
109	2.28955044955
110	2.48628571429
111	2.25675124875
112	2.01108424182
113	2.05541658342
114	2.28955044955
115	1.83032373386
116	1.53062937063
117	1.46503096903
118	1.85923488603
119	1.10633102081
120	1.23997602398
121	1.92874455446
122	1.11067320903
123	0.890541176471
124	1.00584215784
125	1.28370829171
126	2.40789692765
127	2.31141658342
128	2.63756039604
129	2.53422222222
130	2.8034045954
131	2.81726732673
132	2.48634565435
133	2.03479365079
134	2.12828514851
135	1.80955247525
136	1.00584215784
137	1.20845193261
138	1.79302297702
139	2.10158882236
140	1.85475273088
141	1.28739260739
142	1.13774257426
143	1.50130426165
144	2.43851962617
145	2.43807392607
146	2.35816848365
147	2.8362037962
148	2.58216367265
149	2.70664900662
150	3.18152247752
151	2.86613972056
152	2.80843694141
153	2.75416949153
154	2.87706187625
155	2.74868855721
156	2.23438490566
157	2.5802037962
158	2.82527072927
159	2.18679365079
160	1.44847058824
161	0.990542574257
162	1.28565436893
163	1.65089310689
164	2.32234965035
165	2.62500490677
166	1.74903762376
167	2.25127559055
168	2.67512350598
169	2.6066013986
170	2.83822222222
171	2.58474325674
172	2.98275520317
173	2.87993606394
174	2.77060539461
175	2.84907936508
176	2.85145004946
177	2.9004876115
178	2.91273526474
179	2.74873926074
180	2.90420973783
181	3.00659340659
182	2.66186719524
183	2.63940859141
184	2.56287712288
185	2.052
186	1.32644752475
187	2.05541658342
188	1.8158493558
189	1.87720672601
190	2.1692765114
191	1.55869147894
192	2.02827353816
193	2.28955044955
194	2.46447952048
195	2.47993650794
196	2.47087312687
197	2.02193062438
198	2.03076435644
199	2.57633234421
200	2.54101098901
201	2.51250793651
202	2.94080792079
203	1.87901481481
204	2.01232367632
205	1.98875718533
206	1.96795204795
207	2.09785530228
208	1.5524955045
209	1.22133827618
210	0.130156590684
211	0.736823762376
212	1.21335638809
213	1.78944765703
214	2.02715684316
215	1.62857142857
216	1.47814653465
217	1.67034291378
218	1.6444995005
219	1.81488911089
220	1.81942857143
221	1.9262300885
222	1.71931337325
223	1.66114285714
224	1.02344131911
225	1.61451089109
226	1.22760784314
227	1.80395604396
228	1.44850793651
229	0.851868131868
230	1.70457142857
231	1.56796803197
232	1.78208991009
233	1.00237066402
234	0.996879207921
235	1.23509322866
236	1.2505980198
237	1.24636963037
238	1.5461018981
239	1.83485714286
240	0.902963402572
241	1.20394846383
242	1.3229010989
243	1.02304950495
244	1.02002330097
245	1.33410505451
246	1.27101088032
247	1.12690693069
248	1.39943256743
249	0.896754420432
250	0.92102970297
251	1.07144055944
252	1.17511285574
253	0.944188235294
254	1.06189306931
255	0.907557281553
256	1.46503096903
257	1.29071952428
258	0.818285714286
259	0.867710604559
260	0.968495575221
261	0.867385229541
262	0.7296
263	0.411347181009
264	0.672475718533
265	0.100438314176
266	1.75799402985
267	0.690640776699
268	0.590117647059
269	0.00789403278689
270	0.191254368932
271	0.1856
272	0.396988235294
273	0.118380124224
274	0.227548514851
275	0.343341176471
276	0.292562376238
277	0.325069306931
278	0.390083168317
279	0.456885436893
280	0.172266666667
281	0.197189189189
282	0.332611764706
283	0.0288
284	0.418796116505
285	0.190928122819
286	0.978113207547
287	0.718870588235
288	0.435634951456
289	0.493552941176
290	0.323168932039
291	0.508771513353
292	0.595591836735
293	0.393133980583
294	0.371883495146
295	0.335904950495
296	0.457816733068
297	0.776906560636
298	1.25693465347
299	1.25693465347
300	1.01038161838
301	1.67952475248
302	1.67484638256
303	1.52782574257
304	1.15307722772
305	1.25693465347
306	1.35445544554
307	1.23997602398
308	1.58357185332
309	1.44563960396
310	1.46281188119
311	1.66636563437
312	1.68118929633
313	1.46731089109
314	1.48065882353
315	1.05105742574
316	0.643173095945
317	0.841846153846
318	1.17257142857
