0	0.942700990099
1	0.867857425743
2	0.994909090909
3	0.564782862707
4	0.0164447783621
5	0.953536633663
6	0.82617254902
7	0.654494117647
8	0.536161383285
9	0.569216879293
10	0.566896825397
11	0.904733067729
12	0.695547169811
13	0.42745631068
14	0.504282352941
15	0.585009708738
16	0.641363726462
17	0.509275247525
18	0.390230769231
19	0.396599412341
20	0.558009910803
21	1.33259068385
22	1.54908291708
23	1.58334257426
24	1.3157740337
25	1.45918081918
26	1.49539009901
27	1.46388107037
28	1.25382538254
29	1.37612673267
30	1.24733399405
31	1.36036763237
32	1.48258039216
33	1.80395604396
34	1.70671638862
35	1.68746930693
36	1.92871928072
37	1.55673813708
38	2.21719760479
39	2.25072745292
40	2.11255445545
41	1.64576910569
42	1.78788118812
43	1.60838019802
44	2.3404990099
45	1.8368991009
46	2.07165906838
47	1.18705882353
48	1.62291512195
49	0.717192842942
50	1.08679245283
51	1.23404154303
52	0.791001980198
53	1.50771909001
54	0.8966496695
55	0.749142857143
56	0.536470588235
57	0.35276952381
58	0.515011764706
59	0.436886227545
60	0.542857142857
61	0.444261386139
62	0.0934226657163
63	0.896485089463
64	0.753482071713
65	0.848540755467
66	0.537165714286
67	0.531262135922
68	0.55702994012
69	0.47296031746
70	0.649495548961
71	0.58959764475
72	0.494785214785
73	0.715861248761
74	0.933206726014
75	1.04023785927
76	0.727849355798
77	0.459188811189
78	0.294406342914
79	0.708348856901
80	0.932581196581
81	1.02462279889
82	1.07674455446
83	1.24038019802
84	1.23519207921
85	0.922228099174
86	1.38711377246
87	1.29923809524
88	1.27625974026
89	1.15154059406
90	1.12693650794
91	1.0921254902
92	1.43070714985
93	1.22033267327
94	1.25818037661
95	0.615741176471
96	0.855169139466
97	0.654469772052
98	1.28944158416
99	1.08925320197
100	1.1764260355
101	0.388591304348
102	0.470023076923
103	0.995893175074
104	0.823266610597
105	0.941768545994
106	1.08563726462
107	1.38696237624
108	1.2135049505
109	1.12497254902
110	1.30822178218
111	1.36561038961
112	1.26269177403
113	1.22743147208
114	1.12389134126
115	1.1711338843
116	1.4303049505
117	1.03353663366
118	1.00544466019
119	1.22442772277
120	0.794294890511
121	1.02836795252
122	1.24733399405
123	0.961813861386
124	0.866851485149
125	0.71321859545
126	1.4592
127	1.09422398414
128	1.58043916914
129	1.1621984127
130	1.04338823529
131	1.53713946588
132	1.40824578791
133	1.21902574257
134	1.0376023976
135	1.35714285714
136	1.15844906034
137	1.18533201189
138	1.07036862745
139	1.42889020772
140	0.91952047952
141	1.52
142	1.21089108911
143	1.15925818182
144	1.41036563437
145	1.02025768087
146	1.09165940594
147	1.04058119658
148	1.0944
149	1.21357042957
150	1.0886580773
151	1.49531881188
152	1.11236435644
153	1.34229080119
154	1.01687144259
155	1.05181267218
156	1.4540979021
157	1.41628235294
158	0.637581395349
159	1.31371428571
160	1.09263865546
161	1.4303049505
162	1.111
163	1.28565436893
164	1.04738626227
165	1.19310208127
166	1.08434151129
167	1.2901018981
168	1.13523960396
169	1.78057142857
170	0.868391691395
171	0.670040816327
172	0.575136633663
173	1.27661814556
174	1.03936283186
175	1.21711088911
176	1.73055841584
177	1.32133201189
178	1.38526273726
179	1.39730426165
180	1.75147514911
181	1.37412749004
182	1.36398801199
183	1.60832734531
184	1.50428771229
185	1.80963779528
186	1.43778621379
187	1.71649150849
188	1.48364285714
189	1.64701782178
190	1.38318431373
191	1.4897982018
192	1.35184142716
193	1.87642418236
194	1.90094705295
195	2.13847619048
196	1.92182178218
197	1.82038811881
198	1.58665334665
199	1.91170951914
200	1.53351040634
201	1.37549019608
202	1.56342857143
203	1.18492639843
204	1.53280313418
205	1.05071159564
206	1.44114059406
207	1.28752941176
208	0.836779220779
209	1.46206679764
210	1.3222019802
211	1.77528783383
212	1.28253716551
213	1.7011960396
214	1.10824975223
215	1.37476557864
216	1.28618581419
217	1.36314285714
218	1.6697029703
219	1.55155599604
220	1.53741782178
221	1.4658018018
222	1.89623762376
223	1.81330669331
224	1.55414285714
225	1.54795247525
226	1.88048751249
227	1.28627948464
228	2.09287649402
229	1.77847316103
230	1.91603960396
231	1.88424070796
232	2.3404990099
233	1.9253016815
234	2.12760356789
235	1.90378440808
236	2.24127872128
237	2.06738553023
238	1.79434965035
239	1.6351031746
240	1.90982857143
241	2.12026614481
242	1.77349206349
243	1.80391287129
244	1.99053203883
245	2.04448351648
246	1.90205299313
247	2.10167128713
248	1.84835294118
249	1.64934700855
250	1.94202352941
251	1.50812673267
252	1.61451089109
253	1.46905098039
254	1.8528950495
255	1.49300594059
256	1.95041584158
257	1.68312871287
258	1.98292277228
259	1.5544
260	1.8488465205
261	1.82582217782
262	1.4647690783
263	1.70555844156
264	1.54600392927
265	1.4017913486
266	1.69951335312
267	1.26365148515
268	1.86373069307
269	1.76903865213
270	1.84071928072
271	1.75288007929
272	1.99268118812
273	0.929940594059
274	1.51087524752
275	1.87116039604
276	1.7350405771
277	1.26902675917
278	1.23543656344
279	0.721206793207
280	0.726869971936
281	1.72742457542
282	0.674051485149
283	1.32416153846
284	1.44256888008
285	0.809272727273
286	0.504138195777
287	0.576572564612
288	0.411749019608
289	0.520110891089
290	0.654494117647
291	0.435699009901
292	0.824316518299
293	1.07399411187
294	0.454681318681
295	0.608
296	0.52047761194
297	0.0314482758621
298	0.075475862069
299	0.0864893177119
300	0.166390670554
301	0.0650138613861
302	0.0452543073742
303	0.0493417493237
304	0.0774111405836
305	0.124011331445
306	0.107294117647
307	0.0818242990654
308	0.0858352941176
309	0.118023529412
310	0.135497142857
311	0.0965647058824
312	0.0607437557817
313	0.0825962264151
314	0.0995732009926
315	0.42638961039
316	0.432997032641
317	0.301401709402
318	0.194372200772
