0	1.19025366695
1	1.57116831683
2	1.60663272727
3	0.975207920792
4	0.286881553398
5	0.286881553398
6	0.690640776699
7	0.654494117647
8	0.382834951456
9	0.0210785824345
10	0.0283034482759
11	0.0331636363636
12	0.0374153846154
13	0.0311646891315
14	0.0404210526316
15	0.0377379310345
16	0.0342
17	0.03648
18	0.0353032258065
19	0.03648
20	0.0312685714286
21	0.0307703842549
22	0.0497454545455
23	0.0596945454545
24	0.0414545454545
25	0.0252553846154
26	0.0210461538462
27	0.0264774193548
28	0.0210461538462
29	0.000894483040458
30	0.0608
31	0.0796651501365
32	0.134092365693
33	0.0912
34	0.0928172706245
35	0.0976271186441
36	0.0910482529118
37	0.109330669331
38	0.139414012739
39	0.0118985915493
40	0.0931844843898
41	0.153062937063
42	0.100866359447
43	0.131855421687
44	0.107084148728
45	0.132196721311
46	0.139756385069
47	0.131065868263
48	0.128879293425
49	0.0994005449591
50	0.129691886964
51	0.0940206185567
52	0.141866666667
53	0.105433526012
54	0.0817937219731
55	0.152
56	0.0927457627119
57	0.100588235294
58	0.0133460951023
59	0.341294225481
60	0.0403093922652
61	0.0216492194674
62	0.0982013958126
63	0.12768
64	0.137195756991
65	0.152910179641
66	0.185862137862
67	0.119497725205
68	0.0643134182174
69	0.139619234544
70	0.0684
71	0.0176231884058
72	0.0567046632124
73	0.0750323212537
74	0.0516226415094
75	0.0587860340197
76	0.00115870831128
77	0.00268344912137
78	0.698028571429
79	1.73835764236
80	1.91065734266
81	2.22479365079
82	2.10517111771
83	2.36302874133
84	1.79941658342
85	1.80681863231
86	1.99074626866
87	2.25163492063
88	2.10264554455
89	2.1473980198
90	2.10480689655
91	1.67699104478
92	1.38885714286
93	1.84768831169
94	2.037
95	2.54637623762
96	1.91007392607
97	2.03911992071
98	1.92116683317
99	1.45341526264
100	1.20169411765
101	0.0933561253561
102	2.47069582505
103	1.45264670659
104	1.30176984127
105	1.62902697303
106	1.47843805748
107	1.64865014866
108	1.06595004995
109	0.961149700599
110	1.06097318769
111	0.368047477745
112	0.682645544554
113	0.84518019802
114	1.04190248756
115	0.952572533849
116	0.834344554455
117	0.944501960784
118	1.01855049505
119	0.954481665015
120	1.125775571
121	1.05148235294
122	0.552071216617
123	0.819966323667
124	1.38409411765
125	0.986043564356
126	0.780166336634
127	0.222661682243
128	0.205877227723
129	0.639302970297
130	0.404119760479
131	0.935292730845
132	0.321882352941
133	0.487603960396
134	1.10278931751
135	1.56187908821
136	1.11883316683
137	1.76796035679
138	1.01127920792
139	1.07272871287
140	1.02668263473
141	1.05396203796
142	1.05251422964
143	0.790011881188
144	1.27916883117
145	1.36672222222
146	1.46503096903
147	1.36248166501
148	1.0944
149	0.818645669291
150	0.784828685259
151	0.316031683168
152	0.53572027972
153	0.42959764475
154	0.260055445545
155	0.787180819181
156	1.01067195243
157	0.823508910891
158	0.386258823529
159	1.07272871287
160	0.91208627451
161	0.801837623762
162	0.435634951456
163	0.216712871287
164	0.273863330125
165	0.543578564941
166	0.596551040634
167	1.00856470588
168	1.11585882353
169	0.502419161677
170	0.313581661891
171	0.536567432567
172	0.574289108911
173	0.725988118812
174	0.768184615385
175	0.252553846154
176	0.189597690087
177	0.226925541942
178	0.0841846153846
179	0.0862653465347
180	0.304996721311
181	0.801837623762
182	0.49843960396
183	0.563685131195
184	0.191068865179
185	0.0488571428571
186	0.62352848723
187	0.754381618382
188	0.343341176471
189	0.233439865433
190	0.227548514851
191	0.239497621313
192	0.0906335403727
193	0.0965647058824
194	0.0134030045722
195	0.108571428571
196	0.110748850046
197	0.115420901246
198	0.112508411215
199	0.107294117647
200	0.119192079208
201	0.12048440367
202	0.108356435644
203	0.112613657624
204	0.115753846154
205	0.114542340628
206	0.00137729675308
207	0.838338835795
208	1.49217982018
209	2.23621978022
210	1.76458585859
211	2.04901132075
212	1.6074877193
213	1.72724779628
214	1.49155642787
215	1.87355401388
216	1.66087824351
217	2.80888095238
218	2.0126993007
219	2.85353846154
220	3.71363036963
221	4.10396003996
222	1.91627572428
223	2.90790049751
224	2.58218793274
225	2.74706182532
226	3.36608191808
227	2.44900699301
228	2.70824182359
229	1.71482630029
230	2.06769957806
231	2.81991397849
232	2.5474045954
233	2.15149206349
234	2.92272997033
235	3.10528316832
236	2.94965034965
237	3.30477777778
238	2.61234059406
239	3.28054345654
240	3.96672927073
241	4.03292063492
242	3.39574025974
243	3.75687824351
244	3.47503777336
245	3.65906586826
246	3.34153846154
247	3.66172908367
248	4.2651314741
249	3.52934795613
250	2.37874903475
251	4.98440759241
252	3.20390261497
253	4.47604395604
254	3.32464
255	4.04254145854
256	3.59189637306
257	3.95127272727
258	4.11389410589
259	3.17538668913
260	3.6321996008
261	3.03864420218
262	3.11514650934
263	1.77358325025
264	3.65683832335
265	3.47211177645
266	3.92998201798
267	3.62391752577
268	4.29879764244
269	4.78756087824
270	3.95469330669
271	4.2683107178
272	3.83281437126
273	3.07255144855
274	3.07293608653
275	3.4379241517
276	3.23224854369
277	4.62124275724
278	3.45354645355
279	2.9392239925
280	3.56266133866
281	3.39265534466
282	4.09287512488
283	3.99154013875
284	3.427996004
285	2.99346825397
286	4.05136463536
287	3.33907692308
288	4.19275516224
289	0.684
290	0.0637514563107
291	0.0643764705882
292	0.278908741595
293	2.7393006993
294	4.08544255744
295	3.16913059034
296	3.00198130841
297	2.5885508982
298	1.40048298009
299	2.18955053974
300	2.6458021978
301	1.93289990089
302	2.71749950544
303	3.71676511397
304	3.09010693069
305	2.5802037962
306	2.20540500463
307	3.02314455446
308	1.60797602398
309	2.5474045954
310	1.80185714286
311	2.88632967033
312	2.27709090909
313	2.98331746032
314	1.53436330275
315	2.14288111888
316	1.40417182817
317	2.30687712288
318	2.20823038729
