0	0.868251748252
1	1.11717740337
2	1.03040634291
3	0.573058941059
4	1.06189306931
5	1.04022178218
6	0.568658823529
7	0.372910891089
8	0.611576470588
9	0.493552941176
10	0.595370919881
11	0.310028328612
12	0.239954242135
13	0.262320230105
14	0.229740458015
15	0.0035580601463
16	0.231426415094
17	0.863712287712
18	1.04125272547
19	0.931865346535
20	1.04472079208
21	1.21359207921
22	1.20275643564
23	0.991560784314
24	1.21242352941
25	1.13774257426
26	0.752158415842
27	0.866851485149
28	0.682645544554
29	0.255170984456
30	0.862222222222
31	0.666917082917
32	0.758495049505
33	1.12610589411
34	0.885134445535
35	0.846017839445
36	1.07144055944
37	1.19641980198
38	1.37065631068
39	1.4212987013
40	1.02131468531
41	1.216
42	1.15422001982
43	1.11496735905
44	1.23526336634
45	0.852914622179
46	1.22442772277
47	1.28944158416
48	1.5789010989
49	1.65785346535
50	1.01221386139
51	1.2364876115
52	1.67275924076
53	1.14157842158
54	0.848455348381
55	0.824325074331
56	0.852078431373
57	1.25693465347
58	1.20275643564
59	0.769854145854
60	1.0310343474
61	0.899358415842
62	0.834628571429
63	1.12627572816
64	0.740329411765
65	0.725988118812
66	0.587244859813
67	0.701266019417
68	0.682645544554
69	0.536470588235
70	0.655984015984
71	0.676979187314
72	0.906538922156
73	0.904902723735
74	0.996879207921
75	0.884266666667
76	1.07272871287
77	1.01677522478
78	0.850521308226
79	0.834344554455
80	0.704316831683
81	0.675952941176
82	0.735283349562
83	0.631091806515
84	0.908395256917
85	0.933714285714
86	0.682220155039
87	1.5494970297
88	1.51487433628
89	1.8902296369
90	1.32417254902
91	1.57436163836
92	1.48595441031
93	1.29394059406
94	1.65785346535
95	1.17592071358
96	1.70555844156
97	1.31519361277
98	1.30285714286
99	1.06294549058
100	0.589623762376
101	0.765314685315
102	0.90024975223
103	0.798113886114
104	0.872190287413
105	1.1917042957
106	1.20275643564
107	1.04577998018
108	1.20275643564
109	1.02770829171
110	1.01221386139
111	0.953536633663
112	0.931865346535
113	1.13252725471
114	1.22442772277
115	1.26823576424
116	1.02304950495
117	1.28944158416
118	1.29071952428
119	1.18558415842
120	1.5196963037
121	1.59892170466
122	1.45054005935
123	1.25183746283
124	1.23543656344
125	1.17140931615
126	1.19541960784
127	1.97888511489
128	1.28437661051
129	1.37612673267
130	1.23693980583
131	1.27860594059
132	1.40863366337
133	1.30555044955
134	1.37749058474
135	1.20727920792
136	2.28501098901
137	1.72103096903
138	2.14971428571
139	1.28370829171
140	1.56187908821
141	1.15307722772
142	1.65232941176
143	1.47812277228
144	1.78208991009
145	2.00026164519
146	1.72742457542
147	1.11082656095
148	1.54503529412
149	1.47814653465
150	1.48065882353
151	1.2573026973
152	0.659595682041
153	1.18839091807
154	1.0545840708
155	0.654637623762
156	0.639302970297
157	0.791001980198
158	0.666917082917
159	0.660046692607
160	0.718939663699
161	0.830913086913
162	0.824325074331
163	1.18108514851
164	1.23976237624
165	1.47510802775
166	1.81942857143
167	2.08494257426
168	1.91790891089
169	1.24300093545
170	0.869082352941
171	0.541782178218
172	0.45644228904
173	0.541782178218
174	1.14289303238
175	1.37756643357
176	1.46503096903
177	1.75383016983
178	1.5542504817
179	1.84205940594
180	1.37506796117
181	1.47510802775
182	1.0944
183	1.34930669331
184	1.56033267327
185	1.08914172448
186	1.353115727
187	1.17140931615
188	0.893021782178
189	1.24636963037
190	1.09548463826
191	0.734054901961
192	0.685338551859
193	1.08579960707
194	0.622305882353
195	0.62268852459
196	0.279025495751
197	0.171297391304
198	0.0383663453111
199	0.425422740525
200	0.0911309613929
201	0.579956820412
202	0.525741176471
203	0.654494117647
204	0.286881553398
205	0.0829693693694
206	0.0435272727273
207	0.758495049505
208	1.2901018981
209	1.12610589411
210	1.30736507937
211	1.37612673267
212	0.784665346535
213	1.34361980198
214	1.48852869565
215	1.67786350148
216	1.06050749251
217	0.829650793651
218	1.94608591409
219	2.01622377622
220	2.00857142857
221	2.00909306931
222	2.40740918164
223	2.33879365079
224	2.33967632368
225	2.14124083251
226	2.48634565435
227	2.44955996549
228	2.95192807193
229	1.41453320119
230	2.26768431568
231	2.57762874251
232	2.51250793651
233	2.71609910803
234	3.08182178218
235	3.0001998002
236	2.96868302257
237	3.0657982018
238	3.41026759167
239	3.20101386139
240	3.42658941059
241	2.61848166501
242	2.89437125749
243	3.00108730159
244	2.72687312687
245	2.45354645355
246	1.86292750745
247	2.51138278932
248	2.23488511489
249	1.97854509415
250	1.44256888008
251	1.38696237624
252	1.52423576424
253	2.28726546906
254	2.80890944123
255	3.22327843137
256	3.91616633663
257	2.86613972056
258	2.89885714286
259	2.55087524752
260	2.8034045954
261	2.9257232581
262	2.77842376238
263	1.98939147671
264	1.77704554455
265	1.43881941748
266	1.01677522478
267	0.909293768546
268	0.688031434185
269	0.838843564356
270	1.92421978022
271	1.76161744301
272	1.18108514851
273	1.40252065322
274	2.19754645355
275	1.54629365079
276	1.16877669903
277	0.682645544554
278	0.81743853211
279	1.44114059406
280	1.72286732673
281	1.51179241517
282	1.73714285714
283	1.89596003996
284	1.69653914767
285	2.30799207921
286	1.19641980198
287	1.37612673267
288	1.25771636364
289	1.77704554455
290	1.31065868263
291	1.23014469772
292	1.58357185332
293	1.57566732673
294	2.62672475248
295	2.51348965517
296	2.66406504065
297	3.24064606181
298	2.41719165839
299	2.46447952048
300	2.20631912785
301	2.41634851485
302	1.98342457542
303	2.10870168484
304	2.37247552448
305	2.08700891972
306	2.57254653465
307	1.86768862275
308	2.38222222222
309	2.33328271728
310	2.61753446553
311	1.74157956778
312	1.22904295704
313	2.04114285714
314	1.47438431373
315	0.953536633663
316	1.01754302671
317	0.796289395441
318	1.44316483516
