0	2.53423015873
1	2.08182217782
2	2.08250545094
3	2.23488511489
4	2.08700891972
5	2.70046753247
6	2.9425840708
7	3.38285714286
8	2.61657142857
9	2.55194405594
10	3.62338461538
11	2.94387314172
12	3.78738061938
13	3.90060510806
14	4.59642757243
15	3.61634886026
16	2.33328271728
17	3.35271287129
18	4.34496703297
19	4.37776623377
20	2.40632373386
21	3.17188822355
22	3.56879120879
23	4.26925124131
24	4.04219188922
25	3.92004757185
26	3.26259340659
27	4.54658348624
28	4.23563636364
29	4.84788811189
30	4.38230569431
31	4.01697502498
32	3.03181691542
33	2.26608761905
34	2.92562376238
35	0.0210896218825
36	0.0647161749746
37	2.49273926074
38	3.49218781219
39	3.77159921415
40	4.31216783217
41	5.16494705295
42	4.73186507937
43	4.41056543457
44	4.40417182817
45	4.71669130869
46	4.57926770929
47	4.49045544554
48	4.68389210789
49	3.66691595845
50	4.4318892186
51	5.14308091908
52	3.73301587302
53	4.20788855721
54	4.25144676617
55	4.32332135729
56	5.14308091908
57	4.88522677323
58	5.22630616302
59	5.00549050949
60	5.79906493506
61	4.91802597403
62	4.94628571429
63	3.24085769981
64	4.78843912176
65	4.67407599629
66	5.03375024975
67	5.10388811189
68	4.30821052632
69	3.10953046953
70	5.03375024975
71	5.04923076923
72	4.97467716535
73	3.81636726547
74	4.74437264618
75	4.4230343474
76	4.6375628091
77	4.86975424575
78	4.65563236763
79	5.16494705295
80	3.78019463754
81	5.06654945055
82	4.81395441031
83	4.2903016983
84	4.93764885496
85	5.31800999001
86	4.13723076923
87	3.93404995005
88	5.25241158841
89	4.48019085487
90	4.95721878122
91	4.7102977023
92	4.35390287413
93	3.75458141858
94	3.65613505462
95	4.23285375494
96	2.90499073294
97	3.55152095808
98	4.91348651349
99	3.67760629921
100	2.95057228315
101	3.50312087912
102	4.30489499509
103	5.30707692308
104	4.80918811881
105	5.24330624381
106	4.31074851485
107	3.18606193806
108	3.27575769613
109	5.43284630739
110	3.79886545455
111	3.83111288711
112	5.46013986014
113	5.18041958042
114	5.10664015905
115	2.70046753247
116	3.61245154845
117	4.18551048951
118	4.76042357642
119	4.20022158548
120	4.94628571429
121	4.71669130869
122	4.39323876124
123	4.77631496063
124	4.36043956044
125	4.89162037962
126	4.25202226345
127	4.50896303696
128	4.36683316683
129	3.84215468608
130	3.64527524752
131	4.27934465534
132	4.13726273726
133	4.14519165839
134	3.452995005
135	3.88365940594
136	3.78613861386
137	4.22966766169
138	3.62345816733
139	3.78652307692
140	2.96193153153
141	3.24435643564
142	3.80924675325
143	2.97833366633
144	3.67422222222
145	4.12630569431
146	3.91857742258
147	3.74364835165
148	3.72984909265
149	4.21377022977
150	4.67295904096
151	4.08116923077
152	3.86965079365
153	3.51405394605
154	3.48125474525
155	3.25079365079
156	3.0190499002
157	3.032999001
158	3.07673126873
159	2.70880318091
160	2.74873926074
161	2.62107936508
162	2.78153846154
163	2.24776915423
164	2.72188599034
165	2.97379420579
166	2.55340336967
167	2.48635364635
168	2.55340336967
169	2.37031619048
170	2.03355044955
171	1.89365079365
172	1.89623762376
173	1.87409390609
174	1.93132900834
175	1.97888511489
176	1.50130426165
177	1.98189850746
178	2.25865870647
179	1.85862137862
180	1.23136507937
181	1.90045508982
182	1.39303896104
183	1.78434782609
184	1.57105367793
185	1.84768831169
186	3.40689108911
187	2.9346013986
188	2.31141658342
189	1.9884137931
190	2.62131736527
191	2.25675124875
192	1.65579487179
193	2.43925970149
194	1.82488712871
195	1.79576846307
196	2.91445692884
197	2.23214257426
198	1.32644752475
199	2.55833766234
200	2.33501864573
201	2.29081980198
202	2.09914885115
203	1.56638255699
204	1.72116320475
205	1.93324356436
206	1.56638255699
207	1.83675524476
208	2.05995604396
209	2.28663023679
210	2.05541658342
211	2.24970465808
212	2.1825254902
213	2.31755294118
214	1.29394059406
215	1.27554946131
216	1.53593780369
217	1.95701898102
218	1.32776214073
219	2.27407792208
220	2.06736507937
221	1.67275924076
222	1.51065346535
223	1.99375841584
224	1.90073663366
225	1.69485940594
226	1.98981818182
227	1.64230723489
228	2.44900699301
229	2.28955044955
230	2.63193650794
231	2.49712687313
232	2.17678783026
233	2.50303366337
234	2.68091089109
235	1.95685232904
236	2.05541658342
237	2.14995643564
238	1.90356078431
239	2.28632079208
240	1.81942857143
241	2.11504459861
242	2.06327128713
243	2.31478295342
244	2.15865479723
245	2.28632079208
246	2.35514885115
247	2.53171060456
248	2.36217029703
249	1.53384340932
250	1.79302297702
251	1.66235247525
252	1.95685232904
253	2.25221178821
254	2.07088911089
255	2.33647571853
256	2.9346013986
257	2.37771428571
258	2.05310738916
259	2.38933333333
260	2.03508605341
261	1.57722893954
262	1.26777029703
263	1.55703496503
264	1.93065609514
265	1.8014322453
266	1.99573439049
267	1.89595204795
268	1.94838861629
269	2.13194805195
270	1.53384340932
271	1.72742457542
272	1.27177232581
273	1.5820039604
274	1.49584313725
275	1.34096442688
276	1.07485714286
277	1.04472079208
278	1.28944158416
279	1.08356435644
280	0.806336633663
281	0.740329411765
282	0.866851485149
283	0.711891262136
284	0.599425242718
285	0.725988118812
286	0.954917647059
287	0.47813592233
288	0.30843148688
289	0.35744092219
290	0.284123076923
291	0.199540594059
292	0.308132038835
293	0.00839183360491
294	0.845964774951
295	2.14124083251
296	2.6786013986
297	2.20413465347
298	1.72103096903
299	2.64462082515
300	2.30048351648
301	2.54255698712
302	2.37701498501
303	2.67905649158
304	2.37461876248
305	2.42327056492
306	1.82850793651
307	1.51699009901
308	1.42253169347
309	2.25246753247
310	1.15193669634
311	1.55103270565
312	1.79238019802
313	2.01343620178
314	1.81773333333
315	2.25239246779
316	2.03084115884
317	2.24970465808
318	2.26797268293
