0	1.46503096903
1	1.85923488603
2	1.10633102081
3	1.23997602398
4	1.92874455446
5	1.11067320903
6	0.890541176471
7	1.00584215784
8	1.28370829171
9	2.40789692765
10	2.31141658342
11	2.63756039604
12	2.53422222222
13	2.8034045954
14	2.81726732673
15	2.48634565435
16	2.03479365079
17	2.12828514851
18	1.80955247525
19	1.00584215784
20	1.20845193261
21	1.79302297702
22	2.10158882236
23	1.85475273088
24	1.28739260739
25	1.13774257426
26	1.50130426165
27	2.43851962617
28	2.43807392607
29	2.35816848365
30	2.8362037962
31	2.58216367265
32	2.70664900662
33	3.18152247752
34	2.86613972056
35	2.80843694141
36	2.75416949153
37	2.87706187625
38	2.74868855721
39	2.23438490566
40	2.5802037962
41	2.82527072927
42	2.18679365079
43	1.44847058824
44	0.990542574257
45	1.28565436893
46	1.65089310689
47	2.32234965035
48	2.62500490677
49	1.74903762376
50	2.25127559055
51	2.67512350598
52	2.6066013986
53	2.83822222222
54	2.58474325674
55	2.98275520317
56	2.87993606394
57	2.77060539461
58	2.84907936508
59	2.85145004946
60	2.9004876115
61	2.91273526474
62	2.74873926074
63	2.90420973783
64	3.00659340659
65	2.66186719524
66	2.63940859141
67	2.56287712288
68	2.052
69	1.32644752475
70	2.05541658342
71	1.8158493558
72	1.87720672601
73	2.1692765114
74	1.55869147894
75	2.02827353816
76	2.28955044955
77	2.46447952048
78	2.47993650794
79	2.47087312687
80	2.02193062438
81	2.03076435644
82	2.57633234421
83	2.54101098901
84	2.51250793651
85	2.94080792079
86	1.87901481481
87	2.01232367632
88	1.98875718533
89	1.96795204795
90	2.09785530228
91	1.5524955045
92	1.22133827618
93	0.130156590684
94	0.736823762376
95	1.21335638809
96	1.78944765703
97	2.02715684316
98	1.62857142857
99	1.47814653465
100	1.67034291378
101	1.6444995005
102	1.81488911089
103	1.81942857143
104	1.9262300885
105	1.71931337325
106	1.66114285714
107	1.02344131911
108	1.61451089109
109	1.22760784314
110	1.80395604396
111	1.44850793651
112	0.851868131868
113	1.70457142857
114	1.56796803197
115	1.78208991009
116	1.00237066402
117	0.996879207921
118	1.23509322866
119	1.2505980198
120	1.24636963037
121	1.5461018981
122	1.83485714286
123	0.902963402572
124	1.20394846383
125	1.3229010989
126	1.02304950495
127	1.02002330097
128	1.33410505451
129	1.27101088032
130	1.12690693069
131	1.39943256743
132	0.896754420432
133	0.92102970297
134	1.07144055944
135	1.17511285574
136	0.944188235294
137	1.06189306931
138	0.907557281553
139	1.46503096903
140	1.29071952428
141	0.818285714286
142	0.867710604559
143	0.968495575221
144	0.867385229541
145	0.7296
146	0.411347181009
147	0.672475718533
148	0.100438314176
149	1.75799402985
150	0.690640776699
151	0.590117647059
152	0.00789403278689
153	0.191254368932
154	0.1856
155	0.396988235294
156	0.118380124224
157	0.227548514851
158	0.343341176471
159	0.292562376238
160	0.325069306931
161	0.390083168317
162	0.456885436893
163	0.172266666667
164	0.197189189189
165	0.332611764706
166	0.0288
167	0.418796116505
168	0.190928122819
169	0.978113207547
170	0.718870588235
171	0.435634951456
172	0.493552941176
173	0.323168932039
174	0.508771513353
175	0.595591836735
176	0.393133980583
177	0.371883495146
178	0.335904950495
179	0.457816733068
180	0.776906560636
181	1.25693465347
182	1.25693465347
183	1.01038161838
184	1.67952475248
185	1.67484638256
186	1.52782574257
187	1.15307722772
188	1.25693465347
189	1.35445544554
190	1.23997602398
191	1.58357185332
192	1.44563960396
193	1.46281188119
194	1.66636563437
195	1.68118929633
196	1.46731089109
197	1.48065882353
198	1.05105742574
199	0.643173095945
200	0.841846153846
201	1.17257142857
202	0.118832275612
203	2.07172962227
204	1.35996868885
205	1.15536507937
206	1.00771485149
207	1.01677522478
208	0.969831516353
209	1.23526336634
210	1.72286732673
211	1.64605490196
212	1.87409390609
213	2.21266204163
214	1.98742178218
215	2.08053831776
216	2.27548514851
217	1.70839121756
218	1.93257142857
219	1.93324356436
220	2.30048351648
221	2.65276545633
222	2.37701498501
223	2.23885827552
224	1.93191926606
225	2.03911992071
226	1.57722893954
227	2.07838575668
228	1.95491485149
229	1.69036039604
230	0.752158415842
231	0.974243323442
232	0.709532416503
233	0.940243756244
234	1.65151683168
235	1.72687407407
236	2.03355044955
237	1.61703732809
238	1.353115727
239	1.28646022241
240	1.75537425743
241	1.41946930693
242	1.11946191889
243	1.20263736264
244	0.691311953353
245	0.788474975466
246	0.746181818182
247	0.618857142857
248	0.761788235294
249	0.830619607843
250	0.686009794319
251	0.440337585868
252	0.456885436893
253	0.278964705882
254	0.150064642507
255	0.1147607245
256	0.21888
257	0.260055445545
258	0.303741935484
259	0.407717647059
260	0.270994285714
261	0.198034285714
262	0.184205940594
263	0.297506796117
264	0.418447058824
265	0.414384466019
266	0.444261386139
267	0.325069306931
268	0.229263551402
269	0.286603297769
270	0.287160349854
271	0.250148571429
272	0.0503476997579
273	0.322323287671
274	0.335904950495
275	0.0450729023384
276	0.916106398275
277	0.159378640777
278	0.2013696
279	0.27625631068
280	0.203858823529
281	0.187432921028
282	0.267807654563
283	0.354413320274
284	0.531472745292
285	0.43776
286	0.533085990338
287	0.626889320388
288	0.300423529412
289	0.238384158416
290	0.210461538462
291	0.233528612997
292	0.26869121813
293	0.126276923077
294	0.852779220779
295	1.12916996047
296	1.67366037736
297	1.83036163836
298	1.77880673935
299	1.46957042957
300	2.18012289395
301	1.7056950495
302	1.59733861386
303	0.866851485149
304	0.660974257426
305	0.563453465347
306	0.689970902037
307	0.394471714534
308	0.378830769231
309	0.212504854369
310	0.335904950495
311	0.171670588235
312	0.641844930417
313	0.566820717131
314	0.885578421578
315	1.16506640238
316	1.41988023952
317	1.25307936508
318	1.32194851485
