0	0.0536470588235
1	0.0342
2	0.067258999122
3	0.0722035815269
4	0.0736615384615
5	0.0491129394166
6	0.118023529412
7	0.115753846154
8	0.0695409054805
9	0.0563639484979
10	0.0490322580645
11	0.0526660250241
12	0.0525648414986
13	0.000265414184202
14	2.48688111888
15	2.7616152381
16	1.6792007992
17	1.53615184815
18	1.77990882061
19	2.07000999001
20	1.63584257603
21	2.18672527473
22	2.07296729435
23	2.02433234421
24	1.19267393459
25	1.19192079208
26	0.368047477745
27	0.381401980198
28	0.869082352941
29	0.406753246753
30	0.390469772052
31	0.253333333333
32	0.352049122807
33	1.56333926805
34	1.24029335976
35	1.49783016983
36	1.37218217822
37	1.43633267327
38	1.65703896104
39	1.86654509415
40	0.791814814815
41	1.3688619001
42	1.05046580773
43	1.13703896104
44	0.934693069307
45	1.01219009901
46	1.3832611251
47	1.59283960396
48	1.10968483647
49	1.47364752475
50	1.53098101898
51	1.8833966034
52	2.48915084915
53	1.77261904762
54	1.94170629371
55	1.82730624381
56	1.45634059406
57	1.28816617211
58	1.6524962963
59	1.89088316832
60	1.57116831683
61	1.50251348651
62	1.44256888008
63	1.14273978066
64	1.31064135864
65	1.2369980198
66	1.82762624254
67	1.28369353234
68	0.740329411765
69	0.294243137255
70	0.515135446686
71	0.639936570862
72	0.626547972305
73	0.942700990099
74	0.810276923077
75	0.256518155054
76	0.546653346653
77	1.24722376238
78	0.686009794319
79	0.544777142857
80	1.14971655104
81	1.21554104847
82	1.70184215784
83	0.970378592666
84	1.04934265734
85	1.57094945491
86	1.36141960784
87	1.69462537463
88	1.20283845391
89	1.38112287712
90	2.04215784216
91	1.8400555005
92	1.40863366337
93	0.829442557443
94	1.1071372549
95	1.76620990099
96	1.28946534653
97	2.78012387612
98	3.01477106046
99	1.51488031652
100	1.73979253867
101	2.55546181818
102	1.97888511489
103	2.08443556444
104	2.30171428571
105	1.44986213786
106	1.71203168317
107	1.24960792079
108	1.26777029703
109	1.10523564356
110	1.15672079208
111	1.35375824176
112	1.80448351648
113	1.72913052012
114	1.40767524752
115	1.65645333333
116	1.50615445545
117	1.45902097902
118	1.62173110893
119	1.1851988012
120	1.83303865213
121	1.26823576424
122	1.04797777778
123	1.37963564356
124	1.71877227723
125	1.31085262117
126	1.02108950914
127	1.67622777223
128	1.97551683168
129	2.01641980198
130	2.21046153846
131	2.37247552448
132	2.00376984127
133	2.20366833167
134	2.648864222
135	2.21471328671
136	2.60035964036
137	3.44414117647
138	2.36114851485
139	2.07843012884
140	2.62393606394
141	1.57075904542
142	1.37328185328
143	0.915633466135
144	0.739556435644
145	1.11585882353
146	1.46587313433
147	2.18012289395
148	1.92163168317
149	2.40308235294
150	2.29594405594
151	1.88788265746
152	2.36154245754
153	1.86635247525
154	2.35133465347
155	2.02408791209
156	2.52962237762
157	2.43927849356
158	2.21557978196
159	2.15951227773
160	2.17616
161	2.01943529412
162	2.29594405594
163	1.81961238761
164	2.12569744597
165	2.38384158416
166	1.98198019802
167	1.98292277228
168	1.45054005935
169	1.36529108911
170	0.960959365709
171	0.833519287834
172	0.715152475248
173	0.3648
174	0.465932673267
175	0.343341176471
176	0.315692307692
177	0.216712871287
178	0.225317647059
179	0.229594405594
180	0.220984615385
181	0.292562376238
182	0.214588235294
183	0.0160893854749
184	0.0832243346008
185	0.0911156336725
186	0.0920523364486
187	0.0710857142857
188	0.660769101595
189	1.28095841584
190	1.06380819181
191	1.25899702676
192	1.43299100899
193	1.40910758966
194	1.87355844156
195	1.87751448551
196	1.722981755
197	2.18783714002
198	1.95271928072
199	1.28975024975
200	1.39520317146
201	1.29627961165
202	1.09822177822
203	1.17140931615
204	1.1239
205	2.00075124875
206	1.85351448551
207	1.7322814668
208	1.94537657658
209	1.91236635514
210	2.00155044955
211	1.97934065934
212	2.05508820614
213	1.99782617383
214	2.58444314869
215	1.82859405941
216	2.63486913087
217	1.99834565435
218	2.07371428571
219	1.90746138614
220	2.52553846154
221	2.05651948052
222	2.45944651619
223	1.97026173826
224	2.47297522299
225	1.9860215475
226	0.0310909090909
227	4.69679356568
228	1.12523342939
229	1.37744655345
230	0.951066666667
231	1.20713371616
232	1.32228118812
233	1.06937657658
234	1.10451538462
235	1.36744055944
236	1.33262574257
237	1.12004030227
238	1.3935984016
239	1.54906693307
240	0.987989628349
241	1.0901760633
242	1.17138861139
243	0.909655629139
244	1.23935841584
245	0.969732979664
246	1.23405940594
247	0.867497142857
248	1.16287058824
249	0.489124752475
250	0.271603738318
251	1.05467857143
252	1.19426973027
253	1.41516153846
254	1.7925034965
255	1.53511501317
256	1.30612885154
257	0.689609065156
258	0.932448780488
259	0.948995196926
260	1.40541308411
261	1.40389243697
262	1.67402197802
263	1.37571825765
264	1.55749655172
265	1.42673207547
266	1.32842142857
267	1.33892531523
268	1.27060530973
269	1.71748251748
270	0.971297350343
271	1.23511111111
272	1.59772227772
273	0.878280597015
274	1.41180574827
275	1.24179020979
276	1.01823776224
277	0.770580645161
278	1.03803369673
279	1.21364193867
280	0.931524324324
281	1.15261176471
282	1.06111488511
283	1.25521506442
284	1.01735445545
285	1.1914223541
286	0.998059405941
287	1.25666534653
288	1.04145454545
289	1.38623781009
290	1.28327128713
291	0.798889256198
292	1.03713267327
293	1.00615499533
294	1.43784215784
295	1.11331389699
296	1.42702135922
297	1.46190654206
298	1.51161638362
299	0.976107692308
300	0.927552447552
301	0.942468832309
302	1.34807920792
303	0.921369369369
304	1.41897029703
305	1.5078041958
306	1.78016383616
307	1.85616666667
308	1.83248751249
309	1.54743333333
310	1.84557100881
311	2.20216738568
312	2.38927731092
313	1.98796831683
314	1.91095004897
315	2.35930196078
316	2.29108605341
317	1.93398612488
318	2.101256917
