0	2.25675124875
1	2.24581818182
2	2.48628571429
3	2.58264711632
4	3.54745580933
5	3.27352647353
6	2.37986124876
7	2.63940859141
8	3.10953046953
9	2.79479365079
10	2.44900699301
11	2.11462137862
12	3.15126202159
13	2.78153846154
14	2.32562933598
15	2.60313181368
16	2.45354645355
17	1.62061446977
18	2.12101498501
19	2.35816848365
20	2.57381018981
21	2.58474325674
22	2.204
23	1.99435764236
24	2.5967888999
25	3.12827145709
26	2.97190882061
27	1.84838850347
28	1.8177254902
29	2.36154245754
30	2.15208721506
31	3.24072727273
32	3.17497702298
33	1.91741807349
34	2.6458021978
35	2.30166336634
36	2.44261338661
37	2.86613972056
38	2.49099540018
39	3.07219180819
40	2.73508118812
41	2.51914485514
42	2.51250793651
43	3.1641958042
44	3.51873141724
45	2.73780619381
46	2.70500699301
47	2.57314285714
48	2.23664158416
49	2.91273526474
50	3.55778621379
51	2.88798403194
52	3.18108151093
53	3.26261738262
54	3.36688206145
55	3.98417582418
56	3.70714570858
57	3.81915392254
58	2.8033966034
59	3.28445954046
60	3.46793650794
61	2.8034045954
62	3.04149058474
63	3.30632567433
64	2.31478295342
65	2.4966970297
66	2.79093488824
67	3.25805394605
68	2.75967232767
69	2.79247152847
70	2.92798411122
71	2.75967232767
72	3.24072727273
73	3.50312087912
74	3.48224826216
75	3.47778043912
76	2.78393650794
77	2.57254653465
78	2.77060539461
79	2.79093488824
80	2.51460539461
81	2.25675124875
82	2.59936507937
83	2.63940859141
84	2.92551382269
85	2.86446353646
86	2.78153846154
87	2.42565079365
88	2.66127472527
89	2.46447952048
90	2.87714285714
91	2.9674005994
92	2.86794846383
93	2.30165544554
94	3.31725874126
95	3.35005794206
96	3.53307936508
97	2.85806993007
98	2.31478295342
99	2.50367232767
100	2.81433766234
101	3.19650793651
102	2.57381018981
103	2.42074725275
104	2.35716731518
105	3.02674328082
106	3.50312087912
107	2.74502342342
108	2.80643168317
109	2.89086913087
110	2.89086913087
111	2.85993650794
112	2.84713686314
113	2.84713686314
114	2.60660939061
115	2.98336580707
116	3.01176470588
117	3.12531225296
118	3.22979420579
119	2.55340336967
120	2.14742057942
121	2.07088911089
122	2.32342857143
123	2.82527072927
124	3.19333994054
125	2.65923168317
126	2.57509613479
127	2.37247552448
128	2.72424554455
129	2.59421782178
130	2.26769230769
131	2.67536507937
132	2.36154245754
133	2.51836831683
134	2.77060539461
135	1.87193650794
136	3.06125874126
137	3.43977075099
138	3.07587265918
139	3.14872327672
140	3.26058666667
141	4.73855744256
142	3.86646520875
143	3.29539260739
144	3.88577822178
145	3.67415591915
146	2.68822969647
147	2.8753966034
148	3.46729056604
149	4.34496703297
150	3.79452295409
151	3.42658941059
152	3.95349502982
153	3.80841481481
154	4.13287920792
155	4.74949050949
156	3.98355767398
157	4.2247032967
158	4.65760158573
159	2.9791336669
160	4.44336463536
161	5.01188411588
162	4.33241980198
163	4.90706838454
164	4.2140998004
165	4.92441958042
166	4.40186131387
167	4.39963236763
168	4.46878415842
169	4.00060952381
170	4.68389210789
171	4.79860455897
172	3.98871528472
173	4.48261876248
174	4.35600795229
175	3.89513748764
176	4.1919040959
177	3.7836007984
178	4.16019085487
179	3.85962264151
180	4.1919040959
181	3.97324275724
182	3.89522939424
183	3.360999001
184	3.77644755245
185	2.64017443013
186	2.67220779221
187	2.51914485514
188	2.69440634291
189	2.8425974026
190	2.95009823183
191	2.81433766234
192	2.53007792208
193	3.09879365079
194	3.16850693069
195	3.0985974026
196	3.39379020979
197	2.8362037962
198	3.24072727273
199	3.56540497512
200	3.76551448551
201	4.41056543457
202	3.77270168484
203	3.71084915085
204	3.87484515485
205	4.45593650794
206	4.00750769231
207	3.17381535471
208	2.776999001
209	2.9018021978
210	3.06273852295
211	2.68335124378
212	2.75967232767
213	2.54101098901
214	2.42958969277
215	2.44261338661
216	2.9674005994
217	3.18565079365
218	2.92722453017
219	3.28445954046
220	3.15621052632
221	3.33912487512
222	3.11432871287
223	2.97833366633
224	3.68898301698
225	4.49802997003
226	4.00390069513
227	3.032999001
228	3.08766433566
229	2.72687312687
230	2.57189662028
231	2.57381018981
232	2.81433766234
233	2.6413197405
234	2.78752031715
235	2.55194405594
236	3.08766433566
237	3.59058541459
238	3.74413828868
239	3.10891840607
240	4.49071859786
241	4.59642757243
242	3.90438285145
243	4.28269299112
244	3.42316966068
245	3.07673126873
246	3.09125838264
247	3.26049751244
248	3.69622355289
249	4.1381617357
250	4.16432850242
251	4.04573253493
252	3.71084915085
253	3.48224826216
254	2.81433766234
255	3.01193650794
256	3.33912487512
257	3.28118163673
258	3.1313966034
259	2.76771371769
260	2.95399619048
261	3.20338861139
262	2.39888111888
263	3.18606193806
264	3.00405958292
265	2.38794805195
266	2.37986124876
267	2.8425974026
268	2.61848166501
269	2.48634565435
270	2.40155401388
271	2.55087524752
272	2.96014953271
273	3.00147326733
274	3.02206593407
275	2.56171089109
276	2.51250793651
277	2.61754245754
278	3.12516435644
279	3.12046353646
280	3.26259340659
281	3.31593650794
282	3.1313966034
283	3.47032167832
284	3.19735952849
285	2.7297254902
286	2.89726273726
287	2.75948463826
288	2.46447952048
289	2.6367744511
290	2.64541807349
291	2.60558355675
292	2.7114005994
293	2.29081980198
294	3.1313966034
295	3.68507936508
296	3.83111288711
297	3.37192407592
298	3.64624740321
299	3.23672547076
300	3.24712087912
301	3.01113286713
302	2.68046307385
303	2.93089463221
304	2.76783233533
305	2.36050793651
306	2.4016131989
307	2.7441998002
308	2.63193650794
309	3.00299901088
310	2.8034045954
311	2.66127472527
312	2.48239920556
313	2.72233366633
314	2.32562933598
315	2.34421578422
316	2.31233430515
317	2.70869461078
318	2.42074725275
