0	12.1139025912
5	0.4
10	2.95030239913
15	10.1564154868
20	8.98657835175
25	0.4
30	0.4
35	7.87375880353
40	14.8105334259
45	3.79080470736
50	14.5720684133
55	0.4
60	6.34721469575
65	9.66482551644
70	0.4
75	3.79570023138
80	6.16818756072
85	3.14925912985
90	6.61388658877
95	0.4
100	11.8433223613
105	1.75289513889
110	2.77281112396
115	0.4
120	7.28478550137
125	11.532985181
130	6.76695690864
135	5.27171144903
140	5.08050620556
145	0.4
150	2.27463372009
155	7.4501683231
160	8.99235805763
165	5.54013565157
170	0.584607058683
175	4.14749387872
180	7.78794120931
185	0.4
190	3.23183023591
195	7.41584521191
200	10.9197209674
205	0.4
210	7.57198440207
215	18.1750520425
220	16.745274651
225	0.4
230	0.4
235	10.12904194
240	0.4
245	2.88512705323
250	0.4
255	0.4
260	8.56272251051
265	0.4
270	0.4
275	2.41760161206
280	6.9298740991
285	7.29526623346
290	4.56035409223
295	0.4
300	7.56415234784
305	5.21955270204
310	0.4
315	12.6566788358
320	0.452517452614
325	10.9273590763
330	9.80681489782
335	8.45541316289
340	7.09709381882
345	12.4995352137
350	9.90690718383
355	3.97777345519
360	8.56606067717
365	0.4
370	0.4
375	3.70297323758
380	0.4
385	0.4
390	9.39973075943
395	1.18037770276
400	2.51301423591
405	3.22684918821
410	5.85662064126
415	13.563181504
420	2.77168503248
425	2.24652613482
430	0.4
435	10.7558273452
440	14.3544297982
445	3.73593186829
450	0.4
455	11.4254207438
460	2.34854683567
465	9.37483972557
470	16.6178906607
475	6.57394429854
480	3.64079399496
485	9.4135551331
490	8.86454400996
495	9.04033510283
500	0.4
505	9.15870487759
510	0.4
515	1.5899849327
520	0.928359750774
525	0.4
530	12.9482981373
535	0.4
540	6.33111501844
545	19.698237274
550	12.6497251637
555	0.4
560	3.0545982568
565	0.4
570	1.38092212997
575	2.02866559406
580	11.3560621906
585	14.6749456876
590	12.0973133454
595	0.4
600	8.54810518265
605	14.5385716503
610	7.07541793802
615	3.72513923416
620	0.4
625	8.44075121241
630	3.31494676513
635	19.2108704426
640	0.4
645	0.4
650	0.4
655	0.4
660	0.4
665	5.84498675716
670	6.84559692684
675	0.4
680	6.69420462116
685	20.2504713785
690	3.09165416738
695	12.1919125859
700	0.4
705	1.43226110413
710	6.36654081626
715	4.67737919082
720	10.0077157359
725	5.32706343064
730	14.8177076177
735	5.86554479546
740	6.02530870359
745	14.302622759
750	4.1173150085
755	0.4
760	0.932391611213
765	2.11857805487
770	10.7461224134
775	14.0293526065
780	12.7021896573
785	6.8154300828
790	1.96070663411
795	12.5282103079
800	0.4
805	0.4
810	2.89585471808
815	0.4
820	6.66359217606
825	2.62755821862
830	0.4
835	10.7123259767
840	8.78467691493
845	6.16395849543
850	3.81847114225
855	0.4
860	1.83046631297
865	6.63286170411
870	4.51205483023
875	2.32390579038
880	0.4
885	9.35394159356
890	0.4
895	5.31557080996
900	6.65096685052
905	8.47144422095
910	4.21907899913
915	13.5622245598
920	1.90975169036
925	0.4
930	12.3990219392
935	6.51508402438
940	4.85626220926
945	1.63142127603
950	19.3076921175
955	18.47455863
960	19.0370434979
965	6.1507383996
970	0.786284391393
975	0.4
980	8.28366752685
985	5.41607530892
990	12.1468180975
995	9.20463642302
1000	10.6462369156
1005	8.91521074371
1010	10.0171500208
1015	2.67806601314
1020	0.4
1025	10.8170851507
1030	19.6372007008
1035	0.4
1040	5.91256308419
1045	8.78242239204
1050	4.1072736181
1055	8.61184716007
1060	2.27333213512
1065	0.4
1070	4.68937909826
1075	7.31795578235
1080	5.62132182848
1085	11.2947840657
1090	12.0381238224
1095	2.92030911907
1100	0.4
1105	9.50899983749
1110	0.4
1115	4.3472534649
1120	5.16871844075
1125	12.9307163018
1130	15.9355059138
1135	1.88671971423
1140	9.1015816561
1145	14.1137534528
1150	2.50542028284
1155	0.4
1160	12.8563786128
1165	0.4
1170	0.4
1175	7.94635569699
1180	17.111784773
1185	0.4
1190	0.4
1195	6.85568575217
1200	4.98959741525
1205	3.02403374138
1210	12.3770164182
1215	4.25950121207
1220	7.26066499912
1225	3.33024533436
1230	0.4
1235	6.91861675724
1240	0.4
1245	16.0865497741
1250	8.29278092487
1255	2.45756643281
1260	18.973997341
1265	11.8582666657
1270	0.4
1275	5.44459532114
1280	0.4
1285	8.35851931898
1290	3.06950174574
1295	7.53229185173
1300	6.4506844206
1305	0.516673296655
1310	9.74609457471
1315	5.87335244662
1320	6.20400972441
1325	14.0979955711
1330	2.19725009764
1335	0.4
1340	2.73853067949
1345	0.4
1350	5.24673315668
1355	6.70611448711
1360	5.54659509281
1365	1.70874030509
1370	0.4
1375	12.9422815705
1380	3.88383583155
1385	0.968281466846
1390	0.4
1395	0.4
1400	8.54781113714
1405	0.4
1410	0.4
1415	3.70661655641
1420	11.277024967
1425	0.4
1430	11.3314571319
1435	1.84441085646
1440	0.4
1445	2.20359204515
1450	0.4
1455	2.76872044157
1460	15.3222356083
1465	0.4
1470	0.4
1475	0.4
1480	3.40952755511
1485	6.52917566525
1490	8.72738872819
1495	1.76629634404
1500	14.3035511371
1505	0.4
1510	10.5313269003
1515	13.1889338979
1520	8.59584061475
1525	0.4
1530	0.4
1535	15.4717576543
1540	0.4
1545	4.10316064324
1550	0.955536456225
1555	0.4
1560	10.818195211
1565	6.39010318534
1570	8.40130422452
1575	0.4
1580	7.07650297786
1585	0.4
1590	0.4
1595	7.36869942999
1600	1.5707868178
1605	7.6018854267
1610	3.48161355314
1615	9.6458167246
1620	2.12550196333
1625	0.4
1630	8.17416008284
1635	3.68761393384
1640	2.50713803251
1645	0.4
1650	0.4
1655	7.96617198171
1660	7.33200636296
1665	4.34388190573
1670	5.22225578927
1675	7.23551916499
1680	10.5965686982
1685	0.4
1690	6.39708077342
1695	2.22447673586
1700	0.4
1705	4.05374884207
1710	7.10759262677
1715	2.50687606684
1720	5.4959532371
1725	0.4
1730	6.44774195096
1735	2.80709046372
1740	10.0836277606
1745	2.86965760441
1750	0.4
1755	8.04716496521
1760	6.69296648343
1765	13.1472740437
1770	9.94776322949
1775	0.4
1780	0.4
1785	0.4
1790	9.30767615851
1795	0.4
1800	0.4
1805	4.76471073538
1810	0.762128409145
1815	17.9957426194
1820	4.08661340501
1825	4.61626622715
1830	14.7736765763
1835	7.73287955566
1840	12.8646720173
1845	7.89673297942
1850	5.55849845287
1855	3.44694116122
1860	6.845895414
1865	11.8401132792
1870	3.18476266691
1875	6.87876354861
1880	5.32624245101
1885	4.58274015715
1890	2.34558021991
1895	0.4
1900	0.4
1905	0.821589420862
1910	0.839856766366
1915	0.4
1920	1.90518552183
