0	0.4
5	1.76746181643
10	16.2426327291
15	15.4298426387
20	4.71172743756
25	0.4
30	8.34296826632
35	1.37680268107
40	0.4
45	0.474977625573
50	1.55275383535
55	6.11847303668
60	24.2001675695
65	17.7896420405
70	27.3854214477
75	13.1457371262
80	10.123384392
85	2.32414603439
90	0.4
95	19.860740114
100	18.3550938741
105	5.31360924176
110	4.92047850044
115	13.9662637863
120	0.4
125	0.4
130	0.4
135	4.90412688641
140	18.78346529
145	0.4
150	0.4
155	12.480472553
160	0.4
165	13.5027158545
170	0.663711852386
175	0.4
180	3.69936633386
185	0.4
190	28.2296889302
195	9.41537591064
200	2.22875122087
205	0.4
210	0.4
215	6.91261225693
220	4.00626397909
225	29.3731473082
230	19.7415394189
235	9.96541788538
240	4.89359248352
245	0.4
250	9.42959577851
255	0.4
260	13.9797697989
265	0.4
270	16.0255129408
275	0.4
280	0.4
285	0.4
290	0.4
295	2.22491062284
300	4.523889942
305	2.84599366156
310	19.2838640005
315	0.4
320	0.4
325	0.4
330	22.4253807164
335	0.4
340	0.4
345	14.439686038
350	0.4
355	6.51382933745
360	4.05964991218
365	40.0293059951
370	2.4504995029
375	14.1333667026
380	10.2604547005
385	0.4
390	10.9762906121
395	0.4
400	7.84302601822
405	4.64739884901
410	1.15394511768
415	0.4
420	12.4423095238
425	3.34845092578
430	6.95411259035
435	0.4
440	4.26512660374
445	11.1839501896
450	0.4
455	3.13594806325
460	16.8871740126
465	0.4
470	13.8516603381
475	13.8405596906
480	0.4
485	6.85720610654
490	1.8191958861
495	11.8371294347
500	11.213374055
505	10.3571142208
510	16.2393428306
515	6.07923134794
520	0.4
525	8.53419613033
530	0.618229321262
535	0.4
540	12.6690571467
545	7.73204659297
550	6.25290888416
555	17.4855798057
560	0.4
565	8.01133012923
570	0.4
575	0.4
580	8.49217994807
585	11.7710027736
590	15.4731143198
595	6.1615557675
600	9.98474855623
605	0.4
610	0.4
615	0.4
620	0.902248410459
625	14.1707769704
630	5.87459714904
635	0.966685345516
640	13.7687496186
645	0.4
650	7.70712137204
655	4.23641336756
660	0.4
665	10.9848837013
670	11.1672534171
675	0.4
680	0.4
685	3.84867580952
690	3.49551854115
695	2.90493229908
700	11.867235478
705	0.4
710	21.0406541472
715	0.4
720	10.087582766
725	0.4
730	0.4
735	0.4
740	0.4
745	0.4
750	2.25544891564
755	10.7371129616
760	24.4357756681
765	5.86055370235
770	0.4
775	8.20093596177
780	10.0030188184
785	0.4
790	8.92633339292
795	11.3347000651
800	0.4
805	0.4
810	16.2855768209
815	15.008295633
820	7.11245572165
825	19.4550639454
830	0.4
835	18.3209556638
840	0.4
845	0.4
850	0.4
855	13.6727427229
860	0.4
865	0.4
870	0.4
875	12.5843908173
880	4.15305899919
885	9.93399715712
890	14.2831436675
895	6.83526863647
900	3.15589573179
905	4.78603068333
910	1.60947963027
915	2.18391391874
920	0.4
925	0.4
930	13.949466886
935	0.4
940	0.4
945	0.4
950	0.4
955	4.63102339193
960	2.0592543094
965	3.12405701753
970	19.8481771513
975	0.4
980	9.32753957092
985	0.4
990	0.80864455395
995	20.365758006
1000	6.8489044002
1005	0.4
1010	16.6512112262
1015	0.4
1020	0.4
1025	5.08237093198
1030	0.4
1035	1.80496631503
1040	9.15769329463
1045	1.20180011049
1050	4.50288461889
1055	3.70889146391
1060	11.718541826
1065	0.4
1070	0.4
1075	6.68056878664
1080	16.9080634234
1085	9.34027576383
1090	8.05829916371
1095	2.72203419517
1100	0.4
1105	11.0147671961
1110	0.4
1115	1.69858172288
1120	11.2825364669
1125	0.4
1130	0.4
1135	0.4
1140	6.06416505876
1145	9.12307093588
1150	15.7344383176
1155	6.02757250408
1160	0.4
1165	0.4
1170	0.891434725522
1175	8.03137592561
1180	0.4
1185	7.50455187454
1190	16.9784141982
1195	0.4
1200	1.04435972769
1205	8.88783010425
1210	0.4
1215	14.0820334242
1220	0.4
1225	17.773664546
1230	4.14780651862
1235	0.4
1240	19.9987389492
1245	1.54096320776
1250	0.4
1255	1.84023727608
1260	12.8185667497
1265	0.4
1270	0.4
1275	8.45467067798
1280	11.9582779215
1285	0.4
1290	22.9111295783
1295	32.3612501647
1300	0.4
1305	25.2509839117
1310	16.1522622779
1315	1.14293581487
1320	2.30458768595
1325	1.35993130276
1330	30.281198593
1335	6.14407792914
1340	21.9162924541
1345	0.955762309135
1350	4.21898725805
1355	0.4
1360	0.4
1365	7.78494984695
1370	0.4
1375	1.5916342208
1380	0.4
1385	23.4668871578
1390	10.7029487265
1395	11.517408327
1400	0.4
1405	0.4
1410	16.7406071902
1415	27.3137217478
1420	2.33238587297
1425	2.10202931354
1430	5.79907872329
1435	29.7160789915
1440	8.40599134994
1445	0.4
1450	0.4
1455	7.50034271396
1460	8.19559820164
1465	0.875417020478
1470	4.91515988557
1475	3.00896325054
1480	0.4
1485	0.4
1490	11.1534685773
1495	9.46546413709
1500	0.4
1505	0.4
1510	0.4
1515	0.4
1520	0.4
1525	5.30285672111
1530	0.4
1535	0.4
1540	16.7050825595
1545	0.4
1550	0.4
1555	0.4
1560	12.4697977001
1565	0.4
1570	10.7240786293
1575	7.73832226259
1580	23.2465173178
