0	4.57183400538
5	3.83609310008
10	4.90488108457
15	4.99036563272
20	2.79338791595
25	8.42863540969
30	4.18882287272
35	0.436496414201
40	2.41503715464
45	6.26403746035
50	5.55655131218
55	6.71708632846
60	0.4
65	3.91526709999
70	7.67287539018
75	1.21328262935
80	0.4
85	3.8439058213
90	2.73694990333
95	4.2564036639
100	4.97786688648
105	6.30596776131
110	7.10446462404
115	3.65980941169
120	6.4816949489
125	3.38617247517
130	4.51785072254
135	5.27622985364
140	0.762261804496
145	4.42985150551
150	5.55026278865
155	4.52444979475
160	1.27058496436
165	8.12818360956
170	2.8306789478
175	6.74391052631
180	6.00988638803
185	5.46524973353
190	4.98402451252
195	4.74133903787
200	2.59923565455
205	5.92774854091
210	3.2150414088
215	6.21873233568
220	5.27078448778
225	5.785205326
230	5.31813907548
235	5.00887967806
240	7.1828452731
245	0.4
250	0.4
255	5.53308263559
260	0.4
265	8.32988393784
270	0.417895141899
275	0.954225760845
280	7.70231282647
285	6.23605984752
290	6.65960327432
295	6.44486159189
300	7.31443107283
305	2.99447039427
310	2.76899423675
315	3.90531270057
320	8.83045837461
325	1.22929137137
330	3.18016892849
335	3.78785112284
340	3.97909784653
345	4.54424001767
350	6.14046092447
355	2.3779101235
360	7.85383600644
365	7.74180097096
370	8.4567413785
375	0.738682430727
380	6.00025069441
385	6.27896462147
390	2.61226858563
395	7.37176994482
400	2.98648844302
405	2.4518274348
410	1.7164753077
415	10.1596887173
420	8.51841315624
425	5.24249242102
430	8.23408908757
435	11.1332062655
440	4.59106288787
445	2.4358300371
450	0.4
455	5.80542867924
460	2.74441224928
465	0.4
470	8.17472719945
475	5.29736133344
480	6.96145762467
485	8.71738309113
490	4.24169200325
495	6.29968405815
500	4.51589274365
505	0.4
510	5.83288300417
515	4.87947928437
520	4.07705161189
525	8.54473068603
530	3.65880672237
535	5.22845975389
540	0.4
545	10.9611961662
550	3.67958443784
555	11.4462981955
560	4.52526035053
565	0.935883631702
570	6.77077129616
575	6.70447077573
580	2.24552391424
585	2.31479581432
590	1.54494399618
595	6.69768899794
600	2.69987501877
605	2.59791504463
610	3.53387860708
615	4.31928287389
620	6.05849059631
625	2.66370057241
630	10.1090959706
635	8.30051632331
640	4.62479690954
645	0.4
650	0.925947020428
655	0.4
660	3.64666404934
665	2.09734489779
670	3.56786894065
675	5.7496852212
680	6.52583904086
685	5.28227925825
690	1.98722206718
695	3.63709710091
700	9.5040835444
705	12.8973164393
710	0.4
715	4.97494281569
720	2.70670975717
725	0.4
730	0.536202464011
735	6.27450904484
740	2.30558212185
745	10.2570930828
750	5.60641098392
755	2.00104916782
760	11.0830098721
765	1.41503935923
770	3.44026082239
775	7.58072618701
780	0.4
785	6.5886843235
790	0.4
795	2.76742905381
800	0.4
805	6.21609480354
810	2.28896167878
815	5.44976293905
820	5.49388194719
825	9.07418117906
830	5.77792434706
835	4.07790968336
840	5.27158841944
845	4.71490719183
850	10.3950984422
855	5.61574335177
860	6.24680758566
865	5.63581164669
870	8.06693410991
875	8.34840032918
880	4.62990214193
885	5.1018043765
890	4.9333056189
895	5.19846446462
900	3.30741116131
905	4.92667958967
910	9.29944037119
915	0.4
920	3.6004681589
925	6.45245892337
930	10.6107282745
935	5.57511009385
940	0.4
945	1.41927805523
950	4.67974603357
955	0.4
960	5.6533607245
965	6.13953044813
970	5.65797634544
975	2.27390300776
980	6.27583253747
985	0.4
990	0.4
995	9.72361618251
1000	4.02850018396
1005	5.35781595512
1010	2.75648524613
1015	4.63185074874
1020	3.33483518436
1025	3.69969836719
1030	5.88614071786
1035	6.56854658815
1040	6.67530221004
1045	6.13219287237
1050	2.21823919001
1055	8.61209351786
1060	1.3911989858
1065	5.94700948261
1070	1.64091854866
1075	6.19101359496
1080	7.4321288421
1085	5.01623890121
1090	7.53428973665
1095	5.21654985721
1100	4.41536501282
1105	2.50747933046
1110	8.8791535416
1115	2.03204967005
1120	2.67432313901
1125	6.03091523051
1130	0.4
1135	8.44703492148
1140	2.33348503783
1145	6.74760289334
1150	3.81840084269
1155	0.601482090673
1160	4.71919870854
1165	2.80557957655
1170	5.76092805969
1175	8.38670698944
1180	5.79397017339
1185	4.1745095194
1190	5.15742278628
1195	6.85840359966
1200	4.48746383939
1205	8.49812255138
1210	8.96409440554
1215	8.40661266804
1220	4.15943345458
1225	3.81653221418
1230	3.56756913619
1235	4.33189187295
1240	7.70906817558
1245	3.75089335721
1250	6.37971031194
1255	2.9819735654
1260	7.29612274854
1265	6.07380981562
1270	0.4
1275	8.08054991437
1280	0.4
1285	9.42852921187
1290	2.34607916621
1295	3.20078405469
1300	0.4
1305	3.86026705352
1310	5.48151341583
1315	5.90340795713
1320	3.54605489742
1325	2.4362580454
1330	1.35294230169
1335	5.28743841553
1340	7.47486786364
1345	5.76730223034
1350	5.30872817152
1355	4.44415335331
1360	4.9457565479
1365	6.13389772286
1370	1.35506614614
1375	0.4
1380	4.36055280752
1385	4.97598729262
1390	7.1914945058
1395	0.4
1400	5.87705954222
1405	1.23205938636
1410	3.85665560415
1415	1.08740501549
1420	6.3644593119
1425	4.10756049983
1430	2.48525890661
1435	0.4
1440	10.5463435863
1445	1.2790542017
1450	3.92505802692
1455	3.53915362164
1460	5.58182304368
1465	2.12084005665
1470	0.4
1475	1.98375245669
1480	0.4
1485	1.99336416423
1490	1.74416412294
1495	2.03788280118
1500	7.61229127816
1505	6.11017541913
1510	8.52548065318
1515	1.4059297423
1520	5.4421521286
1525	4.41278157245
1530	5.73551457849
1535	0.4
1540	2.33467563121
1545	6.17598368426
