0	6.00560062272
5	5.36019150302
10	0.4
15	0.4
20	1.8190365135
25	12.6833699607
30	0.4
35	1.66110410998
40	0.4
45	2.97755634206
50	1.13181193541
55	6.48546868326
60	2.58113609318
65	2.46144347481
70	9.31378839505
75	9.17735511634
80	5.65335954289
85	1.38169806892
90	2.05451231783
95	0.4
100	0.4
105	0.4
110	0.4
115	1.92223077953
120	0.4
125	0.4
130	0.4
135	12.3834014531
140	0.4
145	0.4
150	0.4
155	0.4
160	3.81000607767
165	0.4
170	0.4
175	1.8055381961
180	13.397888234
185	10.655302541
190	0.462108607029
195	0.4
200	8.67987804728
205	12.6052927785
210	0.4
215	0.4
220	0.4
225	2.38681523637
230	12.2606189181
235	3.3444268139
240	1.30256251571
245	4.09626084833
250	4.07947995341
255	0.4
260	0.4
265	4.13205035589
270	13.9084292772
275	5.41160192024
280	5.2945791591
285	1.00565651598
290	10.2283804564
295	13.8534183951
300	2.12954861246
305	0.4
310	0.4
315	0.4
320	5.37861143469
325	10.3897411467
330	2.95134047784
335	3.8020582679
340	0.4
345	0.4
350	0.4
355	0.4
360	5.33040568582
365	0.4
370	7.60689905828
375	9.07807613725
380	0.4
385	12.210445483
390	7.21826819701
395	0.4
400	7.56012394503
405	0.477072268757
410	6.73562434776
415	0.4
420	0.4
425	7.05981687022
430	0.4
435	9.84991279068
440	19.4006442399
445	11.5092919618
450	4.24572760732
455	0.4
460	0.4
465	15.4192112638
470	0.4
475	2.27978104704
480	0.4
485	6.38063626637
490	3.12948369554
495	12.0698886745
500	7.57268146452
505	8.50805971859
510	2.33983110409
515	6.73971908416
520	15.3511716414
525	3.17129499727
530	0.4
535	12.0484017021
540	0.4
545	7.98418761658
550	0.4
555	0.4
560	4.86002871361
565	0.599359185616
570	9.93978246666
575	0.4
580	6.83277891554
585	13.6100702645
590	0.4
595	2.29436525986
600	0.4
605	0.4
610	0.4
615	0.4
620	0.4
625	1.85144655378
630	0.4
635	0.4
640	0.4
645	8.09454116644
650	0.4
655	6.29068707175
660	0.4
665	3.19435457915
670	0.4
675	16.0856402108
680	0.4
685	3.71650071265
690	0.4
695	8.96926460997
700	0.4
705	7.01164560163
710	0.4
715	0.4
720	2.52168997557
725	1.87375483961
730	8.13697956207
735	0.4
740	2.21812678959
745	0.4
750	0.4
755	2.59619341868
760	0.4
765	4.39267093691
770	1.88764368108
775	0.4
780	10.0717151746
785	0.569410565875
790	13.9740167208
795	7.68093670347
800	2.27646874345
805	8.63212397956
810	7.61405575107
815	6.36772810753
820	0.4
825	0.4
830	0.4
835	15.6679176827
840	0.4
845	6.07166121582
850	2.28894358885
855	0.4
860	9.46526553916
865	7.00416786356
870	0.4
875	0.4
880	7.51961942066
885	0.4
890	0.4
895	4.20278752181
900	8.56322783018
905	0.4
910	2.55978098477
915	4.11539357017
920	1.41368965833
925	1.74749175523
930	3.92796232122
935	1.40798530999
940	0.4
945	0.4
950	15.1456563097
955	2.6845600826
960	1.72109786487
965	0.4
970	0.4
975	4.6724402703
980	0.4
985	0.4
990	0.4
995	5.8693661065
1000	3.96079580348
1005	6.17168461624
1010	0.4
1015	4.36609823495
1020	7.60903878572
1025	3.16930755844
1030	7.77186692347
1035	2.72118947436
1040	0.4
1045	0.4
1050	0.4
1055	0.469232415114
1060	0.4
1065	0.4
1070	0.4
1075	0.4
1080	10.9220073693
1085	1.68807799238
1090	0.44065888112
1095	0.4
1100	15.7484720685
1105	0.4
1110	7.94451378794
1115	1.75169873348
1120	0.4
1125	4.3366859476
1130	4.45020172244
1135	7.84303500366
1140	0.4
1145	7.40503996046
1150	0.4
1155	1.26691245957
1160	5.30032150426
1165	3.48834656067
1170	1.89490253587
1175	0.4
1180	0.4
1185	8.81363617554
1190	0.4
1195	3.5477103712
1200	1.04314295665
1205	0.614095976557
1210	9.17254059089
1215	0.4
1220	13.7289779263
1225	0.4
1230	7.96589517143
1235	0.4
1240	14.3010293921
1245	5.11122024876
1250	7.45421861889
1255	10.0236356546
1260	0.4
1265	10.8886518847
1270	0.4
1275	0.4
1280	0.4
1285	11.846213524
1290	0.4
1295	0.4
1300	4.51120289447
1305	1.05564345092
1310	0.4
1315	8.48302026867
1320	0.4
1325	9.82383078617
1330	2.6010314875
1335	0.4
1340	5.94725893312
1345	3.18311587009
1350	0.4
1355	12.9948102557
1360	0.4
1365	11.6613700935
1370	1.9399175576
1375	0.4
1380	0.4
1385	4.133737707
1390	1.73541712256
1395	0.4
1400	0.4
1405	6.67310506587
1410	0.4
1415	1.26144593752
1420	0.4
1425	1.1244028272
1430	8.88359202994
1435	0.4
1440	0.4
1445	2.82908946646
1450	0.4
1455	11.2328852912
1460	0.4
1465	0.4
1470	1.92832663749
1475	5.62354900846
1480	0.4
1485	7.53169925961
1490	12.6219546899
1495	4.36406457777
1500	3.11979381825
1505	6.94432071817
1510	2.92971925273
1515	1.0483264999
1520	0.4
1525	7.50173709165
1530	0.4
1535	1.97994192493
1540	0.4
1545	5.29017599955
1550	0.4
1555	1.35295042222
1560	6.09269481922
1565	0.4
1570	0.4
1575	6.77230829875
1580	3.6501375472
1585	8.16972754228
1590	5.59331001451
1595	6.51251419659
1600	12.3211053997
1605	0.4
1610	0.4
1615	3.42128294796
1620	0.4
1625	9.43910452081
1630	14.5621877906
1635	8.78034223604
1640	0.4
1645	8.48902803367
1650	13.8302650293
1655	3.52264986763
1660	3.12410433173
1665	0.4
1670	3.25569311678
1675	3.23432569388
1680	0.4
1685	6.19698688989
1690	3.49627651754
1695	1.57266276515
1700	0.4
1705	0.4
1710	0.4
1715	3.86270227837
1720	0.4
1725	21.6319253545
1730	0.4
1735	3.88219018634
1740	9.06701969224
1745	4.64466253403
1750	10.2468170536
1755	0.4
1760	2.30629355501
1765	0.4
1770	0.485525665855
1775	4.74654295227
1780	0.4
1785	0.4
1790	0.4
1795	3.47977871434
1800	0.4
1805	6.72851137266
1810	2.87020301858
1815	12.7387396752
1820	7.81255295313
1825	0.4
1830	14.0061099546
1835	6.7102144833
1840	0.4
1845	0.4
1850	0.86158841154
1855	0.4
1860	3.90153599974
1865	0.4
1870	3.81945157731
1875	0.4
1880	11.9308695951
1885	15.3382598704
1890	17.2251260104
1895	3.36500343388
1900	0.4
1905	0.4
