0	4.92256764638
5	1.07020781209
10	3.40519356926
15	2.41165466375
20	6.19874121715
25	5.33041252939
30	4.53135371055
35	5.49996754781
40	5.33536443522
45	3.87007436556
50	2.51008214569
55	2.30021352616
60	7.61624164028
65	6.1649521324
70	3.8124418327
75	5.08273938903
80	5.59981179774
85	8.58616580597
90	1.06405596364
95	2.58117081544
100	3.49407071541
105	3.88395731528
110	1.65895506589
115	7.45911274904
120	6.92232304826
125	4.40036286638
130	3.3303099266
135	6.76998084074
140	8.87314192663
145	4.57221979153
150	2.68832669432
155	6.26121677666
160	5.32426326964
165	8.02353071633
170	9.09337804826
175	2.90246872288
180	2.08741611753
185	7.80704331866
190	5.57768291607
195	4.32990692704
200	9.95805933085
205	8.6428972771
210	4.57292813542
215	0.442445901448
220	0.642657585802
225	9.68710722455
230	2.90395511096
235	0.812504481105
240	5.21058812102
245	5.60842287668
250	7.91414148812
255	9.89962204195
260	2.73405064461
265	3.49067962293
270	2.11502323951
275	9.83220217112
280	1.69823348832
285	8.22034013691
290	1.80848308553
295	1.94251679803
300	5.34505901597
305	4.75926469639
310	2.36775335679
315	1.92820853016
320	5.89398952352
325	1.40215387181
330	0.4
335	4.92554059558
340	3.70479398109
345	8.97288972048
350	1.46408725873
355	5.80291163117
360	8.16243844801
365	5.06079637102
370	2.43384997953
375	7.80894805463
380	1.06147465385
385	2.58635423535
390	6.44256061647
395	8.47238467865
400	4.21420811695
405	2.05852143999
410	0.685634557074
415	7.94588919444
420	5.07754816739
425	5.01301021453
430	4.05160873563
435	1.88523149972
440	0.4
445	6.16775194063
450	6.88112442566
455	1.42703675585
460	7.10819090135
465	0.4
470	5.62503193741
475	4.11287999275
480	2.72391813259
485	2.39218993585
490	6.0063204559
495	5.95805544507
500	4.1444072624
505	2.28370614222
510	3.73777941691
515	0.4
520	5.70131425553
525	7.43456408691
530	3.65736214382
535	5.96961620958
540	4.84895301037
545	8.22757002498
550	7.9662065793
555	1.92616827506
560	2.57733447798
565	5.36972912899
570	3.49238095264
575	2.40229911227
580	3.77876875245
585	5.1037634112
590	2.67125874124
595	1.90296614424
600	5.29567490692
605	1.84588346941
610	5.61378713988
615	4.84425770826
620	6.14703499205
625	5.08240063189
630	2.34366020562
635	7.70622324901
640	8.08623445293
645	6.71817736323
650	10.6917642187
655	0.4
660	3.65920415312
665	8.34753161274
670	5.44295294917
675	4.45193314507
680	0.4
685	1.02998219596
690	2.44190402393
695	9.42920757234
700	0.4
705	4.80844704784
710	6.52667159305
715	1.54044645676
720	2.90282095925
725	7.03091811799
730	10.8615996656
735	4.71321785268
740	8.29966874847
745	3.66011998558
750	5.04265830498
755	7.94145053328
760	0.4
765	6.74720877305
770	0.689753476746
775	7.0964402326
780	0.4
785	5.81112160092
790	7.77865102337
795	2.22009721361
800	5.78695929309
805	12.7900261127
810	2.18615175613
815	8.69433648857
820	1.90321908916
825	5.90120129275
830	2.56596633964
835	4.69346631088
840	5.19502248045
845	4.07731593913
850	4.82194542765
855	4.52891511307
860	6.34656783625
865	6.06256733418
870	0.4
875	4.69120531056
880	2.23854806417
885	7.02540465876
890	1.10329344308
895	7.11331200913
900	9.15003461253
905	2.38299339157
910	4.17862041753
915	0.881182321841
920	2.95238861357
925	2.5957266397
930	9.55863292823
935	6.34146770843
940	5.10329110442
945	1.48350883289
950	0.4
955	4.33292814442
960	3.15859879405
965	2.26766881244
970	8.24742679642
975	4.72044849223
980	5.9629804466
985	9.78915169663
990	5.0725639353
995	1.91451420541
1000	6.57269941335
1005	5.26474767441
1010	1.91276166787
1015	1.1719360868
1020	7.46631195641
1025	8.23274822029
1030	3.30612594412
1035	3.08073187158
1040	7.0257471233
1045	5.43432259125
1050	5.20574752355
1055	4.0878111707
1060	1.95595022045
1065	4.09725673182
1070	4.81220018447
1075	4.31865789045
1080	7.98859681231
1085	5.02741278887
1090	6.20702208673
1095	6.22378868521
1100	7.75374773326
1105	10.4151247341
1110	3.08236720343
1115	6.68632960874
1120	4.72858924985
1125	3.72132341659
1130	3.66520291177
1135	4.51639123909
1140	0.4
1145	10.8335642023
1150	4.23810261547
1155	7.75693998691
1160	9.50647108203
1165	7.43691390996
1170	0.704284020089
1175	3.76736760788
1180	2.92791923709
1185	7.03719276719
1190	4.19589406252
1195	10.3930284668
1200	5.30031059346
1205	6.73523913287
1210	2.41164335676
1215	0.4
1220	5.88018602787
1225	2.95541136852
1230	6.43284681711
1235	2.09183970432
1240	0.970767625129
1245	5.82061375822
1250	6.95708191908
1255	5.08271036492
1260	5.97671261641
1265	5.49571902335
1270	5.21007252351
1275	2.04660637167
1280	2.15974867356
1285	3.33060103436
1290	5.49838520182
1295	4.74526610534
1300	3.84368775765
1305	4.53973518951
1310	3.55587186153
1315	2.97127865696
1320	8.7777792328
1325	0.80255164013
1330	3.44198651463
1335	4.98889110655
1340	7.7960579582
1345	5.56292067587
1350	5.04611341582
1355	0.4
1360	4.3586667927
1365	0.4
1370	0.4
1375	0.4
1380	5.38213858412
1385	6.19320992488
1390	4.73551652842
1395	6.44392089382
1400	3.32994397684
1405	4.61719226046
1410	3.28430529149
1415	0.987152317126
1420	4.55651537444
1425	6.93212031224
1430	7.05979533573
1435	3.35693846132
1440	2.72532242347
1445	7.41257097538
1450	5.40808707866
1455	4.69729940062
1460	3.34224342641
1465	2.889640748
1470	3.02518006404
1475	2.75565209555
1480	2.63106718837
1485	1.27587793615
1490	5.21827301459
1495	3.88513370557
1500	3.75866270053
1505	6.53928355756
1510	4.85281083946
1515	1.10670042666
1520	3.22235876415
1525	2.34963158517
1530	3.79554762539
1535	3.39937519848
1540	5.54862622862
1545	4.9152811556
1550	7.74530638603
1555	5.43351164577
1560	2.84287112117
1565	2.94057292479
1570	9.32236805527
1575	8.20460544062
1580	7.03735415891
1585	5.30608126521
1590	8.45708685098
1595	6.25686380183
1600	4.01109954011
1605	4.11041875423
1610	5.61784163069
1615	0.989731715298
1620	6.11892919418
1625	4.11093098077
1630	4.97184048385
1635	2.34086946244
1640	4.46600241826
1645	2.51697402629
1650	4.64052957227
1655	2.31900167818
1660	7.91173433599
1665	0.503289644137
1670	5.61438350596
1675	0.923654480474
1680	6.06633439622
1685	6.34471437828
1690	2.35557022228
1695	6.71096934056
1700	9.80380785372
1705	2.82097867554
1710	5.90120576674
1715	6.40973718595
1720	4.66912404206
1725	1.64508221644
1730	2.11817534357
1735	8.79825152283
1740	1.49662217843
1745	0.4
1750	7.52737523765
1755	8.08786005426
1760	8.14506364383
1765	1.75028243903
1770	6.7440751678
1775	6.17886747854
1780	0.4
1785	11.1966907888
1790	6.1412648722
1795	3.06332729513
1800	4.48167670201
