0	10.1212823284
5	4.64985424949
10	13.7389904402
15	7.63891580798
20	6.5746809569
25	4.8623118399
30	17.3469164985
35	5.43328575484
40	6.17594454702
45	20.4779275166
50	19.0728992402
55	7.7947560285
60	11.6030132844
65	22.7055441483
70	11.4556092275
75	1.16491326199
80	8.57585917885
85	14.365839546
90	7.54438045628
95	13.3792933841
100	2.17393621411
105	23.0547801291
110	12.8757342233
115	20.4720881307
120	24.3687139635
125	17.5406232338
130	2.83595475134
135	14.0068627765
140	2.25529905809
145	4.50624649283
150	0.4
155	0.4
160	18.2081393217
165	11.3652981669
170	4.02604918921
175	15.0181250791
180	13.0968941839
185	2.22297547387
190	19.543046272
195	14.1949635874
200	8.33562100854
205	17.2343096672
210	12.295845462
215	9.2076440426
220	9.81450630515
225	15.8965139983
230	15.6733318647
235	11.2625914594
240	12.0156679968
245	8.1656849353
250	21.6676086156
255	9.22451444765
260	8.60517988222
265	9.54746267408
270	14.4506601988
275	15.2703167671
280	1.86961546676
285	15.5350956125
290	8.48783386691
295	16.6053501177
300	27.2991750384
305	10.6310283902
310	11.8642283107
315	7.89264806718
320	8.74090489931
325	19.2367378812
330	0.4
335	19.7651177144
340	3.37185928274
345	1.85853769475
350	7.43118714385
355	10.4661689058
360	27.3107178511
365	15.6541756272
370	19.0084927799
375	14.2562938774
380	18.6470176075
385	18.0258553618
390	21.036900792
395	16.7570271645
400	7.11574236777
405	19.5596807829
410	3.55012265538
415	11.6033509134
420	18.0062354462
425	9.50578879481
430	16.5025819308
435	6.98592718084
440	21.920643748
445	22.6999192993
450	16.4230981801
455	4.65866295669
460	10.6819777628
465	9.72412461447
470	25.1696361156
475	0.4
480	15.7277494631
485	32.6962988793
490	3.43883284059
495	17.4491239287
500	9.24445200601
505	15.0645570742
510	16.4589635135
515	9.88206893558
520	5.61760957672
525	22.4835010774
530	6.29863827535
535	9.35193315072
540	22.7512190844
545	0.4
550	12.3993671259
555	5.66091661066
560	15.3292134434
565	16.1035398392
570	8.68771075386
575	6.48737210172
580	9.42803795096
585	13.5777671852
590	12.9541226261
595	12.1884617435
600	14.2205007978
605	11.3527816886
610	23.1253165543
615	0.4
620	11.3009050074
625	16.5856405814
630	12.5454412752
635	14.7795341485
640	3.60853345897
645	7.90333381418
650	4.86808682298
655	0.4
660	16.8416719197
665	0.4
670	0.4
675	12.9597057561
680	12.3521543515
685	12.502400355
690	13.80693611
695	4.06902111939
700	11.0920816687
705	13.2773244596
710	15.413882808
715	1.94352596499
720	8.88171397729
725	8.57850081246
730	8.08668204217
735	8.96023771507
740	10.5016821944
745	21.9899321299
750	10.4521871577
755	4.45664033703
760	13.535918333
765	12.9280064785
770	18.510608241
775	6.39729063665
780	19.1705912556
785	15.7784157143
790	3.78021530769
795	7.65615270197
800	9.42504723137
805	9.64018967921
810	12.0088649396
815	1.75319478852
820	13.0024664756
825	14.3631444749
830	6.09741092051
835	7.62792719609
840	7.22419563383
845	10.2697295273
850	11.7523368254
855	7.64646522284
860	10.8127432877
865	8.63343856948
870	6.78585852504
875	6.83463684418
880	7.79294597341
885	17.3198410467
890	0.4
895	12.5949967427
900	34.0599639449
905	20.1799510696
910	3.91684618787
915	16.5911101502
920	20.0007748439
925	16.0745810949
930	17.0642701049
935	25.5258544657
940	2.26643682043
945	0.4
950	3.81220188853
955	13.647194717
960	0.4
965	3.05966411134
970	14.5716323176
975	8.00793547617
980	10.26639966
985	16.4275554094
990	3.58872278306
995	7.60066953828
1000	16.2167225416
1005	16.6451688608
1010	8.91938238591
1015	9.78922732838
1020	2.10740356033
1025	18.4926482787
1030	10.2797270847
1035	4.24850345982
1040	19.0044401063
1045	6.26107528208
1050	8.51714250088
1055	15.0347957588
1060	0.4
1065	11.6476871883
1070	5.83780362492
1075	14.9945469895
1080	6.26880402909
1085	9.26860875718
1090	10.8194996761
1095	26.5427422068
1100	2.07713826966
1105	15.2322739869
1110	9.74193781349
1115	14.917884883
1120	7.52502401755
1125	19.6034727792
1130	5.17795517194
1135	0.4
1140	22.5322674804
1145	14.2174358373
1150	0.4
1155	15.241773411
1160	18.7238373305
1165	13.2507272308
1170	17.0823378419
1175	7.60421364416
1180	35.839656165
1185	22.3165721189
1190	0.4
1195	6.98560830357
1200	9.6994230114
1205	23.0821789069
1210	0.4
1215	14.6773998426
1220	6.31306196358
1225	12.782574413
1230	5.46722459405
1235	7.9153973189
1240	7.09033208396
1245	14.6843046705
1250	19.9720013029
1255	19.5179672875
1260	6.51124535181
1265	21.0495562464
1270	2.90213041089
1275	11.5157109262
1280	12.6176367107
1285	13.5201229474
1290	4.60498009715
1295	18.8035353776
1300	5.57417362202
1305	4.87321249411
1310	13.341677652
1315	12.0805208758
1320	15.7173682471
1325	19.7048430459
1330	0.4
1335	15.0063212112
1340	14.0978100413
1345	15.5450679596
1350	10.4149416031
1355	10.8838065513
1360	14.097413453
1365	20.0599115336
1370	15.9910853215
1375	30.2517115287
1380	5.48853023874
1385	10.4033490182
1390	2.38904371656
1395	16.0819112388
1400	11.1124488417
1405	5.93897022966
1410	16.6711109993
1415	7.01959261151
1420	17.7779924542
1425	5.82431088592
1430	12.5171079279
1435	23.0532068305
1440	16.9432473354
1445	6.78876749316
1450	13.9321468414
1455	1.39571456194
1460	0.4
1465	1.32536083024
1470	14.2000358873
1475	18.2891507669
1480	17.3656275497
1485	13.3136917965
1490	14.2796282239
1495	0.4
1500	4.39319043392
1505	2.82614554495
1510	25.739083221
1515	0.464355402344
1520	16.9287478173
1525	14.4412147873
1530	16.1433574384
1535	2.73168899276
1540	25.6083668704
1545	18.201084021
1550	0.612652285908
1555	0.613550470582
1560	1.09406283726
1565	17.3515626327
1570	18.2150919266
1575	23.6839172408
1580	14.8468314104
1585	14.8526477587
1590	4.62108222821
1595	14.924510357
1600	8.24182634086
1605	0.4
1610	0.4
1615	11.6142973412
1620	12.2771727184
1625	6.00415074772
