0	4.85459212455
5	0.4
10	9.12028039101
15	3.38976561479
20	0.4
25	0.4
30	3.50232902208
35	0.4
40	0.4
45	0.4
50	6.36345351204
55	0.4
60	0.4
65	0.4
70	4.28596150098
75	8.18721368323
80	9.41054267928
85	4.55029175929
90	2.4985118736
95	0.4
100	7.92118021495
105	3.70567561045
110	12.6330661386
115	0.4
120	0.4
125	4.05542609824
130	0.4
135	5.74218516912
140	2.12992971173
145	4.56635919121
150	8.82949122412
155	0.4
160	6.4648573842
165	2.96014949983
170	4.81048346036
175	0.4
180	7.07897379582
185	0.519980400999
190	3.01106547388
195	0.4
200	0.4
205	3.54360517493
210	0.783171765649
215	0.4
220	1.47951066771
225	0.4
230	0.4
235	7.15104943838
240	6.28160687837
245	12.4979508658
250	0.85674739018
255	0.4
260	0.4
265	3.77594281399
270	5.58745945006
275	0.4
280	8.59401787341
285	0.4
290	0.4
295	4.54539598645
300	6.53948772718
305	4.22609640062
310	0.4
315	0.4
320	12.0794367962
325	0.4
330	5.25670250131
335	0.4
340	8.11878795848
345	0.4
350	5.20677783288
355	3.75977242503
360	8.79870632876
365	0.4
370	0.4
375	2.8490259874
380	0.4
385	0.4
390	1.29793179024
395	0.4
400	0.4
405	1.76977916493
410	0.4
415	2.02753473893
420	3.13050104494
425	5.04114912721
430	1.1252441477
435	0.4
440	6.38489931158
445	9.59212088889
450	1.48261783331
455	1.06807673328
460	0.4
465	1.38219424824
470	3.55338131252
475	0.4
480	0.4
485	11.6249765699
490	5.47004481429
495	0.416867805541
500	3.69224865114
505	0.4
510	0.4
515	0.4
520	4.29142405547
525	0.941682231253
530	6.68597699615
535	0.4
540	2.3594368447
545	0.4
550	0.514760417371
555	3.09401221855
560	0.4
565	2.67812586071
570	9.67371267116
575	0.4
580	2.60413657982
585	0.4
590	0.4
595	0.4
600	3.26783822913
605	0.4
610	9.35813176936
615	6.93220344666
620	4.65209545596
625	0.4
630	0.4
635	0.4
640	1.45318933196
645	2.92113189353
650	0.4
655	6.47419693249
660	0.4
665	0.4
670	0.4
675	0.4
680	0.634726273467
685	3.3221176454
690	10.3124049818
695	0.4
700	6.36537323433
705	0.4
710	0.4
715	2.7698992147
720	3.68984299887
725	2.93928489674
730	0.4
735	4.18746105802
740	5.568918254
745	6.69586709092
750	3.34748346931
755	0.4
760	4.96160266133
765	0.4
770	6.80940356229
775	0.505705093299
780	0.4
785	0.4
790	0.4
795	1.10531956775
800	0.4
805	1.71946774592
810	1.46477714668
815	0.4
820	1.44593202182
825	8.85858117655
830	3.45210415017
835	0.4
840	3.73951582612
845	17.1694361421
850	4.21796776274
855	1.84079573615
860	0.4
865	5.95201558586
870	3.91502674565
875	1.5713630638
880	8.2329418316
885	0.688112708768
890	3.05918106545
895	8.97441613521
900	10.2894646171
905	0.496694959189
910	0.4
915	0.4
920	0.4
925	0.4
930	0.4
935	0.4
940	0.4
945	7.39540531271
950	0.4
955	0.4
960	0.4
965	0.4
970	5.5905973248
975	5.35254422914
980	7.14827571179
985	0.4
990	5.50202055756
995	2.38022664173
1000	7.77549205996
1005	4.3903180119
1010	0.4
1015	0.699212493269
1020	6.62119638159
1025	4.45249119348
1030	0.554585850714
1035	4.89218403106
1040	6.14322588739
1045	3.80467730742
1050	0.4
1055	1.79518099036
1060	2.36989543325
1065	6.48544419486
1070	1.87601926759
1075	0.4
1080	0.574295633237
1085	0.4
1090	1.32634527272
1095	7.6862005499
1100	4.53461415526
1105	0.737959548522
1110	0.4
1115	8.77194015
1120	1.15168650589
1125	6.02765378582
1130	0.769841116347
1135	0.4
1140	2.78264993535
1145	9.64508986253
1150	12.1142318896
1155	2.51594736014
1160	2.63107114665
1165	6.58371145259
1170	2.95981462
1175	0.4
1180	1.15375830851
1185	0.4
1190	5.12756756769
1195	0.4
1200	7.72151011636
1205	9.07563665205
1210	7.38820474693
1215	5.09597323704
1220	0.4
1225	3.3388372243
1230	0.4
1235	0.4
1240	0.4
1245	0.4
1250	0.4
1255	11.4444939042
1260	0.4
1265	2.5285559678
1270	2.81685522318
1275	3.62911465238
1280	0.4
1285	0.4
1290	4.03007858901
1295	0.4
1300	0.4
1305	3.9671479343
1310	0.4
1315	0.4
1320	3.16415309523
1325	0.4
1330	0.4
1335	3.9130969688
1340	0.4
1345	0.4
1350	2.07488748051
1355	2.49301132318
1360	1.77370560255
1365	3.04881394531
1370	12.327382476
1375	7.23261828057
1380	0.4
1385	0.4
1390	0.4
1395	0.4
1400	2.37273829806
1405	2.6730656394
1410	5.36343299619
1415	0.4
1420	0.4
1425	0.4
1430	0.4
1435	6.06896227099
1440	0.4
1445	11.1209334014
1450	0.4
1455	8.31394710824
1460	2.69958997392
1465	8.20982707695
1470	0.4
1475	5.27569816987
1480	0.4
1485	1.91446456442
1490	0.4
1495	2.13683886734
1500	0.645604347691
1505	1.09760712581
1510	4.63199730235
1515	0.4
1520	5.27100724636
1525	1.22332026952
1530	6.13145337506
1535	4.63971831907
1540	0.4
1545	5.80949498849
1550	0.4
1555	3.34470272838
