0	2.58888389112
5	0.4
10	1.10146032212
15	1.10068244126
20	8.00077479407
25	0.4
30	2.11188858045
35	3.23206693617
40	2.89700097305
45	0.4
50	3.99701569767
55	0.611145165793
60	0.4
65	0.4
70	4.04333442342
75	3.42353447849
80	0.641814398337
85	2.95954330583
90	2.69471983104
95	0.4
100	4.24642594805
105	0.4
110	0.4
115	3.58518040184
120	0.4
125	0.4
130	0.4
135	0.4
140	0.4
145	4.55911973993
150	2.41742990029
155	0.4
160	2.19145174501
165	0.4
170	0.4
175	0.4
180	4.59062030442
185	6.7493774351
190	4.62008666654
195	2.05903518556
200	5.71582711672
205	5.10388575896
210	2.34993293536
215	0.4
220	2.15474335362
225	5.65782320132
230	4.29595511075
235	0.4
240	0.690369511892
245	0.835615559829
250	0.4
255	0.4
260	3.76519367674
265	1.02868737206
270	0.4
275	4.14310874623
280	1.4181835414
285	3.33769749671
290	1.29692300383
295	3.68113606022
300	0.799782761173
305	5.03977559856
310	3.38728193669
315	4.27408793208
320	3.76265125372
325	3.07894445622
330	2.75815975426
335	3.22445955191
340	0.4
345	0.4
350	1.62173078064
355	0.4
360	1.56946564786
365	5.60306084189
370	1.92004605979
375	0.4
380	1.52048708327
385	1.26634833517
390	1.53509783082
395	1.09105604733
400	2.74517823197
405	4.20132261151
410	4.89422599904
415	0.69801667654
420	0.4
425	1.30942992304
430	0.4
435	0.4
440	0.597250969765
445	3.00071449311
450	0.4
455	0.4
460	1.61617580383
465	1.54254174995
470	0.4
475	0.4
480	2.03993889027
485	0.4
490	3.58406656751
495	0.4
500	1.82086552373
505	0.911888334921
510	1.58078093297
515	4.95426133613
520	2.05922700738
525	2.87272780015
530	2.31787831308
535	4.57697202608
540	2.67851388647
545	3.20245628529
550	0.4
555	0.4
560	0.497127959975
565	0.4398739576
570	5.42618186304
575	9.7392773401
580	1.61911962126
585	1.74992283718
590	4.41138662263
595	3.38186977039
600	1.35231095639
605	0.523959851794
610	0.4
615	3.45803559851
620	3.64245846503
625	3.37445458971
630	3.1497418523
635	0.4
640	1.12249736587
645	2.76736526682
650	4.29237643961
655	2.9242183626
660	4.62329515944
665	0.4
670	0.4
675	1.17571728858
680	0.400080326408
685	0.4
690	2.76286500845
695	2.60714124118
700	5.10489291986
705	2.63390674857
710	1.25137446023
715	0.4
720	0.4
725	3.15843965899
730	1.09928161093
735	5.72745975003
740	0.4
745	3.53595460594
750	0.4
755	1.86474892615
760	0.4
765	2.53382777279
770	4.81821850541
775	0.4
780	0.626051772769
785	2.30866509954
790	5.60524256288
795	1.72163181876
800	2.3806225704
805	8.18231529765
810	4.23807466096
815	0.4
820	0.4
825	3.14312416497
830	0.4
835	2.20227691255
840	2.01342616418
845	0.485326424202
850	0.4
855	0.623120189312
860	3.00489073181
865	2.19801166152
870	0.4
875	1.89857330681
880	0.4
885	4.95611598619
890	0.4
895	0.4
900	6.13083134509
905	0.4
910	1.80313643666
915	3.14460963159
920	3.12027518049
925	1.1972396377
930	0.4
935	5.74510008925
940	2.30590063169
945	2.39307883692
950	2.12787106255
955	3.90202880976
960	0.4
965	3.59509676988
970	0.595291789486
975	1.21087754911
980	0.4
985	2.08507214486
990	4.25588335887
995	2.37016289018
1000	4.58778257912
1005	0.4
1010	0.827918595383
1015	0.4
1020	0.4
1025	3.78584509993
1030	2.1840293146
1035	3.68514624654
1040	6.2645989647
1045	0.4
1050	0.4
1055	3.88581783567
1060	1.24694763144
1065	2.93228845789
1070	0.4
1075	0.879330914525
1080	0.736449656447
1085	1.85522372099
1090	0.4
1095	1.30842714217
1100	2.59157287769
1105	1.20166157442
1110	3.40818938542
1115	1.03614968209
1120	6.99016640382
1125	0.4
1130	3.31789206324
1135	2.36279848809
1140	2.02154584968
1145	0.4
1150	0.965231405621
1155	4.58748212626
1160	0.4
1165	0.4
1170	3.93964081187
1175	2.98357112269
1180	1.12076170189
1185	1.18192459007
1190	0.4
1195	4.40500203144
1200	2.76723704305
1205	0.540123699667
1210	0.4
1215	0.4
1220	0.4
1225	3.05142722766
1230	0.4
1235	0.4
1240	2.58127341509
1245	3.07078246469
1250	1.18202198539
1255	1.08668420521
1260	4.93696053606
1265	4.27457023398
1270	0.812940719003
1275	3.53071801126
1280	4.56198572211
1285	2.63911640489
1290	2.07093239463
1295	4.31354959482
1300	5.25787273492
1305	3.29231538677
1310	4.27307395611
1315	4.15018676423
1320	4.19729779326
1325	4.44790549214
1330	1.42887868038
1335	0.514780333314
1340	0.716038410337
1345	0.4
1350	0.875420791422
1355	0.4
1360	6.01788057453
1365	0.835609497993
1370	3.46466266601
1375	2.65162818479
1380	0.4
1385	0.4
1390	5.08143535187
1395	2.42644985208
1400	0.4
1405	0.925918323493
1410	4.64215446867
1415	0.664955612093
1420	1.39796477166
1425	3.23474051664
1430	4.29052941354
1435	4.81331280994
1440	5.24645757107
1445	2.98325197826
1450	0.4
1455	0.4
1460	5.60339612959
1465	2.68630973933
1470	0.4
1475	7.50072980618
1480	2.29230956733
1485	3.83350365049
1490	2.216863295
1495	0.4
1500	0.4
1505	0.4
1510	0.4
1515	2.81133648346
1520	2.76355166475
1525	0.4
1530	3.74406999461
1535	0.4
1540	0.4
1545	0.725666416811
1550	0.4
1555	0.4
1560	7.53938731572
1565	3.53243174339
1570	0.4
1575	1.03644149351
1580	0.4
1585	4.20637455716
1590	0.4
1595	0.4
1600	0.4
1605	3.61161928521
1610	7.61993148064
1615	1.71229022411
1620	7.22601493083
1625	0.4
1630	0.880059988261
1635	1.29759758302
1640	2.5045463167
1645	1.69511351524
1650	0.4
1655	4.58567953334
1660	0.97764440528
1665	2.8730867826
1670	4.89410495405
1675	0.52451561214
1680	3.12424289812
1685	1.13220683669
1690	0.4
1695	0.4
