0	0.4
5	1.7344118381
10	5.9853438683
15	7.47615756429
20	0.4
25	0.4
30	0.4
35	3.04038119676
40	2.97838062465
45	0.4
50	0.4
55	0.4
60	7.003165725
65	1.95234248499
70	8.01918710501
75	0.4
80	0.48838740654
85	3.61903033093
90	2.72083546886
95	2.90930580628
100	0.4
105	7.17113355564
110	6.50079286958
115	0.4
120	0.4
125	0.4
130	6.93931666517
135	10.9184877981
140	0.4
145	0.4
150	4.89708842672
155	0.516795810164
160	0.4
165	0.4
170	0.4
175	6.8591763336
180	11.3407346039
185	6.89960839853
190	5.74493010031
195	0.4
200	3.14039669193
205	2.828657204
210	10.2713700768
215	2.44223170104
220	0.4
225	3.45517571906
230	5.05764188506
235	0.4
240	1.39292034441
245	0.544473079561
250	12.4315050646
255	0.4
260	0.4
265	0.4
270	0.4
275	2.14975255788
280	6.44165978426
285	22.4945767473
290	1.51830420719
295	5.53350595249
300	0.4
305	2.92367436809
310	0.4
315	4.30538916925
320	0.4
325	0.4
330	0.4
335	5.16792953187
340	0.4
345	0.4
350	0.4
355	3.34300249862
360	1.44514018824
365	0.4
370	0.4
375	0.4
380	0.4
385	0.4
390	0.4
395	7.88693831103
400	0.4
405	10.4068540846
410	0.4
415	0.4
420	10.1753603768
425	6.11643794132
430	0.4
435	0.4
440	0.4
445	19.972407538
450	8.23471967628
455	1.79302952113
460	10.0201754216
465	0.4
470	3.58698098755
475	5.7081698608
480	0.4
485	0.4
490	0.4
495	10.6489355713
500	8.82138599963
505	7.46058206468
510	6.08484680141
515	0.4
520	6.19024028849
525	0.4
530	0.825756367885
535	12.2024658929
540	15.1031306551
545	0.4
550	0.4
555	5.72105734958
560	5.28318769353
565	0.721677483529
570	0.4
575	0.4
580	0.4
585	3.32542290333
590	6.97338135178
595	0.4
600	3.63918684516
605	0.4
610	0.4
615	0.4
620	4.54577508347
625	0.4
630	12.9823928801
635	0.4
640	9.00355461718
645	4.40907291202
650	0.4
655	0.4
660	5.39441119838
665	8.02349365851
670	6.33653768436
675	0.4
680	0.4
685	0.4
690	0.4
695	0.4
700	0.4
705	0.4
710	0.4
715	1.88682579633
720	0.4
725	0.4
730	12.4170857305
735	9.58315053879
740	0.4
745	0.4
750	0.4
755	9.17579312195
760	0.4
765	4.5153508121
770	0.4
775	0.4
780	0.4
785	0.4
790	10.9743518652
795	3.71427105633
800	7.50406937919
805	0.4
810	2.94713928905
815	9.55564451702
820	5.05585754077
825	0.4
830	12.3399599396
835	15.2333336643
840	0.450123991721
845	0.4
850	8.45128415141
855	15.7251446594
860	0.4
865	6.93706177549
870	0.4
875	0.4
880	1.69220493085
885	5.98658582244
890	0.4
895	8.08528363189
900	0.4
905	0.4
910	0.4
915	0.4
920	9.08708488378
925	0.4
930	0.4
935	0.4
940	0.4
945	0.4
950	8.61913673735
955	0.4
960	0.4
965	0.4
970	8.19428501609
975	4.99138674529
980	0.4
985	0.4
990	0.4
995	2.64483048565
1000	13.5445869187
1005	1.50189596572
1010	1.20411249826
1015	0.4
1020	0.4
1025	0.4
1030	7.41601314814
1035	0.4
1040	6.89785319994
1045	4.79714477858
1050	8.1498114656
1055	0.4
1060	4.36239749815
1065	0.4
1070	0.4
1075	0.4
1080	0.4
1085	1.84848208289
1090	0.4
1095	0.4
1100	2.74778671266
1105	0.4
1110	1.60113881246
1115	0.4
1120	10.5542077341
1125	0.4
1130	0.4
1135	4.97586746304
1140	0.4
1145	5.0094419089
1150	0.4
1155	0.4
1160	9.51604115726
1165	6.50038814241
1170	0.4
1175	1.66509189295
1180	5.71458550627
1185	9.45150600061
1190	0.4
1195	0.4
1200	0.4
1205	7.1793717501
1210	0.4
1215	4.50195002492
1220	8.62342025027
1225	0.4
1230	13.8985929764
1235	0.4
1240	7.36425948058
1245	5.77176014211
1250	0.4
1255	1.87108010357
1260	0.4
1265	1.53683859975
1270	0.96514947
1275	0.4
1280	0.4
1285	15.9380142473
1290	5.89874154471
1295	0.4
1300	2.74485954203
1305	0.4
1310	0.4
1315	3.3116773511
1320	2.97142292246
1325	0.4
1330	0.4
1335	4.82111371371
1340	0.4
1345	0.4
1350	0.4
1355	0.4
1360	0.4
1365	0.4
1370	5.62721421
1375	2.96181627001
1380	0.4
1385	0.4
1390	10.712433657
1395	2.22758194129
1400	0.4
1405	0.4
1410	1.81053495876
1415	0.4
1420	0.4
1425	0.4
1430	1.27496153267
1435	0.4
1440	3.6937382344
1445	6.10350755463
1450	0.4
1455	3.69171060369
1460	10.0212461007
1465	0.4
1470	1.36026373158
1475	5.61765454925
1480	0.4
1485	0.4
1490	0.4
1495	0.4
1500	3.25003663986
1505	5.24504791944
1510	17.6415410795
1515	0.4
1520	0.4
1525	0.4
1530	8.84476679067
1535	0.4
1540	0.4
1545	1.36244300078
1550	3.78438164145
1555	5.43962614879
