0	4.82372779282
5	7.06234449222
10	4.15926480599
15	7.18380686438
20	2.37320213472
25	9.50785319957
30	2.91128534005
35	5.88549167132
40	9.25750621284
45	9.48450242729
50	4.02285253697
55	3.72676589308
60	9.2065529298
65	7.91755287091
70	4.27875192834
75	7.27442741646
80	5.83238774823
85	7.07846886236
90	8.06829013237
95	10.6076491136
100	4.1195205501
105	2.02950365236
110	5.73558534008
115	9.46910915776
120	8.49780623982
125	7.38182384616
130	4.73415514793
135	7.8661858483
140	8.588657991
145	10.9001582376
150	4.78051389973
155	6.61359460621
160	8.10534074027
165	3.87103637252
170	3.74695999982
175	9.22180102173
180	8.00537725244
185	7.08994239456
190	6.70899022396
195	7.82722906291
200	5.9823127704
205	8.54375849809
210	5.34672051807
215	7.6393175192
220	7.12436709627
225	5.6922915999
230	5.25205836155
235	6.26454360464
240	9.58172151073
245	8.25237499704
250	3.93109076547
255	6.76143641509
260	7.93561480747
265	6.57225250621
270	4.78152650899
275	11.2123297041
280	7.41174699205
285	4.92516219796
290	8.8316911582
295	6.10630508454
300	9.73551500252
305	8.62474757154
310	9.5294783209
315	11.4786859378
320	8.45391048029
325	7.53456448976
330	6.94826128483
335	6.40560353056
340	6.08486706016
345	4.83459728525
350	7.51597946095
355	8.2262815644
360	8.17267867812
365	4.02710497301
370	5.7568647468
375	6.07527532548
380	5.58142603809
385	9.95178958703
390	10.3430421927
395	4.34689443633
400	5.63682176861
405	3.29828450163
410	3.44859946976
415	8.03362370434
420	8.13968495713
425	11.6297013794
430	8.44782733252
435	6.27121444818
440	8.71411356147
445	2.74245129782
450	5.70287704062
455	6.80489180066
460	3.00792993897
465	6.38160888956
470	6.67420484623
475	7.45197500368
480	7.96229658055
485	9.3850077739
490	7.1463035397
495	4.49243114049
500	12.1906301788
505	10.3704203047
510	7.659964437
515	7.49575078561
520	8.1977342895
525	4.25230380523
530	7.671226643
535	7.59526523062
540	8.60905986963
545	8.81368953587
550	3.50573387044
555	9.1170648661
560	8.51118508327
565	10.4525113347
570	8.31850771492
575	5.4860745245
580	8.40113451017
585	4.79126967953
590	8.82844733526
595	7.02942502727
600	8.29855224592
605	10.0591766127
610	7.95327217785
615	6.11368562423
620	4.93103565246
625	7.15851032896
630	8.35005176348
635	8.08267230262
640	7.75942520222
645	4.91247568153
650	7.57599802165
655	9.37944436033
660	8.98252885565
665	7.22063840836
670	4.24873706034
675	8.31697047723
680	10.5552123286
685	6.93148226151
690	5.93083795004
695	8.40242766526
700	7.51714929497
705	5.21646510723
710	5.59501410496
715	10.1042147677
720	7.81609343138
725	6.41491855295
730	5.77749981028
735	2.06040660576
740	5.36332011603
745	4.74608958953
750	6.90965513054
755	5.4936222535
760	5.38716703902
765	7.03204440452
770	7.69394509818
775	9.79357394037
780	6.87008459912
785	9.38642087916
790	3.63591077461
795	4.23213041891
800	3.14620088338
805	3.65035980723
810	7.01892855387
815	4.97031823204
820	5.8969207983
825	10.1895651648
830	9.61816584284
835	10.556519363
840	4.79664887611
845	5.2626938799
850	7.50474850445
855	7.53521473682
860	7.39307671697
865	9.45467134597
870	4.79823417392
875	5.9996565678
880	6.87577948377
885	10.5644666038
890	6.64589660925
895	8.19317549999
900	6.126357548
905	9.10909740349
910	10.5699800829
915	8.40313544946
920	9.79160850514
925	7.37208630708
930	3.80553258008
935	4.68050244993
940	9.56962962752
945	5.37782374711
950	5.83132106884
955	9.8991382458
960	5.48277407168
965	8.53461975072
970	5.07312546386
975	2.87447601719
980	7.52114716724
985	0.798209108776
990	11.2933731417
995	9.18908136232
1000	4.47810954955
1005	4.74391924338
1010	4.34007752966
1015	3.97331382093
1020	6.1628983493
1025	7.08527569237
1030	8.22060009302
1035	6.06824974412
1040	4.41680299829
1045	6.70652639858
1050	5.1810670859
1055	6.32820037951
1060	8.6452582473
1065	10.5411787277
1070	9.25841253871
1075	8.43341305737
1080	5.80509255905
1085	7.76669208469
1090	7.27819620867
1095	8.31545541465
1100	4.51117356003
1105	5.5623017229
1110	5.88558472693
1115	4.98075236968
1120	4.92269716583
1125	6.95482999675
1130	9.43772325716
1135	12.0046676006
1140	5.39934698666
1145	6.93182678525
1150	5.74428043451
1155	5.05484030262
1160	6.73504216188
1165	3.24304608883
1170	4.65245316708
1175	7.81745333578
1180	4.25952771386
1185	8.19690273724
1190	7.58253237074
1195	5.02026856335
1200	9.99815108118
1205	7.56507465948
1210	6.89157463928
1215	6.33248834771
1220	5.6155009992
1225	6.83965189907
1230	9.02114385436
1235	8.79862547113
1240	7.09458563898
1245	7.62404035204
1250	9.86118089972
1255	7.3276340969
1260	5.34082060078
1265	6.28591052058
1270	8.48780712401
1275	4.56204022058
1280	6.67848972411
1285	5.57654009265
1290	7.37495754026
1295	7.24798256243
1300	7.39924886073
1305	7.54343002726
1310	12.4619313848
1315	7.2074262344
1320	4.93463274286
1325	5.80451607542
1330	8.29442002633
1335	6.70821075055
1340	6.47003225768
1345	6.83048543193
1350	3.60017917223
1355	10.068510392
1360	5.49184046309
1365	5.09126638462
1370	8.51878337266
1375	8.88353484386
1380	3.59487588457
1385	8.29210236094
1390	5.28000696306
1395	6.03374957029
1400	7.59552474749
1405	7.25889244233
1410	7.96934218238
1415	9.31254822498
1420	6.47116101502
1425	8.92168989183
1430	4.35508637629
1435	7.54459853048
1440	7.26223229227
1445	7.83898946236
1450	12.4431090614
1455	5.50880784475
1460	7.26332630018
1465	10.1977132536
1470	5.35782714384
1475	8.49188290986
1480	7.13718141551
1485	6.25776298281
1490	3.4017085531
1495	10.2478963249
1500	8.41650461439
1505	8.77508066377
1510	6.32275531088
1515	7.5302598226
1520	4.54630115194
1525	8.7219577183
1530	9.07394743301
