0	14.8399553701
5	11.2625194518
10	7.50961702552
15	10.8030084019
20	0.4
25	0.4
30	7.22223611652
35	1.35087349185
40	6.32817676799
45	1.0359648458
50	2.44980405778
55	0.4
60	13.4917674564
65	0.4
70	10.1101256798
75	3.78626496
80	0.4
85	5.39316608347
90	0.4
95	4.10189860615
100	11.7750227314
105	4.88326202265
110	3.71556380781
115	0.4
120	0.4
125	2.51212197439
130	0.4
135	1.90599129889
140	1.28691921979
145	8.37800191542
150	0.4
155	1.94708699929
160	0.4
165	10.2853271984
170	2.72351751084
175	7.14450293015
180	0.556777236792
185	8.83250441222
190	11.6183991292
195	16.3807550091
200	3.29287457441
205	0.4
210	0.4
215	0.4
220	0.4
225	0.4
230	8.46266525764
235	0.4
240	4.05409024856
245	0.4
250	5.37006411806
255	8.81170265766
260	0.4
265	3.51989755328
270	0.4
275	0.4
280	0.969966559581
285	0.4
290	3.71690618595
295	0.4
300	5.54414618234
305	0.4
310	0.4
315	0.4
320	7.40629098743
325	0.4
330	0.4
335	0.4
340	0.4
345	6.80433102523
350	0.4
355	15.2099704825
360	5.04563177881
365	1.53911663124
370	0.4
375	1.56119968533
380	0.4
385	4.13472042931
390	0.4
395	5.7395662543
400	0.4
405	2.62456026739
410	6.01171715333
415	0.4
420	0.4
425	0.4
430	7.04746868545
435	11.6313322251
440	7.79169029723
445	4.26747583925
450	4.20988953918
455	0.4
460	0.4
465	0.850490131639
470	0.4
475	3.83622452999
480	0.4
485	0.4
490	0.4
495	1.7190617046
500	14.3446812945
505	0.4
510	0.4
515	0.4
520	0.4
525	0.94460220222
530	0.4
535	10.8705576017
540	1.17720715396
545	0.4
550	0.4
555	7.20882278038
560	1.73122472833
565	6.46516561397
570	2.1964928802
575	3.97070112511
580	6.4001498438
585	4.55023481487
590	0.4
595	3.68446575853
600	13.4549205217
605	3.22623335377
610	4.71604907674
615	7.29735444543
620	0.4
625	0.484039136138
630	0.4
635	10.2081134459
640	4.80136712666
645	5.56207608761
650	8.0006620526
655	4.2256401801
660	1.85560690954
665	7.12584393184
670	0.4
675	0.4
680	0.4
685	0.4
690	1.64398755795
695	0.4
700	0.4
705	7.55313377226
710	0.4
715	6.41003046949
720	0.788245539949
725	11.6563110491
730	11.6461671392
735	2.85556085437
740	5.28135030434
745	6.46719722577
750	1.04465724318
755	0.4
760	4.4224347717
765	0.4
770	0.4
775	0.4
780	0.4
785	9.67603280686
790	0.4
795	0.4
800	7.37569050769
805	3.33955619293
810	2.63571082215
815	0.4
820	7.86217730294
825	1.85917250294
830	2.7977303828
835	8.51795350949
840	0.4
845	2.71275398138
850	4.32899562565
855	8.61068088933
860	0.4
865	19.1196843891
870	7.62648671144
875	5.72163396808
880	0.4
885	10.1790951943
890	6.90049669283
895	0.4
900	7.22884407804
905	0.4
910	0.4
915	3.31147896572
920	0.4
925	4.99007125872
930	2.91425882516
935	7.42438418977
940	0.4
945	1.82085016099
950	16.7787077465
955	12.4720152318
960	0.4
965	0.4
970	5.75063833237
975	2.72674463988
980	4.46920887978
985	0.4
990	0.4
995	0.4
1000	9.45421794036
1005	0.4
1010	5.35262936051
1015	0.4
1020	0.4
1025	0.4
1030	8.21053207543
1035	0.938750318589
1040	8.68360781113
1045	9.665486895
1050	1.89116433316
1055	0.4
1060	3.52445553894
1065	0.4
1070	3.27598869307
1075	3.73058185731
1080	6.81183596121
1085	3.29393288495
1090	0.4
1095	0.4
1100	2.0396271602
1105	0.4
1110	0.4
1115	0.4
1120	3.32993100586
1125	0.4
1130	0.4
1135	0.4
1140	1.75862543288
1145	8.37431660577
1150	11.5345079725
1155	0.4
1160	3.15688748514
1165	0.4
1170	6.88489055579
1175	7.00274232335
1180	2.71245110448
1185	6.09397556243
1190	0.4
1195	1.84470397988
1200	11.603584335
1205	1.47452822996
1210	10.8292604253
1215	10.0532020479
1220	9.45960874826
1225	1.71030275847
1230	0.4
1235	0.4
1240	0.4
1245	18.3026232856
1250	8.94324655377
1255	13.8303134138
1260	12.1449620349
1265	0.4
1270	4.38380013523
1275	0.4
1280	0.4
1285	0.4
1290	1.06955007167
1295	0.4
1300	11.8357517777
1305	4.18413315716
1310	13.4864057425
1315	8.47480305795
1320	5.37916503109
1325	0.4
1330	17.3565593173
1335	0.535763597933
1340	8.96245274941
1345	0.4
1350	0.4
1355	14.6159805454
1360	8.31578518064
1365	12.8559648655
1370	7.67660090797
1375	4.31032149193
1380	16.6364295227
1385	11.5203858956
1390	0.4
1395	0.4
1400	9.61820406097
1405	1.32489026312
1410	9.09658096756
1415	0.4
1420	5.44370561355
1425	5.76692344859
1430	0.4
1435	0.4
1440	1.65559660848
1445	0.4
1450	3.98952731092
1455	2.78372872059
1460	0.4
1465	4.22515395368
1470	9.10948677286
1475	0.4
1480	10.676775086
1485	0.4
1490	5.86988278764
1495	6.68588970986
1500	5.15721341636
1505	0.4
1510	9.31046490113
1515	9.58440011965
1520	4.75943718465
1525	0.4
1530	4.01376139873
1535	4.46071595738
1540	0.4
1545	2.24234350859
1550	0.4
1555	6.69869911057
1560	7.54690914105
1565	8.64640787217
1570	0.4
1575	12.1446640267
1580	0.4
1585	1.46145908457
1590	6.9681288909
1595	10.629235794
1600	6.63296327478
1605	5.47236414871
1610	7.20797537999
1615	0.4
1620	15.0718414362
1625	12.3888299675
1630	1.66018811307
1635	0.4
1640	0.920407443839
1645	0.4
1650	7.92505417176
1655	8.47065818627
1660	7.47725491749
1665	1.15006599582
1670	8.84974825095
1675	9.16967791624
1680	0.61690651069
1685	0.499224548127
1690	2.50647186409
1695	0.4
1700	4.7442425197
1705	0.4
1710	14.9868852879
1715	0.4
1720	16.7614941224
1725	0.4
1730	0.4
1735	5.6071207706
1740	3.59273340035
1745	4.46985884571
1750	0.4
1755	6.41139318817
1760	0.4
1765	3.21322452
1770	3.81050447867
1775	17.3243164453
1780	0.4
1785	5.61602128528
1790	7.66928072113
1795	0.4
1800	5.8324832831
1805	7.96803027367
1810	7.48226972078
1815	0.4
1820	8.24168331251
1825	3.18857487213
1830	8.09088052978
1835	0.4
1840	0.4
1845	0.4
1850	1.96449645981
