0	2.07874024931
5	9.19705160368
10	0.4
15	0.4
20	7.92502635152
25	5.35485464747
30	1.24586737534
35	0.4
40	9.45513623936
45	7.94898574962
50	0.4
55	0.4
60	1.39884479541
65	9.91075127316
70	6.43923565221
75	2.72181369663
80	0.4
85	1.85977655236
90	7.85265699853
95	7.98787371234
100	0.4
105	0.4
110	6.35008559791
115	0.4
120	9.40233074495
125	3.01980060234
130	2.67221543068
135	6.34034709517
140	0.4
145	0.4
150	9.24821369805
155	0.4
160	4.77717993621
165	5.2760589163
170	0.4
175	0.4
180	0.4
185	0.4
190	4.16111546318
195	1.63916849404
200	16.7884034433
205	10.4363858674
210	6.90984739281
215	0.4
220	0.4
225	11.6762557371
230	6.59421974578
235	10.8808612191
240	0.552579626088
245	0.4
250	0.4
255	5.9575600138
260	0.4
265	6.79423784575
270	0.4
275	4.80296790621
280	3.78460663174
285	0.4
290	0.4
295	0.4
300	0.4
305	0.4
310	0.4
315	1.11008644489
320	1.90957013173
325	0.4
330	0.4
335	0.4
340	0.4
345	3.99184630416
350	4.13747485716
355	0.4
360	0.4
365	0.4
370	0.4
375	0.4
380	0.4
385	0.4
390	0.4
395	8.48557409857
400	8.27215985915
405	7.40569301475
410	0.4
415	1.27218793037
420	0.4
425	0.4
430	6.77730088099
435	0.4
440	1.2752617275
445	3.42097558477
450	5.35614672943
455	2.40643812791
460	0.4
465	0.925072830069
470	7.15132091569
475	0.4
480	0.550503135446
485	0.4
490	8.66313107016
495	5.05044046008
500	3.30212034264
505	0.4
510	3.32707833619
515	0.4
520	0.760904939572
525	0.4
530	0.4
535	0.587453843561
540	6.22201627696
545	0.4
550	6.77567282498
555	0.4
560	0.4
565	6.57636559158
570	11.7597942705
575	2.73718620465
580	4.13157202639
585	0.4
590	0.4
595	9.6815099226
600	0.4
605	4.41016699926
610	1.65788255259
615	11.3028887195
620	2.90916181152
625	0.4
630	2.26250845788
635	0.4
640	3.43939877242
645	0.4
650	0.4
655	4.52197873232
660	0.4
665	1.57595429811
670	1.36095652016
675	4.4894239439
680	0.4
685	2.55029574621
690	5.25599707667
695	0.4
700	3.63798028783
705	0.4
710	0.4
715	0.4
720	0.4
725	0.4
730	7.7883144771
735	0.4
740	2.10919104871
745	0.4
750	0.4
755	0.4
760	5.38653583126
765	7.89745495576
770	6.62522150823
775	6.03964118883
780	0.4
785	2.33088242738
790	8.42676564278
795	0.4
800	2.42630541559
805	0.4
810	9.6308531605
815	0.4
820	0.4
825	3.59535277447
830	5.89942436518
835	0.4
840	0.662248342452
845	4.82967251711
850	0.4
855	1.74524260751
860	2.25846023789
865	4.20028362937
870	0.4
875	8.41077175462
880	0.960084253641
885	0.4
890	2.43974576537
895	0.4
900	0.4
905	0.4
910	0.4
915	2.5175271543
920	2.11178932956
925	4.38342753612
930	5.12696331152
935	2.61411950894
940	3.68518970281
945	1.87846072513
950	5.20796360727
955	6.53972415668
960	7.26958440173
965	17.1364193965
970	0.4
975	9.59922651734
980	0.4
985	0.4
990	4.40297477996
995	0.4
1000	0.4
1005	4.13889353229
1010	0.4
1015	3.95156992222
1020	0.4
1025	2.4445882366
1030	0.645659888932
1035	0.4
1040	0.4
1045	0.4
1050	6.60889666445
1055	9.42331460697
1060	0.4
1065	3.73538293024
1070	0.4
1075	1.71802827278
1080	5.72013557
1085	4.09503324114
1090	7.97941520638
1095	0.4
1100	4.16313106479
1105	3.04946636663
1110	0.4
1115	9.10017317643
1120	0.4
1125	0.4
1130	10.4308000015
1135	9.55446154217
1140	3.82642030142
1145	4.98859046108
1150	0.4
1155	0.4
1160	0.4
1165	0.4
1170	0.4
1175	5.81194499102
1180	0.4
1185	0.4
1190	0.4
1195	4.28184001514
1200	10.1409092694
1205	0.4
1210	0.4
1215	2.52032416879
1220	10.6172588388
1225	0.427802999165
1230	15.4389621278
1235	0.4
1240	8.26481979691
1245	0.4
1250	2.08532706196
1255	0.4
1260	4.4342804389
1265	7.87161379221
1270	0.4
1275	14.2054048468
1280	8.77256445117
1285	0.4
1290	0.4
1295	0.4
1300	0.4
1305	2.97317669155
1310	11.6265725158
1315	0.4
1320	0.4
1325	0.4
1330	3.87483002936
1335	0.4
1340	0.63851456036
1345	0.4
1350	4.42273626118
1355	3.68254031457
1360	12.5731904531
1365	2.68362074736
1370	0.4
1375	0.4
1380	6.87037310634
1385	6.26790099274
1390	0.4
1395	0.4
1400	0.4
1405	6.20723156599
1410	0.4
1415	11.1991064093
1420	0.4
1425	0.4
1430	8.5885195171
1435	0.4
1440	1.80730715212
1445	1.61234372127
1450	5.52771905244
1455	0.782611706273
1460	0.4
1465	2.78285453226
1470	0.4
1475	0.4
1480	0.783839644103
1485	8.33194277815
1490	0.4
1495	5.39260067567
1500	3.70984721425
1505	0.4
1510	8.98004979644
1515	0.4
1520	1.25663548017
1525	1.6427102796
1530	3.66318927428
1535	1.28360762939
1540	4.23794637755
1545	0.4
1550	0.4
1555	0.4
1560	1.81585757012
1565	11.8128051925
1570	17.6753694038
1575	0.4
1580	0.4
1585	0.4
1590	0.4
1595	0.4
1600	8.66382901493
1605	2.71805312972
1610	0.4
1615	0.4
1620	3.14780692213
1625	5.65863201777
1630	0.4
1635	4.50306059506
1640	0.4
1645	0.4
1650	9.10506177502
1655	4.93910487104
1660	2.47560024784
1665	0.4
1670	0.4
1675	1.76080911524
1680	2.63731384887
1685	5.02232011535
1690	0.4
1695	0.4
1700	3.03612766364
1705	4.3054843648
1710	2.37960727916
1715	6.27802434587
1720	3.70165752707
1725	14.2955197012
1730	3.8732800826
1735	1.88440992585
1740	4.22658861437
1745	0.4
1750	0.4
1755	0.4
