0	0.4
5	0.792979681248
10	17.0358018514
15	9.75063557955
20	5.6291859873
25	0.4
30	0.885335787721
35	0.4
40	0.4
45	1.00028991072
50	0.4
55	0.4
60	0.4
65	8.76378823547
70	0.4
75	0.4
80	0.4
85	2.4816025482
90	0.4
95	0.4
100	0.4
105	2.17371670084
110	0.4
115	8.64427470921
120	9.65781934545
125	0.4
130	11.0650899748
135	8.3849206624
140	3.87870330068
145	0.4
150	4.83984108689
155	2.30273441429
160	0.4
165	3.96782841723
170	11.8763414054
175	7.04998478896
180	2.34041572769
185	0.4
190	0.4
195	10.4079145749
200	10.7527050062
205	1.46971419826
210	0.4
215	11.0880334889
220	0.4
225	10.5767827071
230	6.59565433186
235	5.84669081717
240	1.19006235118
245	0.4
250	0.4
255	5.69624154123
260	3.53898734248
265	0.579888133616
270	0.4
275	0.4
280	0.4
285	0.4
290	5.54714900821
295	0.4
300	11.2827260392
305	9.99460608199
310	0.4
315	0.4
320	0.4
325	0.4
330	0.4
335	14.6379780006
340	0.4
345	2.10572035469
350	0.650146244059
355	0.4
360	0.4
365	4.30203822122
370	9.23365707041
375	0.4
380	0.4
385	16.2489690297
390	3.32879822474
395	6.95576795519
400	10.6616881793
405	0.667500743027
410	5.23977029168
415	7.70408512593
420	0.861101416143
425	0.4
430	0.4
435	0.4
440	0.4
445	0.4
450	9.05905618904
455	0.4
460	0.4
465	0.4
470	0.4
475	3.6730246303
480	2.03698151068
485	7.00262327035
490	14.9086453544
495	0.4
500	0.4
505	15.3918409156
510	0.4
515	1.93056666231
520	0.4
525	0.4
530	19.4397399114
535	20.6399132194
540	0.4
545	4.60279781143
550	2.58083414247
555	0.4
560	12.5545998087
565	9.01457809026
570	5.29884453942
575	0.4
580	3.63693666585
585	0.4
590	0.4
595	15.8959803876
600	0.4
605	5.69215886865
610	0.4
615	0.4
620	0.4
625	0.4
630	0.4
635	0.4
640	12.6830468769
645	0.4
650	10.6398619765
655	0.4
660	0.4
665	18.696288303
670	0.4
675	0.4
680	32.3977935362
685	0.4
690	12.2264455322
695	6.30608001902
700	0.4
705	11.4063630598
710	7.37541143648
715	13.2461443751
720	3.98210042538
725	1.78657323322
730	1.29150176336
735	6.08167244068
740	11.8533067439
745	17.9662375723
750	0.4
755	3.08519164095
760	0.4
765	16.185224363
770	8.7627598827
775	0.4
780	7.56802661882
785	0.4
790	7.57387091386
795	8.15578708995
800	0.4
805	7.12899593833
810	1.38229377674
815	2.06059307328
820	0.4
825	5.21995725289
830	0.4
835	12.041471687
840	0.4
845	0.4
850	0.4
855	10.4409913216
860	0.4
865	2.2269302916
870	0.4
875	7.00822711933
880	0.4
885	0.4
890	7.30644456973
895	0.4
900	0.877506719562
905	0.4
910	0.4
915	0.722057047654
920	7.54151792014
925	13.5586605539
930	3.99883295352
935	0.4
940	4.06998548636
945	2.91888703533
950	2.74660725942
955	6.26349863614
960	0.4
965	0.4
970	0.4
975	0.4
980	3.24653661419
985	9.61421533607
990	0.4
995	8.96208070908
1000	18.2653594177
1005	4.66124558611
1010	0.4
1015	1.14651908401
1020	6.90352642158
1025	14.1743740453
1030	11.5827910676
1035	0.4
1040	2.57778853036
1045	7.21520470849
1050	0.4
1055	0.4
1060	0.4
1065	5.73835883389
1070	0.4
1075	4.44838390396
1080	0.4
1085	11.6215309805
1090	0.4
1095	0.4
1100	0.4
1105	8.14960159638
1110	0.4
1115	9.32881380161
1120	0.4
1125	6.48688194484
1130	0.4
1135	5.19997618049
1140	0.4
1145	0.4
1150	7.70407614605
1155	0.4
1160	0.4
1165	0.4
1170	0.4
1175	0.4
1180	5.32812652118
1185	0.4
1190	4.9832288021
1195	0.61229626068
1200	0.4
1205	8.2935619201
1210	13.5018992188
1215	0.4
1220	0.4
1225	16.8083996582
1230	0.4
1235	0.4
1240	5.49151826572
1245	9.31200861055
1250	5.58696878914
1255	3.21564990865
1260	19.2656801087
1265	0.4
1270	0.4
1275	17.1392226471
1280	0.4
1285	10.8891710913
1290	5.24770224019
1295	0.4
1300	0.4
1305	10.1900914427
1310	0.4
1315	0.4
1320	1.77170360566
1325	6.68398301176
1330	8.41097471224
1335	0.4
1340	0.4
1345	3.12091887121
1350	0.4
1355	0.4
1360	11.8706068172
1365	12.6203731507
1370	8.48670646966
1375	4.28035903776
1380	0.4
1385	0.4
1390	0.4
1395	0.4
1400	12.1052216437
1405	0.4
1410	0.4
1415	32.3925860048
1420	7.82825454073
1425	1.20249477066
1430	12.5677102497
1435	1.96742850266
1440	0.4
1445	0.4
1450	0.4
1455	0.4
1460	0.4
1465	6.19628912614
1470	7.38509035569
1475	0.4
1480	8.96564982854
1485	0.4
1490	0.4
1495	14.7003631575
1500	0.90218670094
1505	1.50645209847
1510	0.902660483677
1515	0.4
1520	1.23988123516
1525	0.4
1530	20.5076345836
1535	14.6149627234
1540	10.5202716369
1545	0.4
1550	0.4
1555	1.07124481106
1560	4.33935785359
1565	2.35989234811
1570	0.4
1575	0.4
1580	4.86381741122
1585	9.05598529422
1590	9.16020951039
1595	0.4
1600	9.04918000501
1605	10.6353373555
1610	0.4
1615	9.09904245455
1620	2.76501816687
1625	3.89309534289
1630	6.31181656029
1635	4.56181179293
1640	0.4
1645	0.4
1650	7.07875725397
1655	0.4
1660	12.767197383
1665	0.4
1670	0.4
1675	0.4
1680	7.76894666641
1685	11.3685759216
1690	5.5552115769
1695	9.61000957974
1700	5.21614629285
1705	7.52294913021
1710	11.160253117
1715	0.4
1720	3.36728781494
1725	0.4
1730	10.4250538932
1735	2.81451743461
1740	0.4
1745	0.4
1750	0.4
1755	0.4
1760	0.4
1765	0.4
1770	0.776213696936
1775	13.6835413279
1780	5.45436521413
1785	0.4
1790	6.44913377771
1795	0.4
1800	0.4
1805	0.4
1810	0.4
1815	6.27688250349
1820	6.58946780544
1825	0.4
1830	5.07726500246
1835	0.4
1840	0.4
1845	10.0966643892
1850	10.0277823753
1855	0.483795071585
1860	0.4
1865	0.4
1870	1.58692337694
1875	0.4
1880	1.79204696787
1885	0.4
1890	0.4
1895	0.4
1900	19.866347212
1905	16.5369373021
1910	0.4
1915	9.42975723029
1920	0.636407957482
1925	0.417714661564
1930	5.21583668654
1935	0.4
1940	8.52494506449
1945	12.685874011
1950	16.645986689
1955	7.66372269928
1960	4.91187402848
1965	12.9166672611
1970	0.4
1975	0.4
1980	7.48137350248
