0	9.19159397018
5	17.0294787392
10	1.33299995861
15	0.4
20	0.4
25	1.14124277276
30	1.93520031886
35	14.1927904217
40	0.4
45	0.4
50	9.04462380697
55	2.16006258262
60	0.4
65	7.39971290544
70	7.94811751447
75	15.2441937768
80	0.4
85	8.20869771984
90	0.4
95	0.4
100	12.1435808033
105	0.4
110	13.5351420764
115	0.4
120	0.4
125	1.55760191539
130	0.4
135	0.4
140	0.4
145	12.1180141919
150	2.54839946271
155	0.4
160	15.2206200612
165	0.4
170	0.4
175	0.4
180	0.4
185	0.568970684707
190	0.4
195	0.4
200	1.26784363818
205	11.964954769
210	10.7693196989
215	0.4
220	0.4
225	13.2361532568
230	3.77026116863
235	7.92359671009
240	0.4
245	11.1593188442
250	0.4
255	0.550183141643
260	14.0892768454
265	5.72611668223
270	1.71645761407
275	7.5552938356
280	0.4
285	0.4
290	2.3211034797
295	19.1408481504
300	0.430290713171
305	0.4
310	0.4
315	0.4
320	13.7433721551
325	7.53707239939
330	10.3400170549
335	6.35610377251
340	0.4
345	0.4
350	6.01147003539
355	0.4
360	0.4
365	0.4
370	0.4
375	0.4
380	3.48787524968
385	14.8779262234
390	0.4
395	4.32465286773
400	4.37101116414
405	6.31690520649
410	0.4
415	0.4
420	0.4
425	6.68162247517
430	0.4
435	0.4
440	0.834472542564
445	0.4
450	0.4
455	0.4
460	0.4
465	1.1859488421
470	0.4
475	0.4
480	0.4
485	1.2124016203
490	7.42487055778
495	0.46834135699
500	16.5338056237
505	0.4
510	5.31952645146
515	0.4
520	7.49285185759
525	0.4
530	0.4
535	0.4
540	7.91804099841
545	3.48350362442
550	22.3931835462
555	2.45663551528
560	5.64305977113
565	0.4
570	5.65781112729
575	2.8646776256
580	0.4
585	0.4
590	0.4
595	2.46972057355
600	0.4
605	0.4
610	0.4
615	0.4
620	10.4883268058
625	0.4
630	0.720507087235
635	3.03366461296
640	4.98325530696
645	19.3899857346
650	0.4
655	0.4
660	0.4
665	0.4
670	0.4
675	0.4
680	3.88589824108
685	10.0433755095
690	0.4
695	2.35039838379
700	4.20238269971
705	12.1374066697
710	6.18211597196
715	0.4
720	0.4
725	0.4
730	0.4
735	16.4121388718
740	0.4
745	0.4
750	13.2048674512
755	0.4
760	0.4
765	2.82693968241
770	0.4
775	6.0825630971
780	0.4
785	0.4
790	3.14009559497
795	6.75169820615
800	4.58337430395
805	0.4
810	3.15554909019
815	0.4
820	0.4
825	6.66466859833
830	0.4
835	0.823739605649
840	4.21540864484
845	0.4
850	0.4
855	0.4
860	3.90033976691
865	0.4
870	12.4755361695
875	10.0754690605
880	0.4
885	4.30018780304
890	0.4
895	0.4
900	0.4
905	0.4
910	0.4
915	5.64694207116
920	0.4
925	0.4
930	7.022127084
935	20.2982044443
940	0.4
945	0.413440055605
950	16.9779512388
955	0.4
960	0.4
965	2.67516820834
970	0.4
975	10.2301035649
980	0.4
985	0.4
990	4.49415816753
995	3.04099644504
1000	2.47475592587
1005	2.72062500108
1010	4.90413626121
1015	7.26361432181
1020	4.18620990309
1025	0.4
1030	1.29258763124
1035	0.4
1040	0.4
1045	0.4
1050	7.61704827892
1055	0.4
1060	6.18983849577
1065	7.31675170843
1070	17.0210679153
1075	16.2507995426
1080	9.35820926098
1085	4.84705987106
1090	3.71534251159
1095	5.14831119368
1100	0.4
1105	1.79676752031
1110	15.223080302
1115	10.0867714197
1120	9.15771316593
1125	0.4
1130	0.4
1135	1.31859440397
1140	0.4
1145	6.13829254176
1150	9.21971562119
1155	0.4
1160	0.4
1165	1.18541142778
1170	0.4
1175	0.4
1180	1.43090222882
1185	4.00126908628
1190	0.4
1195	1.6605258544
1200	6.30259663299
1205	0.4
1210	15.4473406877
1215	1.2965053499
1220	9.97936926474
1225	0.4
1230	4.92341227992
1235	0.4
1240	0.4
1245	14.6979895333
1250	0.4
1255	0.440999634739
1260	0.4
1265	8.65225784403
1270	0.4
1275	3.89927025891
1280	0.4
1285	8.54493507502
1290	11.9599563055
1295	6.92550522609
1300	12.9001065474
1305	0.4
1310	4.01263587683
1315	0.4
1320	0.4
1325	13.5043260673
1330	0.4
1335	10.8928265624
1340	0.4
1345	4.06141756019
1350	0.4
1355	0.4
1360	2.71164166213
1365	0.4
1370	9.93888918064
1375	0.4
1380	1.4413294506
1385	3.41769612802
1390	0.4
1395	6.54058758734
1400	1.97727847513
1405	2.98610214441
1410	0.4
1415	0.4
1420	9.79827339013
1425	0.4
1430	6.84743358836
1435	0.4
1440	0.4
1445	0.4
1450	0.4
1455	2.32517193504
1460	0.4
1465	0.4
1470	0.4
1475	0.4
1480	4.09317119524
1485	0.4
1490	1.09092935793
1495	8.25254272555
1500	0.4
1505	2.20109260919
1510	0.640625319311
1515	6.77422227568
1520	1.72697483169
1525	0.4
1530	0.4
1535	0.4
1540	6.86479426046
1545	0.4
1550	0.4
1555	0.4
1560	7.09241471649
