0	28.8620346208
5	22.1260758577
10	27.0060758676
15	20.2032684585
20	9.19345729018
25	32.524816288
30	33.9715232455
35	16.1166756947
40	20.4982397399
45	24.8029306927
50	22.2303241001
55	34.3926623877
60	32.0392483812
65	20.7931302836
70	29.521654349
75	28.0427685749
80	43.0028941999
85	17.0647035145
90	22.3584049918
95	10.5597018804
100	32.3500802797
105	27.4338566456
110	21.7775935289
115	30.9144425534
120	31.2927752221
125	21.8724639604
130	17.0110953719
135	27.5826203335
140	34.6522795778
145	21.2828504348
150	31.2171563884
155	39.8428181659
160	30.3757357253
165	27.2526006245
170	31.301300417
175	19.828569222
180	33.710159212
185	26.9338405575
190	31.3278515324
195	16.5574279894
200	13.9817713037
205	27.2064391948
210	26.1595863481
215	40.8124568546
220	44.5905938725
225	21.277124546
230	32.2951808885
235	25.9108814275
240	31.9510844979
245	22.9195004269
250	20.4151460443
255	13.1536431805
260	16.1721926902
265	23.4315644798
270	30.087889377
275	20.2821684305
280	21.4107255682
285	20.1219719879
290	20.4981998895
295	17.5114911077
300	23.3915995239
305	36.2894259106
310	47.0336037756
315	31.8281947342
320	41.4683094405
325	23.1489566824
330	22.620932234
335	34.7004213873
340	31.6012562262
345	29.8027856658
350	50.782368115
355	29.1450450272
360	28.8891362313
365	26.841106754
370	30.4960656242
375	16.5177372677
380	26.6711295341
385	12.2645670486
390	9.97673788435
395	23.6471691554
400	32.7613134453
405	20.2861035163
410	14.9751060983
415	22.8245263871
420	27.0873936278
425	20.3532305741
430	19.556109822
435	33.828891369
440	28.8693629812
445	22.3285081897
450	27.4923685506
455	13.478863627
460	28.8043151994
465	17.2598642216
470	39.1742924785
475	31.6761876494
480	39.4149892406
485	28.3022491898
490	21.1544456678
495	15.3018167921
500	23.1004940036
505	37.140859709
510	27.1204859298
515	24.647820997
520	37.6902864958
525	19.1962823581
530	9.71734637879
535	22.8874778054
540	33.0726189888
545	23.6182953678
550	28.0614615709
555	25.0278758203
560	34.4005200725
565	23.9962170061
570	27.0310607889
575	15.3005346337
580	27.3599297363
585	28.6642057898
590	9.9820809102
595	17.3398410803
600	26.9434179008
605	11.6063810438
610	20.7368704794
615	29.3010768285
620	25.3378277251
625	11.098197856
630	23.4932449262
635	21.9285759539
640	21.8195101552
645	22.4905356829
650	33.6457699059
655	18.5381920179
660	27.5995931536
665	23.7446992405
670	17.2803357438
675	28.0163714931
680	33.5645655606
685	32.4144957592
690	15.2883029156
695	31.4562171859
700	16.6310468685
705	24.140109961
710	16.4180458044
715	33.0390854558
720	23.7670224657
725	21.6991237639
730	31.2457351246
735	8.76770419703
740	18.2665693136
745	39.0634677245
750	24.8493920494
755	24.3536142194
760	30.3261444501
765	25.9078289063
770	13.4108212611
775	34.5040038036
780	28.9180361765
785	19.6509196375
790	26.8876285711
795	24.9020219954
800	21.11665695
805	33.2406020009
810	22.2468921483
815	28.2333182172
820	6.94097811579
825	18.7316543879
830	30.2862745822
835	26.1649831446
840	5.93227970736
845	33.3384022099
850	31.1527326333
855	29.2169022357
860	26.7470714805
865	36.4058397935
870	23.7767813794
875	19.2457254928
880	27.7325166735
885	14.6018312022
890	22.1169034211
895	20.8382323451
900	16.9047462003
905	17.6706353413
910	29.2515917167
915	16.895262007
920	35.3504136342
925	31.8544673617
930	13.3136626056
935	14.5562142618
940	30.7998490121
945	28.7844417761
950	31.7671345735
955	32.1280400244
960	32.2495178292
965	15.1415801095
970	29.4417843471
975	13.5990930434
980	28.483867982
985	24.2531163293
990	22.7503820177
995	30.8954774481
1000	17.1511013913
1005	36.1652282059
1010	31.7518287138
1015	38.9119950946
1020	30.3756720751
1025	34.181152524
1030	18.3507038201
1035	23.2558629052
1040	14.7485660342
1045	25.9208993342
1050	16.2551042091
1055	34.460151464
1060	30.1533680092
1065	30.794334385
1070	17.5254018233
1075	37.6480613846
1080	23.1647726005
1085	18.405747213
1090	32.8354614488
1095	22.8434128526
1100	20.7158448487
1105	27.9024497755
1110	19.2507348989
1115	41.9726308651
1120	20.0482549164
1125	21.1823855742
1130	14.7878495371
1135	23.8045789097
1140	26.4192600057
1145	16.2517650297
1150	29.1863983467
1155	46.7293698585
1160	21.9945733579
1165	21.1626920738
1170	27.279421082
1175	36.4218449547
1180	21.9705713658
1185	22.7182145935
1190	28.8115647465
1195	15.3077738686
1200	16.0338227271
1205	17.3874780862
1210	20.0082999314
1215	15.9273447663
1220	27.391962955
1225	34.3002861392
1230	24.7202378015
1235	20.0724619649
1240	26.6993087523
1245	29.4793026627
1250	23.1409588549
1255	18.2092394135
1260	18.1660397065
1265	39.2084581156
1270	24.5788372437
1275	32.4130145083
1280	9.49739455441
1285	38.4196950761
1290	12.3135528374
1295	17.4478761227
1300	28.7122652227
1305	37.1117217167
1310	13.8808758569
1315	13.9196812464
1320	28.0378706191
1325	23.8782036191
1330	19.6562652688
1335	31.9013992265
1340	35.9652403969
1345	20.7872229729
1350	19.743757075
1355	25.7706900038
1360	14.7278400605
1365	26.664020502
1370	28.1395098516
1375	22.5302730033
1380	20.5524873254
1385	14.7470268339
1390	22.5743923087
1395	25.8354827472
1400	14.7028001111
1405	30.4674794139
1410	34.0335892094
1415	17.2876280864
1420	6.92817604239
1425	31.1323770871
1430	29.4303039522
1435	28.8347774461
1440	23.8860577083
1445	25.7810652034
1450	18.7309282227
1455	22.3459239607
1460	9.4685884463
1465	21.6480900016
1470	20.0014720763
1475	29.4062523901
1480	25.3199108233
1485	15.4417130505
1490	31.8552435881
1495	15.5183270546
1500	26.3244140349
1505	21.4926942565
1510	31.8218826934
1515	32.5695577591
1520	23.3704356845
1525	20.3715394528
1530	14.2378668413
1535	11.9887097433
1540	21.9115607918
1545	33.7168717114
1550	26.2626460165
1555	21.5819480382
1560	30.3103215776
1565	43.5875995473
1570	32.5098466315
1575	14.6528620981
1580	10.9212760331
1585	25.1584268682
1590	17.3668981844
1595	25.1170752987
1600	25.145913462
1605	24.158767422
1610	27.6543034257
1615	24.7350825736
1620	22.603965876
1625	29.4439949413
1630	38.0517886516
