0	4.56452461641
5	2.87724775941
10	3.36298088837
15	2.76640454981
20	3.55718283017
25	1.63246605459
30	1.99640869028
35	2.63620070608
40	2.28553837551
45	2.75423120411
50	2.36226622819
55	2.24681320586
60	3.13303861551
65	2.44264294893
70	4.03501171202
75	2.74181668977
80	1.73161245963
85	1.81156953363
90	2.84047661268
95	1.78915743004
100	3.44587390651
105	2.95986066299
110	1.88530270452
115	2.63418912814
120	3.07368708953
125	2.73027514182
130	3.30167486897
135	2.50753212675
140	2.87404925345
145	2.27715746139
150	2.37129073064
155	1.35576666596
160	1.84128041196
165	2.62642478982
170	2.73507461826
175	2.16416420239
180	3.12675261946
185	3.39953338411
190	3.90570892488
195	2.31542451115
200	3.98001639862
205	1.73286243261
210	2.14722247984
215	1.99830240119
220	1.92876675249
225	3.08417552851
230	3.36693357921
235	3.40513116623
240	1.55123086221
245	2.40681285689
250	2.41412509629
255	1.86665058834
260	4.2914071358
265	1.94365606312
270	2.2964914014
275	3.74184134103
280	2.09314500608
285	1.87076816922
290	3.30196806132
295	2.39110113803
300	3.27234038246
305	3.2119282171
310	2.32823004896
315	1.80864386691
320	2.05571043484
325	3.21984541552
330	2.46420316838
335	2.51565859402
340	2.48656179865
345	2.01476218374
350	2.51550195115
355	2.28226166443
360	1.84421152006
365	1.80686465484
370	2.94115368913
375	2.13798255357
380	3.54938731467
385	2.94920412092
390	3.10280920231
395	2.38990913649
400	2.75740506826
405	1.76580223745
410	2.30563217564
415	2.62530718397
420	3.23027579806
425	2.07767582041
430	3.34880052114
435	2.65368311117
440	2.60183383436
445	2.12467037974
450	2.09790597269
455	2.10191211361
460	1.28543762187
465	3.86548903882
470	3.8630504663
475	2.98221246673
480	2.99949147821
485	4.93339323223
490	3.25619219384
495	2.1009514648
500	2.37464020167
505	2.57321464479
510	2.94154811253
515	2.36497608348
520	2.80908288549
525	1.79691095615
530	2.48086871541
535	1.49478414953
540	2.6244103399
545	2.18485069676
550	2.48301369003
555	3.743679129
560	2.38650468311
565	1.52441355243
570	2.55850566032
575	1.29497765906
580	2.90517154993
585	2.48025074221
590	2.69658389358
595	2.04831543429
600	4.13822558783
605	2.51875225237
610	2.04353245891
615	3.67481158836
620	1.47962798556
625	2.86275244918
630	2.18983104302
635	3.17684395255
640	2.79364202626
645	2.51002894894
650	2.84735063772
655	2.11157003662
660	0.718662895534
665	2.16381246349
670	2.1375757621
675	2.24570627553
680	1.86603140667
685	2.69310559899
690	3.10418395358
695	4.32893523045
700	2.63561576742
705	2.6845065774
710	3.08350619838
715	2.26650915288
720	2.54292970256
725	3.50254983949
730	2.22373392128
735	1.12272967363
740	4.07564133057
745	3.03340571419
750	3.46058443456
755	1.73234572157
760	2.31632956065
765	2.4812013568
770	3.15955724065
775	2.06798151333
780	3.13904788892
785	2.66310144834
790	3.13451169188
795	2.21419049967
800	4.15780468954
805	3.48049347783
810	3.18234381002
815	3.30821070246
820	2.49489051243
825	3.98775007618
830	3.0387344279
835	2.27388000296
840	2.69565599906
845	3.16963000265
850	2.20822971484
855	2.369547735
860	0.46685952021
865	2.11611056702
870	4.35796460364
875	2.60688721739
880	2.22553624251
885	3.20958110391
890	2.4345384117
895	1.77153311148
900	3.14658810738
905	2.8483995934
910	3.87732536713
915	1.14789753781
920	3.29046452913
925	1.87632986162
930	2.26372542629
935	2.50592250101
940	2.71693520584
945	3.52614347468
950	2.31726348593
955	2.06954018931
960	3.40326164105
965	3.53980198538
970	2.92011151152
975	2.35060108339
980	3.21978994224
985	3.51673979719
990	2.40170681828
995	3.13210598656
1000	4.166886591
1005	1.98066915843
1010	2.66087361826
1015	2.79615687564
1020	2.96307455893
1025	2.80295907787
1030	2.89091073685
1035	3.52877739129
1040	1.91171443042
1045	3.13802551458
1050	1.58857478522
1055	3.14982378137
1060	3.22941975013
1065	2.92440619767
1070	3.33390981459
1075	2.64739818859
1080	2.47961380929
1085	2.02693336983
1090	1.53846681152
1095	4.10794365188
1100	3.02578113616
1105	3.13453426011
1110	2.59256186294
1115	1.92476782302
1120	2.13940038258
1125	3.38529070229
1130	2.28433053256
1135	1.84606926335
1140	2.98840584229
1145	3.30535793452
1150	2.39778203064
1155	2.80265108791
1160	3.13096389808
1165	2.13600446653
1170	3.30646012277
1175	3.36618240564
1180	2.91307915562
1185	3.38985109392
1190	2.61302960862
1195	3.6353505288
1200	1.92206007217
1205	1.67457567599
1210	3.53536031729
1215	2.76134047137
1220	2.32376324194
1225	2.92308327786
1230	3.42534942961
1235	2.40207547533
1240	2.32210613224
1245	3.24826883419
1250	2.35238877273
1255	2.01437434224
1260	2.55555643004
1265	2.59602562611
1270	2.64112443973
1275	2.57333069594
1280	2.78613947151
1285	3.40493154169
1290	0.410837705656
1295	2.83372310856
1300	3.97345633438
1305	3.09004662713
1310	2.20525480536
1315	2.1686265349
1320	1.952588105
1325	1.59724256987
1330	1.14974158599
1335	1.39878305312
1340	2.9771782947
1345	2.1698448303
1350	3.28187452284
1355	2.68983116054
1360	2.20577799038
1365	2.43020814132
1370	3.14284790491
1375	2.04677294306
1380	1.8640063099
1385	1.9262336429
1390	1.32251841735
1395	2.16197047459
1400	3.75632960494
1405	2.79458134524
1410	2.12038676989
1415	3.87472779303
1420	3.00428535903
1425	2.0031601332
1430	2.22420546202
1435	2.68562302412
1440	2.73529501637
1445	2.0858986003
1450	2.14924348686
1455	2.27154204945
1460	1.86538851227
1465	3.10882077823
1470	2.58065901998
1475	1.04266501506
1480	1.28760721571
1485	2.34081739217
1490	1.29266187576
1495	2.03349391395
1500	1.60736239622
