0	0.4
5	0.4
10	2.27105341884
15	2.37844058571
20	0.696152645517
25	4.41256389403
30	0.4
35	1.15256382454
40	2.37624197784
45	8.73610251356
50	8.5496877635
55	0.4
60	4.41011165891
65	6.49215913205
70	0.4
75	5.34805574575
80	2.66346171337
85	8.28172143241
90	0.4
95	2.36039841334
100	3.94159406143
105	5.27660801415
110	0.4
115	0.4
120	4.01634430283
125	1.69224002935
130	3.81256222199
135	2.33824109983
140	6.58655621506
145	2.43159193952
150	2.1517631993
155	2.18336683111
160	0.4
165	5.08999470465
170	6.05308183843
175	4.15100587686
180	0.4
185	8.2864587765
190	3.86041044187
195	0.928909778742
200	6.2163680716
205	3.24761064422
210	2.27909311489
215	1.57540753861
220	0.4
225	5.58133947695
230	2.84005747044
235	2.03908017674
240	3.26670073988
245	1.29031795214
250	2.24079148865
255	2.82928642473
260	1.78055959028
265	2.73683433892
270	0.4
275	5.0194582405
280	7.00737519923
285	6.16928908055
290	2.65024773514
295	1.32192120788
300	1.42226157673
305	1.31816656665
310	0.4
315	0.4
320	4.28467568089
325	6.54916283331
330	1.57923017512
335	4.49004363234
340	0.4
345	2.6408239619
350	5.6306420732
355	2.35437862919
360	4.87981038515
365	2.22347329255
370	6.76941921088
375	5.4649124437
380	3.99978287278
385	2.06498642258
390	2.55575062378
395	0.4
400	0.726367688052
405	5.78701418898
410	0.793632284572
415	0.436239836089
420	6.27471587498
425	9.23772666618
430	2.75455124727
435	2.74497837649
440	1.87277740309
445	2.44376880636
450	1.38236924435
455	4.28328318751
460	3.01638714326
465	6.915366325
470	0.4
475	6.80963873681
480	7.54773637427
485	4.14046729869
490	2.75672462574
495	1.48614922511
500	0.4
505	2.29912261319
510	6.59929010121
515	1.5489749335
520	1.47190663154
525	1.53594532203
530	1.11496997292
535	6.00011291731
540	4.51969273208
545	0.907904547783
550	0.4
555	5.16302857861
560	2.02810535524
565	2.51995200885
570	7.45814691471
575	3.90049618733
580	1.40535700481
585	4.21614440956
590	1.79695775208
595	0.4
600	5.43298775764
605	4.21274234036
610	5.2064550627
615	1.51186368928
620	0.4
625	2.60512197749
630	6.57724763052
635	3.06745015723
640	3.98237995396
645	4.59029442577
650	0.4
655	4.53331897146
660	0.4
665	1.11976222625
670	0.4
675	4.77745025359
680	3.13051209255
685	0.839301183225
690	1.1231000219
695	3.53449307991
700	1.20330537196
705	0.454618053411
710	1.85355184447
715	1.56588296315
720	2.66648725633
725	0.4
730	1.77391057701
735	0.4
740	3.81422121285
745	6.64608752969
750	1.4980427572
755	0.4
760	0.4
765	2.57834448772
770	0.4
775	3.92131156699
780	1.29462610421
785	3.34505803446
790	0.527509919448
795	4.00346216331
800	3.29865950851
805	5.25330156324
810	0.4
815	3.92270513923
820	6.11109012251
825	0.4
830	6.18387080066
835	6.21176221629
840	3.65404214815
845	1.7544355381
850	0.4
855	3.38470834377
860	2.64053135793
865	0.4
870	3.19525540927
875	1.34094476703
880	5.10859569064
885	0.918270762469
890	3.42660185548
895	0.4
900	2.84154923872
905	5.09718684752
910	3.28257500473
915	0.4
920	4.60043826283
925	3.73484001138
930	0.4
935	0.824992092867
940	1.91121146781
945	0.4
950	5.56540255877
955	2.42954902985
960	4.74696467014
965	5.41988648817
970	0.4
975	0.4
980	0.4
985	0.4
990	0.4
995	0.891864253738
1000	4.54010905383
1005	0.4
1010	0.905297020443
1015	1.77434084113
1020	2.27589030809
1025	1.92309374616
1030	2.63287713011
1035	0.4
1040	4.43326268386
1045	1.20447510384
1050	0.747864443115
1055	0.4
1060	0.4
1065	1.58422807048
1070	0.4
1075	1.68357188252
1080	0.456637538454
1085	1.7874429435
1090	3.29951518012
1095	3.88265596412
1100	2.48442115945
1105	2.56683813269
1110	2.32668827103
1115	0.4
1120	3.36087844694
1125	0.4
1130	6.59573110795
1135	7.05693652085
1140	1.80183358843
1145	0.4
1150	1.72898913797
1155	6.56003987077
1160	3.38954659583
1165	1.83286077966
1170	2.81504651894
1175	3.04894683562
1180	0.4
1185	1.72456547631
1190	4.15731424149
1195	7.59143267623
1200	0.4
1205	2.80981132172
1210	0.4
1215	1.56229022116
1220	2.00105052251
1225	1.16181908472
1230	2.37563568994
1235	2.17824509454
1240	0.4
1245	4.93094149092
1250	4.26737912125
1255	3.16855299662
1260	2.52698859547
1265	2.19292272862
1270	2.39407247209
1275	0.4
1280	1.19276943045
1285	3.93833307981
1290	6.46797434601
1295	2.42676975163
1300	5.00815188499
1305	1.3882099654
1310	1.42681024665
1315	0.4
1320	0.4
1325	0.838140308512
1330	2.50348164456
1335	2.13303001374
1340	3.55961548171
1345	2.7821312605
1350	4.1043054895
1355	4.90327282223
1360	1.23526155146
1365	4.41063226535
1370	8.11381110155
1375	1.10715062643
1380	4.97979309423
1385	7.23879838168
1390	2.02783147333
1395	0.4
1400	6.78951862929
1405	2.23903593686
1410	3.6327876113
1415	1.15415252686
1420	1.97543871239
1425	0.970986647559
1430	2.14662085152
1435	3.82210245484
1440	5.64239987325
1445	4.13206150708
1450	0.791666846285
1455	3.09234901139
1460	1.8227366109
1465	0.4
1470	5.0250447382
1475	2.81973373815
1480	3.1337574253
1485	6.99699229311
1490	4.41392089041
1495	0.4
1500	7.56658384797
1505	5.64330945128
1510	3.15738937563
1515	0.4
1520	2.2513741438
1525	3.11692220161
1530	2.7908635908
1535	0.4
1540	4.92352459811
1545	4.33738569638
1550	7.27957101448
1555	4.38660851106
1560	1.70097663336
1565	0.4
1570	9.88300716003
1575	3.50357055615
1580	0.4
1585	3.90418296995
1590	4.19987228704
1595	0.4
1600	0.4
1605	3.45720902657
1610	0.4
1615	3.54622311551
1620	0.4
1625	0.4
1630	0.4
1635	5.05150492591
1640	2.88235005558
1645	2.09676896937
1650	1.75694806857
1655	0.933529363131
1660	7.74228800015
1665	8.92715561514
1670	2.65150581015
1675	4.54430982638
1680	1.16085370165
1685	5.94254866978
1690	1.77139558711
1695	7.04056248081
1700	2.66680965349
1705	5.12580613227
1710	2.45648020514
1715	0.4
1720	2.71665296735
1725	5.5903475191
1730	1.21373439433
1735	5.11384631467
1740	3.01869383807
1745	6.49507148303
1750	0.754603277797
1755	3.89732614735
1760	0.4
1765	3.01936000624
1770	0.416103669908
1775	0.4
1780	4.82898593129
1785	5.30682322035
1790	0.4
1795	0.4
1800	7.79670282347
1805	2.63155571146
1810	2.54516591558
1815	2.84026693604
1820	2.0023224714
1825	3.77068027722
1830	4.4012067974
1835	0.50654401842
1840	2.69634351586
1845	0.4
1850	6.0081392803
1855	3.2643035313
1860	5.4482877408
1865	5.92332421615
1870	0.4
1875	2.17264477324
1880	1.8281226261
1885	8.33027723017
1890	4.65158506583
1895	2.77519202917
1900	6.19185696998
