0	0.4
5	5.68710673072
10	30.1506611382
15	4.97266857856
20	7.81784147109
25	9.39121636663
30	0.4
35	0.4
40	0.4
45	0.4
50	11.4689118077
55	1.40522341797
60	5.22837810113
65	8.84559597621
70	0.4
75	26.1945726141
80	0.4
85	0.4
90	4.68041698685
95	0.4
100	20.1729582139
105	0.4
110	0.4
115	23.4343469027
120	19.4762277347
125	0.4
130	20.8150858016
135	8.49967671662
140	23.336655167
145	20.7493075072
150	7.45443349777
155	0.4
160	0.4
165	0.4
170	0.4
175	12.1930749208
180	11.7917276283
185	3.28861391735
190	18.6931226313
195	11.1572753461
200	6.24659856051
205	0.4
210	8.13235531178
215	12.5994731299
220	28.7642106607
225	8.13825053216
230	0.4
235	0.4
240	5.08748635065
245	16.2433112302
250	17.3505828562
255	0.4
260	7.73431127784
265	0.4
270	0.4
275	10.8321188295
280	2.7678381434
285	0.4
290	0.4
295	0.4
300	3.70094755357
305	0.4
310	2.58769082237
315	5.7798816093
320	0.4
325	0.4
330	5.54081184767
335	0.4
340	0.4
345	0.4
350	15.1771562852
355	12.9227383396
360	0.4
365	12.2429276993
370	5.37243559461
375	3.61738646914
380	22.3413389534
385	13.5519508263
390	4.35038056324
395	0.4
400	0.4
405	12.5260632307
410	0.4
415	0.4
420	0.4
425	0.4
430	20.9897389023
435	0.4
440	0.4
445	22.1590077145
450	0.4
455	0.4
460	3.31167154939
465	0.4
470	0.4
475	0.4
480	12.6901117399
485	15.5061586203
490	0.971493648559
495	0.4
500	0.4
505	0.4
510	0.4
515	0.4
520	8.29321009469
525	15.8396950148
530	15.6373625231
535	0.4
540	0.4
545	14.2618518902
550	0.4
555	0.4
560	0.666118867105
565	0.4
570	0.4
575	14.3016317551
580	20.701442891
585	4.91262566369
590	2.66381888858
595	6.17119537705
600	0.4
605	0.4
610	0.4
615	0.4
620	4.16277879048
625	8.3972377553
630	15.5242467862
635	11.1238219916
640	0.4
645	0.4
650	18.2869509701
655	0.4
660	6.64495790128
665	0.4
670	1.38174215705
675	0.4
680	6.36545903282
685	14.6955086201
690	13.3701898523
695	0.4
700	0.4
705	26.7427112329
710	0.4
715	0.4
720	1.29869946053
725	4.28314448373
730	0.4
735	0.4
740	4.81521835469
745	8.49276911569
750	1.48273349218
755	0.4
760	17.6314291262
765	24.01169313
770	0.4
775	0.4
780	0.4
785	14.0699660471
790	3.29245366271
795	7.73656732471
800	2.30660355675
805	0.4
810	23.5985166294
815	0.4
820	11.8866685086
825	22.081269109
830	0.4
835	11.4870237337
840	7.30185074301
845	0.4
850	5.1203519123
855	14.6350096867
860	16.2043408588
865	0.4
870	19.5769846821
875	0.4
880	0.4
885	0.4
890	0.4
895	10.9537503328
900	0.4
905	9.35569049086
910	0.4
915	4.37639744242
920	0.650084774975
925	0.4
930	0.4
935	0.4
940	0.4
945	0.4
950	2.94898850431
955	12.7480072395
960	18.3689777842
965	0.4
970	10.212150226
975	18.4267095426
980	4.53089639037
985	0.4
990	0.4
995	0.4
1000	0.4
1005	25.0698784244
1010	0.4
1015	0.4
1020	9.69082757378
1025	9.36505817769
1030	12.8231324367
1035	0.4
1040	0.4
1045	21.1759828932
1050	0.4
1055	0.4
1060	0.4
1065	12.5714619209
1070	0.4
1075	28.869412591
1080	13.806256365
1085	2.37175220677
1090	7.30246879666
1095	15.1112460939
1100	0.4
1105	17.2766798608
1110	4.48985869433
1115	0.4
1120	0.4
1125	10.0102543964
1130	0.4
1135	0.4
1140	9.26096541775
1145	1.22687918274
1150	7.81441359689
1155	7.58956192523
1160	13.8808945593
1165	0.4
1170	7.81828248095
1175	0.4
1180	6.18022198863
1185	0.4
1190	0.4
1195	2.3444668158
1200	0.4
1205	0.4
1210	0.4
1215	1.17467722536
1220	26.6636317949
1225	0.4
1230	16.1793784468
1235	20.3492140878
1240	0.4
1245	16.5663327641
1250	11.9693988566
1255	17.5985726159
1260	0.4
1265	0.4
1270	19.7690536287
1275	0.4
1280	0.4
1285	3.05695299512
1290	0.4
1295	7.78439593663
1300	0.4
1305	0.4
1310	0.4
1315	14.4987115521
1320	0.4
1325	15.0108451346
1330	0.4
1335	0.4
1340	18.4377219862
1345	2.70780986355
1350	15.5630773841
1355	7.77162675562
1360	9.81483042476
1365	0.4
1370	0.4
1375	27.0104850418
1380	0.4
1385	18.8082164585
1390	0.4
1395	7.75622616512
1400	36.1506596222
1405	22.2425599857
1410	0.4
1415	3.26904720857
1420	0.4
1425	0.4
1430	0.4
1435	0.4
1440	0.4
1445	23.351645387
1450	1.64708734678
1455	16.987089207
1460	14.2549901513
1465	9.38872395423
1470	1.346759347
1475	0.4
1480	0.4
1485	14.2962530676
1490	0.642787979848
1495	1.45621331528
1500	10.5763186346
1505	7.25089599274
1510	1.11825411257
1515	5.63926082691
1520	0.4
1525	0.4
1530	3.32986665816
1535	30.7033669632
1540	0.4
1545	11.4457382527
1550	1.84612513452
1555	12.5939238157
1560	0.4
1565	15.2489426923
1570	4.165305337
1575	0.4
1580	2.61075719629
1585	0.918011486337
1590	1.20277556747
1595	7.71568060302
1600	25.5039142595
1605	20.200990261
1610	15.4369042324
1615	7.17354078627
1620	0.4
1625	10.3934698121
1630	0.4
1635	0.4
1640	30.3829992421
1645	12.9479032581
1650	0.4
1655	7.60466630252
1660	0.4
1665	26.1138933055
1670	0.4
1675	0.4
1680	5.66202039297
1685	4.31465444871
1690	0.4
1695	0.4
1700	15.4383866715
1705	0.4
1710	0.4
1715	7.80319550454
1720	8.31018140973
1725	0.4
1730	0.4
1735	0.4
1740	0.4
1745	0.4
1750	8.98079012786
1755	0.4
1760	1.58289823276
1765	17.065209623
1770	0.893253589939
1775	0.4
1780	3.4106733263
1785	0.4
1790	0.4
1795	0.4
1800	0.4
1805	0.4
1810	0.4
1815	2.36327646275
1820	17.5273387388
1825	8.24991118497
1830	22.5648686069
1835	0.4
1840	0.4
1845	8.78111996237
1850	0.4
1855	0.4
1860	0.4
1865	13.6837238836
1870	5.05397194292
1875	0.4
1880	18.4795868018
1885	5.607389594
1890	0.4
1895	0.4
