0	4.88346375481
5	6.16027603839
10	4.8064721658
15	4.5352277844
20	5.43822547873
25	5.54923069094
30	6.13443055556
35	4.16577827788
40	4.89848168523
45	6.60075203461
50	5.90985402486
55	5.08205163856
60	7.17099155875
65	4.7539230513
70	5.51424419524
75	5.70278868387
80	5.6365728016
85	4.23170906303
90	6.49118472223
95	7.26039664573
100	6.92762526643
105	4.10767708376
110	6.62934733634
115	3.6621261252
120	6.42954179305
125	6.07217641329
130	6.22891333588
135	4.70864728579
140	4.19946687963
145	5.19854093906
150	6.35421697412
155	6.347559588
160	6.54304342259
165	4.96246909879
170	5.54434242848
175	5.65071484007
180	6.13870339803
185	4.33092701063
190	6.96025811892
195	6.79967218519
200	4.28783112195
205	5.59944761284
210	5.86374016252
215	7.05731361092
220	4.95496849094
225	6.3275567183
230	5.91174966385
235	6.27109683368
240	7.36783216572
245	5.88177587595
250	5.9682714062
255	4.51790246553
260	5.72457953928
265	5.95975653365
270	6.17581019223
275	4.92830184406
280	5.14363040348
285	5.7228430329
290	6.01898876059
295	5.10002085914
300	5.24948495961
305	6.13617223041
310	4.83523263661
315	5.60193566234
320	5.13370570508
325	4.46454287343
330	6.06074562028
335	5.69534049073
340	4.63653785696
345	5.32538663994
350	7.38480534921
355	4.51651339504
360	6.45766188812
365	4.25011135493
370	4.75014690084
375	6.3911239505
380	6.42505712119
385	6.67925156563
390	6.87669072421
395	5.4602613249
400	6.26202367552
405	6.26991419623
410	6.65167166288
415	5.77241763384
420	6.38350681966
425	5.12669553186
430	4.87849721085
435	4.9918060015
440	5.83035749863
445	6.81751305596
450	5.7413621768
455	4.79499075885
460	5.70212573118
465	4.78222999387
470	6.24369486945
475	5.81770056157
480	5.90108872987
485	5.62125828642
490	4.11481255804
495	6.74273825512
500	5.99207429032
505	4.40294567849
510	5.43400799193
515	6.17237798253
520	4.41060818158
525	4.54285412845
530	5.52790882114
535	4.66437843431
540	6.1780870694
545	6.39904120752
550	5.88515357738
555	5.92800292471
560	4.69708391877
565	7.3243294793
570	4.46982630398
575	6.29231509401
580	5.42699145095
585	4.60012419862
590	6.88874003733
595	6.72685022812
600	6.18432763426
605	6.40210964791
610	4.79150796194
615	5.21440793429
620	5.43383578303
625	6.84271447665
630	4.85178589177
635	7.59444094821
640	5.44922881432
645	6.40377639879
650	5.13819891645
655	5.64545711311
660	5.32042272375
665	4.97823263548
670	7.15582707094
675	6.30679609771
680	5.89425939181
685	6.07112951198
690	4.54197973614
695	5.45390459673
700	3.87569638273
705	4.97932365968
710	6.37683226766
715	6.79595239262
720	6.58896943
725	4.41325332201
730	7.42833042286
735	5.8869569522
740	5.9068061364
745	5.32568562553
750	5.24477337842
755	5.01696724205
760	5.88154873301
765	5.09108459503
770	5.42878461675
775	4.02951642772
780	3.60403654111
785	5.98481789582
790	5.18299191913
795	5.73677822241
800	5.74043029698
805	7.67465659443
810	6.68684178431
815	5.50347653226
820	5.51693012497
825	7.47109167443
830	5.35162746848
835	4.58849152299
840	5.59881987884
845	5.82845711341
850	4.63346906321
855	5.39095644851
860	6.3484020381
865	7.07290185831
870	5.35235166751
875	4.69754240715
880	5.22974006741
885	5.94970219115
890	4.49299459293
895	6.33640855491
900	5.00702408686
905	4.32771432397
910	6.51350823803
915	6.62568604272
920	6.70942626164
925	6.15775881165
930	7.73378428012
935	8.18795911749
940	4.98470361864
945	6.93075320558
950	5.91218376763
955	4.49322922634
960	3.68683392644
965	5.92104865388
970	4.52528679893
975	7.09052756706
980	5.87429380528
985	6.22258119517
990	4.88603027872
995	5.64356652719
1000	5.86359278861
1005	7.98684471694
1010	6.28066289804
1015	4.69027450792
1020	4.97249672795
1025	5.92283345913
1030	4.84852407096
1035	4.61318324783
1040	6.65481627419
1045	5.30158116373
1050	6.16796828598
1055	5.8119123072
1060	4.37973567476
1065	6.37711137707
1070	4.10866164559
1075	6.76006775838
1080	6.35813542418
1085	5.83933735624
1090	5.17848872308
1095	3.56023000855
1100	6.08568676882
1105	3.31139638008
1110	4.75145318733
1115	5.56004775002
1120	6.41742821654
1125	6.74131641466
1130	5.18569815188
1135	6.54141244094
1140	4.4410397917
1145	5.17629713619
1150	4.85714481003
1155	5.74894473631
1160	6.6579350933
1165	6.18702265716
1170	6.59454788529
1175	4.2753985713
1180	5.86421440542
1185	5.84984152079
1190	5.82645245305
1195	6.14866621787
1200	4.45020757307
1205	6.65016393451
1210	4.26694551292
1215	5.19669142863
1220	5.60738864793
1225	5.39783924732
1230	3.86116905186
1235	5.3617055043
1240	6.43163867769
1245	5.88475873677
1250	5.0440421598
1255	5.52215566737
1260	4.86461131425
1265	5.58724129587
1270	6.30132383504
1275	5.80535773881
1280	4.69983974481
1285	4.25071079983
1290	6.10583689775
1295	3.65979311402
1300	5.67011879829
1305	6.26948528779
1310	5.83191739144
1315	6.75684521912
1320	4.11770475115
1325	6.55122849793
1330	6.63955897541
1335	5.15914561082
1340	5.87862991929
1345	5.46999684568
1350	6.5249064348
1355	6.43114798778
1360	5.016462115
1365	6.53336032428
1370	4.28394398313
1375	5.85307463533
1380	4.63056655686
1385	5.67090222103
1390	5.62100785378
1395	5.6823845514
1400	5.34322982413
1405	4.10219971133
1410	6.45090110782
1415	6.20452129577
1420	6.79502672642
1425	6.03594211469
1430	4.41518833815
1435	5.62649890727
1440	6.06710454048
1445	5.3339352956
1450	6.57853046679
1455	4.39920967807
1460	5.00670939015
1465	6.49157552465
1470	7.03802069476
1475	4.54357229725
1480	4.7165883009
1485	7.24426427857
1490	4.74940755739
1495	6.88121617197
1500	4.22502477704
1505	5.99106756303
1510	3.28398427335
1515	6.71195430394
1520	4.76121283991
1525	5.29382266414
1530	5.24904091903
1535	5.53119892727
1540	6.04461255915
1545	3.66177744211
1550	4.97731132018
1555	3.5871925272
1560	6.82070306465
1565	4.67586889018
1570	5.29448143568
1575	5.88099540258
1580	5.17405989022
1585	5.97571842414
1590	6.65115047315
1595	4.88736410529
1600	4.71611822381
1605	4.56051082421
1610	5.717288795
1615	6.89001842615
1620	5.87717314117
1625	4.23419746928
1630	5.69554632124
1635	6.01069106736
1640	5.77634056176
1645	4.66457283393
1650	6.16104750133
1655	5.47140602075
1660	5.58804403106
1665	5.7814332315
1670	5.30184364662
1675	5.10859558055
1680	5.83449579669
1685	5.91914198833
1690	6.7250505133
1695	5.31737282251
1700	5.68524454786
1705	5.64785648691
1710	6.36177921144
1715	4.44673961592
1720	6.87023510493
1725	4.67978580084
1730	6.35511907962
1735	4.4520698179
1740	7.335410375
1745	5.70952459765
1750	7.68057592175
1755	6.64598843565
1760	5.17306182488
1765	6.18188414443
1770	4.02255191756
1775	5.70853526188
1780	5.84243495001
1785	6.66466030959
1790	3.95368280348
1795	6.67687331699
1800	4.89410813693
1805	5.59062143364
1810	5.71037066806
1815	4.74682370174
1820	6.72256431702
1825	6.84820428229
1830	4.43412378499
1835	5.97099926387
1840	6.07262377658
1845	5.67110855971
1850	4.82689667823
1855	6.64890861774
1860	5.33958058725
1865	5.73361420222
1870	5.74221895191
1875	5.86989361357
1880	5.07734089144
1885	4.18565891747
1890	5.44387661635
1895	5.83914351081
1900	5.60601728961
1905	7.5119838906
1910	5.37601882965
1915	5.54512495675
1920	4.52058891739
1925	5.55373036339
1930	7.41997570921
1935	3.92867865944
1940	5.09754134051
1945	6.16822505927
1950	6.45048105246
1955	3.6680343951
