0	0.4
5	5.36847344438
10	5.5682847238
15	9.72219538651
20	27.1509465637
25	7.09292598475
30	12.848174748
35	15.6782662779
40	4.54200332146
45	0.4
50	25.0125011502
55	0.4
60	0.4
65	19.3943147876
70	0.4
75	4.47011445094
80	4.44837090923
85	0.4
90	2.79181174377
95	6.1135116687
100	18.669960845
105	0.4
110	20.2244044766
115	0.4
120	6.1191662153
125	0.4
130	8.87580876326
135	0.4
140	2.35352378443
145	8.98106321378
150	17.1703077641
155	15.7346914031
160	0.4
165	21.1964317664
170	0.4
175	20.325424655
180	0.4
185	15.0895235372
190	5.79779809226
195	27.524800675
200	6.80786257588
205	11.7494550391
210	0.4
215	0.4
220	8.67912469177
225	0.4
230	8.37611514602
235	0.4
240	10.9938253212
245	0.4
250	0.684450935625
255	10.6965789422
260	1.74056019454
265	17.6657326538
270	0.4
275	11.8132577707
280	4.33089862134
285	16.3784645432
290	0.4
295	20.2028053171
300	28.5969897755
305	2.74935890897
310	27.7047704687
315	2.57663591452
320	17.7685137715
325	24.0270712356
330	12.5726262976
335	16.7814465043
340	24.5260927888
345	0.4
350	7.08169927727
355	0.4
360	14.937276956
365	0.4
370	0.4
375	15.4204120477
380	9.94950282292
385	0.4
390	0.4
395	5.93861682821
400	0.4
405	35.2843535911
410	6.55984784777
415	20.0492678301
420	0.4
425	9.17434669086
430	20.9392352626
435	0.4
440	16.0732436827
445	0.4
450	26.8765478869
455	8.63097600766
460	41.6493681844
465	0.4
470	19.8532725676
475	10.1579790062
480	0.4
485	13.6654439135
490	22.2716001407
495	25.9772482064
500	0.4
505	9.83933857645
510	12.0460130257
515	19.9986857468
520	2.04018255484
525	1.21625042377
530	2.25145949981
535	32.627089244
540	0.4
545	0.4
550	10.783031463
555	19.6631642208
560	0.4
565	29.3497783939
570	13.7366895493
575	19.8677507316
580	20.7068879985
585	4.12878921343
590	12.2820559668
595	0.4
600	0.4
605	0.4
610	0.4
615	13.1140274218
620	0.4
625	15.2129905687
630	6.28874944993
635	0.4
640	17.3374975534
645	11.7149612739
650	9.4065968893
655	0.4
660	7.64599770183
665	0.4
670	0.4
675	4.81327733038
680	23.7101480798
685	0.4
690	0.702571582092
695	0.4
700	0.635599853941
705	7.95988316714
710	43.6429611112
715	0.4
720	7.58244326036
725	21.7654591226
730	0.4
735	0.4
740	23.4410376906
745	1.72690232941
750	7.22407857817
755	30.801417095
760	4.37050850176
765	6.11756471558
770	9.35739603082
775	10.2020537847
780	2.55118462966
785	4.27151012313
790	4.31541518661
795	0.963794257755
800	0.4
805	33.9476713847
810	7.2552277205
815	3.64892967054
820	2.9360023059
825	7.41089422955
830	0.4
835	7.76020858452
840	16.6202958214
845	0.4
850	12.3944603851
855	11.599246527
860	0.4
865	0.4
870	9.02198235385
875	16.0102009673
880	16.5484026426
885	0.582010652805
890	25.6938147992
895	27.4339872494
900	19.1394546967
905	0.4
910	16.7597042606
915	0.4
920	0.4
925	7.95345492124
930	9.75277327406
935	20.9760032038
940	0.4
945	0.4
950	17.3334927338
955	0.4
960	11.8463589963
965	0.4
970	16.0426125286
975	17.7161351311
980	19.4135223239
985	16.7391616958
990	5.97619807725
995	3.46638406232
1000	27.1015335893
1005	22.3973860957
1010	0.4
1015	8.54119942504
1020	10.501615862
1025	7.632817811
1030	10.159848407
1035	5.17240777423
1040	16.467689219
1045	21.3317065671
1050	0.4
1055	6.93327560299
1060	6.86813716051
1065	24.5819303714
1070	29.2187775707
1075	12.2850049875
1080	0.4
1085	8.1070972887
1090	0.4
1095	0.4
1100	7.36181502316
1105	6.42307644753
1110	5.14778435913
1115	7.05711459651
1120	0.4
1125	0.4
1130	7.06798387193
1135	0.4
1140	0.4
1145	0.4
1150	0.4
1155	9.62928358293
1160	0.4
1165	9.90548411662
1170	29.472641958
1175	0.4
1180	15.8533785421
1185	8.17169332028
1190	12.3746289643
1195	0.4
1200	6.6837484911
1205	22.1865935615
1210	0.4
1215	0.4
1220	24.9356261035
1225	0.4
1230	37.2789527486
1235	30.1391558636
1240	38.1561902169
1245	6.96584154307
1250	8.87053724696
1255	9.98869507843
1260	4.47748703037
1265	4.01195375037
1270	0.4
1275	2.52027973893
1280	2.1643655996
1285	15.16949576
1290	0.754568087753
1295	0.4
1300	10.2468920201
1305	22.9897292327
1310	6.30595776399
1315	2.44720879561
1320	2.13532058603
1325	19.1463810286
1330	0.4
1335	6.437851952
1340	8.5807311129
1345	0.4
1350	0.4
1355	0.4
1360	1.72334922174
1365	0.4
1370	0.4
1375	3.33951813894
1380	9.46858609467
1385	1.24408379565
1390	0.4
1395	14.9961986155
1400	0.4
1405	12.2167742237
1410	15.8548855055
1415	0.4
1420	15.7568862553
1425	8.66669912921
1430	0.4
1435	5.74309165049
1440	15.0137645775
1445	0.4
1450	0.4
1455	5.42440580558
1460	19.4156056028
1465	0.4
1470	25.7213803298
1475	11.7251536555
1480	0.4
1485	14.9467298753
1490	17.5486560826
1495	0.4
1500	17.331461164
1505	0.4
1510	0.4
