0	1.95366452376
5	2.40261076451
10	0.65614606131
15	1.60475717865
20	0.4
25	1.86542564271
30	2.82909326112
35	1.78667922272
40	1.61477061276
45	0.593987248679
50	0.4
55	1.82767088724
60	0.4
65	0.4
70	0.578029806931
75	1.44182409733
80	0.791234607384
85	1.15695505091
90	1.77940771743
95	0.4
100	1.26877161546
105	0.4
110	0.610070882049
115	0.4
120	1.56044670473
125	2.1827461496
130	0.4
135	0.4
140	0.722330223752
145	0.4
150	0.877014391571
155	0.4
160	2.47323458091
165	1.34477034515
170	2.05634316036
175	0.4
180	0.4
185	0.4
190	1.29425341376
195	4.03010137171
200	0.839818693788
205	2.23061750288
210	0.652894083447
215	1.49256049321
220	0.4
225	3.14758275319
230	0.510886677427
235	0.4
240	0.4
245	0.4
250	3.75048376531
255	2.30093104005
260	0.617772631217
265	0.4
270	1.35160285296
275	2.84007868888
280	0.4
285	0.4
290	1.81395888853
295	0.4
300	0.998627741176
305	0.410997498304
310	0.4
315	0.4
320	3.79153044628
325	2.54798486928
330	0.527658977609
335	0.4
340	0.4
345	1.0584228892
350	2.28782194935
355	0.4
360	0.4
365	0.4
370	0.4
375	0.4
380	1.57869400281
385	0.940557391232
390	2.10351729557
395	2.76027122443
400	2.62956467217
405	2.3177636696
410	1.4794575914
415	1.55010124566
420	2.73744448841
425	3.48569345209
430	6.02651594119
435	3.97124522909
440	0.478375919909
445	1.31621547962
450	0.4
455	0.4
460	2.20617210651
465	0.4
470	0.4
475	0.4
480	0.667015183446
485	2.90283528322
490	0.815348746761
495	2.59673263695
500	0.887414651064
505	1.42026749812
510	0.4
515	1.12349139403
520	2.03990226719
525	1.67887953767
530	2.40150250079
535	0.4
540	2.38314307884
545	0.4
550	0.4
555	1.43701101167
560	4.00326783002
565	4.11305225937
570	0.4
575	2.39138437627
580	1.65546891327
585	2.59809344232
590	1.04113810419
595	3.34006387344
600	0.4
605	0.4
610	1.67317432937
615	5.93211146048
620	1.6979284562
625	1.90986019758
630	1.21681824559
635	2.75549493616
640	0.4
645	0.772249632675
650	1.39871335229
655	0.4
660	2.26987463614
665	0.4
670	0.989422432033
675	0.4
680	2.54261340273
685	0.489651243608
690	0.4
695	0.4
700	4.3650408356
705	1.84405818478
710	1.93145919524
715	1.3260957721
720	1.31546624047
725	0.591376805429
730	1.53596945679
735	0.4
740	0.4
745	1.6423990682
750	0.4
755	0.4
760	2.57306171318
765	2.09298932034
770	0.4
775	1.54504475188
780	3.6855477465
785	0.875618317236
790	0.4
795	1.63686626274
800	0.4
805	0.4
810	0.600574018313
815	0.4
820	0.4
825	1.22830212563
830	1.32065464634
835	1.49806429049
840	0.883758023634
845	3.68221851164
850	0.4
855	1.11991253554
860	2.96855604891
865	1.67888653592
870	2.99946193705
875	0.4
880	3.32790622615
885	0.564979808132
890	0.4
895	0.4
900	2.05654577766
905	0.4
910	0.737190850904
915	1.54091980641
920	2.47441360241
925	1.09195936578
930	0.946109319979
935	0.4
940	2.11323192534
945	2.34281995547
950	0.4
955	0.4
960	0.671032440722
965	1.55048721856
970	2.79922871443
975	0.490469004482
980	0.908845328004
985	0.516442372548
990	1.77805651787
995	3.26663465374
1000	0.4
1005	2.78311984892
1010	3.82083225562
1015	1.54025120652
1020	0.4
1025	2.59054070677
1030	1.66781820735
1035	0.4
1040	1.64485081523
1045	1.67933940256
1050	2.04392200814
1055	0.4
1060	0.526557769886
1065	0.989920008024
1070	0.4
1075	1.75181297435
1080	0.4
1085	0.4
1090	1.35195517361
1095	3.64105105233
1100	0.4
1105	0.4
1110	3.16068132605
1115	3.08837318177
1120	1.20572782962
1125	0.4
1130	3.32827927272
1135	0.435603605389
1140	1.99860924303
1145	2.96285696793
1150	0.476810959479
1155	0.4
1160	0.4
1165	1.29120724668
1170	1.46961386679
1175	0.62743536603
1180	1.94365829833
1185	2.2290389359
1190	2.118739642
1195	0.4
1200	0.4
1205	0.4
1210	1.46276092284
1215	0.991984731446
1220	1.980801667
1225	2.5118541574
1230	1.58668281812
1235	1.10052528325
1240	1.01452151877
1245	1.46608860908
1250	1.1050947015
1255	2.01167818789
1260	0.4
1265	0.883990085346
1270	2.78225056308
1275	0.4
1280	0.686551804243
1285	1.38500233482
1290	0.4
1295	1.85494960682
1300	0.4
1305	2.61701275265
1310	0.662977855837
1315	2.85022785087
1320	2.33252171899
1325	0.4
1330	3.74506910881
1335	0.4
1340	2.56781098909
1345	0.4
1350	1.66531160748
1355	1.61536417779
1360	2.16810048566
1365	2.20456391345
1370	2.44507540447
1375	2.2010085934
1380	1.91279587954
1385	0.938825975321
1390	0.968364326937
1395	0.817109019656
1400	1.5150591142
1405	4.79508152367
1410	0.4
1415	0.83442348128
1420	0.4
1425	0.4
1430	1.91140400286
1435	0.4
1440	2.61120833897
1445	3.99359345619
1450	2.63230054491
1455	1.09730191015
1460	0.4
1465	1.24714544942
1470	2.20551816824
1475	0.812687163627
1480	0.4
1485	1.83940202799
1490	0.4
1495	1.65673523389
1500	2.5243983512
1505	0.4
1510	3.57482436138
1515	1.68785641615
1520	0.965722858946
1525	2.42175412946
1530	1.58146105567
1535	1.07457101108
1540	0.4
1545	0.4
1550	2.34333117145
1555	0.4
1560	1.59572722338
1565	0.4
1570	2.65651628494
