0	4.68006945902
5	4.39461552825
10	5.8231624192
15	5.72155024247
20	4.34669111839
25	2.98204236089
30	4.05673499269
35	4.60961259481
40	4.16520386816
45	4.67187309926
50	4.71409760593
55	3.78763638726
60	3.88872626044
65	4.88961605883
70	3.23784532107
75	5.17293845406
80	3.01161958614
85	3.24789790492
90	6.14631818316
95	5.91095707354
100	4.21171487168
105	5.58875244178
110	3.74275427854
115	3.1036009683
120	4.8537309072
125	5.47203284032
130	4.58509151747
135	4.955707324
140	3.86247531959
145	4.41424600593
150	3.16112680416
155	5.69157840676
160	5.14641677857
165	4.24858944093
170	5.81115024005
175	4.22966638
180	4.39245987513
185	4.92587228223
190	4.1564169977
195	4.47756037456
200	4.09176875501
205	4.10250581628
210	5.40398815287
215	3.89327395554
220	3.03110337544
225	4.07597942735
230	5.49454587325
235	2.89790501771
240	4.93222795193
245	5.02462956498
250	4.07681312922
255	5.93575087042
260	4.49809213656
265	4.51435635447
270	4.05813988634
275	3.21608961894
280	5.33528970215
285	4.75169372611
290	5.11574271674
295	5.50582537861
300	4.86804084423
305	5.20442442887
310	3.57951270988
315	3.5334977814
320	4.67334818645
325	4.84900194304
330	3.91956689127
335	2.38420907428
340	5.61955820224
345	3.2891938041
350	5.77521834565
355	3.77113009835
360	4.05176246205
365	4.22832369286
370	5.24178699535
375	4.53157470726
380	3.15936504778
385	3.08751446064
390	4.06768031973
395	4.98201492807
400	5.18046214607
405	4.94246942835
410	4.8181234685
415	5.13705515328
420	4.72288737871
425	4.1074073918
430	4.4172065965
435	5.54000954616
440	4.17864637502
445	6.58409786358
450	4.45185990848
455	7.02308431008
460	3.36687957231
465	3.02523627369
470	4.52954407608
475	5.08725608747
480	4.71810831364
485	2.8679944964
490	5.16194730802
495	5.38314601888
500	4.25194681808
505	4.6935368632
510	4.09245587979
515	5.32159768499
520	4.77731050122
525	4.06118239373
530	5.17305501753
535	3.81521892085
540	3.0358318177
545	4.84081871243
550	3.49760843988
555	3.97711333494
560	4.13080325801
565	5.00299012567
570	4.10672255067
575	5.9612642854
580	3.92755948638
585	2.63932971417
590	4.34208737108
595	4.53281556319
600	5.89347505329
605	2.26840648241
610	3.42203890482
615	3.62311300909
620	3.60487647572
625	3.66511134679
630	4.47522588369
635	3.68044877683
640	5.31617160765
645	4.42951326747
650	5.04828238203
655	5.18968487677
660	3.65456343492
665	5.35112995006
670	2.79012900479
675	5.60190097531
680	3.00847708061
685	5.4800343067
690	5.30990640954
695	3.9208894086
700	5.80435431641
705	5.50602098115
710	5.57713572279
715	5.18324771241
720	3.01311461575
725	3.77626333608
730	2.77584842101
735	5.32364249708
740	4.1977280297
745	5.63204850355
750	3.27862834475
755	2.85255422357
760	3.72175380521
765	4.5842627458
770	2.96702371303
775	5.68756990037
780	4.33905324521
785	4.93667857113
790	4.00716777961
795	5.37076566949
800	3.82462687291
805	5.28691703411
810	5.08917745856
815	4.48527180788
820	3.64099493319
825	5.05603313531
830	5.34909835574
835	3.7187231621
840	4.27096601712
845	5.16671019403
850	3.0190261748
855	5.27602624251
860	4.166901134
865	5.81757326227
870	5.33550045648
875	5.07966395618
880	6.19859176922
885	6.37979811923
890	5.8848816215
895	6.48193808504
900	4.78415145882
905	2.20072593737
910	4.9563276986
915	6.83170800889
920	5.07420769784
925	4.11860604225
930	4.04055042557
935	4.1043246792
940	2.68708688673
945	1.54966857703
950	3.86014353829
955	4.10289675843
960	5.80834101383
965	4.10688978471
970	4.015962735
975	4.1660413056
980	4.02983960078
985	4.65117913852
990	4.70442632428
995	5.68396454553
1000	4.06659775426
1005	3.23728009079
1010	3.55502036735
1015	2.77809332121
1020	3.42902013734
1025	4.06139039146
1030	5.24565706388
1035	4.88948612974
1040	3.72626485768
1045	3.47356753134
1050	4.08347613104
1055	4.71445926448
1060	4.51341649458
1065	5.28745657252
1070	3.61818791789
1075	5.46658108606
1080	5.91726216748
1085	5.92377335185
1090	5.66119614262
1095	5.63910355805
1100	4.97484735223
1105	4.77038375275
1110	4.49104963722
1115	4.11019428178
1120	4.70957284391
1125	3.80851771928
1130	4.76051238717
1135	5.00508250288
1140	6.21023240655
1145	4.73038739837
1150	5.06181946453
1155	5.17892029794
1160	3.86737295287
1165	5.09007939497
1170	5.47370664334
1175	5.74203890135
1180	3.5375837568
1185	4.28788614494
1190	3.37899610884
1195	4.20832042921
1200	4.86669996849
1205	2.56523002897
1210	4.34580917132
1215	5.31134211719
1220	4.16157998601
1225	5.34179311145
1230	4.8126902044
1235	2.52197051999
1240	3.7041667233
1245	4.21690341488
1250	3.24036160007
1255	4.87833370107
1260	4.01715174242
1265	5.13869433297
1270	4.03563834186
1275	4.44970968533
1280	5.34001155583
1285	5.17023444816
1290	5.10615226897
1295	4.05135192465
1300	5.30297454869
1305	4.95858898629
1310	5.34268802776
1315	6.75045499196
1320	3.30625659703
1325	5.73287022397
1330	4.62334769533
1335	3.68046249447
1340	3.17026746304
1345	3.66539828771
1350	6.40579385976
1355	5.1878277685
1360	3.22124173729
1365	4.88678862117
1370	5.08407748308
1375	5.20777648092
1380	4.2547230959
1385	3.69252110802
1390	3.17579438687
1395	4.2745495609
1400	3.73349226568
1405	4.31393283696
1410	3.1669289116
1415	5.10119758669
1420	3.1440733486
1425	4.70466041339
1430	4.29079577423
1435	3.3049433543
1440	5.37827019056
1445	3.17357485272
1450	4.55253300679
1455	4.22047003054
1460	4.27262595905
1465	3.62625311076
1470	4.2852530766
1475	3.65679122331
1480	5.66453640788
1485	3.60236794061
1490	4.25812489038
1495	5.10465770954
1500	5.57359400505
1505	3.32959982563
1510	4.92811684144
1515	6.05894439417
1520	4.70677054522
1525	6.93428221123
1530	3.94883804963
1535	4.64854818578
1540	6.07426788073
1545	4.09413015049
1550	4.52003261866
1555	4.9663340332
1560	5.61380781522
1565	5.00312306674
1570	5.57439536521
1575	3.59672487836
1580	4.59501401036
