0	0.4
5	21.0304536228
10	3.93428368404
15	7.47937619494
20	0.4
25	8.77596751729
30	0.4
35	12.9672679401
40	6.89276373655
45	6.61384669781
50	0.824481547736
55	1.16679414891
60	0.4
65	0.4
70	12.6198979119
75	6.43229115118
80	7.19813805848
85	5.42834771756
90	0.4
95	0.4
100	0.4
105	12.6986341915
110	10.1422468297
115	22.5751428106
120	0.4
125	0.4
130	0.4
135	7.15498708683
140	9.82855098823
145	0.778738736602
150	9.03366197506
155	12.348320254
160	8.86736701461
165	0.4
170	27.4674315405
175	0.639619967583
180	5.31547670797
185	0.4
190	2.47808832489
195	10.6733826779
200	25.1313142801
205	5.21990652447
210	0.4
215	1.81497796241
220	0.4
225	0.4
230	0.4
235	4.62597444523
240	0.4
245	2.95230007792
250	19.2228834485
255	0.4
260	0.4
265	17.9184184835
270	21.7073099992
275	9.53366762355
280	0.4
285	0.4
290	0.4
295	0.4
300	0.4
305	0.4
310	1.70522266602
315	0.4
320	0.4
325	0.4
330	22.4032802078
335	0.4
340	26.0230143178
345	0.4
350	0.4
355	2.98858936719
360	0.4
365	5.93988587514
370	0.4
375	2.22046778765
380	5.62302430703
385	16.2726733069
390	0.4
395	16.1836056585
400	0.4
405	0.4
410	8.19063664009
415	11.7583883004
420	20.1977675929
425	7.5976342833
430	0.4
435	14.0919330339
440	0.4
445	0.4
450	0.4
455	16.4425606853
460	5.25097564889
465	0.4
470	5.11964172696
475	6.94115404961
480	0.4
485	8.9116009549
490	0.4
495	0.509798941184
500	0.4
505	0.4
510	0.4
515	0.4
520	12.9238093073
525	0.4
530	6.44004964277
535	9.29963364426
540	0.4
545	9.50607201736
550	0.4
555	8.74977476165
560	10.8384141376
565	13.9452811307
570	0.4
575	10.8419763401
580	13.7815183103
585	0.4
590	3.10668073844
595	2.79902960979
600	4.90628948296
605	0.4
610	0.4
615	0.4
620	18.7175837998
625	0.4
630	0.4
635	0.4
640	18.4368036029
645	0.4
650	0.4
655	2.76418766377
660	0.4
665	10.2138040771
670	17.0762229386
675	0.4
680	11.6635231204
685	15.7889890821
690	10.3121854007
695	0.4
700	0.4
705	1.71424394588
710	14.6486431106
715	7.91764782294
720	0.4
725	10.5551105032
730	14.7422655518
735	0.4
740	3.21813893266
745	0.4
750	0.4
755	6.61277174006
760	0.4
765	0.4
770	14.6521518597
775	0.4
780	0.4
785	2.55685327704
790	10.7816467599
795	0.4
800	0.4
805	0.4
810	0.4
815	9.95196412357
820	0.4
825	10.492669369
830	0.4
835	1.19393872458
840	7.187329114
845	14.1030574306
850	4.29756356863
855	0.4
860	0.4
865	0.4
870	25.2762281046
875	15.9249623256
880	0.4
885	4.103443028
890	2.99864206347
895	20.9130886845
900	0.4
905	1.96484431317
910	0.4
915	6.96346670611
920	3.25154837102
925	0.4
930	0.4
935	17.0055926612
940	0.4
945	1.86834899099
950	20.6560971729
955	0.4
960	15.3074174097
965	4.22770417734
970	6.97699557577
975	15.4019872954
980	2.70383207955
985	28.2460755938
990	0.4
995	5.55688870844
1000	0.4
1005	0.4
1010	0.4
1015	11.407027075
1020	0.4
1025	0.4
1030	12.1975945504
1035	0.4
1040	11.6293758491
1045	5.47367298042
1050	0.4
1055	0.4
1060	8.70158809763
1065	1.32443320197
1070	0.4
1075	0.730004295763
1080	12.6057916272
1085	7.32635008018
1090	14.2025468174
1095	3.80282536288
1100	9.76901709502
1105	7.76113882902
1110	7.02086341856
1115	0.4
1120	0.685565062375
1125	0.4
1130	0.4
1135	0.4
1140	6.71363187336
1145	0.4
1150	17.4351829084
1155	14.0333103851
1160	0.4
1165	18.2503930952
1170	6.40337381418
1175	2.75890524342
1180	7.27514865506
1185	19.5939587655
1190	0.413720210135
1195	0.4
1200	2.25165668108
1205	18.7083673075
1210	2.38626309075
1215	0.4
1220	0.4
1225	0.4
1230	0.4
1235	0.4
1240	4.46350492002
1245	10.5751439416
1250	2.35128055389
1255	8.29303289248
1260	3.42177535085
1265	0.4
1270	1.98627216626
1275	4.23060129763
1280	0.4
1285	6.72795884393
1290	0.4
1295	9.26433579095
1300	19.7908277538
1305	0.4
1310	3.22441580186
1315	10.3844725278
1320	10.3903608608
1325	2.66639014484
1330	0.4
1335	0.4
1340	6.11346478196
1345	5.05954145759
1350	0.4
1355	2.27564318394
1360	14.6486509761
1365	16.9149312494
1370	10.8078065759
1375	0.4
1380	9.97740744231
1385	0.4
1390	0.810355892562
1395	19.4117736879
1400	0.4
1405	4.75513319021
1410	5.64638856797
1415	5.7852815709
1420	13.5953243485
1425	0.4
1430	16.7936283631
1435	0.4
1440	12.2307543026
1445	5.67313122928
1450	0.4
1455	0.4
1460	5.88773659293
1465	9.0879466476
1470	0.4
1475	0.4
1480	3.553472288
1485	0.4
1490	7.33363929288
1495	6.91012071939
1500	7.4964893758
1505	0.4
1510	0.4
1515	0.4
1520	11.3735929373
1525	11.5751375176
1530	0.4
1535	0.4
1540	9.5209583232
1545	5.17836401533
1550	6.03113554705
1555	1.70929576515
1560	3.40759703596
1565	0.4
1570	10.4471474343
1575	20.6015350791
1580	9.88336876493
1585	33.1273918544
1590	3.76684542067
1595	0.4
1600	5.10434336179
1605	7.27053221456
1610	0.4
1615	6.61808806747
1620	0.4
1625	18.6280211428
1630	0.4
1635	0.4
1640	10.4610547512
1645	0.4
1650	0.4
1655	15.0574719602
1660	6.63843086372
1665	0.4
1670	4.80623376307
1675	0.4
1680	0.4
1685	5.21674157874
1690	15.6636088037
1695	12.4460775918
1700	5.86754333135
1705	8.39501794048
1710	3.28551643692
1715	5.53250769906
1720	7.24989912082
1725	0.4
1730	23.7138737166
1735	6.5928181151
1740	0.4
1745	0.4
1750	0.4
1755	1.50141039392
1760	2.69593219417
1765	0.4
1770	0.4
1775	0.4
1780	0.4
1785	0.4
1790	5.0670026032
1795	0.4
1800	7.96384076812
1805	3.01752332457
1810	0.4
1815	0.4
1820	7.8574368712
1825	0.4
1830	2.45417886662
1835	0.4
1840	0.4
1845	0.4
1850	0.4
1855	1.44071765984
1860	0.4
1865	9.12350125118
1870	0.4
1875	4.75520339895
1880	0.4
1885	0.4
1890	0.4
1895	0.4
1900	29.8334465406
1905	0.4
