0	1.83678789801
5	1.52622784521
10	1.4403511125
15	6.04396753849
20	2.78760516321
25	0.41592218227
30	2.67336701222
35	3.88639964743
40	1.69209465695
45	2.64158878906
50	3.8013549179
55	2.94555393683
60	4.43729047242
65	2.66119628649
70	4.10065052262
75	1.83571732047
80	3.0965564307
85	0.4
90	3.56147449216
95	4.98450162265
100	2.91131394962
105	8.11825476255
110	0.4
115	3.64076492441
120	4.79693382669
125	4.60668922792
130	3.15857169045
135	4.55750791809
140	1.36159881645
145	3.6692419723
150	2.14638001799
155	3.38259556341
160	4.77575612335
165	0.4
170	0.648654103703
175	5.23811852848
180	5.31386928988
185	0.4
190	0.504298146502
195	3.49034903077
200	0.4
205	5.80422923375
210	3.31754543959
215	2.5056543988
220	2.03695452205
225	0.4
230	3.1738429009
235	0.4
240	2.76522512766
245	0.4
250	2.27716256137
255	1.44523670554
260	1.14792193719
265	0.409129987486
270	2.6758392948
275	2.88270842226
280	1.34655410906
285	0.483235396243
290	3.49568111552
295	3.03888109194
300	3.07287490769
305	3.34464490625
310	2.96466770885
315	1.93638506471
320	3.12882156977
325	6.83671057872
330	2.20483405618
335	3.84709338407
340	4.48533004222
345	0.4
350	1.67206619725
355	3.94102964921
360	1.62368790278
365	0.4
370	2.51494236905
375	5.2801664593
380	2.74745640736
385	4.171269924
390	6.81948081194
395	3.93866248397
400	2.62728073822
405	6.5785492214
410	5.22063473052
415	3.30162686263
420	4.25886841939
425	4.74604087488
430	0.739239569743
435	2.5889455446
440	3.93933786709
445	0.4
450	2.90321500181
455	8.68559461542
460	1.51549208198
465	0.4
470	2.62241088949
475	4.46032394057
480	0.4
485	2.09986637816
490	6.58409700821
495	0.4
500	4.82067121894
505	6.0066923577
510	2.57838002801
515	2.1675558174
520	0.78898993434
525	2.91959235511
530	3.38563999226
535	1.73353890299
540	0.4
545	2.40404493666
550	2.51153537608
555	0.4
560	4.59861132068
565	1.94187846092
570	2.26515451374
575	4.87639795003
580	5.32070704397
585	4.85010652758
590	0.903990123193
595	3.24837090266
600	0.4
605	2.68768177408
610	3.47127318087
615	2.16706151135
620	4.20662608527
625	1.94691578608
630	0.50736209586
635	3.61048420557
640	0.998122106565
645	0.4
650	1.30581967437
655	2.22726798278
660	4.01943142557
665	2.90038605895
670	3.05576076671
675	2.20761754052
680	2.25481116907
685	2.06649123688
690	1.52585401999
695	3.20527639405
700	2.50776461674
705	3.89263747686
710	3.86217634741
715	0.4
720	1.82630989369
725	0.4
730	4.82144641133
735	0.410064943898
740	0.927191682238
745	2.21305378072
750	2.82708701223
755	1.69820176977
760	1.67888759705
765	1.86721015227
770	2.09662661635
775	3.37825054112
780	1.08450101004
785	2.51124847689
790	0.4
795	4.52334713789
800	5.4849259699
805	0.4
810	2.05126311814
815	0.4
820	4.51624145653
825	1.4957796826
830	0.759117982327
835	0.4
840	0.4
845	0.4
850	4.38649350307
855	1.72596026695
860	5.07428937635
865	2.9388950919
870	5.39317904172
875	2.99295439202
880	4.62844363359
885	1.64873776448
890	5.25422192031
895	0.4
900	4.09059150213
905	4.29513888385
910	4.28538801508
915	3.81094554096
920	2.3114229267
925	1.76478529739
930	3.63932169735
935	4.2366536882
940	2.19461704198
945	1.83839430425
950	0.4
955	0.4
960	3.5417932811
965	0.430730016521
970	2.60205227057
975	0.4
980	2.3152413766
985	2.65658126071
990	2.22859426712
995	2.29565081948
1000	0.4
1005	3.54996262198
1010	1.67780441095
1015	1.71945397432
1020	2.05946333235
1025	1.0782916444
1030	4.45137904898
1035	0.4
1040	4.91997985027
1045	1.94273841437
1050	2.54538840992
1055	1.14532446371
1060	1.95887353244
1065	1.53814778807
1070	3.03605682919
1075	2.07039499261
1080	0.45415273872
1085	3.93455269723
1090	3.8805983042
1095	4.97908008071
1100	1.86297726068
1105	5.78395442141
1110	1.11906225492
1115	1.30105424653
1120	0.4
1125	1.13855571532
1130	5.26783445856
1135	4.36390055057
1140	4.77962746202
1145	0.632260587175
1150	2.38890007821
1155	1.7776217921
1160	3.87264580132
1165	1.22860311451
1170	2.24980075998
1175	0.4
1180	1.20079021792
1185	1.98149954893
1190	3.07219995184
1195	3.0774440692
1200	3.35296698138
1205	2.97614382745
1210	1.92947537373
1215	4.06402516828
1220	2.11543252449
1225	2.32709535674
1230	2.85697454671
1235	1.58693487303
1240	2.16438905973
1245	2.47572120714
1250	5.35589841273
1255	1.02063781229
1260	1.35724685603
1265	0.4
1270	1.92535797704
1275	2.1844448084
1280	0.4
1285	4.78063618384
1290	3.99540243084
1295	0.4
1300	4.79303917352
1305	1.04607149721
1310	2.97978662031
1315	3.91694732222
1320	1.16247822639
1325	2.60922435686
1330	0.4
1335	5.27954250475
1340	2.7309082776
1345	4.648663001
1350	0.4
1355	4.20146882147
1360	3.20671489465
1365	5.09218971051
1370	4.69745312522
1375	3.28417650469
1380	0.4
1385	2.49442966814
1390	3.22679192901
1395	1.29104528315
1400	1.41649863919
1405	0.4
1410	2.64091272105
1415	3.3411262259
1420	1.60848024301
1425	1.73008109472
1430	3.5396427927
1435	1.60154572298
1440	1.54983164953
1445	1.67760675169
1450	5.32711946855
1455	2.14442348606
1460	0.4
1465	1.04689993756
1470	1.11866076184
1475	3.93949958111
1480	1.89342101476
1485	0.4
1490	0.763112979872
1495	0.615093862925
1500	4.93708420982
1505	5.09166888875
1510	3.12493997307
1515	1.17062629499
1520	2.4698091632
1525	0.446526236094
1530	3.45889416298
1535	1.38753276827
1540	3.35195261958
1545	2.86459799813
1550	5.7919859793
1555	4.50333628622
1560	7.41332284937
1565	4.86353265685
1570	1.21885554044
1575	0.4
1580	1.380281044
1585	3.69635933732
1590	2.14766784179
1595	0.4
1600	7.78087877612
1605	2.19929022144
1610	0.4
1615	5.03012792192
1620	1.40843171231
1625	2.06266677894
1630	0.4
1635	0.896229306918
1640	1.3188982843
1645	0.681258521658
1650	1.60065557123
1655	1.20123420584
1660	2.25293239012
1665	1.18160857962
1670	1.46004634793
1675	4.33892782561
1680	0.4
1685	5.80242653088
1690	4.05122703705
1695	4.27995090325
1700	1.14365499851
1705	1.06470850136
1710	0.4
1715	0.530861336388
1720	3.16652225377
1725	0.4
1730	3.14757058365
1735	3.29223491362
1740	1.99202595274
1745	1.83877950673
1750	3.40509695449
1755	1.69735171245
1760	0.4
1765	5.01184126151
1770	1.5796235788
1775	2.68336708783
1780	0.4
1785	3.37305301498
1790	2.70959322578
1795	5.53147766082
1800	2.06596873737
1805	2.34370862014
1810	3.08248426908
1815	0.4
1820	0.489182450169
1825	2.27346088718
1830	4.34470568197
1835	3.04148035447
1840	2.54218933836
1845	5.95131279958
1850	0.4
1855	0.986485870705
1860	4.30634956103
1865	0.4
1870	1.29558629622
1875	0.4
1880	1.4850838982
1885	5.45034060051
1890	0.4
1895	3.5180138234
1900	1.04778382106
1905	3.68152975632
1910	4.74084992152
1915	2.46034808302
1920	1.02158814921
1925	4.6870020773
1930	2.10445684056
1935	2.77109074828
1940	6.31523416655
1945	2.43716362649
1950	4.85425965849
1955	0.944806355248
1960	2.5143839139
