0	12.0769629659
5	0.4
10	0.4
15	8.00136045788
20	4.4637897523
25	4.32091369939
30	1.6179358605
35	9.72613769265
40	0.4
45	12.4408666834
50	0.4
55	0.4
60	1.51381235509
65	0.4
70	3.91516054134
75	7.07914279222
80	11.1030630337
85	0.4
90	11.4920725456
95	7.20793178674
100	14.6878028307
105	12.6845033295
110	0.4
115	16.8858901854
120	0.4
125	13.2634274944
130	13.0231452728
135	9.98754152662
140	9.99827528596
145	9.99047795754
150	7.47953995363
155	3.18058079387
160	10.7204205855
165	4.37741263926
170	10.5139246828
175	0.4
180	6.72652832742
185	0.4
190	0.646248860905
195	2.06799234594
200	11.5715475285
205	2.92724463566
210	5.25337761794
215	1.1818617315
220	8.35899731934
225	15.0280689879
230	10.7080137917
235	2.58704292153
240	13.086103043
245	14.851759344
250	7.67837385728
255	4.53124885263
260	9.97283796331
265	11.2242050831
270	11.1942011776
275	0.4
280	2.07530637472
285	5.45497697129
290	3.4489194174
295	7.18586318457
300	5.16379639838
305	9.13379809376
310	3.92413004479
315	14.765704481
320	2.14372921037
325	10.1833173223
330	1.6941259975
335	5.82103346423
340	1.63679470926
345	10.794314523
350	6.98958907718
355	6.88134195666
360	4.23900631306
365	11.8493372707
370	2.96305481105
375	0.917348894962
380	3.9530784793
385	1.90935760689
390	1.01315240253
395	6.21502426043
400	0.4
405	11.1486762179
410	0.4
415	0.4
420	4.91342376751
425	0.427592270516
430	3.48224639863
435	4.1735650877
440	13.5868611068
445	5.54054081461
450	3.89752710236
455	7.63284436085
460	5.02653801086
465	0.4
470	7.23470542539
475	8.64697195978
480	14.426374064
485	12.1553912964
490	8.63514488024
495	7.47667630497
500	8.7484267416
505	12.422475121
510	15.3406703047
515	0.4
520	0.4
525	0.4
530	13.1814108773
535	1.89363877988
540	6.74844012157
545	5.52565178962
550	5.53870594468
555	0.4
560	6.55176922771
565	11.9446654254
570	3.78366358326
575	15.3886211733
580	0.642496167152
585	12.7340503058
590	4.87735724719
595	13.2041821498
600	3.85606430863
605	9.27931866599
610	8.64116227221
615	0.4
620	8.71914341606
625	1.08673776588
630	1.27220645961
635	8.51828052329
640	4.92751804823
645	0.4
650	0.4
655	4.51517059518
660	14.5373700863
665	1.60296005892
670	17.4092546261
675	10.2969593729
680	8.52731819007
685	5.30601120566
690	0.4
695	5.32113284381
700	5.4117732019
705	0.4
710	3.90552445073
715	7.72724735952
720	9.90332681239
725	5.07344840313
730	6.94836218292
735	12.818813416
740	6.36175421665
745	8.55790787117
750	1.74785711744
755	3.42328472779
760	9.54465469869
765	13.6988634795
770	5.8173149415
775	5.07007926535
780	0.4
785	7.10852213223
790	3.27519746015
795	11.407244685
800	4.1941265278
805	2.73661071834
810	0.4
815	3.06462363351
820	0.4
825	3.6112929679
830	0.4
835	0.535752619446
840	0.4
845	4.70021101995
850	7.34176194792
855	7.60006433211
860	4.00284304082
865	10.9578619103
870	8.98280594876
875	8.53659114321
880	2.2156835707
885	1.27262688125
890	0.4
895	8.87543576007
900	7.75345104901
905	7.01221925882
910	4.60114092088
915	7.9325521765
920	2.64128957212
925	11.7023044446
930	6.54147218143
935	2.86598039176
940	6.81020045297
945	0.4
950	10.34963149
955	3.93344215899
960	8.74435534799
965	20.2201794178
970	6.86765856166
975	7.95190236424
980	8.45590721897
985	0.4
990	4.97656458294
995	2.10149403726
1000	5.24949152467
1005	2.40987372838
1010	9.09155632687
1015	3.79416324903
1020	0.4
1025	0.4
1030	9.14735842638
1035	11.849438808
1040	6.33972956672
1045	11.0200918536
1050	7.86655618239
1055	0.4
1060	26.0456832547
1065	0.4
1070	14.504729034
1075	10.7747092667
1080	0.843552928778
1085	0.4
1090	3.99269242694
1095	15.8238305888
1100	10.2953143137
1105	9.46436713937
1110	4.92869502983
1115	4.28202978297
1120	0.4
1125	2.27691951522
1130	0.645184596736
1135	4.40911453433
1140	4.44633415922
1145	1.1183811761
1150	4.43330805653
1155	1.3895919697
1160	1.33938158636
1165	6.77148562189
1170	0.4
1175	3.07851858839
1180	7.17875200371
1185	6.41292758227
1190	8.84492730038
1195	2.75236170351
1200	10.3379407136
1205	6.25121463677
1210	2.32917258289
1215	14.2667416419
1220	6.22757663456
1225	1.82248710926
1230	11.8869359258
1235	10.7299536711
1240	10.1238214171
1245	0.4
1250	4.38740583329
1255	11.9188682882
1260	6.58455331462
1265	0.4
1270	0.4
1275	10.9967041895
1280	0.4
1285	0.4
1290	5.31653445023
1295	0.4
1300	2.97065924821
1305	7.0040544478
1310	15.9138334238
1315	14.8083479078
1320	5.40116444277
1325	4.48251710176
1330	6.40137859173
1335	5.41685287149
1340	9.82714125261
1345	0.4
1350	9.27773465608
1355	13.1302456169
1360	9.04233953437
1365	1.81974468424
1370	9.34773247124
1375	20.442998109
1380	8.28070305569
1385	8.04584484557
1390	5.14348129996
1395	13.6898371213
1400	0.4
1405	4.01359552655
1410	16.8584161969
1415	1.12293179887
1420	6.01469587174
1425	4.12901861606
1430	0.4
1435	8.31404945669
1440	6.19822780229
1445	14.034948956
1450	3.70296700318
1455	8.96163297632
1460	0.4
1465	6.68929372008
1470	8.37583053588
1475	1.64730455274
1480	0.568251555089
1485	9.23095494821
1490	5.81337074906
1495	4.42844370537
1500	8.69496555874
1505	8.68788050803
1510	6.97324387212
1515	9.98913808137
1520	3.24832573875
1525	5.20259322639
1530	6.44898986294
1535	5.28644450424
1540	3.25568780581
1545	11.0495059474
1550	15.0326311068
1555	13.561753943
1560	0.4
1565	0.4
1570	5.93360498674
1575	11.0372760531
1580	4.75773953076
