0	6.76833077384
5	16.6951550133
10	6.80350805741
15	0.4
20	0.4
25	0.4
30	0.4
35	7.73376340238
40	14.7026177625
45	12.9507035308
50	0.4
55	9.75378073723
60	13.6540642315
65	0.4
70	0.4
75	18.4416460297
80	7.43826201907
85	0.4
90	2.33885648932
95	0.4
100	2.30768520846
105	12.0797003402
110	0.4
115	0.4
120	0.4
125	12.2593390823
130	18.8077449151
135	10.7618661349
140	3.11367106918
145	15.347963822
150	0.4
155	9.99232802899
160	0.4
165	0.4
170	0.4
175	0.834413377445
180	0.4
185	0.4
190	5.91930981709
195	0.4
200	0.4
205	0.4
210	12.2953738727
215	0.899619470125
220	6.18180269203
225	11.9156313926
230	0.4
235	12.8468553083
240	6.08860725182
245	1.76756679331
250	18.2867301959
255	6.31692444421
260	5.93592406747
265	0.4
270	0.4
275	5.79756077284
280	0.4
285	0.4
290	1.40391257561
295	0.4
300	8.74565063136
305	10.3819411603
310	5.02299972282
315	0.4
320	3.4265661139
325	0.4
330	0.4
335	0.4
340	14.9334179124
345	16.843384548
350	0.471459183017
355	20.4406781858
360	0.4
365	2.88814141423
370	7.23836984204
375	0.4
380	20.5037830162
385	0.4
390	8.1773138102
395	3.67469773899
400	12.4646567847
405	9.72508513407
410	0.4
415	2.08157828275
420	16.44080409
425	12.6350498428
430	4.99565621353
435	0.4
440	0.4
445	0.4
450	0.4
455	8.07960947032
460	0.4
465	0.4
470	0.4
475	0.4
480	14.7060796195
485	0.4
490	0.4
495	0.4
500	1.19832789255
505	0.4
510	0.4
515	3.29567364833
520	3.38121592705
525	0.4
530	0.4
535	17.7429817065
540	2.963744588
545	0.4
550	0.4
555	0.4
560	0.4
565	9.57262783468
570	6.75178652618
575	0.4
580	0.4
585	0.4
590	4.86228689822
595	0.4
600	7.82829183628
605	0.761394217681
610	0.4
615	0.4
620	16.3837816476
625	8.82701316266
630	2.02719190007
635	16.7321205123
640	1.17045283976
645	7.11414899273
650	14.3166445007
655	13.5206230643
660	0.4
665	0.4
670	12.2806318038
675	13.5131653543
680	11.1910502843
685	0.4
690	18.2302588637
695	6.05413636661
700	0.4
705	3.04825195925
710	0.4
715	1.7045560015
720	2.06547499991
725	0.4
730	0.4
735	8.79824220465
740	0.4
745	0.4
750	1.5203078169
755	22.9776994914
760	0.4
765	0.4
770	3.4009584314
775	11.261128483
780	8.53628426855
785	6.24266793731
790	3.98742778107
795	0.4
800	0.4
805	0.4
810	0.4
815	15.835426344
820	7.28431978609
825	8.38364489599
830	12.2081585831
835	10.6760663662
840	1.36691665975
845	0.4
850	12.5205737003
855	0.4
860	0.4
865	10.1441555492
870	0.4
875	0.4
880	0.4
885	0.4
890	4.56600460433
895	0.4
900	6.97002003654
905	8.76087818792
910	1.35007921633
915	1.16702338854
920	0.4
925	15.1978832762
930	0.4
935	7.92982005204
940	1.87672089981
945	0.4
950	0.4
955	2.14330943789
960	14.4447336215
965	22.3963713168
970	1.39993243502
975	3.42978250255
980	11.6501034052
985	7.31617148048
990	0.4
995	0.4
1000	14.0207052043
1005	0.4
1010	0.4
1015	2.33042074886
1020	2.26368925222
1025	0.4
1030	12.7464960204
1035	0.4
1040	0.4
1045	3.04680455114
1050	0.4
1055	0.4
1060	0.4
1065	0.773063388242
1070	0.4
1075	0.4
1080	2.96375934867
1085	9.04465186283
1090	8.98190753414
1095	9.11408541595
1100	0.4
1105	0.4
1110	0.951720925117
1115	8.71220902804
1120	11.3268947471
1125	0.4
1130	1.82621229267
1135	5.51947750645
1140	0.4
1145	9.7605736396
1150	5.30418344159
1155	0.4
1160	0.4
1165	9.87509144381
1170	18.8780247659
1175	0.4
1180	2.09657925121
1185	3.96655206791
1190	5.68017069524
1195	4.81943922102
1200	0.4
1205	0.4
1210	4.02538975054
1215	0.4
1220	3.51854569748
1225	0.4
1230	0.4
1235	2.59976639243
1240	17.9668243481
1245	1.47494334501
1250	9.10123688624
1255	12.3866950668
1260	4.77979872585
1265	3.33575685677
1270	10.7994357705
1275	1.91097042775
1280	0.4
1285	3.64759821643
1290	0.4
1295	0.4
1300	0.4
1305	0.4
1310	0.4
1315	6.21323634313
1320	14.224751255
1325	10.8901752811
1330	0.4
1335	0.4
1340	0.4
1345	0.4
1350	3.25009475457
1355	0.4
1360	31.7569284324
1365	0.4
1370	0.4
1375	4.92207380921
1380	0.4
1385	21.2700981627
1390	0.4
1395	0.4
1400	6.41227587389
1405	0.4
1410	0.4
1415	11.9033774223
1420	9.11542990303
1425	0.4
1430	0.4
1435	0.4
1440	15.1537960819
1445	11.2189971667
1450	0.4
1455	0.4
1460	5.87491226525
1465	0.4
1470	0.4
1475	15.5343876823
1480	10.4059043361
1485	11.783951565
1490	7.66269037965
1495	22.4233113449
1500	14.1402741511
1505	9.20113304916
1510	0.4
1515	0.4
1520	5.26240193187
1525	0.4
1530	0.4
1535	0.4
1540	0.4
1545	16.7561853511
1550	7.18275260947
1555	0.4
1560	8.89432918314
1565	15.4044441009
1570	0.4
1575	0.4
1580	24.0918776023
1585	17.2814372693
1590	15.8007935416
1595	12.2228377475
1600	11.2904664516
1605	2.39511509447
1610	7.49822330599
1615	0.4
1620	9.27143672569
1625	20.1278433597
1630	0.4
1635	1.10374747179
1640	1.45951850308
1645	8.11833904852
1650	2.53377216627
1655	0.4
1660	0.4
1665	0.71773526196
1670	0.4
1675	0.4
1680	0.4
1685	7.56797768271
1690	0.4
1695	7.19758316286
1700	2.95219891721
1705	4.11330005078
1710	1.09073040092
1715	7.6094156888
1720	7.99394462897
1725	0.4
1730	0.4
1735	0.4
1740	0.4
1745	6.69445961111
1750	12.6209409371
1755	0.4
1760	31.5201907351
1765	0.4
1770	0.4
1775	0.4
1780	20.2359566104
1785	0.4
1790	3.7987524371
1795	0.4
1800	10.9485500659
1805	4.59248950291
1810	3.24590314793
1815	17.5937208023
1820	0.4
1825	0.4
1830	0.4
1835	13.0484847518
1840	0.4
1845	0.4
1850	2.55252593114
1855	2.42192401869
1860	2.59727256387
1865	11.5510954672
1870	12.9098505635
1875	0.4
1880	8.05448782935
1885	0.4
1890	7.39296051692
1895	2.90114541887
1900	0.4
1905	0.4
