0	0.542089610713
5	2.95080268466
10	5.44949856112
15	5.52966384536
20	0.4
25	9.85176379859
30	1.05680485761
35	4.65961508545
40	4.51279053625
45	12.9585716845
50	3.78655896681
55	5.85180695338
60	15.3993310682
65	3.77596328627
70	0.4
75	16.5692919565
80	2.6295842158
85	0.4
90	0.4
95	2.76745290474
100	9.32277218344
105	0.4
110	6.6202324985
115	11.6938015372
120	0.4
125	0.4
130	2.27661454114
135	10.9322223487
140	0.4
145	2.15499869038
150	0.4
155	9.65855612285
160	0.4
165	0.4
170	3.65513144034
175	6.0484492228
180	0.4
185	6.37470386574
190	0.4
195	13.2927809516
200	4.29453541854
205	7.42439496176
210	0.4
215	1.35842598524
220	1.24322566507
225	0.4
230	0.4
235	10.544972198
240	0.4
245	0.4
250	8.91126700914
255	6.94022013054
260	11.7257869363
265	0.4
270	0.4
275	6.83240791128
280	6.63877715953
285	2.87119116277
290	2.93459506905
295	4.62536341317
300	7.83128120909
305	0.4
310	0.4
315	11.7747014007
320	1.55108121501
325	1.2106196028
330	3.04594158479
335	7.04015843376
340	7.28572295362
345	6.52455279227
350	5.33274990053
355	0.4
360	0.4
365	11.0231212078
370	4.80298488947
375	0.4
380	0.4
385	9.9530798375
390	1.23281129187
395	1.34751315149
400	6.87009208913
405	0.443730577377
410	9.22993084168
415	4.8755884474
420	0.4
425	17.1320244182
430	6.39550952929
435	6.53488817834
440	4.26523650299
445	0.953153831576
450	3.82556094069
455	0.4
460	2.62568275093
465	6.34601350653
470	3.36039096615
475	0.4
480	4.54710737594
485	0.4
490	7.03392793601
495	0.4
500	6.04374009267
505	4.76754035505
510	2.67805063175
515	0.4
520	0.4
525	0.4
530	13.2879576565
535	11.6020468516
540	7.07209808661
545	2.06112519763
550	0.4
555	5.69537896545
560	0.4
565	0.4
570	5.28869773236
575	5.27745007817
580	0.4
585	5.52309805981
590	4.16928471513
595	0.4
600	6.03871244453
605	5.32393144083
610	3.54674008057
615	9.28141062788
620	6.33844240588
625	4.5487658533
630	5.26846798566
635	0.4
640	0.4
645	4.74687910033
650	0.4
655	0.4
660	11.2136963187
665	3.39160560176
670	11.6144421692
675	3.46937650244
680	1.80032219779
685	6.69135425905
690	2.0242499328
695	15.9637818554
700	8.27782899027
705	7.29302804243
710	0.4
715	2.04670663375
720	0.4
725	0.4
730	0.4
735	8.10425807666
740	0.4
745	6.88401275362
750	0.4
755	2.30395051438
760	1.38573610434
765	6.3015181761
770	0.4
775	4.62568488869
780	3.32470166496
785	15.6978423933
790	3.30851497625
795	4.62722766748
800	2.40469602504
805	10.2319055894
810	8.30447318218
815	0.4
820	0.4
825	3.21937272691
830	0.4
835	0.4
840	5.74567365964
845	3.0128087852
850	0.4
855	7.59382539483
860	3.56550139393
865	8.25775138039
870	6.65773311136
875	3.00819600535
880	0.4
885	3.37147668441
890	0.4
895	0.4
900	0.4
905	3.45863385004
910	10.7133925538
915	7.4885620797
920	0.4
925	1.81529265871
930	5.70701562336
935	3.25796187449
940	16.9494114242
945	0.4
950	16.1578796559
955	0.4
960	0.4
965	0.4
970	1.55766489416
975	3.31930209713
980	3.17590342458
985	0.4
990	2.58472315605
995	0.4
1000	4.93495058098
1005	6.65148011563
1010	1.98196979365
1015	0.4
1020	1.72476155336
1025	11.7789697402
1030	0.4
1035	8.6270715062
1040	9.6058787537
1045	6.23739373891
1050	12.9496468103
1055	0.4
1060	6.98281952272
1065	0.4
1070	5.99392487504
1075	0.4
1080	0.4
1085	0.4
1090	3.46278479054
1095	0.4
1100	6.81828438488
1105	2.34623348111
1110	7.09695896916
1115	4.27663278906
1120	5.49377063981
1125	9.38059516332
1130	9.99035665881
1135	2.48691054663
1140	0.4
1145	6.94151342085
1150	0.4
1155	11.635991185
1160	0.4
1165	0.4
1170	8.98609592277
1175	0.4
1180	0.4
1185	0.4
1190	0.4
1195	0.4
1200	12.1681474512
1205	0.4
1210	6.68352352413
1215	0.4
1220	0.4
1225	0.4
1230	4.1097016705
1235	4.2877789195
1240	5.06810507255
1245	12.4913095418
1250	6.44965629741
1255	15.3474169542
1260	0.4
1265	5.23862330819
1270	0.4
1275	0.4
1280	0.4
1285	10.9813175076
1290	0.4
1295	0.4
1300	0.4
1305	4.03696058366
1310	0.4
1315	0.4
1320	2.96201543137
1325	9.14876494086
1330	1.48232305391
1335	10.7885173684
1340	4.06130934753
1345	1.31195522856
1350	3.56155531208
1355	1.1390539496
1360	11.3536203324
1365	0.564325476729
1370	1.30891996171
1375	7.74899407357
1380	0.418613811772
1385	1.82249706446
1390	0.870822636498
1395	0.4
1400	6.70554792917
1405	0.4
1410	6.56110134734
1415	0.763993178883
1420	3.94115342383
1425	4.33468207263
1430	7.86272205478
1435	1.80315328993
1440	0.4
1445	0.4
1450	7.39897083157
1455	6.69329418111
1460	0.4
1465	2.76284533349
1470	0.4
1475	0.4
1480	4.23169340381
1485	2.05170160506
1490	0.4
1495	4.43560433237
1500	0.4
1505	3.45397148245
1510	3.1618355923
1515	6.2863824028
1520	10.2894847887
1525	10.267305188
1530	5.35176463764
1535	0.4
1540	5.65419798817
1545	0.4
1550	0.4
1555	4.75777777652
1560	1.33054206991
1565	0.4
1570	11.5282083194
1575	11.2849060035
1580	0.4
1585	8.25093234947
1590	17.7988207575
1595	0.4
1600	9.25754948205
1605	4.17151261582
1610	9.11676610607
1615	0.4
1620	1.77772624012
1625	8.90547771665
1630	1.29081843734
1635	1.30401205421
1640	8.29740906276
1645	8.40923717798
1650	0.594487165639
1655	0.4
1660	1.55919929112
1665	0.4
1670	2.37973606498
1675	14.9240540971
1680	0.951621297973
1685	6.0213699138
1690	0.4
1695	0.4
1700	6.58959706854
1705	1.61863907618
1710	0.4
1715	0.4
1720	12.740533039
1725	5.77630580586
1730	3.49038359119
1735	0.4
1740	0.4
1745	0.4
1750	0.982923828618
1755	0.4
1760	7.46169185858
1765	1.41154940698
1770	12.6081607541
1775	2.7263963679
1780	10.992484704
1785	7.19234114038
1790	10.5745237311
1795	11.8242944712
1800	0.4
1805	1.59859473359
1810	0.4
1815	0.4
1820	0.4
1825	11.4328425213
1830	13.6772850165
1835	9.59372720575
1840	10.211095894
1845	11.4919574758
1850	2.72591481944
1855	3.95208868281
1860	6.29346057289
1865	3.96798332351
1870	0.4
1875	0.4
1880	0.4
1885	2.73782707718
1890	0.4
1895	0.925946032439
1900	2.01267514621
1905	8.64017755568
1910	0.4
1915	8.26214440715
1920	0.4
1925	0.4
1930	8.25413350634
1935	13.2794524327
1940	3.3430386695
1945	1.91037917696
1950	0.4
