0	0.4
5	1.98417696883
10	0.4
15	0.4
20	8.88832564089
25	2.70329071401
30	1.5924264837
35	3.18314229718
40	2.13593050565
45	7.06026010736
50	4.05402187516
55	6.27925810519
60	6.96255859128
65	7.26718487414
70	0.4
75	4.50883162039
80	2.11616565935
85	2.41177828399
90	1.63378362272
95	0.868216512111
100	3.66624437778
105	0.4
110	3.93484542957
115	0.4
120	4.47208823175
125	0.4
130	0.749256148084
135	0.4
140	0.4
145	0.4
150	0.4
155	1.01459919591
160	5.74023173305
165	0.4
170	0.4
175	6.10605809176
180	2.45320498585
185	7.74290770384
190	10.1746270887
195	2.01906674842
200	0.784049256642
205	3.23207808999
210	3.43945033451
215	0.4
220	2.63704076342
225	0.4
230	5.50500159133
235	0.81495052503
240	5.49771745624
245	5.38538541592
250	1.77515127458
255	0.4
260	0.4
265	0.4
270	0.821227487281
275	5.73000702291
280	2.60770516936
285	3.27140302338
290	10.5457165872
295	6.15787644097
300	0.4
305	2.29336612645
310	4.64847832373
315	0.4
320	0.4
325	0.4
330	4.84551131846
335	4.81482944332
340	0.580437727489
345	0.4
350	0.4
355	0.4
360	0.4
365	0.4
370	0.753065349372
375	0.4
380	1.47503413503
385	1.92769661777
390	1.14413447845
395	0.4
400	1.64770674939
405	3.98866690947
410	0.4
415	7.2708027571
420	3.05831113475
425	6.17807086084
430	3.05808167235
435	0.4
440	0.4
445	1.2443361185
450	0.4
455	3.45832737572
460	3.01002817424
465	0.4
470	2.67188689857
475	1.88535953787
480	7.31530406889
485	0.676405005284
490	0.4
495	2.63193913544
500	1.36389351846
505	1.99261515581
510	0.4
515	2.50549981085
520	0.4
525	1.26042466853
530	4.01469382375
535	1.09362611971
540	0.4
545	0.4
550	0.4
555	0.4
560	0.805722534615
565	0.4
570	3.56943573693
575	9.43843083115
580	0.4
585	5.5607098982
590	2.69354195906
595	3.31948944373
600	9.8944678743
605	7.63501776402
610	0.4
615	2.11243199286
620	7.089431757
625	3.58594252287
630	1.23259243449
635	8.38407677609
640	0.794511310414
645	1.15602101172
650	0.4
655	0.484989018222
660	0.4
665	0.973421715032
670	2.81874802639
675	3.04821280277
680	0.4
685	0.99298505479
690	6.62711231008
695	3.62768593897
700	3.28879583354
705	3.62719232049
710	4.317824479
715	3.03405196966
720	0.4
725	0.926894099615
730	0.4
735	2.03745956861
740	5.26250528779
745	7.3622209306
750	0.4
755	0.994448465832
760	5.6547986224
765	0.4
770	2.79202539104
775	4.17579223698
780	0.570366658038
785	1.12352460723
790	0.595887180743
795	2.93497539863
800	3.59999630828
805	3.46215138862
810	0.439469839548
815	2.77564744273
820	7.78738347536
825	2.24515207431
830	0.4
835	0.4
840	5.02519050065
845	0.4
850	3.98146791692
855	3.67643527478
860	0.4
865	1.02370666045
870	4.70718231846
875	3.00798270983
880	2.10577606439
885	0.4
890	3.98941434453
895	2.86835768024
900	1.35396670556
905	4.19677980861
910	4.07737289605
915	2.38732137361
920	0.4
925	0.4
930	0.430479671517
935	3.55828321078
940	7.03493928545
945	0.874303838788
950	4.00396900129
955	1.72434143019
960	0.4
965	2.75000604955
970	0.4
975	5.13744054492
980	0.4
985	0.4
990	5.49207021135
995	6.90133118346
1000	5.97907604866
1005	4.36612906557
1010	2.96404048467
1015	2.633601322
1020	3.95864509754
1025	2.19464794647
1030	5.53108243872
1035	5.7212718381
1040	0.4
1045	3.35858624358
1050	0.4
1055	3.55872810339
1060	2.21567088888
1065	4.71242874147
1070	2.29564149002
1075	0.4
1080	0.4
1085	3.37070936261
1090	2.36046385878
1095	0.4
1100	6.66885322994
1105	0.4
1110	1.83846426968
1115	2.99088406676
1120	4.90184881425
1125	4.7582464403
1130	0.4
1135	0.4
1140	5.90109796592
1145	6.99108579834
1150	2.53468756487
1155	0.4
1160	0.4
1165	0.4
1170	0.4
1175	8.67132957118
1180	2.68257616287
1185	0.4
1190	0.4
1195	0.4
1200	6.36420844029
1205	2.64720928898
1210	2.43816987665
1215	1.99600153917
1220	0.4
1225	0.4
1230	0.4
1235	0.4
1240	0.4
1245	0.4
1250	0.4
1255	4.055775015
1260	0.4
1265	0.4
1270	0.4
1275	1.99420846917
1280	4.1023439495
1285	2.28889916361
1290	0.4
1295	3.00950971232
1300	0.557032889781
1305	0.4
1310	6.63937394753
1315	2.7870182371
1320	5.4556262213
1325	3.56487211667
1330	2.52690262105
1335	0.4
1340	5.43138665415
1345	3.15859753729
1350	0.4
1355	0.4
1360	0.4
1365	3.09143027543
1370	0.4
1375	1.49364823776
1380	0.4
1385	0.4
1390	3.04561027673
1395	2.57804372827
1400	2.41794003752
1405	0.694683154233
1410	0.919249855127
1415	0.4
1420	4.6617304317
1425	5.58634300199
1430	0.4
1435	1.02896852876
1440	4.43314131092
1445	0.940375382958
1450	0.612004733521
1455	0.4
1460	2.05166700023
1465	5.85987615284
1470	2.71541557766
1475	1.3183976105
1480	0.4
1485	2.49731257067
1490	1.08781412687
1495	2.20200923987
1500	7.50260707732
1505	4.23500485026
1510	0.4
1515	1.93941370182
1520	0.4
1525	0.4
1530	8.70425279403
1535	6.27393866656
1540	0.4
1545	2.25368276082
1550	4.48580826129
1555	0.4
1560	0.4
1565	0.4
1570	2.81385740116
1575	5.8799150572
1580	0.4
1585	0.4
1590	0.4
1595	2.09270931708
1600	3.8958438335
1605	1.24231378999
1610	0.4
1615	5.77612474697
1620	2.95821901183
1625	1.39755054124
1630	0.4
1635	0.4
1640	0.757273606576
1645	5.13842939285
1650	0.4
1655	3.145859208
1660	2.18932792872
1665	2.47813014538
1670	1.04414564643
1675	0.4
1680	0.4
1685	0.4
1690	2.52254601605
1695	0.4
1700	1.60297461025
1705	2.46503032744
1710	0.4
1715	0.4
1720	0.4
1725	3.74972524543
1730	0.4
1735	0.4
1740	0.4
1745	2.415395742
1750	0.4
1755	0.4
1760	1.48591115844
1765	3.38180759773
1770	5.74856989661
