0	0.4
5	17.8180031999
10	0.4
15	0.4
20	0.4
25	0.4
30	0.4
35	7.10036542299
40	11.7246718883
45	12.2733386828
50	0.4
55	6.91052146013
60	0.4
65	1.97444640654
70	0.4
75	15.3229409994
80	0.4
85	0.4
90	0.4
95	3.69172849553
100	0.4
105	0.4
110	0.4
115	0.4
120	23.0233723374
125	4.86068533326
130	10.183711854
135	0.4
140	0.4
145	4.69744162233
150	13.4038119597
155	12.9452854956
160	2.49845370923
165	0.4
170	1.28271916694
175	0.4
180	2.09072850492
185	1.51135650608
190	0.4
195	0.4
200	7.89655879708
205	0.4
210	0.4
215	8.47664652949
220	3.60625003597
225	1.03202107256
230	0.4
235	0.448026038374
240	0.4
245	0.4
250	0.4
255	0.4
260	0.4
265	12.6524091965
270	3.67711692499
275	0.4
280	0.4
285	10.3382838893
290	6.4746770261
295	0.4
300	0.60009552935
305	0.4
310	5.63961421747
315	0.4
320	0.4
325	0.4
330	6.47711233625
335	0.841952506922
340	22.5124836987
345	7.05055530064
350	0.4
355	3.52944293478
360	0.4
365	0.4
370	12.2592303288
375	6.28430264472
380	0.4
385	0.4
390	0.4
395	0.4
400	0.4
405	14.5958618764
410	4.41926118289
415	5.5894852979
420	4.91871858593
425	0.863831298597
430	0.4
435	1.244095628
440	0.4
445	0.4
450	0.4
455	8.66869152599
460	0.4
465	0.4
470	9.73905876705
475	0.4
480	0.4
485	8.26557839407
490	0.4
495	7.68442168668
500	0.999198280738
505	0.4
510	6.9020065324
515	0.4
520	0.468747672166
525	0.4
530	8.43521489187
535	0.4
540	1.10201845522
545	0.4
550	2.04544007776
555	0.932039292912
560	14.672584852
565	12.4262269816
570	5.24713388545
575	15.6335088048
580	4.36494599692
585	0.4
590	0.4
595	16.0135339945
600	0.4
605	3.71938331753
610	0.4
615	1.52567701435
620	0.4
625	0.4
630	0.4
635	0.4
640	0.4
645	13.5140391178
650	11.823355156
655	0.4
660	10.496120934
665	0.4
670	0.4
675	0.4
680	7.24448510813
685	0.4
690	0.4
695	0.4
700	0.4
705	14.3558952289
710	0.4
715	0.4
720	0.4
725	0.4
730	9.25436099184
735	9.87363165521
740	1.80559207049
745	0.645103377201
750	5.22022243949
755	10.6840933778
760	4.82738167152
765	1.31511645452
770	6.28856023387
775	1.54407204621
780	0.4
785	10.7729027376
790	0.4
795	11.6218887967
800	0.4
805	10.3228122812
810	0.4
815	0.4
820	6.75424110315
825	0.4
830	0.4
835	0.4
840	0.4
845	0.4
850	0.4
855	0.4
860	1.80802188128
865	2.17756964585
870	0.4
875	0.610510228328
880	0.4
885	0.4
890	0.4
895	4.10700727569
900	4.13175549323
905	3.37737056996
910	8.64107581811
915	6.48693022097
920	9.98871266234
925	6.64544414564
930	11.6115789117
935	0.4
940	6.81562745477
945	0.4
950	0.4
955	2.1231505172
960	7.72822735989
965	0.4
970	0.4
975	0.4
980	4.9854243251
985	7.62014458627
990	10.4003182197
995	0.4
1000	6.23870574982
1005	0.4
1010	1.71735993858
1015	0.4
1020	0.4
1025	3.07871713224
1030	2.09366175771
1035	0.4
1040	8.40483809698
1045	0.4
1050	0.4
1055	9.10415428016
1060	9.38880987592
1065	13.3485353938
1070	8.23809943531
1075	3.55085052075
1080	1.31219378408
1085	0.918826293776
1090	0.851002034169
1095	0.4
1100	3.48449864035
1105	0.4
1110	6.10182086561
1115	0.954345931257
1120	19.0623461399
1125	0.4
1130	11.4873223948
1135	0.4
1140	8.4374745802
1145	2.56696640861
1150	0.4
1155	6.04451608908
1160	8.50286156641
1165	4.68462576405
1170	0.4
1175	0.4
1180	0.886078366242
1185	7.08369761865
1190	1.28025934795
1195	0.4
1200	0.4
1205	10.2417303978
1210	0.4
1215	0.4
1220	1.17218611544
1225	2.20791761007
1230	1.12754809533
1235	0.4
1240	0.4
1245	2.98991971256
1250	0.4
1255	4.79354908494
1260	0.4
1265	0.4
1270	11.8218411173
1275	2.58779491331
1280	0.4
1285	0.4
1290	0.4
1295	0.4
1300	9.07357147586
1305	3.5671257928
1310	3.60674987977
1315	0.4
1320	0.4
1325	0.4
1330	0.4
1335	0.4
1340	0.4
1345	7.03737780947
1350	10.9869816352
1355	1.40572979079
1360	0.4
1365	0.4
1370	2.50783329952
1375	0.4
1380	0.4
1385	0.4
1390	3.40196982447
1395	2.89499773523
1400	0.4
1405	0.4
1410	3.86106848745
1415	0.4
1420	0.4
1425	5.14373588097
1430	0.4
1435	1.76334252722
1440	12.9839382016
1445	0.4
1450	0.4
1455	3.66133944416
1460	0.4
1465	2.37918589844
1470	7.1818313867
1475	7.23190860883
1480	0.4
1485	4.27307206207
1490	0.4
1495	6.44935273474
1500	0.4
1505	15.8631865543
1510	0.4
1515	3.81137606764
1520	11.0436771005
1525	0.4
1530	0.4
1535	0.4
1540	0.4
1545	5.15461544923
1550	4.71294916869
1555	0.4
1560	5.18154651687
1565	0.4
1570	6.59945943678
1575	0.4
1580	3.13187980222
1585	10.3486677986
1590	1.72138961601
1595	0.4
1600	1.22988987116
1605	0.4
1610	0.721404118542
1615	0.4
1620	6.10836440969
1625	0.4
1630	0.4
1635	0.4
1640	0.4
1645	0.4
1650	0.4
1655	0.4
1660	0.4
1665	0.4
1670	0.4
1675	0.4
1680	0.4
1685	1.79642056415
1690	0.4
1695	0.4
1700	0.4
1705	9.93778424651
1710	2.66663978215
1715	8.72357845377
1720	0.4
1725	3.41814202942
1730	0.4
1735	0.4
1740	0.4
1745	7.81733915146
1750	0.4
1755	0.4
1760	10.0199884459
1765	8.93691211494
1770	0.4
1775	0.968491762274
1780	9.67972812961
1785	0.4
1790	0.4
1795	0.4
1800	0.4
1805	0.4
1810	0.4
1815	0.4
1820	13.028755329
1825	0.4
1830	7.69536823465
1835	16.3809635512
1840	10.8729622637
1845	11.1041388844
1850	0.4
1855	1.60435632178
1860	0.4
1865	0.4
1870	0.4
1875	12.5803610755
1880	0.783548390566
