0	12.6556976019
5	1.02700232952
10	1.009302997
15	3.96141899221
20	12.5294103049
25	0.4
30	13.5855509548
35	0.4
40	4.27099905873
45	0.989542078668
50	0.4
55	2.62326556949
60	0.4
65	8.75489163746
70	0.4
75	0.4
80	6.85884265977
85	2.23127679135
90	0.4
95	5.26599241808
100	0.4
105	6.71247799484
110	7.02748934566
115	6.13407349726
120	8.83522811106
125	0.4
130	0.4
135	0.4
140	1.43651886431
145	0.4
150	1.3266047632
155	0.4
160	0.4
165	0.4
170	0.4
175	0.4
180	0.4
185	0.4
190	0.4
195	0.4
200	0.4
205	0.4
210	6.78252133608
215	15.471011754
220	9.58506833792
225	0.4
230	13.4896345052
235	13.4097206171
240	0.4
245	0.4
250	7.62583745979
255	0.4
260	0.4
265	0.4
270	0.4
275	0.4
280	0.4
285	8.85047298706
290	0.4
295	0.4
300	0.4
305	0.4
310	0.4
315	13.9170453311
320	15.3658755269
325	6.85897389726
330	0.4
335	0.4
340	23.4620523298
345	0.4
350	6.22001449895
355	0.4
360	6.80221723838
365	7.12433620724
370	0.4
375	0.4
380	2.26574491057
385	15.5544421566
390	0.4
395	0.4
400	2.7731329641
405	4.47937179279
410	1.23220873755
415	6.38786908695
420	0.4
425	7.60084187497
430	0.738795997934
435	4.86405907349
440	0.4
445	0.4
450	4.08236004635
455	0.435289424864
460	0.4
465	8.86853274869
470	1.9098961887
475	0.4
480	0.605527880528
485	0.4
490	0.4
495	5.32042577197
500	5.98128262553
505	3.29304745656
510	4.54798016325
515	0.4
520	16.6660990169
525	0.4
530	0.766419553714
535	0.4
540	2.5757423955
545	0.4
550	5.38743351772
555	0.4
560	0.4
565	0.4
570	0.4
575	0.4
580	3.80067751245
585	7.61605158706
590	0.4
595	6.61703271361
600	5.8680228945
605	0.4
610	0.4
615	0.4
620	0.4
625	2.74178163911
630	0.4
635	16.315329558
640	0.449720987741
645	0.4
650	0.4
655	0.4
660	0.4
665	0.4
670	8.05238522138
675	0.4
680	2.85158731102
685	0.71314086692
690	0.4
695	0.4
700	6.98110783851
705	4.73380483487
710	7.95277438119
715	6.02888307871
720	0.4
725	0.4
730	0.4
735	11.3284882267
740	0.4
745	0.4
750	0.4
755	0.4
760	0.4
765	0.4
770	1.46883770149
775	13.5187774434
780	0.4
785	7.43432207676
790	0.4
795	0.4
800	8.89368152541
805	0.4
810	0.4
815	0.4
820	5.2524201922
825	5.57229902437
830	0.4
835	0.4
840	13.6303124334
845	0.4
850	0.4
855	13.9872064857
860	0.4
865	0.4
870	0.4
875	7.429225654
880	21.7949121925
885	0.4
890	0.4
895	0.4
900	7.51700313623
905	8.87225172333
910	2.89593078828
915	0.4
920	10.205588224
925	0.4
930	7.49732106583
935	0.4
940	6.90637958974
945	0.4
950	18.0070994734
955	14.8198773162
960	0.4
965	4.26852481134
970	10.7741299335
975	8.80661070583
980	0.4
985	0.4
990	0.4
995	1.20128943514
1000	0.4
1005	0.4
1010	0.4
1015	7.51053335708
1020	0.4
1025	8.76940370418
1030	6.54046648488
1035	12.5464921776
1040	6.8287841309
1045	0.4
1050	0.4
1055	0.4
1060	0.4
1065	0.503618231285
1070	0.964372747302
1075	1.72678009418
1080	0.4
1085	0.4
1090	4.61605960612
1095	19.4755490007
1100	0.4
1105	6.00996678104
1110	7.35649442392
1115	0.4
1120	0.4
1125	0.4
1130	7.12604004874
1135	0.4
1140	0.4
1145	11.5436229868
1150	0.4
1155	7.92916097463
1160	16.4741277387
1165	3.9380106787
1170	0.4
1175	9.91486001985
1180	0.4
1185	3.2841929515
1190	0.4
1195	7.8566213848
1200	2.24276050746
1205	0.4
1210	4.33669889917
1215	1.68552669276
1220	3.72294906903
1225	0.4
1230	2.21478549799
1235	0.4
1240	0.4
1245	0.4
1250	0.4
1255	0.4
1260	4.2773257944
1265	0.4
1270	0.4
1275	8.0212438816
1280	10.5924926397
1285	0.930270504782
1290	0.4
1295	0.4
1300	11.0158905837
1305	1.61731073823
1310	10.4063490695
1315	7.74275639414
1320	0.4
1325	17.2704618222
1330	0.4
1335	0.4
1340	0.4
1345	6.88696618094
1350	4.95144347071
1355	0.485544819377
1360	7.37677713287
1365	8.73568583557
1370	0.4
1375	0.4
1380	1.55565605234
1385	5.81419836082
1390	5.6467819025
1395	0.4
1400	0.4
1405	5.17696589278
1410	0.511150263647
1415	1.89951286232
1420	0.4
1425	0.4
1430	0.4
1435	0.4
1440	0.4
1445	0.4
1450	0.4
1455	22.5048013522
1460	0.4
1465	9.03567401398
1470	0.4
1475	3.78721620265
1480	0.4
1485	0.4
1490	0.4
1495	0.4
1500	5.29546867767
1505	2.09401586864
1510	0.4
1515	0.751113141897
1520	0.4
1525	0.4
1530	22.1419489266
1535	4.83884168958
1540	0.4
1545	0.4
1550	0.4
1555	0.4
