0	9.39625542349
5	8.96700175539
10	0.749418957687
15	4.80125503313
20	9.96182648817
25	4.3774461298
30	6.34438361071
35	6.45862828248
40	4.49359618506
45	3.28040098707
50	1.28394826164
55	7.94589751159
60	4.32190534335
65	8.51655952476
70	2.64821544543
75	6.56406752499
80	12.1397607251
85	10.5215507085
90	0.4
95	3.774386671
100	4.54915599422
105	2.49120483982
110	0.4
115	1.50477305721
120	2.89811489719
125	12.3801980079
130	14.5507898091
135	3.11015292003
140	4.96480052078
145	0.4
150	2.18252782363
155	13.341785283
160	2.72195836795
165	3.05583448112
170	5.97286800571
175	6.82831469898
180	9.28215789147
185	1.51917985524
190	6.90984473074
195	2.98435812058
200	5.15784327315
205	9.66334434712
210	7.58897854011
215	7.29960602016
220	9.00527179494
225	5.03441667982
230	1.84352169069
235	0.474844314932
240	2.90278664849
245	6.83079193142
250	10.8141710413
255	9.63937448661
260	6.43702691544
265	13.4906406061
270	0.54281549901
275	6.5556636234
280	12.6220690853
285	1.73478084725
290	8.44010167927
295	11.1267539032
300	8.56196953291
305	3.26897450634
310	9.57576795155
315	6.74040078081
320	3.21188178492
325	4.54218652424
330	6.10608901893
335	8.57983932024
340	11.8667379513
345	13.7538250746
350	2.91761914981
355	6.64522142821
360	11.4203074713
365	6.32894499671
370	10.9867679647
375	3.45806792047
380	11.6624714237
385	5.97410712149
390	0.4
395	4.76850103046
400	4.13430094471
405	7.14151879193
410	12.505330584
415	7.82834927584
420	7.23845647215
425	3.28350329297
430	7.17420190627
435	8.34555620967
440	0.4
445	2.40166345984
450	7.18147360214
455	1.60682343588
460	3.04195442943
465	6.52364614236
470	5.06904259407
475	7.04263162737
480	9.57761705751
485	12.4453346309
490	7.85192224736
495	0.4
500	6.09427951854
505	8.60953790535
510	6.751928213
515	13.7199325053
520	7.71887645335
525	5.35853574172
530	2.32150722656
535	9.53444624359
540	7.69302535143
545	13.3308364434
550	2.22434329679
555	7.61266546991
560	4.42659027322
565	3.36944301138
570	16.1573363883
575	8.14529941531
580	2.99763287947
585	8.2117539399
590	7.125389727
595	14.6815533218
600	5.20138590055
605	4.20498741727
610	11.5379375612
615	2.30714249394
620	10.9927797022
625	9.6965140987
630	11.6042611967
635	4.08111201134
640	5.1924024865
645	8.72575506836
650	10.2467568469
655	8.88080357424
660	10.3104313553
665	1.17924940719
670	0.4
675	0.4
680	2.08575765906
685	4.20104886236
690	5.30488072516
695	6.82209690694
700	4.23444890029
705	5.93360405275
710	0.4
715	0.591348228036
720	6.23681258527
725	5.88432644041
730	10.9434852754
735	10.7068760418
740	7.97267897474
745	7.59733238941
750	9.66045700183
755	6.09682716684
760	8.5293920916
765	6.17998144029
770	7.81212626891
775	5.3572738901
780	1.75715793526
785	5.84447824866
790	6.87968471738
795	1.6000443223
800	0.402958196466
805	11.3461903756
810	13.9320687154
815	2.97269615457
820	9.98136055097
825	6.93539239001
830	3.05672533828
835	7.97797886152
840	3.01032837117
845	12.4917666302
850	11.0161620943
855	8.40895318504
860	5.02147329571
865	6.74467323629
870	8.33813731699
875	8.11342056706
880	3.45374977869
885	9.4709490335
890	0.4
895	7.67230045832
900	1.56021954341
905	8.40029070401
910	10.9932295042
915	0.526742983597
920	5.00385542351
925	7.79912863385
930	8.4023332967
935	6.60582168792
940	10.3524786887
945	0.4
950	0.4
955	6.64509374248
960	7.30874835277
965	4.89698960736
970	12.2691994056
975	9.45833547207
980	4.24167948272
985	0.610750218433
990	0.665106157037
995	6.88392430518
1000	8.89000581617
1005	2.26219361639
1010	7.71408284499
1015	6.39871348372
1020	6.91212365472
1025	8.6666968573
1030	5.96621070765
1035	10.712339679
1040	13.519919683
1045	8.94669949986
1050	0.4
1055	6.7687340621
1060	10.4158086422
1065	0.596187842386
1070	7.89579322836
1075	9.19132595708
1080	11.7050720336
1085	2.21616816089
1090	6.82051358217
1095	12.5587370189
1100	5.87434537467
1105	5.99165579762
1110	6.65020086522
1115	5.73172453556
1120	11.4163136681
1125	7.73756876167
1130	7.41868844272
1135	3.53987592455
1140	3.7296691406
1145	12.7738567968
1150	9.44296786443
1155	6.79947014306
1160	6.28411749001
1165	8.66473843964
1170	1.8878837119
1175	2.74813586626
1180	4.19718721945
1185	2.18829082425
1190	6.40990111052
1195	4.07060685793
1200	8.49114428776
1205	7.85099251449
1210	2.72368790341
1215	0.4
1220	0.4
1225	2.82256588542
1230	7.45595407557
1235	6.7605473172
1240	10.7587022169
1245	3.96753380101
1250	8.33364364083
1255	7.44610961759
1260	8.62697199368
1265	12.3435558138
1270	0.4
1275	0.4
1280	2.60074070699
1285	6.04328124402
1290	6.14190193967
1295	0.4
1300	5.51271755515
1305	11.6809980424
1310	9.73379317512
1315	7.14958734614
1320	7.34755855385
1325	10.0971932738
1330	0.4
1335	8.19486143223
1340	2.59402724752
1345	8.09402035727
1350	0.4
1355	1.37518416771
1360	1.36557040059
1365	0.4
1370	9.24859453122
1375	7.51819872804
1380	6.027425249
1385	6.00390849312
1390	1.9603595962
1395	7.35320719416
1400	8.27681954652
1405	6.52616605181
1410	12.3120592288
1415	9.12352473346
1420	9.72810716707
1425	6.79413274844
1430	5.74578928002
1435	4.54917176377
1440	4.5181998844
1445	11.4789790601
1450	7.33782642884
1455	7.91120920797
1460	4.44108955367
1465	3.39192785017
1470	11.2894033108
1475	2.80747587961
1480	9.90014203962
1485	5.37420054842
1490	6.80322696859
1495	9.87916653412
1500	2.47800962553
1505	4.88152539484
1510	5.15313590501
1515	7.17077583839
1520	6.45859734832
1525	13.3095954873
1530	6.49461233856
1535	9.86024571264
1540	7.15950323438
1545	9.24123593723
1550	7.62338697721
1555	14.3303548753
1560	6.1235466369
1565	0.4
1570	4.36340497369
1575	2.99590727956
1580	2.11522312914
1585	3.79992447921
1590	1.71588520824
1595	1.62745237079
1600	10.9127994938
1605	2.5109134741
1610	0.4
