0	3.92895762637
5	3.45939563838
10	1.4772724849
15	14.6382529441
20	0.4
25	1.25396202646
30	5.72196726092
35	0.4
40	0.4
45	0.4
50	4.70891922181
55	12.2461435524
60	0.4
65	10.9532672333
70	13.9091875892
75	3.68537468187
80	23.2881055382
85	0.4
90	11.6487132358
95	0.4
100	20.7444086359
105	0.4
110	18.8827304202
115	3.54204231318
120	4.76287524907
125	0.4
130	0.4
135	0.4
140	0.4
145	5.35144151811
150	0.4
155	0.4
160	0.4
165	9.47319157828
170	4.04879613892
175	6.21129020647
180	4.02208494185
185	0.4
190	0.4
195	0.4
200	0.4
205	3.88051482202
210	2.60241217085
215	0.4
220	5.84759753266
225	0.4
230	3.63198221085
235	3.85557483837
240	5.35109898953
245	4.17523592945
250	3.2403596991
255	0.4
260	0.4
265	5.19855457389
270	0.4
275	3.22910873155
280	5.97542963949
285	0.4
290	5.4493241048
295	0.4
300	10.193067863
305	9.15992203749
310	2.16943458888
315	0.481990933268
320	0.54814514542
325	0.4
330	9.99608115738
335	0.4
340	5.35495503409
345	0.4
350	6.20058575852
355	3.15726888205
360	3.00594762968
365	0.4
370	0.4
375	14.2087968983
380	0.4
385	11.3644186128
390	0.4
395	0.4
400	1.92112269851
405	6.38673692393
410	8.88106017119
415	6.99593109284
420	0.4
425	0.4
430	16.6360360152
435	2.09593767011
440	7.43455650296
445	7.99883978013
450	10.0011545555
455	6.19247381478
460	15.2563902826
465	0.4
470	10.3541293181
475	15.8914512118
480	0.4
485	0.4
490	7.73503644142
495	0.4
500	0.4
505	9.21963646963
510	8.9703481567
515	0.4
520	2.0315511416
525	2.41109998673
530	11.516265981
535	5.77558235508
540	1.95346068355
545	0.4
550	4.79617155774
555	0.4
560	0.4
565	2.48146706302
570	4.295058709
575	0.4
580	0.4
585	0.4
590	0.4
595	0.413426005208
600	9.92267157144
605	2.52865093281
610	0.4
615	3.65944082852
620	1.79967041277
625	5.3867926962
630	1.72237192554
635	3.54766101977
640	6.09520051195
645	11.0826447392
650	3.68242347817
655	6.86984520734
660	0.4
665	2.55074097287
670	3.04786587148
675	1.26796241743
680	9.46750233683
685	7.8968785232
690	0.4
695	5.98052259357
700	4.51721722397
705	12.6529803774
710	0.4
715	3.54766310531
720	8.63521781726
725	3.11282016175
730	0.4
735	9.67723564188
740	5.56636007823
745	3.8208746625
750	5.94380860898
755	0.4
760	5.16505747587
765	8.85584563147
770	0.4
775	0.4
780	0.4
785	16.4472665045
790	11.3559541414
795	0.4
800	0.4
805	0.4
810	5.8383116871
815	1.9508410204
820	5.88369210674
825	5.54183916507
830	0.4
835	0.4
840	0.4
845	3.24352834281
850	18.8612310379
855	6.15039599387
860	0.4
865	0.4
870	0.903974791959
875	0.4
880	9.4418270652
885	3.36028995415
890	17.5437038605
895	0.867837732831
900	0.4
905	6.3371764142
910	11.8988427109
915	4.65270510405
920	0.4
925	2.07342968953
930	8.09668670852
935	15.5047494046
940	11.0522440728
945	3.83966061312
950	2.87091851069
955	0.4
960	0.4
965	8.72834835898
970	8.16953184574
975	0.4
980	0.4
985	0.4
990	1.54273865339
995	12.3918109879
1000	0.4
1005	3.80598012338
1010	0.4
1015	19.0655649244
1020	12.8117282716
1025	0.4
1030	0.4
1035	5.23368409982
1040	2.71698217027
1045	0.4
1050	0.4
1055	12.04362781
1060	3.06451583261
1065	9.10692715932
1070	0.4
1075	1.87880817709
1080	0.4
1085	3.49550617756
1090	0.4
1095	3.86973688893
1100	0.721245221341
1105	2.84061549324
1110	13.0221892043
1115	0.858847288489
1120	0.4
1125	16.7292588032
1130	0.4
1135	3.05713557513
1140	0.4
1145	10.445377826
1150	9.39720611432
1155	0.4
1160	7.56294132753
1165	11.7360808821
1170	0.4
1175	0.614246750822
1180	10.5313254522
1185	3.14999029429
1190	1.54425410539
1195	0.4
1200	16.1829002345
1205	11.5080754894
1210	0.4
1215	6.39453385679
1220	15.3627732902
1225	0.4
1230	0.4
1235	0.4
1240	0.4
1245	1.39249452598
1250	1.15302377092
1255	0.4
1260	0.4
1265	6.05179499877
1270	6.59768927443
1275	0.4
1280	0.4
1285	0.4
1290	0.4
1295	14.0399327646
1300	0.4
1305	0.839212065203
1310	0.4
1315	8.38535801603
1320	3.96733688202
1325	16.1412208009
1330	0.4
1335	6.99340193861
1340	7.6012963968
1345	15.4718870365
1350	5.22441097937
1355	8.33760179907
1360	4.6800119608
1365	11.5079471082
1370	0.4
1375	1.61975484435
1380	0.4
1385	3.41236517299
1390	0.4
1395	0.4
1400	14.1684779773
1405	4.92566605147
1410	4.1782453743
1415	3.34516644743
1420	9.54975428786
1425	10.8542983342
1430	5.85560138324
1435	1.26293575773
1440	0.4
1445	8.61739317133
1450	0.4
1455	0.4
1460	0.473235988653
1465	6.54585119978
1470	0.4
1475	3.47097791352
1480	7.92519686062
1485	12.1246379022
1490	15.9765953733
1495	8.30433689207
1500	3.05796452185
1505	3.23843707284
1510	0.4
1515	4.7760665857
1520	0.4
1525	2.24596456228
1530	3.79843853401
1535	0.4
1540	5.31402858718
1545	0.4
1550	4.23330572726
1555	0.4
1560	0.4
1565	11.0190676633
1570	3.06028274862
1575	11.2107704989
1580	0.4
1585	15.7405586078
1590	9.30563905328
1595	5.30387439127
1600	5.73246567135
1605	0.4
1610	10.0495966504
1615	0.4
1620	0.4
1625	5.82297346425
1630	13.4244042006
1635	9.33912423719
1640	1.3533870997
1645	0.4
1650	0.551046037524
1655	3.78497386627
1660	11.0077959432
1665	0.4
1670	1.95844837173
1675	0.4
1680	0.4
1685	0.4
1690	3.08676276589
1695	0.596142294575
1700	0.4
1705	0.4
1710	0.4
1715	6.19781179318
1720	0.4
1725	0.4
1730	6.86411384891
1735	5.82316697367
1740	0.816453520838
1745	0.403364445277
1750	0.4
1755	0.4
1760	8.35705794526
1765	0.4
1770	9.43158737946
1775	0.4
1780	0.4
