0	0.4
5	9.740803461
10	10.0626369521
15	0.403519541852
20	1.88595306768
25	0.4
30	9.78212629819
35	2.13352032328
40	1.66715111875
45	0.820527950427
50	11.9386313566
55	13.1655469627
60	0.4
65	0.4
70	0.771569402691
75	6.98047400608
80	6.48993747118
85	3.38590507513
90	1.19893878074
95	12.8848445666
100	0.4
105	8.00902808761
110	2.39158970113
115	0.4
120	15.6177619844
125	0.4
130	2.40090552339
135	9.52855454457
140	0.4
145	3.60760080423
150	1.66068012671
155	8.04982997486
160	3.73328413351
165	0.4
170	1.64326676527
175	2.35783097287
180	0.4
185	5.61400899381
190	7.99740907346
195	0.4
200	0.4
205	2.31295289408
210	7.31196699496
215	0.4
220	3.29657026815
225	3.32303595619
230	8.4788717751
235	0.4
240	0.4
245	0.4
250	0.4
255	0.4
260	0.4
265	0.4
270	5.3974733465
275	8.73212999437
280	2.31519829748
285	5.44510755756
290	8.42113929944
295	7.46913206378
300	0.4
305	4.5219509762
310	3.95377982434
315	5.96490548219
320	0.4
325	0.4
330	0.761916097842
335	3.15042293624
340	0.871590577817
345	3.34767537281
350	4.75018673032
355	0.4
360	0.4
365	0.4
370	0.4
375	0.4
380	2.60423709594
385	5.16964274273
390	5.44360173297
395	0.4
400	2.48924153613
405	3.76747500227
410	0.4
415	6.61116028049
420	2.77848362678
425	2.7531404862
430	0.4
435	1.52833801334
440	3.76287747169
445	4.95983446715
450	3.22193414572
455	0.4
460	0.4
465	3.13737740479
470	0.4
475	5.85236490441
480	0.971153736241
485	12.2719374667
490	5.97891593588
495	0.4
500	1.77345785218
505	0.4
510	0.4
515	2.96033312088
520	3.67943500904
525	15.1341649845
530	0.4
535	0.4
540	1.54830294935
545	5.27639819616
550	11.1577803316
555	3.42458834978
560	5.96144377502
565	5.3079505402
570	8.70519445862
575	7.79582353998
580	0.577240718119
585	2.78897728209
590	6.64270079847
595	3.92971934362
600	2.81805797262
605	4.55025451551
610	9.0708703681
615	0.4
620	0.4
625	3.25232911932
630	0.4
635	6.35413599206
640	0.4
645	2.38179616373
650	2.97301736553
655	0.4
660	0.435338249153
665	4.72786927299
670	0.4
675	7.38320773061
680	0.4
685	11.7635235112
690	1.14615822145
695	3.91510825011
700	2.06687806289
705	0.691805526364
710	0.4
715	0.4
720	4.82913517347
725	11.4994407499
730	1.06184189884
735	9.70371907709
740	7.58901315133
745	4.24524065151
750	0.4
755	0.5265911524
760	0.4
765	0.4
770	3.31841412231
775	5.68075191769
780	1.19027651
785	2.6848394097
790	0.4
795	5.89925168688
800	3.79607398167
805	13.3632575637
810	0.4
815	5.04358199392
820	0.4
825	3.18479004906
830	2.60854846389
835	0.4
840	9.81364461751
845	7.95333581727
850	0.4
855	0.506728714151
860	1.75037197683
865	9.0353796212
870	6.32871526061
875	4.95212613405
880	7.88183432968
885	5.65274607519
890	0.4
895	4.54487206535
900	6.07438261692
905	0.676607761811
910	5.2842534961
915	2.98289407523
920	10.4726100378
925	5.99677393432
930	9.87079774973
935	0.4
940	1.09206006585
945	7.45098573142
950	1.70756012698
955	2.20609624949
960	1.24312548204
965	4.55231262308
970	10.5751670918
975	0.4
980	7.09172150875
985	0.4
990	3.17369797118
995	0.4
1000	0.4
1005	0.4
1010	1.17450295141
1015	3.42448694476
1020	0.4
1025	6.11418398124
1030	6.00447715847
1035	0.4
1040	9.11183784074
1045	13.2041776543
1050	0.4
1055	0.731016935205
1060	0.4
1065	0.4
1070	6.97662429346
1075	10.5653821208
1080	3.95695824752
1085	0.4
1090	0.4
1095	0.4
1100	10.2058736744
1105	8.33051432823
1110	0.4
1115	3.90607107796
1120	0.4
1125	7.6870223688
1130	0.4
1135	2.64413059726
1140	0.4
1145	5.4707885884
1150	0.4
1155	1.04952294984
1160	2.73614188274
1165	8.21643617568
1170	3.82641321381
1175	0.4
1180	11.4880040582
1185	3.05923967937
1190	5.35839400532
1195	1.89412156666
1200	7.81894958501
1205	11.2552018464
1210	4.10935878843
1215	6.97113291192
1220	0.788035839058
1225	4.22439381318
1230	0.4
1235	9.29530749543
1240	3.03707268151
1245	2.46845704661
1250	7.75624358859
1255	0.4
1260	3.88568475724
1265	2.48134050093
1270	0.4
1275	9.51992688679
1280	5.29894290966
1285	3.47729988375
1290	0.734174543165
1295	0.4
1300	9.50901423987
1305	0.4
1310	7.96440384457
1315	0.4
1320	0.4
1325	0.4
1330	0.4
1335	7.53260741082
1340	0.4
1345	14.6934622573
1350	1.6340449738
1355	0.4
1360	0.4
1365	0.4
1370	2.21650523017
1375	0.4
1380	4.61348682629
1385	0.4
1390	0.4
1395	3.66226325721
1400	4.09804762566
1405	11.6523564095
1410	2.21064818017
1415	0.4
1420	4.51074590306
1425	1.9627759311
1430	0.4
1435	6.83197881705
1440	0.4
1445	0.4
1450	0.4
1455	4.60809504904
1460	4.7168651797
1465	7.15191962119
1470	0.4
1475	4.03878216963
1480	1.01514828761
1485	5.13256739249
1490	4.28974543073
1495	12.5710086483
1500	5.40997349431
1505	0.4
1510	0.491638875482
1515	5.82217819992
1520	0.4
1525	4.35669308621
1530	4.44146086127
1535	11.3050549563
1540	3.58798672857
1545	14.1556189403
1550	0.4
1555	3.33657909564
1560	0.4
1565	11.7415251308
1570	2.36274015197
