0	6.14398348504
5	0.4
10	13.3576752498
15	1.80168949926
20	9.18249636583
25	2.9234108761
30	2.67266962132
35	0.4
40	0.4
45	0.4
50	0.4
55	5.60040011657
60	0.4
65	6.20613958182
70	0.4
75	2.19259528458
80	0.4
85	18.0040645569
90	17.9156726556
95	9.05841728074
100	1.2372465347
105	6.13124917079
110	4.78430980102
115	10.6101870711
120	0.4
125	0.4
130	1.74142044083
135	0.4
140	3.1625548232
145	0.4
150	0.4
155	1.64738531628
160	7.86448989826
165	0.4
170	0.4
175	12.0201412889
180	0.4
185	0.4
190	12.8520680181
195	0.4
200	12.5395981222
205	1.24752836366
210	0.4
215	2.31781298531
220	10.5113797619
225	0.4
230	22.7370966983
235	0.4
240	3.37438691875
245	0.4
250	0.4
255	0.4
260	11.3467547873
265	13.6031660314
270	0.4
275	0.4
280	5.322266287
285	0.4
290	8.51846485668
295	0.4
300	0.4
305	0.4
310	0.4
315	0.4
320	0.4
325	0.4
330	0.4
335	0.4
340	0.4
345	0.4
350	5.19873953601
355	5.22017285735
360	0.4
365	0.4
370	0.4
375	12.504922614
380	18.518686581
385	0.4
390	11.4990328875
395	0.4
400	0.4
405	0.4
410	2.54264753139
415	0.4
420	15.1945907236
425	19.973129074
430	13.1898477204
435	0.4
440	11.1459695058
445	5.49310026552
450	0.4
455	3.16340644585
460	0.4
465	0.4
470	8.29364473011
475	0.4
480	0.4
485	0.4
490	0.4
495	0.4
500	4.39713031898
505	0.4
510	0.4
515	0.4
520	12.8119672714
525	0.4
530	0.4
535	6.09145061946
540	4.5394763615
545	13.6998052005
550	0.4
555	0.4
560	25.123122726
565	0.4
570	16.2642092369
575	0.954792736683
580	0.4
585	0.4
590	0.4
595	3.85531166485
600	0.4
605	4.76979889664
610	0.4
615	0.976768470335
620	0.4
625	0.4
630	0.4
635	0.4
640	0.4
645	4.05255983344
650	0.4
655	6.09680090438
660	0.4
665	0.4
670	0.4
675	0.4
680	6.30501895232
685	0.4
690	0.4
695	0.963958768203
700	0.4
705	0.4
710	0.4
715	1.52954494413
720	0.4
725	0.4
730	14.4073687574
735	13.8436059366
740	17.8535484627
745	16.1921227192
750	0.4
755	5.08045049498
760	1.21033535639
765	7.13974657464
770	9.40469945536
775	15.2564283518
780	0.4
785	13.8943243194
790	10.7103430367
795	0.4
800	0.4
805	0.4
810	0.4
815	21.1527159124
820	0.4
825	9.90812372208
830	2.32329850026
835	2.57895996345
840	16.6798993686
845	6.93953299758
850	0.4
855	7.25326302387
860	4.70888421978
865	0.4
870	0.4
875	3.73665765688
880	17.7461619099
885	3.89331554393
890	0.4
895	0.4
900	0.4
905	10.1663134206
910	7.89857837634
915	26.4526794314
920	0.744012122589
925	3.45475901493
930	0.4
935	5.67807755848
940	18.7767221288
945	8.02428251847
950	8.13084489037
955	0.4
960	0.4
965	0.4
970	0.4
975	4.0056270197
980	18.050732603
985	23.6353206457
990	0.824469213311
995	0.4
1000	10.5315735207
1005	0.739280325591
1010	2.28437746918
1015	0.4
1020	30.0754800514
1025	3.40265181623
1030	14.6259844628
1035	8.50597037581
1040	4.21439825493
1045	10.5204254982
1050	13.0803919282
1055	5.72110298834
1060	0.4
1065	3.75581549521
1070	0.4
1075	4.16546162991
1080	0.4
1085	0.4
1090	12.189600221
1095	0.4
1100	0.4
1105	0.4
1110	7.35422235545
1115	15.2720165403
1120	0.4
1125	0.4
1130	0.4
1135	0.4
1140	0.4
1145	1.68395395012
1150	0.4
1155	23.4939515827
1160	0.4
1165	4.86690952052
1170	4.41001642115
1175	13.5468137709
1180	1.91096017561
1185	26.2007742582
1190	8.3319048451
1195	0.4
1200	0.4
1205	0.4
1210	0.4
1215	13.3419715776
1220	0.4
1225	8.70524741717
1230	0.4
1235	8.64390203892
1240	0.4
1245	13.8182698454
1250	3.02516622018
1255	2.7066442481
1260	0.4
1265	0.4
1270	20.8024834278
1275	0.4
1280	0.4
1285	0.4
1290	4.35605186496
1295	19.9772627359
1300	1.81223644387
1305	0.4
1310	12.6184403914
1315	0.4
1320	0.4
1325	10.9867309972
1330	0.4
1335	0.4
1340	1.66849633085
1345	8.26045444152
1350	3.23930216354
1355	3.06264163784
1360	0.4
1365	22.7932609144
1370	15.1185447048
1375	9.9264763487
1380	1.76147203735
1385	1.90346689256
1390	0.4
1395	3.08059819119
1400	0.493586390831
1405	0.4
1410	5.19259929065
1415	1.00097726947
1420	11.461044884
1425	3.51685557164
1430	16.3472627342
1435	5.62560048508
1440	0.4
1445	0.4
1450	1.26199737912
1455	5.41153961562
1460	5.98998884582
1465	3.40029551996
1470	2.64039707543
1475	4.07714241283
1480	0.4
1485	10.3809660708
1490	16.4776239322
1495	1.80104590489
1500	15.0547961653
1505	0.4
1510	0.4
1515	0.4
1520	11.5232850527
1525	0.4
1530	7.96427779968
1535	15.9794783922
1540	14.9392253662
1545	12.1710794764
1550	0.4
1555	0.4
1560	0.4
1565	14.633532174
1570	0.4
1575	0.4
1580	1.85849126302
1585	6.38267671658
1590	21.8513121113
1595	0.4
1600	16.0885295991
1605	6.55857245881
1610	0.4
1615	0.4
1620	0.4
1625	15.7594728167
1630	0.4
1635	0.4
1640	0.4
1645	0.4
1650	18.5998653877
1655	21.9269334882
1660	0.4
1665	6.58806735854
1670	20.4126924026
1675	1.44990173009
1680	11.4833470595
1685	0.4
1690	0.4
1695	0.4
1700	0.4
1705	0.4
1710	0.4
1715	0.4
1720	0.4
1725	14.8311024345
1730	7.20971595757
1735	0.4
1740	0.4
1745	7.28678318347
1750	0.4
1755	0.4
1760	27.1721753852
1765	0.4
1770	0.4
1775	0.4
1780	5.51635196369
1785	3.22044916467
1790	0.4
1795	6.39437376033
1800	0.4
1805	0.4
1810	0.4
1815	3.49423820116
1820	4.76506041994
