0	3.7175808935
5	2.73435208215
10	0.413988671693
15	8.53336646896
20	1.26042269703
25	0.4
30	4.17929191225
35	1.93217722013
40	2.51214112546
45	3.65255404727
50	3.10437648278
55	0.4
60	1.63721408706
65	1.86689759213
70	0.4
75	0.4
80	5.46354042286
85	9.77245439225
90	1.27138247491
95	3.5732511593
100	0.4
105	3.85414554167
110	4.85099272281
115	4.35427584775
120	0.4
125	2.55472373978
130	0.4
135	0.4
140	0.4
145	0.601793489409
150	3.4743525875
155	0.4
160	0.4
165	1.8203897457
170	0.4
175	7.56591530015
180	0.4
185	0.4
190	0.4
195	0.4
200	7.35822307216
205	0.4
210	0.4
215	4.00151591212
220	0.4
225	2.58959746942
230	0.650193593279
235	0.4
240	5.89636679064
245	0.682859010711
250	5.8395440974
255	5.93794281001
260	3.2177820862
265	0.4
270	4.30491474489
275	6.73810401203
280	0.4
285	1.05353662852
290	1.73210322343
295	0.4
300	0.4
305	5.26432339391
310	3.62189710563
315	0.993168349969
320	0.91216624823
325	5.60117854566
330	0.4
335	5.59088795534
340	3.87864679893
345	5.80614810086
350	7.4959885061
355	1.61372186444
360	4.1465497767
365	2.17542823912
370	1.88234854523
375	0.4
380	0.935061541318
385	9.31922083607
390	2.10956085571
395	0.4
400	0.4
405	0.4
410	3.59169210939
415	2.09393663071
420	3.15342432377
425	3.0578286015
430	3.18467227488
435	4.9711397931
440	0.4
445	0.4
450	3.70744807447
455	4.04790065063
460	4.36815672597
465	0.4
470	1.79504987353
475	7.26706274469
480	1.33627280604
485	0.890034180495
490	1.96206815982
495	0.4
500	4.76177578056
505	2.61057015862
510	3.46584862872
515	0.4
520	5.22390300355
525	1.02007490188
530	1.21990452042
535	1.58605435106
540	0.455354471062
545	4.57413240811
550	2.61123297423
555	0.860790654796
560	0.4
565	3.91687266565
570	5.89735476063
575	0.4
580	0.4
585	2.01681846416
590	2.96793853177
595	1.11381378103
600	0.4
605	3.28279546423
610	0.4
615	1.06897570848
620	7.25622140149
625	1.41700504983
630	5.18321068618
635	3.21792079096
640	0.4
645	1.11836239084
650	2.01591745309
655	0.4
660	5.11012934677
665	1.16990844117
670	3.01724444201
675	8.04898597934
680	3.19856355782
685	0.4
690	2.2742818687
695	4.53881029995
700	3.24857481248
705	0.4
710	1.50061952829
715	2.81492370889
720	2.28295802487
725	4.663902428
730	1.24997433093
735	1.39468502506
740	4.83227306704
745	0.4
750	0.4
755	0.4
760	5.79062022144
765	2.51222028177
770	1.48223318125
775	0.4
780	0.4
785	3.80740538461
790	7.43818807971
795	1.91578458941
800	6.01949421597
805	1.27470850296
810	7.41662056431
815	0.4
820	4.81600440545
825	6.57492184528
830	3.33624165633
835	3.42182204364
840	4.82110530787
845	0.687340746225
850	5.50017419938
855	0.4
860	1.13821345234
865	0.4
870	2.56767611802
875	4.46797469344
880	6.95363932574
885	2.89148243194
890	4.46436781018
895	3.57189216242
900	3.95165986553
905	0.4
910	0.709070089444
915	7.4836461397
920	3.09084481331
925	2.05895053561
930	2.26328461156
935	0.4
940	0.4
945	0.4
950	0.4
955	4.63808266593
960	7.78155683421
965	1.9967872157
970	0.542183927157
975	0.666808256939
980	3.92273952787
985	3.48355029261
990	0.4
995	2.10954801619
1000	0.4
1005	0.4
1010	0.4
1015	2.45951291956
1020	1.32698488137
1025	1.53387164395
1030	3.32572853889
1035	4.03136179575
1040	4.47080206861
1045	1.45779162702
1050	6.91215935285
1055	6.4701280241
1060	8.51377519752
1065	0.4
1070	0.569437024746
1075	0.4
1080	3.14908151739
1085	1.94587045838
1090	2.81279881087
1095	2.08530228431
1100	4.07875315828
1105	2.79436834931
1110	0.866695980276
1115	7.72844697115
1120	0.4
1125	3.79195687351
1130	0.954913154673
1135	4.62943275046
1140	3.23109028365
1145	0.4
1150	0.61119968279
1155	3.58372722168
1160	8.58869160049
1165	3.64695867193
1170	0.4
1175	3.29478681941
1180	0.4
1185	1.55188137136
1190	2.0480130542
1195	2.28879986886
1200	3.21988107665
1205	6.69100939647
1210	0.4
1215	1.97090457493
1220	1.77942701467
1225	0.748387063674
1230	4.44693391575
1235	3.05681848642
1240	6.28505476145
1245	0.4
1250	6.69070895112
1255	2.59806261039
1260	3.63561164466
1265	2.16411599226
1270	0.4
1275	3.79707034116
1280	0.990961999506
1285	2.45995890804
1290	7.2123635874
1295	1.83896390359
1300	4.53730720639
1305	3.93096527919
1310	6.39268344228
1315	1.00834198892
1320	3.37957667085
1325	0.532655920872
1330	4.32558987029
1335	2.52842051785
1340	1.88287142519
1345	2.65551370456
1350	3.12207944408
1355	0.44293048559
1360	4.62504624919
1365	2.71466874916
1370	4.10790795971
1375	2.25492666259
1380	1.78693100405
1385	0.927988387641
1390	6.54242874503
1395	1.23525264235
1400	0.683407588043
1405	2.90421987633
1410	0.4
1415	10.9781215983
1420	1.93910111541
1425	0.4
1430	1.82918030862
1435	4.65089373486
1440	0.633782189759
1445	1.23382933532
1450	3.61525516169
1455	2.9837317191
1460	1.4886783702
1465	0.738834655878
1470	0.402854815669
1475	5.78865093721
1480	0.4
1485	0.924983766826
1490	2.85423766099
1495	6.34066105485
1500	5.33976589101
1505	0.4
1510	1.40143234863
1515	6.93255264972
1520	8.13911225779
1525	1.61993272859
1530	0.4
1535	3.17036561468
1540	3.22810034976
1545	1.19817319199
1550	5.20816096558
1555	1.20020525632
1560	2.14369184603
1565	4.76464113451
1570	1.8336946012
