0	14.6176348147
5	1.43117028768
10	2.55334413796
15	13.8956970915
20	0.4
25	9.23474880315
30	0.4
35	6.34333239634
40	13.2334195431
45	14.1009824703
50	14.086309595
55	15.5832060674
60	8.40181257616
65	18.3477215006
70	3.85990309262
75	13.9815382305
80	1.13189816067
85	4.78626857722
90	0.4
95	7.68501127803
100	4.62070112857
105	8.28923170146
110	7.66822713496
115	7.58414013783
120	0.881787614235
125	0.4
130	7.02034586772
135	23.5665678778
140	9.55309531141
145	14.9886810788
150	0.4
155	9.39313834068
160	22.7040747741
165	8.05444164244
170	6.08061797719
175	1.02291471708
180	0.4
185	18.3169477495
190	0.4
195	7.48327678379
200	0.4
205	0.4
210	0.4
215	7.24609100446
220	2.84549812865
225	3.83484198544
230	9.80360685989
235	8.85267579294
240	5.54435185321
245	0.4
250	2.2896181472
255	4.58844106486
260	25.2354696531
265	7.1865049432
270	15.5477282722
275	7.22238880011
280	11.2327531562
285	9.56833937581
290	1.03515539906
295	10.8452618835
300	11.1804876377
305	4.68481954788
310	1.09494593292
315	2.17380714966
320	14.2264808821
325	8.39710520585
330	1.48564664272
335	9.23530522377
340	0.463085304177
345	18.7495834194
350	10.3363099237
355	6.62517692285
360	6.64669359305
365	3.65177464953
370	10.6511653479
375	10.9785204146
380	3.29755036897
385	9.89856961012
390	0.94399257228
395	2.99219545125
400	10.2421447225
405	0.4
410	3.74899737051
415	9.48071390389
420	4.66983371603
425	0.4
430	0.4
435	8.80956069576
440	0.4
445	8.48011757375
450	10.9003493651
455	15.8656629267
460	6.66607464898
465	0.4
470	6.00940144086
475	6.62703059237
480	19.1643808258
485	12.8902404615
490	0.4
495	1.88828799919
500	12.8673440446
505	9.87912501024
510	16.7968377642
515	0.4
520	8.60904837019
525	5.23373248277
530	2.32845556283
535	0.615827474578
540	8.59909583476
545	11.648336575
550	0.4
555	14.8793603937
560	12.9555616133
565	9.00260571309
570	1.26179725796
575	9.48776954329
580	0.4
585	7.62610899306
590	5.65850884567
595	0.4
600	12.8121708117
605	13.8162529427
610	7.71902677079
615	0.4
620	7.6420480294
625	5.18830366758
630	0.4
635	5.03616653873
640	3.71915881139
645	4.31822492663
650	15.6631513438
655	21.8881181049
660	9.89443840289
665	6.55390664158
670	9.0021337307
675	0.4
680	0.4
685	11.3811031093
690	0.4
695	1.71455271757
700	10.1743071793
705	20.0959615777
710	1.51588139312
715	7.01381061458
720	0.4
725	0.4447078587
730	8.98203480271
735	0.4
740	2.5863085027
745	10.2077086119
750	6.06549638719
755	14.5337239739
760	0.771530850329
765	0.4
770	4.78757940134
775	8.82422396065
780	11.5223756087
785	8.57345411376
790	12.6528320596
795	0.4
800	9.17778706155
805	0.4
810	10.4249139678
815	0.4
820	3.97232909173
825	15.2148948266
830	9.02340879156
835	1.32622361646
840	5.99065167062
845	11.9931025258
850	0.975464392244
855	4.09033154019
860	8.87960313693
865	4.15513293174
870	0.4
875	13.8283212409
880	3.94322999376
885	8.37364165693
890	5.69753158175
895	12.3893048285
900	12.0736002814
905	14.2394599863
910	0.4
915	7.36953711074
920	15.2471060125
925	15.7487770433
930	14.1504209058
935	8.075742285
940	13.1013413993
945	4.24823869009
950	1.55192052705
955	22.6526699964
960	0.883153104774
965	11.8226310636
970	0.4
975	13.6361727934
980	14.4681700532
985	2.02659234728
990	5.43109358829
995	5.12893482487
1000	0.4
1005	9.9225612818
1010	16.3207648079
1015	3.54293981838
1020	10.6877322821
1025	0.4
1030	2.55521949058
1035	18.4791567977
1040	9.89465811674
1045	9.85618215844
1050	0.4
1055	6.91334220571
1060	6.19166941883
1065	6.33982007117
1070	14.29028409
1075	15.9011160447
1080	13.5042020881
1085	0.607878899318
1090	0.4
1095	2.87049003959
1100	9.54520183691
1105	0.4
1110	0.4
1115	0.4
1120	11.7345174957
1125	6.58021034118
1130	14.1230251974
1135	9.57646375295
1140	14.4877979488
1145	5.38899869676
1150	11.1313772097
1155	0.4
1160	0.4
1165	0.701789619726
1170	20.5244943273
1175	21.2118662491
1180	1.57964186329
1185	8.3315450077
1190	5.20787606211
1195	6.75530576226
1200	6.79231372818
1205	7.53077907115
1210	0.4
1215	1.55129589292
1220	7.62299445115
1225	0.4
1230	0.4
1235	10.0574852839
1240	10.7832298089
1245	0.4
1250	11.003187947
1255	0.4
1260	0.4
1265	10.5290535368
1270	3.83068726064
1275	10.5141409641
1280	8.31254496793
1285	0.4
1290	0.4
1295	8.531650329
1300	2.62917064037
1305	9.322978218
1310	12.0833521063
1315	6.53384261175
1320	6.04341443409
1325	10.6189865505
1330	14.5113144901
1335	7.07702334518
1340	5.96420751214
1345	6.10272213057
1350	0.4
1355	5.49640572671
1360	5.44180705919
1365	16.1350075079
1370	10.3941270962
1375	0.4
1380	11.9643568159
1385	18.583541774
1390	1.72541375048
1395	18.0420517132
1400	4.81352807944
1405	2.10561707736
1410	13.6393914728
1415	14.2985414344
1420	1.87676537129
1425	0.716677901949
1430	0.4
1435	26.9687717878
1440	0.4
1445	8.1716638587
1450	3.32211724101
1455	20.5728541072
1460	16.9321285691
1465	8.78320334927
1470	0.4
1475	0.408777794322
1480	0.4
1485	0.4
1490	16.4592312502
1495	0.4
1500	7.33901076359
1505	6.23679032929
1510	1.1240604744
1515	20.562922592
1520	0.4
1525	0.4
1530	21.8100928896
1535	5.35518994401
1540	0.4
