0	18.2110365441
5	19.1007620186
10	15.4064263002
15	2.56858820207
20	11.0062597157
25	13.8285398932
30	1.22288405535
35	0.4
40	7.78698978915
45	6.08215819277
50	9.91304285294
55	0.4
60	9.19636855749
65	18.2827884967
70	21.3242131991
75	23.2530075028
80	12.2395641251
85	10.7047528491
90	0.4
95	17.4112532528
100	0.4
105	23.4899676754
110	3.17718596012
115	0.4
120	0.4
125	0.4
130	22.3656512691
135	0.4
140	5.61972208493
145	0.4
150	18.4622423549
155	0.4
160	13.8219815975
165	11.4781042181
170	2.48309116425
175	16.2572059885
180	11.0710717144
185	10.8355476224
190	11.2917056526
195	0.4
200	3.08685330502
205	6.5017909426
210	17.5024714942
215	17.5247226766
220	0.4
225	23.5373291509
230	20.5903515584
235	0.4
240	22.1663722396
245	0.4
250	10.9848411474
255	21.7714091209
260	4.66597541856
265	8.49095748429
270	4.23963745889
275	0.4
280	5.74768113776
285	4.56020128182
290	0.4
295	2.67536720067
300	0.4
305	25.6896527298
310	0.4
315	27.8009972549
320	0.442253522579
325	2.07139922535
330	2.95365934258
335	30.1845676749
340	0.4
345	19.0851956181
350	2.97606856751
355	0.4
360	14.9073519132
365	18.6528018461
370	5.37123186863
375	1.31146219633
380	20.7512111046
385	0.4
390	9.46230415793
395	9.87038272646
400	2.23958604964
405	0.4
410	25.7846241192
415	0.4
420	19.3757036961
425	11.7213036075
430	12.3231421671
435	0.4
440	3.99686984971
445	0.4
450	0.4
455	0.4
460	5.79836608549
465	13.723606414
470	0.4
475	0.4
480	6.84171084021
485	0.4
490	4.60305861463
495	12.4902734561
500	16.297088145
505	11.0346501587
510	7.31111369232
515	23.0239261746
520	10.558788727
525	0.4
530	4.73636894376
535	12.9875133179
540	3.30779145761
545	0.4
550	0.4
555	8.33058984005
560	11.4488504762
565	18.7892747233
570	23.169197695
575	0.4
580	0.4
585	10.7915047218
590	2.03093025703
595	11.3535269554
600	8.39474630854
605	14.9599133136
610	0.4
615	13.3696305165
620	15.3516746275
625	2.77740500706
630	15.7968004887
635	1.90957573189
640	0.4
645	0.4
650	0.4
655	18.6172770963
660	7.80968982949
665	15.7654914058
670	3.75691831086
675	11.4884564666
680	6.54383429824
685	12.1026825548
690	17.795399977
695	3.54977217786
700	3.84180146825
705	15.1297322473
710	9.19514087706
715	0.4
720	16.2210808752
725	5.20442884689
730	19.4159065946
735	0.4
740	0.4
745	12.912880131
750	0.4
755	5.34772904433
760	12.2882024794
765	34.7404335307
770	21.5608937373
775	14.7980709363
780	18.9082553875
785	24.2444011836
790	8.79563081008
795	5.37647614238
800	0.4
805	0.4
810	9.97792130164
815	3.10307434693
820	23.8798419498
825	22.0799660357
830	5.35697009639
835	0.4
840	4.28259734523
845	16.0846388077
850	16.7236327485
855	0.95771370634
860	10.3202164568
865	4.95072298643
870	18.8068860265
875	6.58423090143
880	2.31316141111
885	0.4
890	0.4
895	5.72031136438
900	0.4
905	0.4
910	12.8491478135
915	13.556549879
920	0.4
925	21.6520128646
930	8.90000613793
935	0.4
940	9.25375941428
945	14.4061997845
950	11.6204954566
955	12.4696355047
960	9.72275663914
965	0.4
970	22.469875446
975	14.9515570431
980	1.86001987479
985	24.0621826961
990	28.0140104677
995	0.4
1000	21.9810950217
1005	10.3508908393
1010	9.71793845387
1015	22.2591983489
1020	10.8024098322
1025	21.914606052
1030	18.564303636
1035	17.4991137672
1040	22.1851047595
1045	9.98417719101
1050	6.59966640919
1055	10.5129076226
1060	6.59955550849
1065	0.4
1070	0.4
1075	5.42287576065
1080	0.4
1085	31.0141819138
1090	7.09292973497
1095	4.24883964645
1100	5.5421022654
1105	11.8050194998
1110	11.9371703497
1115	20.6476994915
1120	15.4054991483
1125	0.4
1130	6.68382702263
1135	36.3748485081
1140	0.4
1145	21.2505349393
1150	4.07710479561
1155	17.6192722357
1160	10.0182101741
1165	14.1377312032
1170	0.4
1175	5.00095786376
1180	9.81621871617
1185	0.402141539495
1190	20.0924219039
1195	0.784934003602
1200	0.4
1205	9.3205900502
1210	25.9322611879
1215	22.7085084668
1220	15.1551507158
1225	0.4
1230	0.4
1235	8.7359280082
1240	0.4
1245	16.7549455188
1250	18.2940679504
1255	3.71655635168
1260	7.13598346084
1265	10.9773302603
1270	0.4
1275	27.0315785018
1280	17.1351503209
1285	6.81069148787
1290	9.83781453126
1295	9.9006395107
1300	0.4
1305	16.8682861281
1310	17.7246209526
1315	11.0379872732
1320	8.97684799053
1325	18.7658920324
1330	5.56094587357
1335	0.4
1340	0.4
1345	18.4693789297
1350	19.7408913434
1355	4.05862567778
1360	4.45774298824
1365	0.4
1370	5.26749631503
1375	16.2398888778
1380	7.21902198069
1385	18.3979280718
1390	17.8204184727
1395	0.4
1400	0.4
1405	13.7691900862
1410	0.4
1415	2.38057389318
1420	7.00274781531
1425	4.51620394032
1430	3.6866051846
1435	9.73843672211
1440	0.4
1445	2.73320922964
1450	12.2708791725
1455	19.5503938194
1460	9.09603774285
1465	8.45374741363
1470	8.28839885326
1475	8.12717123951
1480	22.7715813697
1485	11.4668603782
1490	7.8303160376
1495	31.9187887998
1500	3.25099632144
1505	33.1226555127
1510	23.8577956594
1515	0.4
1520	13.8626084833
1525	8.48516979401
1530	7.68242182967
1535	19.4717271236
1540	11.6596084161
1545	10.1911940641
1550	9.12378001572
1555	13.0784002677
1560	9.52282020307
1565	8.95608350066
1570	0.4
1575	0.4
1580	3.81234937328
1585	15.4901884719
1590	10.6368570257
1595	0.4
1600	6.14300253458
1605	10.0402268664
1610	2.81669009052
1615	16.3797906683
1620	0.4
1625	15.5030463795
1630	2.96140418059
1635	0.4
1640	1.01521011308
1645	2.34365158991
1650	0.4
1655	15.3292503484
1660	0.4
1665	8.72901488256
1670	0.4
1675	5.62015344489
1680	5.47533285987
1685	17.6788867287
1690	13.662988665
1695	2.10225970203
1700	9.06050962958
1705	5.4023110137
1710	0.4
1715	20.3158162151
1720	10.7880400828
1725	14.2613984241
1730	8.16812807224
1735	11.1847957529
1740	0.4
1745	0.4
1750	0.4
1755	22.9758675785
1760	14.0040720588
1765	13.0250974007
1770	16.2133638466
1775	9.95304725879
1780	17.5340128562
1785	14.2907914894
1790	1.19151938428
1795	0.4
1800	0.4
1805	0.4
1810	12.2156872013
1815	0.4
1820	0.4
1825	0.4
1830	0.4
1835	9.14844878367
1840	4.70863036403
1845	0.4
1850	0.4
1855	0.4
1860	0.4
1865	0.4
1870	6.69278760727
1875	25.5451458884
1880	20.6920583311
1885	0.564045723293
1890	16.3135370916
1895	19.0514496995
1900	18.8361982198
1905	12.1171928281
1910	8.24759322516
1915	0.4
1920	9.19390895746
