0	10.4484318856
5	0.4
10	2.27689854805
15	3.95859932854
20	1.9955966573
25	9.62834519754
30	11.0685338872
35	6.61691824187
40	4.64886292067
45	5.56664748687
50	8.53093209363
55	4.48649952809
60	8.00826745771
65	7.84567924076
70	4.77999964464
75	7.75370097061
80	7.7961644961
85	3.41072215259
90	5.83145333356
95	5.48470879766
100	10.1052588329
105	8.25064282263
110	12.6259050177
115	7.52549951282
120	5.20533570938
125	0.4
130	3.47717600922
135	6.29249488945
140	5.56788317787
145	2.53516108361
150	3.84741580273
155	4.12292429555
160	4.2095228808
165	8.8525635674
170	0.4
175	7.10546890858
180	7.63959235611
185	7.7741615617
190	5.1961158309
195	5.72107816613
200	4.10642685984
205	7.94673358593
210	1.4909863385
215	6.76444978452
220	9.77205349195
225	0.4
230	5.66753375482
235	4.29325150351
240	8.34788614376
245	7.35406195594
250	0.813313739574
255	1.26189382163
260	6.62833265727
265	2.78673241836
270	0.414276781659
275	9.38612033372
280	2.84910013036
285	0.4
290	6.08541680224
295	0.4
300	0.927996489095
305	8.81299321858
310	7.49776846443
315	6.2219059764
320	2.96660418883
325	6.9273413198
330	6.69420720568
335	7.36051708998
340	2.33641625702
345	1.02732276413
350	4.96632391507
355	0.797024465145
360	8.46347832415
365	4.02175281446
370	1.30915669715
375	5.48684150865
380	9.00891892202
385	1.20930174466
390	4.68190184263
395	6.59314780404
400	4.48248591986
405	5.04836162376
410	8.15603768646
415	7.95692870166
420	5.00921501149
425	6.72362730988
430	7.41564401638
435	4.06269371488
440	1.82946350708
445	5.16249770394
450	12.0128813749
455	1.72947396115
460	9.73372660249
465	2.69538762237
470	10.520389966
475	1.87011742907
480	1.24567211491
485	5.61135391087
490	2.43122401776
495	7.95292438229
500	2.60398544579
505	2.5483078427
510	5.86654698384
515	3.99600253865
520	7.34251252798
525	5.00357794839
530	4.82959039174
535	4.46852696166
540	6.42724057957
545	4.03232940138
550	5.27232046167
555	0.482186950137
560	0.4
565	5.46120822906
570	3.88662708635
575	3.24490591042
580	10.4089616862
585	5.88584295837
590	6.21253481255
595	1.4520123266
600	5.47818146899
605	4.53045919816
610	0.897500132016
615	6.61042436025
620	0.4
625	3.94392632375
630	11.2731365378
635	5.6367727425
640	5.2365499116
645	1.85316355771
650	7.79970836315
655	11.5280513707
660	0.4
665	5.05390398325
670	4.01739926053
675	5.87048903692
680	0.4
685	4.20254808509
690	6.71108586633
695	9.77381346493
700	8.56033628539
705	4.52703650135
710	3.16812551109
715	4.80717868601
720	9.85516056736
725	2.56375410112
730	4.15827563108
735	3.30690971257
740	1.48660811135
745	8.79917341652
750	7.86815462912
755	4.12686467185
760	2.94267465854
765	9.86226767777
770	5.63707838944
775	4.56712253303
780	7.9306291769
785	6.49124455872
790	6.66240026808
795	4.2356581861
800	5.3087735442
805	6.20132683039
810	9.74381293841
815	8.7830146725
820	10.9534055158
825	3.61622558647
830	9.14148906469
835	10.2065967727
840	7.07460918427
845	6.33276560477
850	5.70842329613
855	11.985732302
860	3.23219920613
865	4.22632767938
870	9.2826579157
875	3.79921283203
880	4.66923197907
885	4.76988686156
890	3.92366684441
895	8.25122742428
900	5.76224498059
905	2.36400273818
910	4.70010481598
915	6.48317977139
920	5.3759715035
925	1.74390059911
930	8.135709219
935	5.01429195857
940	4.59642580896
945	4.34522023762
950	7.7968265753
955	6.12284493229
960	2.02318944174
965	6.52649231262
970	3.22426645816
975	4.87950584389
980	5.9017455703
985	4.48122872846
990	7.3985187036
995	3.68113803853
1000	7.4840519783
1005	3.18340269947
1010	0.4
1015	3.29616829689
1020	8.92992033552
1025	3.81379086279
1030	4.90820849557
1035	3.73630475468
1040	8.53059073287
1045	5.19071719474
1050	8.4549251214
1055	9.81674675268
1060	2.76357617142
1065	5.33385510852
1070	3.80054303648
1075	4.30395216434
1080	3.88672095032
1085	11.9324243429
1090	1.99164389718
1095	8.72277761787
1100	0.4
1105	9.98538648636
1110	2.24950790911
1115	0.4
1120	4.21897881989
1125	10.9756193864
1130	6.29342733276
1135	10.7629628324
1140	6.88670149974
1145	6.08415471777
1150	4.49897201728
1155	5.3092469638
1160	6.94467248172
1165	1.11881559218
1170	5.16952787301
1175	4.9042312588
1180	4.64687338112
1185	0.714155458538
1190	9.19778989541
1195	1.58872218001
1200	7.92442987151
1205	5.83784348042
1210	0.622454424382
1215	9.84671544941
1220	0.4
1225	1.99870989501
1230	6.76182992974
1235	5.84308025209
1240	2.78925470963
1245	0.4
1250	0.60681276344
1255	5.22865343846
1260	6.9720489961
1265	8.82245416827
1270	7.95060392924
1275	6.50399993766
1280	6.92671467439
1285	3.00780476827
1290	4.25947470264
1295	6.51274966471
1300	4.66032570057
1305	5.24352182045
1310	6.18537557325
1315	6.58722954412
1320	0.4
1325	2.10600078931
1330	2.59139442991
1335	3.74280286729
1340	7.97795390906
1345	7.64750134963
1350	5.21686404899
1355	10.1710581245
1360	6.09430968679
1365	9.8463888934
1370	6.64425942981
1375	2.03437603951
1380	7.36057839949
1385	7.81910251181
1390	3.93545174513
1395	6.29299853653
1400	10.2267722674
1405	11.72906768
1410	10.9723867083
1415	8.346795939
1420	6.45585031057
1425	6.09481043352
1430	3.03033424607
1435	7.19366090606
1440	5.42110418949
1445	5.84589068074
1450	0.4
1455	10.5106292327
1460	1.34588838354
1465	3.61334860614
1470	4.91274317844
1475	2.46714844006
1480	0.781831257114
1485	1.57315061388
1490	6.01196321932
1495	7.36665688635
1500	2.15331462267
1505	1.18258136335
1510	4.36271020764
1515	3.47425166929
1520	4.05416169285
1525	4.31851976704
1530	10.0118938416
1535	4.07754865949
1540	10.8853992536
1545	2.89752167539
1550	8.21018123974
1555	4.37470100101
1560	4.16147332685
1565	2.31764241379
1570	8.15829405964
1575	4.89310264682
1580	4.89945914664
1585	6.69989573701
1590	0.4
1595	4.47038318296
1600	8.13352875089
1605	5.1043487132
1610	4.3842325048
1615	2.67111545267
1620	3.87860084857
1625	11.8058132499
1630	5.03054078584
