0	3.13543457016
5	2.45989985335
10	3.01142377611
15	2.23654306486
20	3.9015933558
25	2.59269228543
30	4.05801493888
35	0.410343423557
40	4.12449559827
45	3.89957263755
50	3.28259621475
55	1.56851576652
60	3.80056111762
65	3.19051534625
70	5.77935959414
75	4.68380684198
80	0.4
85	3.64286806947
90	3.97779114108
95	4.02191363182
100	0.445260485036
105	4.59858561539
110	3.38578927691
115	0.867363845811
120	4.68649078165
125	4.59276897722
130	2.86910253897
135	1.70842703669
140	1.82993597736
145	4.15510695256
150	3.28051993956
155	3.09660139249
160	3.59332105884
165	1.4412781116
170	3.43198114091
175	2.35577315278
180	8.21909616031
185	3.90057073136
190	2.55158405468
195	1.84456935644
200	4.19809886548
205	3.91384412588
210	4.1301156263
215	4.07235189098
220	2.15841556895
225	2.88884182576
230	3.24104997686
235	3.13435251192
240	1.76243698448
245	4.36501726517
250	3.67222930447
255	3.61187673248
260	3.0510243997
265	4.4800491647
270	2.13519760459
275	3.09330461283
280	2.61141537309
285	3.43509251543
290	5.88735085047
295	3.262157389
300	2.54554477372
305	2.61715818714
310	2.11833662361
315	3.03274454204
320	2.29528080961
325	4.04365919758
330	4.93860247851
335	3.74746299486
340	3.07356691346
345	3.00029975048
350	5.67659001358
355	4.48763894034
360	5.01466438839
365	1.78115591892
370	2.17869672202
375	0.771170359653
380	4.86914496645
385	4.21858584651
390	3.88726508735
395	3.83858095845
400	3.11825820612
405	5.52095971559
410	2.3281456721
415	1.24906101571
420	3.30586960439
425	0.51818081807
430	1.42437562153
435	1.77030235149
440	2.78091055095
445	3.57845327152
450	1.54608888226
455	3.47696088072
460	2.74529890948
465	2.90433543681
470	5.72469147638
475	2.9986231675
480	3.86324570606
485	4.03954952013
490	2.69939714207
495	1.66924464081
500	1.69043231263
505	6.01265080035
510	1.94015804255
515	4.60874933611
520	2.35134762991
525	4.88610855192
530	4.3738892012
535	5.03048143482
540	5.17146722363
545	3.92084460827
550	4.86002390402
555	4.12592492873
560	4.11478556695
565	3.65497933862
570	2.29952062279
575	0.4
580	0.638522346434
585	1.85028463491
590	1.96695555145
595	3.51793722859
600	4.7807202037
605	3.14688802991
610	4.56234458187
615	3.09476342314
620	4.26343957662
625	2.10557617775
630	1.41853692885
635	2.82943240762
640	2.60847958975
645	2.56007706927
650	3.36474632487
655	3.86655463948
660	3.1617442638
665	3.31811751037
670	4.87870869631
675	1.78998734355
680	4.01253293292
685	1.63075949417
690	0.637435629605
695	3.23556589222
700	2.0704213097
705	2.05323002583
710	5.13266322574
715	2.79170699198
720	3.97132390161
725	1.65257096893
730	2.50510481402
735	3.52983853824
740	3.54481987754
745	3.29593005767
750	3.08061594763
755	2.89073045207
760	3.6448356625
765	4.197790087
770	3.25404623298
775	2.9277671046
780	1.58339896991
785	2.75290527654
790	3.78883290281
795	3.14397018512
800	6.35613389731
805	2.41666858781
810	3.60486127021
815	3.5597099324
820	2.38570160435
825	4.14549644382
830	3.10838724608
835	1.67790380004
840	3.94328666341
845	3.73015071729
850	2.4243845317
855	2.63536001025
860	6.04394111142
865	4.48698095808
870	2.06883000736
875	1.71402074602
880	3.43906564484
885	4.55683671654
890	2.5981615317
895	4.12651895709
900	4.84985256795
905	3.69179305407
910	1.12468920319
915	2.77610216772
920	2.86658034397
925	3.56395459141
930	5.13357795823
935	4.77019843386
940	3.2091273323
945	1.18133291794
950	2.18625837822
955	4.67091741131
960	2.30469025067
965	5.0590659904
970	2.48137505457
975	2.53688148965
980	2.95262058238
985	3.59029341885
990	5.27199521995
995	2.50888731438
1000	4.81552930138
1005	2.9618672573
1010	3.64015475215
1015	1.5997627773
1020	4.80412600893
1025	2.69580311512
1030	6.00264107225
1035	2.54533530072
1040	3.67875345974
1045	3.77522466652
1050	4.53862290311
1055	5.86427316316
1060	4.70967235674
1065	5.62928286537
1070	3.57467772765
1075	1.30783496772
1080	4.65723993968
1085	4.10206686593
1090	4.20125084638
1095	0.839107701857
1100	3.61057883102
1105	2.3148373577
1110	4.12019560416
1115	1.18734354756
1120	2.3811149155
1125	2.25086757336
1130	2.67929215287
1135	4.07202713403
1140	1.99179862313
1145	2.78545397136
1150	4.6667823656
1155	1.58873156916
1160	3.54573287662
1165	6.17735698496
1170	4.70104537041
1175	4.37044842451
1180	3.31582665465
1185	2.24662070695
1190	1.8412439079
1195	3.9601431251
1200	4.83723486751
1205	1.63915916899
1210	1.92865665078
1215	4.27851712419
1220	2.07927366807
1225	1.49568939105
1230	2.14215823225
1235	3.62345160976
1240	4.95634605135
1245	0.838349563447
1250	2.16364596109
1255	3.63444573928
1260	7.05160375512
1265	5.75472638531
1270	4.02041302159
1275	1.16393046203
1280	2.3335539913
1285	3.882325574
1290	3.27538712225
1295	1.7716870256
1300	5.19272839871
1305	3.19819674417
1310	3.70770862288
1315	1.42059539543
1320	3.14891297003
1325	3.45158840772
1330	3.40626609
1335	1.68997309177
1340	4.90843351386
1345	1.49976967967
1350	3.35603875866
1355	4.10062023777
1360	3.41894064037
1365	2.84469697938
1370	3.20134995252
1375	4.49708436266
1380	2.82951564059
1385	3.85701660366
1390	4.16342883441
1395	2.31727284112
1400	2.10678702025
1405	2.18541081217
1410	3.15371849533
1415	3.15949604734
1420	4.28603570499
1425	2.79189922537
1430	2.80628449443
1435	3.2389026811
1440	2.26778074318
1445	3.40236461676
1450	3.4105927073
1455	2.55894248699
1460	4.42021560338
1465	3.03168836992
1470	0.4
1475	2.55386289718
1480	4.21716128733
1485	1.13328948624
1490	2.43021127868
1495	5.78862262584
1500	4.23684693304
1505	5.07275599848
1510	4.63926582496
1515	4.13090446834
1520	4.45957937195
1525	2.39198399176
1530	2.22558051981
1535	3.65081900186
1540	3.12539491694
1545	3.93909074567
1550	1.3436701949
1555	1.98052015994
1560	2.3158618235
1565	1.30951419559
1570	2.24396019471
1575	3.13415594481
1580	4.43809417904
1585	4.71542386396
1590	3.64775146942
1595	4.67617395742
1600	2.39300584964
1605	3.1740894557
1610	2.00294430954
1615	1.93842711702
1620	4.73098207552
1625	3.26748036233
1630	3.75556142782
1635	0.4
1640	1.73041584854
1645	3.0094266396
1650	4.23551282639
1655	5.74506552918
1660	4.00849671054
1665	1.54769938786
1670	1.91017988334
1675	4.57320074134
1680	2.46854900234
1685	3.83239253742
1690	4.8208070263
1695	4.43913614288
1700	4.41064115008
1705	4.82404094723
1710	3.56947907579
1715	3.95674129198
1720	6.16094339132
1725	3.66373763804
1730	3.42632791531
1735	3.2229453954
1740	2.16123623943
1745	4.44144876018
1750	3.17728212181
1755	6.04659003984
1760	0.4
1765	2.17248562956
1770	4.56518651024
1775	3.07758208622
1780	2.30799472084
