0	0.4
5	0.4
10	0.4
15	3.11887195698
20	11.411279998
25	0.4
30	12.8932213422
35	14.3082215322
40	0.4
45	0.4
50	6.8789941798
55	15.4229616649
60	10.442573048
65	2.85426719178
70	0.4
75	0.4
80	18.0399822059
85	4.22376757227
90	5.79228281808
95	0.4
100	16.513445711
105	14.6138888476
110	1.74844092704
115	0.4
120	27.7060448681
125	0.4
130	11.4713854192
135	3.51510806972
140	15.2345328462
145	1.73237439976
150	4.43294142683
155	1.57180925757
160	0.4
165	6.53354754593
170	0.4
175	0.4
180	1.62801862435
185	0.4
190	0.4
195	0.4
200	0.4
205	0.588001703223
210	0.4
215	0.4
220	0.4
225	15.5214063142
230	7.97204911872
235	0.4
240	0.4
245	6.83444430225
250	3.30802761784
255	3.57522828097
260	1.73694608758
265	14.0407351634
270	18.6437495145
275	5.386887891
280	1.500799445
285	11.5599038091
290	12.0328056133
295	0.4
300	0.4
305	18.2136750273
310	3.07248188568
315	2.88995400226
320	3.21256919566
325	12.1283889533
330	15.842091116
335	9.80639446813
340	8.31759413875
345	0.4
350	1.13380588411
355	0.4
360	15.7410958381
365	1.05394572916
370	9.69888376194
375	8.15818393982
380	9.52039728651
385	0.4
390	6.9830204386
395	0.4
400	17.1225589598
405	14.7525606029
410	0.4
415	10.4210468913
420	3.76102729117
425	13.5264743513
430	0.4
435	0.4
440	15.850195807
445	1.53557034056
450	5.19563632576
455	11.4738760425
460	0.4
465	29.1099473972
470	4.73541531275
475	11.3672512159
480	0.4
485	8.52478888529
490	0.4
495	5.05378857862
500	21.9243580356
505	16.1662028431
510	0.4
515	9.75445290628
520	5.71779617873
525	3.97936441943
530	0.4
535	0.4
540	3.26637743057
545	13.713978376
550	0.4
555	11.5384122327
560	4.82401763773
565	0.4
570	1.85885939158
575	14.8838895258
580	22.6787643487
585	4.70960123493
590	5.82061462031
595	3.30239708251
600	1.10004182521
605	19.2588612613
610	0.4
615	2.71785634157
620	2.87739952723
625	8.27718346225
630	0.4
635	10.38073789
640	2.99240722061
645	0.4
650	10.3516346392
655	0.4
660	8.38241541976
665	0.4
670	0.4
675	0.4
680	0.4
685	10.2045367424
690	12.4360688345
695	8.66483646459
700	0.4
705	0.4
710	15.6575958727
715	15.4930544817
720	5.26995849823
725	16.7920284455
730	0.4
735	15.7393394151
740	0.4
745	0.4
750	0.4
755	0.4
760	0.4
765	0.4
770	3.8960949542
775	6.56112798036
780	0.4
785	0.4
790	0.4
795	0.4
800	20.7317549739
805	26.4137259718
810	0.460727525776
815	8.42503362595
820	0.4
825	13.2297366076
830	7.85426001635
835	0.4
840	0.4
845	0.4
850	1.12973065023
855	7.04515814095
860	11.5933980506
865	13.6826286483
870	0.4
875	16.2524494023
880	3.04105989186
885	14.2934707945
890	0.4
895	31.536718571
900	0.4
905	12.0160804924
910	0.4
915	4.50627210175
920	21.1576532927
925	25.8413440734
930	13.6945920461
935	8.47004890139
940	6.35932839477
945	13.3991279572
950	31.4837801817
955	5.19390963897
960	7.49929167705
965	0.4
970	7.76920886857
975	0.4
980	6.91153041683
985	0.4
990	0.4
995	11.3794918506
1000	11.3585281378
1005	24.1009508921
1010	0.4
1015	12.6026069896
1020	15.9954908216
1025	10.408783622
1030	0.4
1035	5.65093111286
1040	7.07668817806
1045	0.4
1050	0.4
1055	0.4
1060	15.5120351983
1065	14.9199581809
1070	7.26006953423
1075	15.1624807432
1080	0.4
1085	4.23597277763
1090	0.4
1095	1.0463770645
1100	0.4
1105	0.4
1110	0.4
1115	8.09009351849
1120	21.271698167
1125	10.8500043044
1130	9.69199243852
1135	14.5695685856
1140	7.6650960127
1145	8.16765936386
1150	0.4
1155	0.4
1160	0.4
1165	1.40828762409
1170	16.1786955511
1175	16.0811652493
1180	0.4
1185	15.3156650609
1190	3.07257242755
1195	30.394341038
1200	0.4
1205	7.68264097129
1210	3.37661796467
1215	0.4
1220	0.4
1225	0.4
1230	13.7304439698
1235	1.55143972868
1240	4.95624140933
1245	0.4
1250	0.4
1255	20.1969611507
1260	0.4
1265	16.5006748111
1270	14.5790573264
1275	0.4
1280	8.69168121058
1285	0.4
1290	13.1608407793
1295	8.44582767504
1300	0.4
1305	20.2873764482
1310	0.4
1315	0.4
1320	0.4
1325	0.4
1330	3.33351588206
1335	4.66497232923
1340	8.57030620317
1345	0.4
1350	10.9386277414
1355	0.4
1360	21.4853403232
1365	0.4
1370	2.72239753609
1375	12.0046522512
1380	0.673946146571
1385	0.4
1390	0.4
1395	0.4
1400	10.5500735393
1405	5.23743744862
1410	13.536779686
1415	12.6544329852
1420	5.38515909228
1425	0.4
1430	0.4
1435	3.84550635503
1440	8.47538721269
1445	0.4
1450	0.4
1455	0.4
1460	4.43617745445
1465	0.4
1470	0.4
1475	0.4
1480	3.80340813232
1485	0.4
1490	0.4
1495	10.2959797778
1500	0.4
1505	0.4
1510	1.1733700824
1515	0.74012190234
1520	0.4
1525	5.76897200221
1530	16.3036716238
1535	8.3917564557
1540	16.0078663332
1545	21.6825404777
1550	16.4556500641
1555	10.5959879202
1560	6.96911958153
1565	0.4
1570	0.4
1575	11.326596015
1580	8.25756966751
1585	20.1971432265
1590	15.4668736829
1595	16.1639867873
1600	10.3186221987
1605	0.4
1610	0.4
1615	0.4
1620	6.25165156186
1625	0.4
1630	5.36080070744
1635	12.0966156467
1640	0.4
1645	0.457875523645
1650	0.4
1655	16.8929966632
1660	2.90464051121
1665	5.37878600021
1670	0.4
1675	12.102634851
1680	9.28359022603
1685	5.27794373783
1690	21.6408071344
1695	2.80091622612
1700	18.2316452342
1705	0.4
1710	2.44269872742
1715	0.4
1720	13.0211630376
1725	0.4
1730	17.3837167617
1735	25.4051341596
1740	24.2916344176
1745	0.4
1750	3.37177043022
1755	14.7647370472
1760	3.38894686708
1765	0.4
1770	34.1850199071
1775	9.26459448925
1780	0.4
1785	14.5181552839
1790	0.4
1795	16.1446591311
1800	5.97263860831
1805	13.0474594828
1810	0.4
1815	10.3828465351
1820	0.4
1825	3.71893288297
1830	0.674629700455
1835	20.0494465029
1840	1.15834056965
1845	14.3023182499
1850	15.3924050704
1855	0.4
1860	7.1586774705
1865	4.10536700991
1870	0.4
1875	0.4
1880	14.7174447505
1885	19.6602121763
1890	0.4
1895	8.84342250082
1900	16.9725305763
1905	15.3334862263
1910	0.4
1915	0.4
1920	19.1189690996
1925	4.75503553465
1930	0.4
1935	0.4
1940	0.4
1945	0.4
1950	15.3353360545
1955	8.18598664052
1960	4.95303254006
1965	9.79013787297
1970	0.4
1975	11.9922984211
1980	5.94501905956
1985	4.59775614627
1990	0.4
