0	12.3296437845
5	17.116529976
10	6.35497979282
15	8.81675373913
20	0.4
25	9.26524370253
30	0.4
35	4.82460854424
40	0.4
45	29.8108737012
50	17.9120327523
55	0.4
60	0.4
65	9.31274696095
70	0.4
75	0.4
80	28.5512353866
85	0.4
90	9.44510638843
95	0.4
100	0.4
105	3.2569040205
110	26.0780604405
115	0.4
120	2.41153030678
125	0.4
130	0.4
135	0.4
140	0.4
145	0.899126793472
150	0.4
155	0.4
160	0.4
165	9.55085135713
170	5.03958740375
175	0.4
180	0.4
185	0.4
190	0.4
195	0.4
200	0.4
205	0.4
210	4.21526007772
215	0.4
220	10.1616456846
225	17.3159273388
230	1.52818628355
235	0.4
240	9.92573244246
245	17.2767435089
250	19.3517616701
255	2.46932950116
260	4.67079034692
265	0.4
270	17.833980729
275	0.4
280	18.1270543883
285	0.607122101721
290	0.4
295	16.3817378092
300	7.89441791168
305	0.4
310	5.81786362038
315	0.4
320	0.4
325	1.92970758541
330	0.4
335	5.81699686925
340	8.19019676637
345	9.67375338143
350	0.625599324187
355	5.28305160866
360	0.4
365	17.7110442893
370	0.4
375	8.22980246097
380	3.39700119761
385	0.4
390	0.4
395	0.4
400	0.4
405	7.70263135406
410	1.20320390969
415	0.749315279459
420	8.6202359454
425	0.4
430	0.4
435	2.84358009144
440	13.2923890518
445	0.4
450	14.5461600912
455	13.3970181483
460	2.88441395924
465	0.4
470	6.52227812415
475	0.4
480	13.0091088332
485	0.4
490	2.49370406042
495	5.51581984569
500	12.335841016
505	0.4
510	30.9657574115
515	1.51545987453
520	11.9103997733
525	14.5628915987
530	0.4
535	15.0843116734
540	16.7663430018
545	0.4
550	12.6325325419
555	0.966538602605
560	0.4
565	14.5534111986
570	1.50986131869
575	9.64559651618
580	0.4
585	1.52974116013
590	16.4786432049
595	1.79816986977
600	4.36715199229
605	0.4
610	0.4
615	0.4
620	3.80736945929
625	0.4
630	0.4
635	0.4
640	10.785812352
645	0.4
650	1.57214544989
655	14.8084586176
660	2.48959536892
665	0.4
670	22.0901257335
675	0.4
680	0.4
685	0.4
690	0.4
695	0.4
700	0.4
705	9.96474247536
710	6.56236145421
715	0.4
720	0.4
725	0.4
730	0.804637738274
735	0.4
740	11.5980280618
745	0.4
750	9.49068679418
755	0.4
760	0.4
765	0.4
770	0.4
775	0.4
780	14.5669726824
785	9.30619086359
790	10.087829136
795	5.97040522661
800	2.73334069744
805	1.39798397348
810	8.80415512516
815	0.4
820	11.0562456515
825	0.4
830	19.6882295835
835	0.4
840	4.22769924767
845	0.4
850	5.74517148941
855	15.3450445876
860	0.4
865	4.49917700927
870	0.4
875	12.7119922118
880	9.97806095797
885	0.4
890	11.5604828587
895	11.8307997109
900	34.9691938737
905	6.11107685294
910	9.75493045153
915	0.4
920	22.5351692943
925	0.4
930	0.4
935	0.4
940	0.4
945	0.4
950	0.4
955	1.86898573699
960	0.4
965	7.37938213676
970	3.49445466673
975	0.4
980	9.57989845747
985	4.47344013318
990	10.9757709475
995	0.4
1000	0.4
1005	0.4
1010	12.4193842586
1015	0.4
1020	5.84342476799
1025	0.4
1030	3.15333922931
1035	0.4
1040	0.4
1045	0.4
1050	0.4
1055	0.4
1060	0.4
1065	2.60165169893
1070	0.4
1075	11.0798484806
1080	0.4
1085	22.904073307
1090	0.4
1095	19.5439903479
1100	0.4
1105	0.4
1110	0.4
1115	19.0081460391
1120	14.2565817723
1125	0.4
1130	0.4
1135	0.4
1140	21.1264145295
1145	0.4
1150	0.4
1155	0.4
1160	0.4
1165	9.73162495722
1170	0.4
1175	0.4
1180	19.6346326674
1185	0.4
1190	0.4
1195	0.4
1200	4.71060106936
1205	0.4
1210	1.83117713211
1215	16.3947378928
1220	0.4
1225	0.4
1230	1.21857180008
1235	18.263529405
1240	19.4249364954
1245	3.23030245856
1250	10.0774355137
1255	25.9907535159
1260	0.4
1265	2.95434200405
1270	19.9032715673
1275	9.19219380903
1280	7.98229166783
1285	0.4
1290	0.4
1295	0.4
1300	6.80983083057
1305	40.7670638354
1310	0.4
1315	0.4
1320	8.38816644103
1325	5.59444225236
1330	0.4
1335	0.4
1340	12.0562087218
1345	0.4
1350	0.4
1355	16.3871385674
1360	0.4
1365	0.4
1370	4.75893252893
1375	4.09127821589
1380	0.4
1385	0.4
1390	0.4
1395	14.5836556826
1400	0.4
1405	0.840928579998
1410	2.41841137191
1415	2.06023652456
1420	0.4
1425	0.4
1430	7.16603063417
1435	0.4
1440	0.4
1445	17.1974784714
1450	0.4
1455	2.90535088081
1460	12.1832027822
1465	12.2402706942
1470	10.8382990524
1475	18.7004596396
1480	4.59766320741
1485	1.52756726402
1490	3.9936439308
1495	25.4186449852
1500	0.4
1505	16.8483974811
1510	5.82734763673
1515	0.4
1520	18.1576414005
1525	0.4
1530	0.4
1535	0.4
1540	5.63139288337
1545	0.4
1550	0.4
1555	13.9732234904
1560	0.4
1565	2.98979404438
1570	7.86809764944
1575	18.464974176
1580	14.0406921909
1585	0.4
1590	0.4
1595	0.4
1600	15.909360947
1605	6.50041033118
1610	0.4
1615	16.3881152563
1620	7.55489992359
1625	10.4140306677
1630	3.37056103609
1635	12.3331613243
1640	5.89286898246
1645	15.4794145284
1650	0.4
1655	23.8037830471
1660	0.4
1665	0.4
1670	22.7934812486
1675	6.35798051331
1680	7.02924888261
1685	1.52633973397
1690	0.4
1695	0.4
1700	0.4
1705	23.7210588932
1710	0.4
1715	0.4
1720	0.4
1725	12.5829297901
1730	0.4
1735	2.06766495446
1740	0.4
1745	16.8108090737
1750	0.4
1755	6.39582385367
1760	6.67780002788
1765	1.86406063613
1770	0.4
1775	12.9172884401
1780	0.4
1785	0.4
1790	0.4
1795	0.4
1800	0.4
1805	0.4
1810	0.4
1815	0.4
1820	3.77449000501
1825	0.4
1830	13.379990506
1835	1.55037750731
1840	0.4
1845	0.4
1850	5.4538015568
1855	4.42142924822
1860	10.3843961253
1865	0.4
1870	0.4
1875	0.4
1880	0.4
1885	3.12709519221
1890	0.4
1895	5.04247920727
1900	9.36480152165
1905	5.96450046331
1910	0.4
1915	0.4
1920	0.4
1925	8.06819251369
1930	0.674776063092
1935	0.4
1940	0.4
1945	0.4
1950	0.4
1955	5.8271033372
1960	10.3274474483
1965	0.4
1970	20.0450813405
1975	0.4
1980	0.4
1985	18.0063002287
