0	2.78566184786
5	0.869011346717
10	4.33861788648
15	4.2904429257
20	4.84503271227
25	3.25549231124
30	4.49202483439
35	1.26027357532
40	6.21996728428
45	3.57756240264
50	4.28570372555
55	3.74689924182
60	3.25913040323
65	2.56473299856
70	6.05477042607
75	3.78389364229
80	3.63278358431
85	4.2833220084
90	2.96463842535
95	3.6442427184
100	3.81424396272
105	4.01505195197
110	4.64194815489
115	5.19109559793
120	2.83546089006
125	3.22001697616
130	5.56849631296
135	3.17645855346
140	1.67080850617
145	1.78839235843
150	5.62658448354
155	3.78715313886
160	1.37590749728
165	4.03117078928
170	3.09041885342
175	5.02942264562
180	4.12646408206
185	5.55585442791
190	4.02900156657
195	6.23482797455
200	3.08591672583
205	2.08328119039
210	4.07686939718
215	3.13110352415
220	4.92244171107
225	1.58266658782
230	5.34882513837
235	3.13239756536
240	2.70277079044
245	2.84636363499
250	5.03509423114
255	2.78683703419
260	2.76189650898
265	4.95995133805
270	4.1811494602
275	3.83868491489
280	2.93758483401
285	2.15194582525
290	2.92864489349
295	5.90573702754
300	3.11825565994
305	4.22684629014
310	4.35060138166
315	5.29075359514
320	3.91477676384
325	1.7929975071
330	3.66855556688
335	3.94975408425
340	2.66217445928
345	5.12411164801
350	3.97232812495
355	4.20984525664
360	4.48827003474
365	7.37650854576
370	4.03905440938
375	1.91268491992
380	3.88443103518
385	4.64939112099
390	5.26578056775
395	6.43383504628
400	5.09905407239
405	5.26477225552
410	5.50137700422
415	4.44583591093
420	5.44060975849
425	4.01644435269
430	3.44317340789
435	5.09894086124
440	4.83550376474
445	4.98322982154
450	3.68074120487
455	3.2684951389
460	5.06028947738
465	5.03232307855
470	5.59117257328
475	5.47626060561
480	2.85336898282
485	6.10452271814
490	1.09759213826
495	2.89752838711
500	3.88171141202
505	2.94822695918
510	2.64601135131
515	4.457414863
520	5.04681318255
525	4.80620403415
530	4.87754756734
535	3.58927964736
540	0.870916002363
545	3.4851187065
550	4.39733765346
555	3.48145239276
560	3.81333602592
565	5.24947701938
570	3.28995728831
575	6.36594398454
580	5.86317342853
585	3.1631538633
590	5.28555235358
595	5.53223655031
600	3.51171516114
605	3.50764945681
610	4.16815683929
615	5.25024099782
620	3.68988713595
625	1.76304012823
630	3.50706286902
635	3.39540828517
640	2.25337792036
645	2.92917288245
650	3.67095069066
655	3.35891872119
660	4.97898327659
665	2.8124122038
670	5.10402886201
675	3.92707972422
680	4.19616958357
685	3.88378844891
690	5.82928325652
695	5.15193132879
700	3.20679489635
705	4.64560830849
710	4.09936915175
715	3.37998109539
720	4.99718354694
725	4.12473626605
730	4.06363083638
735	3.83811165759
740	3.4440199778
745	2.77652252897
750	3.73472170893
755	4.50127437606
760	6.07442904784
765	4.04344543776
770	3.37986354855
775	3.26427896612
780	4.92339495218
785	3.40516475248
790	4.35219813068
795	4.52792436672
800	3.80283196969
805	3.26263228604
810	5.70240119981
815	3.60645237495
820	1.97271268733
825	1.93500052161
830	3.29066933496
835	2.83630857403
840	3.30024178752
845	4.39557813194
850	5.56616208359
855	3.74221771881
860	3.03089540513
865	4.95286051158
870	6.07528667355
875	4.27916319367
880	2.04597124203
885	3.7647040874
890	2.4322390654
895	2.08362473817
900	3.58701070774
905	3.90478913024
910	4.18064721293
915	5.56080256029
920	5.25906821085
925	5.02653916921
930	3.9715868611
935	3.30389148386
940	3.88383724977
945	2.13546536943
950	3.89663645419
955	7.01164215931
960	1.77435715394
965	3.62356288211
970	4.4353709278
975	3.12030728541
980	5.14763104262
985	3.07501190668
990	4.22625585809
995	2.83550961753
1000	4.94236727491
1005	3.61166800177
1010	4.48769439552
1015	3.10610674196
1020	0.868625214561
1025	3.52905883791
1030	2.04358012609
1035	3.74083449511
1040	2.98019364914
1045	4.1705761661
1050	4.09420942355
1055	4.96627292996
1060	5.88439064292
1065	4.08375876406
1070	2.17668961132
1075	4.69876437847
1080	4.23118743116
1085	2.74188519442
1090	3.80218345551
1095	4.03729552066
1100	5.63222019704
1105	4.5076098235
1110	4.76063577332
1115	3.38653558282
1120	4.34315514316
1125	4.61965571137
1130	4.96689799356
1135	4.7453756703
1140	2.70338088542
1145	6.25093376756
1150	5.04925855429
1155	4.85085606333
1160	2.72190821433
1165	3.02860605347
1170	1.40045868556
1175	3.12013624753
1180	6.88262369281
1185	5.33099239251
1190	3.82518580711
1195	5.35569494783
1200	3.10282194677
1205	4.97102067479
1210	5.74142004785
1215	1.97232932769
1220	2.25128598125
1225	2.54941574763
1230	4.04728468642
1235	2.9158170597
1240	4.34477683201
1245	3.24964665718
1250	3.00856868233
1255	1.39359115449
1260	6.37211156487
1265	5.04635440661
1270	5.15978349282
1275	4.20109919601
1280	4.11340382696
1285	2.80161306236
1290	3.71072435852
1295	3.62562604868
1300	1.53490255741
1305	3.47873886439
1310	3.53171328329
1315	2.307997317
1320	2.20464795258
1325	2.08223686426
1330	4.33577958293
1335	3.013583932
1340	3.75980975898
1345	2.29113427954
1350	3.77231063439
1355	3.16440862696
1360	4.05256845036
1365	3.27272031871
1370	3.96490712964
1375	5.92579841549
1380	5.37399679814
1385	4.69553063763
1390	5.57094904715
1395	4.10218957508
1400	3.25304181897
1405	2.69002138264
1410	4.40785834219
1415	3.07316397975
1420	2.97922295525
1425	4.11948462295
1430	4.75499687187
1435	4.51000539517
1440	2.69562154861
1445	5.06293593064
1450	4.72902208762
1455	3.62037382941
1460	3.13793845963
1465	3.20412424265
1470	2.81455437706
1475	2.86300838158
1480	4.04795066087
1485	3.79449754415
1490	3.13550538457
1495	5.00745748481
1500	4.62876235724
1505	5.1336383805
1510	5.30924611758
1515	4.89247954363
1520	3.94308794684
1525	3.75950577666
1530	4.1449662074
1535	3.93738223021
1540	5.41362651156
1545	3.54636597297
1550	5.64451797469
1555	3.88153428679
1560	1.88599565292
1565	4.82348207889
1570	3.97279516224
