0	0.4
5	6.20478462208
10	2.06523079319
15	0.4
20	2.05645302051
25	1.78609400702
30	0.4
35	4.06440852387
40	0.4
45	0.4
50	0.4
55	6.58894582762
60	0.4
65	0.4
70	0.4
75	0.42450919343
80	3.0657054365
85	0.4
90	9.38412206072
95	0.4
100	2.86001259718
105	0.927546351558
110	1.83836932328
115	0.4
120	1.94180982544
125	0.4
130	2.50016783644
135	0.4
140	7.79707984635
145	2.46901649345
150	5.09051862047
155	3.71272368986
160	0.4
165	0.4
170	4.81501510714
175	0.4
180	5.37532174284
185	9.91958115642
190	0.4
195	2.02002603624
200	2.33816424894
205	2.4021464233
210	0.4
215	5.82420546536
220	0.4
225	0.4
230	0.4
235	0.4
240	6.04804130816
245	0.4
250	0.587007963102
255	0.4
260	0.4
265	0.977371864795
270	4.93660773787
275	1.67032052732
280	0.4
285	2.09466656522
290	0.4
295	5.62153466301
300	3.13486949218
305	6.88524920267
310	4.37920635204
315	0.4
320	1.83800442172
325	1.80052436522
330	0.4
335	0.4
340	8.53068383692
345	5.00580904507
350	7.37578922381
355	1.77469832833
360	0.4
365	1.43407163837
370	1.14606038874
375	0.4
380	1.39820992268
385	0.4
390	2.44313633965
395	7.43979399859
400	0.4
405	2.03706970053
410	10.1380064141
415	2.17427766516
420	2.64982186909
425	3.87746640503
430	0.4
435	4.0412400393
440	0.4
445	5.40324593291
450	4.01782463911
455	0.4
460	0.4
465	4.4271130823
470	0.4
475	0.4
480	0.4
485	0.4
490	4.70539821149
495	4.64628639025
500	0.4
505	0.4
510	0.4
515	0.4
520	0.4
525	1.39745635197
530	7.14154535652
535	0.4
540	0.4
545	0.4
550	0.4
555	7.28354443568
560	3.50786497429
565	1.47535021575
570	0.4
575	10.7168039375
580	0.4
585	1.12676738034
590	10.1068370465
595	0.93140200499
600	3.46559241441
605	1.66071961069
610	2.87538009506
615	0.4
620	5.74127585439
625	4.52531950014
630	0.925710594909
635	0.4
640	3.07059070302
645	3.20065674981
650	4.90081312614
655	4.8460848151
660	6.50043115937
665	0.4
670	0.418664356612
675	5.35042854627
680	2.13619602854
685	5.27048893829
690	5.43332654005
695	1.84261346879
700	1.73933417453
705	2.03796188992
710	3.36371916395
715	4.1005316159
720	3.89958255047
725	2.85576835687
730	0.4
735	6.15797620329
740	0.4
745	0.4
750	2.25079008896
755	4.27831209894
760	8.24674884903
765	0.4
770	0.4
775	1.70939262935
780	6.92088835879
785	0.4
790	4.43142194375
795	6.05628143813
800	0.4
805	0.4
810	2.35255131885
815	2.72268597684
820	0.4
825	0.4
830	9.22665943964
835	1.99099457021
840	5.97433824203
845	0.4
850	2.08208215317
855	3.64071582502
860	0.667317166426
865	0.4
870	6.20166198187
875	1.62613701008
880	0.475557380993
885	4.8133408661
890	0.4
895	0.4
900	0.4
905	8.67905651838
910	0.4
915	5.16677299464
920	3.12228537449
925	3.51455265765
930	0.4
935	7.86373723671
940	0.4
945	8.08201864389
950	1.77977144815
955	3.12241002216
960	0.4
965	0.658348627727
970	0.4
975	0.4
980	6.01132432973
985	1.45737022037
990	0.4
995	3.79896614939
1000	5.27593789937
1005	0.4
1010	0.4
1015	1.33175155669
1020	0.4
1025	2.46566069246
1030	0.4
1035	0.4
1040	2.45760687273
1045	0.4
1050	2.09545275534
1055	3.42542467403
1060	0.4
1065	1.86014324098
1070	1.95726479459
1075	2.60233553638
1080	0.4
1085	2.5579247046
1090	6.12349398078
1095	0.4
1100	0.4
1105	2.07586616269
1110	2.65396166013
1115	0.4
1120	1.19214561837
1125	1.76881240492
1130	0.870790652853
1135	9.52154339112
1140	0.922937054274
1145	0.4
1150	5.49781510826
1155	4.86967500316
1160	0.436432331202
1165	0.4
1170	4.63546069946
1175	0.4
1180	0.4
1185	0.4
1190	0.4
1195	0.4
1200	7.0720060234
1205	5.53739568817
1210	0.4
1215	7.27475940815
1220	5.4284463407
1225	1.38401908664
1230	1.70414014955
1235	0.52291982045
1240	0.4
1245	0.4
1250	8.37290432813
1255	0.4
1260	2.62066824363
1265	2.86990243866
1270	0.619307620486
1275	0.4
1280	0.4
1285	1.77141644675
1290	0.4
1295	0.4
1300	3.2752352828
1305	7.86975825089
1310	0.4
1315	4.28745263308
1320	0.4
1325	0.4
1330	0.4
1335	2.0977892838
1340	0.4
1345	3.06699836069
1350	0.4
1355	5.04225877514
1360	3.01028397388
1365	0.4
1370	0.4
1375	1.79697301398
1380	1.59981951716
1385	0.4
1390	7.08924145843
1395	0.4
1400	0.4
1405	0.535235083653
1410	0.4
1415	0.489362711502
1420	2.04747769272
1425	0.4
1430	3.98694317945
1435	1.2971033335
1440	0.4
1445	0.4
1450	2.77871321724
1455	0.4
1460	0.4
1465	0.4
1470	5.81191172139
1475	0.4
1480	0.632117338893
1485	5.5407600924
1490	2.01545191459
1495	3.19562711448
1500	2.5320842468
1505	9.13605190704
1510	7.97185211566
1515	0.4
1520	0.4
1525	4.41665887154
1530	2.5145762704
1535	3.97471649744
1540	0.4
1545	0.511010096155
1550	0.4
1555	4.50639154628
1560	0.4
1565	9.79508949044
1570	1.14370072434
1575	8.07805373864
1580	3.40192380792
1585	0.4
1590	2.62327291891
1595	1.45371633531
1600	2.76644979635
1605	2.09262123436
1610	1.34585241418
1615	0.855394291076
1620	0.4
1625	3.72855937022
1630	0.4
1635	0.4
1640	8.02275504331
1645	4.56034210179
1650	0.4
1655	5.54481182945
1660	0.4
1665	0.4
1670	0.4
1675	0.4
1680	5.65721730126
1685	3.78720988196
1690	5.09509479423
1695	5.61029245053
1700	0.4
1705	3.89275763797
1710	6.42556720561
1715	2.28056962091
1720	2.11867921455
1725	0.4
1730	0.4
1735	0.4
1740	0.4
1745	0.4
1750	0.4
1755	0.885181012912
1760	0.4
1765	0.4
1770	0.4
1775	1.4469630809
1780	7.57457661683
1785	5.16314318967
1790	0.4
1795	4.08177236788
1800	0.4
1805	0.4
1810	0.4
1815	0.4
1820	0.4
1825	4.39217658386
1830	5.86331311229
1835	1.79119146195
1840	0.4
1845	0.4
1850	0.4
1855	5.23234079781
1860	0.518541192081
1865	10.9186199227
1870	1.40258963768
1875	0.4
1880	0.4
1885	4.94347714831
1890	5.63549663173
1895	1.31652984691
1900	5.62259054709
1905	0.4
1910	9.81836955216
1915	0.4
1920	0.4
1925	0.861303185068
1930	0.4
1935	9.9834996282
1940	0.4
1945	0.4
1950	4.41965170369
1955	0.4
1960	4.2145982727
1965	0.62181126809
1970	0.805986167071
1975	0.637582279039
1980	0.4
1985	10.0727007242
1990	0.4
