0	2.36587610331
5	7.85888676444
10	2.24353660342
15	0.4
20	0.759791921912
25	0.4
30	4.17814100893
35	3.38647539073
40	7.31702301653
45	0.4
50	0.4
55	4.56842212535
60	6.72754195501
65	1.64385306307
70	5.91063113713
75	0.4
80	7.09919879545
85	4.30989051132
90	0.799067837819
95	1.478350424
100	6.18333329011
105	0.4
110	0.4
115	0.4
120	3.72460794338
125	0.442851611245
130	0.945777262289
135	0.4
140	0.4
145	0.4
150	0.4
155	4.75730668215
160	3.8637500298
165	0.4
170	0.4
175	7.20430718814
180	2.99931995081
185	0.4
190	1.7973662156
195	0.4
200	3.59484562067
205	2.90895277667
210	0.4
215	2.78477230027
220	0.4
225	0.4
230	1.39802645687
235	0.4
240	0.429166335742
245	1.04713051238
250	0.4
255	6.440459807
260	1.2081408042
265	9.47722561723
270	0.4
275	2.55433823299
280	0.4
285	4.51660097358
290	0.4
295	2.9701973603
300	1.87536754116
305	2.27261528296
310	0.4
315	0.4
320	0.4
325	4.55044955245
330	1.94886754172
335	0.4
340	0.4
345	0.4
350	0.4
355	0.4
360	1.3434175839
365	6.49562196328
370	4.55686015578
375	0.56437388268
380	0.4
385	5.18264732073
390	0.4
395	1.34003696715
400	1.21984148204
405	0.4
410	0.4
415	0.4
420	0.4
425	0.4
430	0.660640313261
435	0.945670364668
440	0.4
445	3.92738650563
450	0.4
455	1.91876041027
460	0.4
465	5.00353831063
470	0.4
475	3.63895296609
480	1.45120360298
485	0.4
490	0.4
495	0.4
500	0.488239308701
505	6.07131815705
510	8.00814204077
515	11.1174029181
520	0.4
525	0.4
530	0.4
535	0.4
540	0.4
545	0.47254734057
550	1.40451065811
555	0.4
560	0.4
565	11.7944832079
570	3.77234398386
575	3.86556841952
580	6.52367277616
585	0.4
590	4.9594311833
595	5.81114660382
600	2.29278495905
605	0.4
610	2.72791245448
615	2.61673863402
620	0.4
625	2.49984066551
630	0.4
635	11.4806987931
640	0.4
645	0.4
650	7.97092665957
655	0.4
660	3.98773368232
665	0.756375734152
670	0.4
675	5.52052785889
680	13.5650597146
685	0.963257169397
690	0.788336512156
695	0.4
700	1.11805699296
705	3.35813208523
710	0.458303027766
715	0.4
720	3.55509671435
725	3.3464404137
730	10.9312324135
735	3.03095512935
740	3.20172195697
745	0.841289908191
750	0.4
755	7.63553861928
760	0.4
765	1.30758521282
770	4.02399582091
775	3.1771022867
780	1.89688223564
785	7.10798605535
790	1.14601258143
795	1.70103807614
800	0.4
805	4.39945061192
810	0.4
815	0.4
820	0.4
825	0.688760938567
830	0.4
835	0.4
840	8.36999997935
845	4.31246138544
850	8.09439092088
855	4.39051320304
860	3.53479050541
865	2.04285424338
870	0.4
875	0.4
880	0.4
885	8.75662253942
890	7.94107039084
895	1.97112230862
900	1.78962851545
905	8.74400739098
910	0.4
915	0.4
920	5.06985768306
925	0.4
930	4.75094805242
935	0.4
940	0.4
945	0.4
950	1.40496819624
955	0.4
960	4.21905822486
965	0.4
970	6.38894181627
975	0.4
980	2.77036436441
985	0.4
990	4.88937321643
995	4.15196591185
1000	0.4
1005	4.60232939855
1010	0.4
1015	0.695300806698
1020	7.73015676905
1025	2.04065497851
1030	4.12159098455
1035	2.60149315976
1040	0.4
1045	0.4
1050	3.62071719969
1055	0.4
1060	3.65382477006
1065	5.37905400934
1070	0.4
1075	5.27254411205
1080	0.4
1085	0.4
1090	0.4
1095	0.4
1100	4.08518355244
1105	0.4
1110	0.4
1115	4.21983985449
1120	3.67206966351
1125	0.4
1130	1.51420400138
1135	0.4
1140	4.04658592843
1145	2.54552378786
1150	0.4
1155	3.63093957305
1160	3.46165042626
1165	0.4
1170	3.61919486345
1175	2.43425946457
1180	13.8566352003
1185	1.54345684676
1190	0.4
1195	0.4
1200	0.4
1205	0.4
1210	0.4
1215	0.4
1220	11.3494220136
1225	0.4
1230	1.55826020164
1235	1.19746628139
1240	0.4
1245	0.4
1250	0.4
1255	0.4
1260	2.60878239193
1265	2.71435185038
1270	5.23464082973
1275	0.4
1280	0.4
1285	6.74024965098
1290	0.4
1295	0.4
1300	6.01424930323
1305	1.84319372134
1310	2.45234059848
1315	4.65434565652
1320	0.66119314066
1325	0.4
1330	3.18366958984
1335	0.692193502669
1340	4.68838910657
1345	0.4
1350	0.444553893714
1355	6.54068368561
1360	4.25198725339
1365	7.00928056241
1370	4.34254721725
1375	3.03503053546
1380	6.7323105624
1385	0.4
1390	0.771336964441
1395	2.42280821123
1400	0.4
1405	0.743794938733
1410	0.4
1415	0.4
1420	0.4
1425	0.4
1430	5.45184820088
1435	0.4
1440	2.99708884437
1445	9.3235319622
1450	0.4
1455	3.26621992327
1460	5.79487512444
1465	5.41856537799
1470	4.7310111632
1475	0.4
1480	2.68698718536
1485	2.74298910034
1490	0.4
1495	0.4
1500	0.507985364418
1505	0.4
1510	10.4886005803
1515	0.4
1520	10.0165039332
1525	0.4
1530	2.45240246989
1535	3.09736822061
1540	4.54987966608
1545	4.48986488507
1550	0.4
1555	0.4
1560	2.14229881026
1565	3.28658069223
1570	4.5548136604
1575	0.4
1580	0.4
1585	0.4
1590	0.652764781031
1595	0.4
1600	4.17547107604
1605	0.4
1610	0.4
1615	2.91114669951
1620	0.4
1625	0.4
1630	0.4
1635	0.4
1640	3.73325023007
1645	1.24722929211
1650	4.10106436371
1655	4.22837048147
1660	0.4
1665	5.40077256186
1670	3.07272259272
1675	3.88989472642
1680	1.43467568139
