0	0.505932017372
5	0.4
10	0.4
15	10.2383706009
20	20.9754545557
25	15.627071415
30	3.82520080936
35	0.4
40	6.51239415164
45	9.98435359236
50	14.5294955872
55	17.1819901032
60	8.92534559542
65	17.1286867991
70	3.50779244262
75	0.4
80	13.4732272046
85	12.4477326882
90	10.7840531538
95	5.69233254394
100	0.4
105	2.26379732642
110	0.4
115	2.91479779537
120	11.6306737629
125	8.84749282132
130	0.763465655764
135	4.86546070483
140	8.98776418688
145	0.4
150	21.3638630903
155	0.4
160	0.4
165	3.94177399512
170	10.3768801971
175	7.97861431479
180	9.44597894563
185	0.4
190	8.61468227208
195	17.0049927464
200	0.4
205	7.72839788484
210	11.0175386522
215	17.4360067945
220	8.30705859075
225	7.32240944225
230	5.71752021748
235	20.1483318726
240	8.85164882466
245	9.3971180779
250	11.6805990923
255	3.79216132049
260	5.70083719363
265	11.4961511505
270	8.85799966071
275	5.97854727408
280	0.4
285	13.78731102
290	8.70799699352
295	15.1620152619
300	0.4
305	0.879685601692
310	0.4
315	6.00335840567
320	0.4
325	9.18354704387
330	8.59214434591
335	10.7630564684
340	11.0271341466
345	4.3200463661
350	2.12251059763
355	21.8955806655
360	24.9518092725
365	3.666679254
370	20.293633947
375	9.43140204084
380	0.4
385	5.01728490007
390	12.243621592
395	0.4
400	0.4
405	0.4
410	22.7116659372
415	8.16148308024
420	18.4982784645
425	12.4978112461
430	19.7594491603
435	0.4
440	18.0784050373
445	5.50445740565
450	19.1748851951
455	0.4
460	0.4
465	1.58594720603
470	22.8675130111
475	0.4
480	12.8101197702
485	0.4
490	11.7445696553
495	38.4982370795
500	4.3694661339
505	7.57362098209
510	3.63298704008
515	3.9978060521
520	20.3855103252
525	0.4
530	11.5840343151
535	0.4
540	17.9723870663
545	2.45702441662
550	0.4
555	16.6361753926
560	5.90021742771
565	0.4
570	0.4
575	0.4
580	7.23152047733
585	0.943153084822
590	9.02845031892
595	0.4
600	9.72526147173
605	0.968632379178
610	0.4
615	30.7388912041
620	6.19857392807
625	10.9751495993
630	14.45988188
635	25.6913396235
640	28.0269145891
645	0.4
650	15.780271528
655	8.70307402022
660	12.7547206104
665	0.4
670	0.4
675	0.4
680	13.2041399922
685	0.623890804624
690	0.4
695	1.712555529
700	5.95155102511
705	10.6057079575
710	23.8156203896
715	19.0644087521
720	0.4
725	9.16424114254
730	6.10537861826
735	0.4
740	0.4
745	10.2105013255
750	0.4
755	5.2417055438
760	0.4
765	16.8310269097
770	18.4751684724
775	28.5511414305
780	2.30309667634
785	0.4
790	9.86319347596
795	4.36268171685
800	12.7819107605
805	0.4
810	0.4
815	7.63204703569
820	5.97320396242
825	2.77206230722
830	20.8246235811
835	0.4
840	7.41283496119
845	8.94493674692
850	0.4
855	0.486903102644
860	11.4369367555
865	12.6659785015
870	0.4
875	4.41442242523
880	18.8866745689
885	22.0631948273
890	26.8528660256
895	12.8534401536
900	19.0106972668
905	8.12769320162
910	16.8526343983
915	7.3392078168
920	10.5136118562
925	14.4490489677
930	0.4
935	4.82028996641
940	6.6605033043
945	3.39111169096
950	14.8526946043
955	14.8568138644
960	10.5609005966
965	9.50898392161
970	0.4
975	11.1543221656
980	19.3844096611
985	18.6205410654
990	2.36596399747
995	12.3023919838
1000	0.4
1005	1.33006917393
1010	8.93675679915
1015	0.4
1020	0.788445959276
1025	3.2173047665
1030	8.90173530584
1035	0.4
1040	0.4
1045	18.8271610706
1050	4.36359580827
1055	0.4
1060	10.0700678456
1065	0.4
1070	0.4
1075	0.4
1080	0.4
1085	0.4
1090	15.1764395244
1095	0.4
1100	6.60998037806
1105	12.945160113
1110	15.6655977645
1115	0.802615357627
1120	4.46438257351
1125	13.8976808965
1130	0.4
1135	10.5936467702
1140	20.150818497
1145	7.10636079801
1150	3.7367457301
1155	0.4
1160	19.5042584543
1165	4.28267737203
1170	9.20868731571
1175	11.7017715805
1180	22.5887487667
1185	0.4
1190	12.9636579138
1195	10.1478542489
1200	20.1277482932
1205	0.4
1210	3.31269816016
1215	8.57653383706
1220	0.4
1225	12.2461190381
1230	0.4
1235	3.09607347342
1240	10.0767593045
1245	4.08195899789
1250	0.4
1255	9.35135278372
1260	22.4079279645
1265	13.1725162055
1270	14.8563704327
1275	20.4361588966
1280	13.5596029614
1285	3.14967186323
1290	7.468218793
1295	12.1032409566
1300	3.77024149134
1305	12.7278789162
1310	0.4
1315	0.4
1320	8.75266088405
1325	0.4
1330	0.4
1335	19.5718293314
1340	15.9347275182
1345	3.08287050014
1350	0.4
1355	7.9340130428
1360	1.559864822
1365	10.2687018002
1370	9.90328229836
1375	6.15264346698
1380	15.1295170254
1385	25.8646761892
1390	7.14764559488
1395	23.1329324766
1400	0.4
1405	7.12153731226
1410	13.3954578706
1415	0.4
1420	17.1174563631
1425	7.34502388989
1430	18.4679487148
1435	0.4
1440	2.11993678799
1445	2.53372534047
1450	0.4
1455	4.19016260064
1460	7.9525949236
1465	20.2797456142
1470	8.04325150177
1475	18.0053738255
1480	5.77770662313
1485	0.4
1490	0.4
1495	0.4
1500	25.628900658
1505	0.4
1510	5.20994393515
1515	2.51979612447
1520	20.7745957698
1525	4.22463699471
1530	25.1041947644
1535	0.4
1540	12.261374127
1545	0.4
1550	11.7954759549
1555	0.4
1560	0.4
1565	13.7055080601
1570	14.6523615509
1575	22.5912853198
1580	7.67666923361
1585	3.35696292654
1590	3.8634134525
1595	25.0421812881
1600	5.62544687831
1605	6.1575470626
1610	0.4
1615	3.60334807927
1620	0.4
1625	5.36807974827
1630	4.93013364472
1635	25.8080291073
1640	1.29659904068
1645	0.4
1650	0.4
1655	22.0581500001
1660	9.90348653306
1665	23.1181863146
1670	4.28375558782
1675	12.3471698307
1680	25.5112410617
1685	16.5021614532
1690	21.8154564504
1695	22.5510816902
1700	0.4
1705	3.47387511466
1710	7.31923028008
1715	0.4
1720	1.39825592565
1725	0.4
1730	25.2149892343
1735	0.4
1740	15.6811946079
1745	7.1110037592
1750	1.35235651574
1755	8.780366516
1760	1.08353097178
1765	15.4372957574
1770	3.37322531891
1775	0.4
1780	8.43202675111
1785	0.4
1790	9.19187841193
1795	4.49523648318
1800	14.0130302402
1805	3.89032675668
