0	5.14071361175
5	3.22814357968
10	2.16675047548
15	6.34287915768
20	0.4
25	1.0754868785
30	0.4
35	2.91012144577
40	2.10744320291
45	3.74259901664
50	3.48161932434
55	6.4700298041
60	0.4
65	3.15572470228
70	9.91385230136
75	2.34449478092
80	9.16606915429
85	1.92904924921
90	9.16699274221
95	5.99280834358
100	3.04314414571
105	0.4
110	1.73941756123
115	4.06388786569
120	0.4
125	2.86296551118
130	2.50387587481
135	4.00965948101
140	2.36203512821
145	0.4
150	1.82009397432
155	0.420144756579
160	0.4
165	3.21558641361
170	1.32176564256
175	3.02837476381
180	1.90432193622
185	0.800011908677
190	2.05115042764
195	2.11119516704
200	7.42495533665
205	0.4
210	0.436158118811
215	2.11522638002
220	0.4
225	8.40495940084
230	8.26568466269
235	2.31599616115
240	3.82678559884
245	2.41958058192
250	0.932342097824
255	9.37542332028
260	0.4
265	1.80921592058
270	4.9473798528
275	4.17143128817
280	4.21770069427
285	3.41887097077
290	1.30891160257
295	0.4
300	2.76591435031
305	4.39077469786
310	0.4
315	1.90342483904
320	4.61409319532
325	4.2784483997
330	7.99718405945
335	0.4
340	3.9080752247
345	0.4
350	0.4
355	4.98205434723
360	0.4
365	5.30348136206
370	3.228239346
375	2.1445306388
380	5.1269008583
385	3.09211773499
390	4.00182465429
395	4.46877335261
400	4.07318410591
405	2.35083565031
410	3.58356515815
415	0.4
420	0.4
425	2.97414551483
430	2.26534667778
435	0.842587431791
440	4.73300573257
445	4.19478597329
450	3.37941216824
455	3.8796215661
460	4.20842275866
465	1.31229311401
470	1.09583523855
475	3.22741835091
480	0.4
485	0.4
490	2.78681016465
495	0.4
500	3.1773360949
505	4.33869359239
510	3.76505113066
515	3.08141143913
520	0.4
525	3.32580516906
530	2.2748069717
535	5.21737483474
540	1.15373620639
545	4.97145633828
550	0.755626328305
555	0.4
560	0.606893846165
565	3.35960543443
570	6.35806673092
575	2.95165679162
580	0.703196668694
585	2.66581697599
590	0.4
595	5.75386854804
600	5.9861094712
605	1.26321628363
610	1.30912710615
615	1.1939443296
620	7.52476486855
625	2.95243503037
630	0.4
635	4.199634088
640	1.56507470619
645	0.4
650	0.46739051093
655	5.47450162368
660	0.4
665	4.07720572753
670	6.18470400932
675	2.21490817327
680	4.1973933358
685	9.24098517656
690	4.53190770961
695	0.4
700	5.82205730675
705	2.81086149571
710	4.83979682522
715	0.554874250406
720	4.97263823412
725	1.11986833227
730	4.03066639738
735	1.04800776854
740	0.4
745	5.88212481876
750	0.487994218593
755	3.17572853016
760	4.45114810012
765	1.58096056624
770	0.4
775	3.33082011836
780	0.527220050028
785	5.43871359599
790	4.27001672485
795	2.11826880571
800	4.80841922063
805	0.4
810	0.4
815	0.4
820	3.44999436102
825	0.4
830	0.4
835	0.4
840	2.47624777925
845	0.4
850	4.92589096745
855	5.77094772103
860	6.62437728574
865	2.1893705895
870	2.60879117734
875	2.36294835333
880	4.78342353035
885	5.89699585583
890	5.20692774181
895	0.4
900	4.63402874265
905	3.30059745662
910	0.4
915	3.2124264035
920	5.31370332937
925	2.06031865437
930	0.4
935	1.76593549441
940	1.01856665933
945	0.529774487363
950	3.73878431796
955	0.4
960	0.913549985445
965	0.4
970	4.43695858294
975	7.53207669458
980	4.98142186939
985	4.14211973988
990	2.20279190586
995	0.4
1000	5.29925900895
1005	0.650735463507
1010	1.81773006851
1015	2.31557088384
1020	4.231931425
1025	3.08083597719
1030	0.630021900511
1035	1.54720698707
1040	1.13717618302
1045	2.68716360204
1050	1.74205785342
1055	1.80466728754
1060	0.4
1065	0.4
1070	1.58444668078
1075	4.38284579525
1080	3.49092307383
1085	5.35179356587
1090	2.83008763926
1095	0.4
1100	2.6794830817
1105	1.36144025713
1110	3.01751025074
1115	2.17211351145
1120	0.4
1125	3.91542302077
1130	1.86411625513
1135	2.83223736888
1140	0.4
1145	5.58574386937
1150	3.27390520182
1155	0.4
1160	1.22030630382
1165	2.93528186858
1170	0.4
1175	2.04018501063
1180	0.4
1185	4.90189415491
1190	3.31856687603
1195	3.40209741298
1200	1.47433202574
1205	2.92978466429
1210	2.81469188968
1215	0.4
1220	1.86285758398
1225	0.4
1230	1.29578740594
1235	0.4
1240	0.4
1245	2.4711151393
1250	0.4
1255	2.39428794972
1260	3.94225741572
1265	2.91356092798
1270	5.28902899913
1275	0.4
1280	2.70453263653
1285	4.6778481795
1290	5.18660136601
1295	0.4
1300	4.28808100106
1305	0.4
1310	0.65887016244
1315	3.58957516197
1320	0.812787572851
1325	0.736690778321
1330	2.96507482629
1335	3.49547911726
1340	2.19793036567
1345	0.496867141002
1350	0.4
1355	0.4
1360	0.4
1365	0.4
1370	2.46040673421
1375	5.70945321414
1380	5.86291490401
1385	3.91317584241
1390	4.4272525477
1395	3.23973645712
1400	1.05017808437
1405	2.24375414283
1410	2.93175164227
1415	5.2911235303
1420	6.06997265147
1425	0.4
1430	4.46731518981
1435	0.4
1440	1.6209778334
1445	4.02052230328
1450	2.0031989629
1455	2.79568908579
1460	4.16332086649
1465	1.51883870214
1470	3.95522415306
1475	0.528759026236
1480	0.4
1485	0.4
1490	2.58777356281
1495	0.4
1500	1.4062917002
1505	1.08212573431
1510	0.4
1515	3.72402470604
1520	0.659887212218
1525	0.4
1530	5.44480710437
1535	5.89660005143
1540	1.23136949418
1545	2.02735630759
1550	2.50117026636
1555	0.4
1560	0.4
1565	4.2988978692
1570	2.67745522215
1575	2.04622722479
1580	0.4
1585	0.4
1590	9.46074281277
1595	1.85057934254
1600	0.4
1605	2.04224803951
1610	5.17305153781
1615	2.45044813985
1620	4.18326402174
1625	0.4
1630	1.81658243697
1635	0.4
1640	0.4
1645	6.46475938375
1650	0.634855325101
1655	1.19100747087
1660	0.99416423212
1665	4.01516438629
1670	1.54150647808
1675	4.37433103709
1680	4.31787094589
1685	7.64160350955
1690	0.4
1695	0.936383804371
1700	3.66876540795
1705	0.813807266828
1710	3.89778061498
1715	7.79555582901
1720	1.3429001203
1725	7.09410912611
1730	1.97909120866
1735	3.8644211747
1740	1.24363754716
1745	1.00571921674
1750	4.23562211734
1755	0.4
1760	6.12419399983
1765	0.4
1770	8.8173478273
1775	4.84871617022
1780	5.1864676975
1785	1.84497855467
1790	0.4
1795	2.9312838964
1800	5.6816766932
1805	1.2109902421
1810	3.60814497458
1815	5.18728970327
1820	1.99023377816
1825	2.9671663264
1830	4.22816163221
1835	0.4
1840	2.39844713489
1845	3.1212140172
