0	0.4
5	0.4
10	0.4
15	4.80902396536
20	10.1199584074
25	0.915291272969
30	0.4
35	7.59943892786
40	3.94111170546
45	0.4
50	0.4
55	0.4
60	0.4
65	9.91381495765
70	0.4
75	0.4
80	0.4
85	0.4
90	19.0052424837
95	11.682968408
100	3.53943023656
105	10.6961992457
110	0.4
115	0.4
120	5.69940076547
125	11.813969199
130	6.16565127103
135	1.10020574732
140	16.7957299626
145	0.486283354599
150	2.82484610034
155	10.3383141882
160	15.3722471708
165	2.93399588714
170	2.9396046307
175	0.4
180	0.4
185	1.16811593216
190	0.4
195	12.4176166989
200	0.4
205	0.4
210	0.4
215	0.4
220	0.4
225	0.4
230	0.4
235	3.1653140632
240	9.20137114867
245	3.09859123497
250	0.4
255	0.4
260	4.42198527302
265	19.4182209363
270	0.4
275	0.4
280	5.1733419453
285	0.4
290	19.1344976601
295	7.19395412731
300	13.0173848363
305	0.4
310	0.4
315	0.4
320	0.4
325	17.3632283997
330	0.4
335	15.3859292281
340	0.4
345	3.83625146451
350	0.503514686282
355	9.39408612561
360	9.4832560309
365	0.4
370	0.4
375	0.4
380	0.4
385	5.28521933856
390	4.992982003
395	6.21583953532
400	0.4
405	0.4
410	0.4
415	0.4
420	10.9423774893
425	4.27906878065
430	8.31438426426
435	13.1358019742
440	3.24902460391
445	0.4
450	0.4
455	1.73390892344
460	0.4
465	21.6885963322
470	0.4
475	13.9136874938
480	0.4
485	8.78921688786
490	9.30365913453
495	9.50223883906
500	0.4
505	15.0162429248
510	3.99471360698
515	0.4
520	0.4
525	17.2052589474
530	0.4
535	0.4
540	0.4
545	0.805036919539
550	0.4
555	0.4
560	0.936453636619
565	0.4
570	8.32884621422
575	0.4
580	0.4
585	0.4
590	8.85529562818
595	9.07647206044
600	0.4
605	0.4
610	0.4
615	4.98131518734
620	3.32996831666
625	13.0881441507
630	11.3136692611
635	0.4
640	0.4
645	18.6305744527
650	0.4
655	15.3180179773
660	0.4
665	0.4
670	0.4
675	3.13739925157
680	0.4
685	0.4
690	0.4
695	0.4
700	9.78994418971
705	7.83807862845
710	21.2820478058
715	5.78443508826
720	11.6605212856
725	3.69144020678
730	3.35810613856
735	0.4
740	0.4
745	3.3250292566
750	24.2896449338
755	0.427195294131
760	13.5299454782
765	8.73461754785
770	6.42414321918
775	3.36144678114
780	26.6358007838
785	10.1708116488
790	0.4
795	0.4
800	7.67395226157
805	16.7264000797
810	19.9379861707
815	0.4
820	0.4
825	16.9546790894
830	4.6922856857
835	0.4
840	5.79416547083
845	6.82811347362
850	0.4
855	0.4
860	1.16430950473
865	0.4
870	0.4
875	14.4374449038
880	11.7392620105
885	0.4
890	0.4
895	0.4
900	4.06293921219
905	0.4
910	0.4
915	16.0990463295
920	0.4
925	0.4
930	0.4
935	1.95946949385
940	21.1564644819
945	0.4
950	6.73752462313
955	0.4
960	0.4
965	0.4
970	4.91650001505
975	14.7307543042
980	12.0401039702
985	21.7029221352
990	0.4
995	0.4
1000	0.4
1005	0.4
1010	5.06552782038
1015	1.12270600662
1020	10.3820956152
1025	3.48887552694
1030	0.4
1035	0.4
1040	0.4
1045	0.4
1050	0.4
1055	6.77522903865
1060	0.4
1065	7.66818990154
1070	0.4
1075	0.4
1080	3.46929532039
1085	13.1109053811
1090	0.4
1095	0.4
1100	0.4
1105	21.1294264896
1110	4.54724973167
1115	7.51663852773
1120	0.4
1125	0.4
1130	0.4
1135	0.4
1140	0.4
1145	0.4
1150	9.80494750185
1155	0.4
1160	5.85775598222
1165	0.4
1170	0.4
1175	0.4
1180	0.4
1185	0.4
1190	24.2232509702
1195	0.4
1200	0.4
1205	0.4
1210	0.4
1215	1.2052766306
1220	0.4
1225	21.3987560015
1230	0.4
1235	0.4
1240	2.61709339087
1245	0.4
1250	0.4
1255	17.6263140135
1260	0.4
1265	9.55497978606
1270	0.4
1275	7.16898619717
1280	10.2262302595
1285	0.4
1290	6.95300242614
1295	14.7509647428
1300	9.14911955076
1305	0.4
1310	2.36347890121
1315	4.8979012205
1320	4.90583270216
1325	8.27028895378
1330	10.1953801636
1335	9.59900903794
1340	14.4496153543
1345	17.4275615118
1350	6.80826881228
1355	0.4
1360	2.23295118006
1365	0.877754098567
1370	0.991640797743
1375	5.36644235887
1380	1.36611371681
1385	0.4
1390	1.34405001228
1395	0.4
1400	0.684189144863
1405	3.16659906201
1410	0.4
1415	0.4
1420	1.25239221669
1425	0.4
1430	0.4
1435	6.8725719212
1440	9.55156297788
1445	0.4
1450	0.4
1455	1.8562981753
1460	7.36914516939
1465	0.4
1470	0.4
1475	1.76205482027
1480	15.5171857826
1485	8.06419836739
1490	0.4
1495	0.4
1500	0.4
1505	5.13130950344
1510	0.4
1515	1.16642913948
1520	11.177836733
1525	0.4
1530	12.959049899
1535	3.39417502347
1540	10.388227738
1545	16.0723423137
1550	0.4
1555	0.4
1560	0.4
1565	0.4
1570	5.28376267642
1575	0.4
