0	0.4
5	12.0412800826
10	10.7144879746
15	0.4
20	5.93149494694
25	1.59278241632
30	9.08694278348
35	10.6804207245
40	15.1660693418
45	14.2664181551
50	0.4
55	4.28366560287
60	8.79450944212
65	9.1631392311
70	9.81015100866
75	8.42141508271
80	6.15432550285
85	13.8915675164
90	0.4
95	12.1781707344
100	26.9190366577
105	1.06686496062
110	0.4
115	13.7075824769
120	6.88989303774
125	15.2363842759
130	15.9218655498
135	10.9232178294
140	1.71320885993
145	0.4
150	0.4
155	0.801469392935
160	0.993334522352
165	0.4
170	9.62559415565
175	0.4
180	2.5113129153
185	0.874442937855
190	0.4
195	12.3544791265
200	9.0945451326
205	9.42129687721
210	3.24888067961
215	0.4
220	1.34235236241
225	8.48766546902
230	6.23525299766
235	0.4
240	11.1988316669
245	0.4
250	0.4
255	9.08900989191
260	8.10740410974
265	0.4
270	18.5901670702
275	2.91749037301
280	7.61189464466
285	4.76297679967
290	10.6596214004
295	16.9914304243
300	0.4
305	6.64425994334
310	12.6354405273
315	2.88186341295
320	1.86310972302
325	12.1360859261
330	10.5634121533
335	10.0422254364
340	4.48442472668
345	3.50312359609
350	15.9051333855
355	1.14485292499
360	11.8760730858
365	6.29172729944
370	9.17606199865
375	17.8202191693
380	5.18338209334
385	12.1919946998
390	12.9697699859
395	9.97234757099
400	3.64028385403
405	0.4
410	16.7005857433
415	3.0201397396
420	9.79884774889
425	15.0881989179
430	0.4
435	0.4
440	2.79185332409
445	5.30152042893
450	9.34510930706
455	0.4
460	7.64925575929
465	3.80345132258
470	15.7066761648
475	9.46207356916
480	3.35377744348
485	2.38919922627
490	18.8104562969
495	4.10447387421
500	18.2136191338
505	5.49859298204
510	1.22185667929
515	0.98778476641
520	16.6078696503
525	0.4
530	6.1250841048
535	14.8004831922
540	1.06284342754
545	12.42982978
550	18.0131807128
555	5.82928883024
560	6.72516670314
565	14.0813558698
570	7.44239734735
575	6.76163242667
580	6.04151816444
585	0.4
590	12.5593339121
595	3.32458401592
600	5.5945345022
605	7.37638957094
610	8.05249332301
615	15.7025958792
620	17.4048710854
625	0.4
630	2.54084701842
635	0.505107784132
640	0.4
645	1.52555362629
650	4.00380451819
655	0.4
660	0.4
665	2.72086666813
670	0.4
675	14.3138692458
680	3.6793229063
685	0.4
690	10.1538158336
695	0.4
700	0.4
705	1.89340135324
710	4.32336602412
715	17.364329043
720	6.06670376445
725	15.8520074349
730	4.88552058076
735	3.90672583977
740	10.8189487333
745	2.61066679568
750	5.26396250623
755	7.31947372244
760	16.7377341969
765	9.50991324657
770	0.4
775	0.4
780	0.4
785	10.7204063826
790	5.66239231817
795	1.94382370866
800	0.974349884253
805	0.4
810	13.4027897061
815	5.24485213689
820	0.4
825	3.45030293219
830	2.21885355141
835	0.4
840	13.9464923911
845	15.4593330655
850	0.4
855	14.3597342828
860	0.4
865	2.25354595932
870	6.32174260689
875	0.4
880	6.60530081458
885	0.4
890	2.23861949901
895	3.57181139975
900	3.82573718884
905	8.13470318838
910	8.12104438269
915	0.4
920	7.28042144044
925	0.4
930	8.87012651916
935	18.1139079789
940	11.2907152602
945	5.95228178537
950	8.58710760539
955	0.4
960	1.00000994048
965	0.4
970	0.4
975	0.4
980	10.4380273763
985	15.3815775378
990	6.56560347852
995	5.06887176811
1000	18.1236238306
1005	7.66189009
1010	0.4
1015	0.4
1020	16.9967249299
1025	7.82205764314
1030	1.47121143467
1035	19.9423318967
1040	0.4
1045	10.143989785
1050	3.27180658842
1055	4.42290610306
1060	15.4304995714
1065	0.4
1070	5.11780896701
1075	0.4
1080	5.54803490674
1085	8.52760337168
1090	0.4
1095	0.403480089323
1100	5.3791487848
1105	0.4
1110	4.40153414229
1115	1.50534757156
1120	3.11925872203
1125	7.8697143605
1130	6.49907452507
1135	17.5149896563
1140	21.7967971606
1145	2.28070194409
1150	4.78263060408
1155	4.99500424382
1160	5.03960783677
1165	13.2600920752
1170	0.4
1175	5.03132011574
1180	6.87122644464
1185	0.4
1190	8.44543811063
1195	0.4
1200	0.4
1205	22.5678230359
1210	1.30077134065
1215	1.23158381785
1220	14.0037245271
1225	15.3247043798
1230	0.4
1235	4.19544220682
1240	4.40543924804
1245	0.4
1250	3.91487239839
1255	0.401247332965
1260	14.7895385718
1265	0.999363298872
1270	3.17635478336
1275	19.024178642
1280	12.5047919845
1285	2.48488920896
1290	0.4
1295	0.4
1300	23.3980467026
1305	1.64354584025
1310	0.4
1315	4.11434847057
1320	0.4
1325	4.19268057259
1330	0.4
1335	10.3743044049
1340	3.19666117387
1345	9.12259924617
1350	0.4
1355	0.4
1360	1.04470729239
1365	0.4
1370	11.6759759798
1375	15.9368982917
1380	1.17833216598
1385	12.6062046488
1390	16.4780990414
1395	0.4
1400	0.4
1405	2.11452797859
1410	14.50746305
1415	0.630950679949
1420	11.9934395889
1425	8.92432937509
1430	0.4
1435	15.9666228661
1440	0.4
1445	2.97033044797
1450	7.60938146495
1455	11.5604553656
1460	7.77205479395
1465	0.4
1470	10.2755326768
1475	0.4
1480	13.9960277773
1485	0.4
1490	11.0485891452
1495	0.4
1500	19.1307213938
1505	12.119461491
1510	14.6068862415
1515	0.4
1520	16.2237270603
1525	0.4
1530	10.0190656506
1535	5.6167736685
1540	5.25085089388
1545	10.4376742614
1550	8.96862208773
1555	6.59358324888
1560	13.8035496418
1565	0.4
1570	0.4
1575	18.5127076535
