0	4.13956216055
5	0.4
10	0.4
15	2.59783327519
20	0.4
25	3.68222223156
30	1.31386057186
35	2.97849922808
40	2.76295402535
45	1.78378263722
50	4.50023035523
55	3.00754460538
60	1.32053312345
65	2.95051419425
70	4.57039702305
75	0.474498274079
80	2.1038605154
85	0.904256648083
90	0.4
95	4.99129375293
100	4.57130247685
105	0.4
110	5.01802242804
115	0.700030088144
120	6.37861295618
125	5.32015863104
130	4.68845293554
135	3.49918827116
140	5.23141226803
145	0.4
150	5.42478064808
155	1.00257135191
160	2.12860233161
165	5.70148805424
170	3.3931512209
175	0.976347746953
180	4.80722393024
185	7.19240004627
190	0.7130599289
195	8.25330325415
200	6.30726760194
205	2.3844379663
210	6.79423162014
215	5.34142347568
220	0.4
225	5.90561701275
230	0.4
235	3.94752513035
240	5.18685422767
245	7.17703263267
250	2.87028327022
255	1.47943228207
260	0.4
265	7.16104935263
270	0.695512027124
275	4.35261873139
280	3.60197038513
285	6.3045157222
290	1.50025108442
295	2.14907397883
300	1.81412151473
305	0.4
310	2.56212529019
315	0.4
320	2.97245338028
325	0.934810303303
330	0.4
335	0.4
340	5.98606942655
345	1.76760569745
350	2.05589396969
355	0.4
360	8.7494922824
365	7.0664569909
370	1.804262012
375	7.90663719458
380	1.08391496585
385	6.13978066654
390	2.84925398128
395	5.49803635995
400	0.4
405	3.56803268214
410	6.83352999595
415	4.54273875073
420	0.4
425	3.94193372836
430	4.51179370667
435	5.24918933924
440	0.4
445	6.60964515088
450	5.24037648482
455	6.3212542254
460	4.35182758091
465	1.60086418756
470	4.4044640365
475	0.4
480	0.4
485	6.14379632831
490	3.62742984961
495	0.4
500	3.10404142105
505	0.763723290043
510	3.25447148518
515	2.91509629774
520	0.4
525	5.89345445471
530	0.4
535	4.56814070942
540	1.83265307399
545	1.1478603575
550	2.3065853392
555	0.411863448799
560	0.699393664479
565	3.63033110731
570	0.4
575	1.14818375761
580	7.12808018363
585	3.6539022007
590	4.60966747247
595	0.4
600	0.402250512283
605	0.890039121485
610	3.44894586812
615	5.75625628959
620	4.74084623824
625	0.4
630	0.4
635	0.4
640	1.03220292677
645	2.78523226644
650	0.4
655	6.04646485966
660	2.83091178344
665	5.57011037486
670	8.36149573724
675	2.41353714124
680	4.90991399251
685	0.4
690	2.65106841552
695	3.92288115852
700	3.01015658734
705	3.48873265551
710	1.83963153568
715	0.4
720	0.4
725	0.4
730	3.40239470288
735	6.64136826608
740	3.06916538085
745	1.69265500901
750	0.870933576604
755	2.87450535177
760	4.02199758918
765	5.02073854597
770	0.4
775	6.94456231594
780	0.4
785	3.17200034222
790	0.4
795	2.58882285858
800	2.89839889228
805	0.924864159959
810	0.830809601168
815	0.4
820	0.4
825	2.93374934597
830	1.45475225196
835	2.84109519323
840	0.4
845	3.85550227219
850	2.65776210399
855	1.60077812458
860	5.31071135707
865	4.63469713218
870	3.80499790362
875	7.7064941499
880	3.18901640035
885	2.79977101994
890	5.34570144352
895	4.73901850275
900	6.30336460418
905	0.4
910	5.34956548703
915	0.4
920	7.08594376374
925	2.76039382669
930	3.0761764054
935	2.68894011238
940	2.60875044536
945	0.4
950	5.59492279353
955	2.27179048079
960	9.15429126595
965	0.4
970	0.4
975	4.23652384983
980	0.4
985	0.4
990	4.97821299966
995	3.33314925723
1000	5.85994751926
1005	0.4
1010	0.4
1015	5.73760664634
1020	6.25578169941
1025	7.64153518198
1030	0.4
1035	0.4
1040	3.90028524226
1045	1.50393958024
1050	0.4
1055	1.39235853868
1060	1.902116235
1065	0.876553602413
1070	1.64183555309
1075	0.905617062254
1080	2.79987057108
1085	0.4
1090	5.48511794853
1095	0.517158809655
1100	0.4
1105	2.39228272897
1110	2.61079355262
1115	1.1724519813
1120	0.4
1125	0.4
1130	7.60228093783
1135	0.4
1140	7.07415317128
1145	0.4
1150	2.65707090128
1155	0.994599847859
1160	2.66819443287
1165	2.9398296691
1170	3.1485335609
1175	4.14295912383
1180	4.96021886434
1185	4.56685527414
1190	0.4
1195	0.4
1200	0.4
1205	0.960874632543
1210	2.57616365421
1215	5.35275608121
1220	2.1815992043
1225	2.81980663393
1230	4.50622420016
1235	0.4
1240	2.06264848341
1245	1.4639449618
1250	1.93915848045
1255	0.798121972993
1260	7.9056298861
1265	2.45286292907
1270	2.23011284727
1275	0.4
1280	0.4
1285	1.95529453841
1290	4.78104992077
1295	5.4073709311
1300	3.2787572437
1305	0.803519708601
1310	6.74634748895
1315	4.47951280141
1320	9.63131886018
1325	0.4
1330	0.4
1335	3.15683896064
1340	5.03355677791
1345	0.4
1350	0.4
1355	0.698641112874
1360	4.38804711577
1365	6.50106278804
1370	1.18105486575
1375	4.96792283704
1380	3.75554225303
1385	5.40331751379
1390	0.561523452913
1395	7.27065901084
1400	8.35015735925
1405	0.464408963882
1410	4.83549017318
1415	2.55440579481
1420	0.54013723466
1425	6.79672533032
1430	5.98882206942
1435	4.75281530771
1440	5.56457885436
1445	2.25024094986
1450	2.1037310121
1455	7.9068889693
1460	7.04834431304
1465	3.70380392245
1470	2.12678544181
1475	3.95201841948
1480	6.91059891246
1485	3.81525942717
1490	2.29920915312
1495	4.4090463363
1500	0.4
1505	1.56417077401
1510	2.86133389405
1515	4.37467393928
1520	0.4
1525	2.16023860917
1530	7.89044661489
1535	0.4
1540	0.4
1545	1.29471515467
1550	2.48352736744
1555	0.457527440553
1560	6.62530806387
1565	1.34889168018
1570	1.33249849722
1575	1.05714548969
1580	2.60802392276
1585	0.4
1590	3.28333979374
1595	1.89882881591
1600	3.6386113085
1605	2.44970792495
1610	0.4
1615	0.4
1620	4.99036090261
1625	0.4
1630	4.01218047893
1635	1.80941928289
1640	0.4
1645	1.06284423705
1650	4.60128613188
1655	2.30812030232
1660	0.709828032118
1665	1.36136339579
1670	0.4
1675	0.514359637001
1680	3.75744215897
1685	0.4
1690	5.604813132
1695	5.81449360505
1700	1.82604504811
1705	0.4
1710	4.49873509819
1715	0.4
1720	5.46631361047
1725	0.4
1730	6.82075653031
1735	1.64246820162
1740	0.4
1745	5.42675367912
1750	2.57413841496
1755	4.77638591535
1760	2.43133828039
1765	2.52209024663
1770	0.4
1775	0.66104958132
1780	6.89326770446
1785	5.24389583228
1790	4.27571509247
1795	3.46554165613
1800	4.00551951098
1805	0.4
1810	0.4
1815	0.4
1820	3.81509220341
1825	3.57863666528
