0	1.1213054471
5	0.4
10	1.1846315358
15	0.4
20	7.38682022992
25	1.04132462844
30	0.4
35	6.11080783327
40	8.68476434009
45	1.10696454325
50	0.4
55	0.4
60	1.9367162654
65	6.53743540683
70	3.62376882669
75	5.23100895607
80	5.35744999031
85	0.4
90	3.08710118272
95	3.40862479423
100	0.4
105	8.01301311419
110	1.04606709241
115	0.4
120	0.4
125	0.4
130	11.4725094209
135	1.49977371474
140	5.90262269792
145	7.30391391791
150	11.0720292893
155	4.33738981683
160	0.4
165	11.6849852118
170	3.14729871244
175	0.4
180	1.03285495193
185	0.4
190	2.40981298899
195	0.4
200	3.34832589824
205	6.34116712979
210	0.4
215	8.07138371726
220	0.4
225	0.4
230	4.61457121017
235	4.56980951114
240	5.44643059557
245	5.75301339685
250	8.07412923466
255	0.727936436674
260	2.64843253741
265	0.4
270	0.4
275	0.4
280	0.4
285	4.9471886409
290	4.98553607796
295	5.41612669204
300	0.4
305	0.4
310	0.4
315	0.4
320	0.4
325	5.68963477712
330	1.18569270976
335	1.94180860239
340	2.27215617911
345	2.92353760513
350	3.83548894246
355	6.39981934023
360	0.4
365	4.53105174563
370	3.9334942675
375	0.4
380	0.66174229022
385	4.75328346219
390	0.412459989406
395	2.38300911005
400	0.4
405	4.85795154677
410	0.4
415	0.4
420	9.22226239738
425	6.10013673267
430	1.74211681048
435	0.4
440	7.39918205629
445	0.610503319263
450	0.4
455	2.60240386477
460	0.4
465	6.16335940475
470	0.803662676177
475	0.4
480	0.4
485	9.05632444409
490	0.4
495	8.39762753777
500	1.47974182323
505	2.06221302744
510	0.4
515	0.4
520	0.4
525	1.81518554164
530	7.99744618269
535	7.43035697754
540	5.3343861434
545	2.99622790033
550	0.4
555	0.4
560	0.742162974844
565	2.62671704903
570	5.53653514495
575	2.40481163422
580	0.697405964161
585	0.4
590	2.613332902
595	0.4
600	2.23634452857
605	0.4
610	5.51571947101
615	7.26109622403
620	0.4
625	0.4
630	2.46945345301
635	0.4
640	6.4109528583
645	9.3857225522
650	8.2870596331
655	4.47861335842
660	7.36065348266
665	1.03213012938
670	5.06296124465
675	0.4
680	0.4
685	6.51669110614
690	0.4
695	2.67170536464
700	7.947129562
705	1.45026899258
710	0.865115403517
715	5.21126583402
720	8.31881469228
725	6.36788942
730	0.4
735	6.38575577064
740	0.4
745	6.74670397462
750	4.80281407537
755	1.08359044098
760	0.4
765	10.774208524
770	5.78463536473
775	0.4
780	7.51982772147
785	5.44012327247
790	3.84309317508
795	4.0946307315
800	5.96353185977
805	0.4
810	2.49659331451
815	6.27614263823
820	4.59503640291
825	2.75576668166
830	0.472504721747
835	0.849195967603
840	0.4
845	0.4
850	5.08417876969
855	8.91237175454
860	3.13562536181
865	1.56525089584
870	0.4
875	3.47475588549
880	5.04562496892
885	5.76718577398
890	4.77382768419
895	5.0257867162
900	0.4
905	3.39286883162
910	2.45970627317
915	0.4
920	0.4
925	1.17247914717
930	4.07674414717
935	0.4
940	3.96912109974
945	2.07842304225
950	1.33422600457
955	8.956019457
960	0.4
965	0.4
970	9.89206732681
975	1.65261445297
980	0.4
985	0.4
990	0.4
995	6.35078212032
1000	0.4
1005	10.0422681082
1010	0.671862745574
1015	6.21085608958
1020	3.51462886515
1025	6.78206084067
1030	4.20715832051
1035	0.4
1040	2.68798082788
1045	5.75203088781
1050	7.20827556511
1055	12.608387011
1060	4.44271833642
1065	2.36006762215
1070	3.06819517815
1075	3.77054391436
1080	6.34270838802
1085	0.4
1090	0.4
1095	0.4
1100	5.36826825294
1105	1.38876240358
1110	3.3855970489
1115	1.28696888329
1120	0.561363090464
1125	3.55849557392
1130	0.4
1135	7.46198214526
1140	6.84048179986
1145	0.4
1150	3.78606526496
1155	3.95150874253
1160	2.15525195049
1165	4.33002912523
1170	3.40826409399
1175	5.74457310128
1180	5.31736821823
1185	11.2354929069
1190	3.40431522506
1195	0.4
1200	0.4
1205	0.4
1210	6.36969615265
1215	8.43353377117
1220	2.53311379081
1225	0.4
1230	5.52347968269
1235	0.4
1240	0.4
1245	10.0353436052
1250	6.89965318828
1255	5.5589485192
1260	1.05387459704
1265	3.44503218722
1270	5.03057286632
1275	2.74536967257
1280	8.83953595117
1285	0.4
1290	2.74537238067
1295	0.4
1300	0.4
1305	3.62232314351
1310	5.96738688043
1315	10.3795318397
1320	8.14143017468
1325	5.78916106425
1330	0.4
1335	8.38598014025
1340	5.91715747752
1345	1.86944474101
1350	1.8349442449
1355	14.0021461385
1360	5.49765279171
1365	0.4
1370	2.26065187323
1375	5.84668349874
1380	11.5398657968
1385	0.4
1390	4.18587612697
1395	0.4
1400	5.56759846286
1405	2.09018672278
1410	0.816131304775
1415	0.4
1420	0.4
1425	4.66346233413
1430	2.44184795196
1435	11.440660971
1440	7.1015125432
1445	7.2097305152
1450	7.12391711945
1455	2.92124814862
1460	5.13007999318
1465	1.99638136911
1470	5.26394519519
1475	0.4
1480	7.48214908358
1485	4.44117843262
1490	4.69859215467
1495	6.75318619412
1500	0.4
1505	7.00634411377
1510	4.6964335555
1515	0.636275438136
1520	0.4
1525	2.37009779872
1530	2.67642457697
1535	6.28848234738
1540	0.841500513303
1545	2.3129734419
1550	6.30667086956
1555	0.4
1560	0.829967435959
1565	0.4
1570	0.4
1575	0.4
1580	0.4
1585	4.70575617318
1590	6.28326383529
1595	0.4
1600	2.08003416675
1605	6.66818669863
1610	1.59502327691
1615	0.4
1620	0.4
1625	7.03522075321
1630	5.26693982595
1635	0.4
1640	4.99076180291
1645	0.497271865351
1650	0.4
1655	0.4
1660	0.4
1665	6.80371784325
1670	0.4
1675	3.93603204806
1680	0.4
1685	0.4
1690	1.15397402242
1695	0.4
1700	3.07625942044
1705	4.90812875992
1710	5.33309907781
1715	4.19855882224
1720	0.4
1725	2.24139887911
1730	0.4
1735	8.16569927386
1740	4.03997689747
1745	4.18404873425
1750	0.668570318115
1755	0.4
1760	9.57678138602
1765	2.18068366756
1770	5.10137419679
1775	0.4
1780	3.87996661753
1785	15.161345953
1790	0.4
1795	4.025968087
1800	0.4
1805	8.12687819089
1810	8.82301064378
