0	6.73488265178
5	1.35164372533
10	0.4
15	1.25617372146
20	2.9177952768
25	0.461248512525
30	0.4
35	0.4
40	2.849110691
45	7.78075907362
50	2.64528681701
55	2.08054784226
60	0.4
65	3.1332803164
70	1.77222972795
75	1.94640500444
80	3.52075022392
85	6.12473192643
90	1.82232297501
95	0.4
100	0.4
105	8.81995800307
110	0.4
115	0.4
120	0.4
125	4.25053638978
130	8.77537874828
135	3.92702772493
140	0.4
145	0.4
150	5.11699450447
155	5.08138504897
160	0.814238283087
165	1.21252603094
170	8.61674110022
175	2.24423931981
180	2.11272224656
185	0.4
190	0.4
195	0.4
200	6.07840837856
205	4.12758877528
210	0.4
215	1.3717256992
220	1.6287054629
225	7.90285277915
230	2.95521189071
235	0.4
240	0.4
245	0.4
250	0.4
255	6.24662837501
260	6.75432764271
265	0.4
270	5.22512403457
275	0.4
280	4.09530644724
285	9.04040477611
290	0.4
295	3.87550350903
300	8.95427455453
305	0.4
310	3.48332041217
315	5.04326383129
320	7.22730444177
325	7.63669995079
330	5.78981505474
335	0.4
340	1.0955676608
345	4.82538573347
350	0.4
355	4.63986689239
360	0.4
365	0.4
370	5.66671427475
375	0.4
380	0.4
385	10.2315786282
390	2.56575110977
395	0.4
400	7.58654725927
405	0.4
410	0.4
415	0.4
420	1.33010872701
425	0.667551124426
430	0.4
435	9.34367381958
440	0.4
445	2.57407659288
450	0.4
455	4.92508030435
460	0.4
465	7.53940245516
470	7.76478498648
475	0.828371457455
480	0.4
485	4.68830369186
490	0.4
495	0.4
500	1.99813272524
505	2.204612882
510	6.21522371667
515	5.96152252466
520	6.96110911027
525	0.4
530	5.02202263848
535	0.4
540	6.30328768241
545	1.03492785036
550	0.4
555	0.4
560	0.535880772867
565	4.77388109285
570	0.4
575	0.4
580	0.72575736714
585	2.25390904705
590	6.25065330323
595	0.4
600	0.4
605	1.14895053639
610	0.4
615	9.78816801782
620	0.4
625	9.83848009503
630	4.43001959308
635	3.19075113405
640	0.666370177136
645	2.1302885944
650	2.25442096809
655	1.62894232926
660	0.4
665	0.4
670	0.4
675	0.4
680	0.4
685	4.47779906838
690	1.60476442433
695	0.4
700	0.4
705	1.84061484358
710	14.1139265521
715	0.4
720	9.81238956623
725	4.41446759
730	2.80855126638
735	0.4
740	2.97019236948
745	0.4
750	2.29787873992
755	4.59979995278
760	0.4
765	1.63395753665
770	0.4
775	8.21262271831
780	0.4
785	4.44333137936
790	0.4
795	1.4086229606
800	0.4
805	0.4
810	0.4
815	0.4
820	1.51380693177
825	0.4
830	5.84322773696
835	0.4
840	1.83437424394
845	8.4184623417
850	3.58056535485
855	2.29751432611
860	9.08668645412
865	6.01343004517
870	0.4
875	0.4
880	2.1725557968
885	5.38197417913
890	6.60980921844
895	2.63669999645
900	6.21438689643
905	1.47550326463
910	1.76165812031
915	0.4
920	4.38880924968
925	0.4
930	8.96628561033
935	0.4
940	0.4
945	0.4
950	0.4
955	4.27670279893
960	0.657120229465
965	0.4
970	0.4
975	0.4
980	2.0769575856
985	1.07587532053
990	0.4
995	0.691024052433
1000	3.99277822836
1005	2.69171672177
1010	4.68669382303
1015	4.01015524729
1020	1.08504388898
1025	1.82476998918
1030	6.85821754461
1035	4.99930936953
1040	2.74830877944
1045	0.4
1050	1.56743024187
1055	11.4483432935
1060	3.68877310661
1065	4.87100175242
1070	1.36096325822
1075	0.992353694399
1080	2.13046697103
1085	4.51838099346
1090	0.4
1095	0.4
1100	0.4
1105	0.919286550917
1110	5.69453704622
1115	3.66821322912
1120	0.4
1125	7.89117094475
1130	0.4
1135	7.18220671188
1140	4.46716634679
1145	4.62471640588
1150	0.4
1155	3.01600486519
1160	3.13992264177
1165	8.09862658145
1170	0.4
1175	6.86803374082
1180	4.31606284643
1185	4.51353870184
1190	0.4
1195	3.27580583839
1200	8.05013979987
1205	4.3675584952
1210	0.4
1215	0.4
1220	7.4009790665
1225	0.4
1230	10.7442572172
1235	1.84383595852
1240	6.11081675418
1245	0.4
1250	0.4
1255	0.4
1260	0.4
1265	7.45801037393
1270	1.1789073594
1275	0.797382075628
1280	2.65107853178
1285	9.66077966143
1290	0.4
1295	4.0825945622
1300	0.4
1305	0.4
1310	6.56890441538
1315	5.06870816306
1320	0.4
1325	4.85330080916
1330	0.4
1335	3.20208242852
1340	8.23143555185
1345	7.78869964828
1350	4.81326271838
1355	0.4
1360	0.4
1365	0.4
1370	10.6002034894
1375	1.19316325163
1380	12.308006672
1385	2.26567356058
1390	1.74273889256
1395	10.4998494264
1400	7.03021760752
1405	4.23558724154
1410	3.32183172263
1415	2.71171812727
1420	0.497242781387
1425	1.14605910663
1430	1.07791334036
1435	0.4
1440	9.37374620091
1445	0.4
1450	0.4
1455	2.27753979932
1460	0.4
1465	6.96645798583
1470	0.4
1475	0.4
1480	6.00332333462
1485	0.4
1490	0.4
1495	0.4
1500	0.4
1505	0.4
1510	3.90089141847
1515	0.4
1520	0.4
1525	1.9804932504
1530	0.4
1535	8.65011213316
1540	0.4
1545	0.4
1550	3.87542057185
1555	2.5553908903
1560	2.65919745439
1565	3.01356056376
1570	3.39400918034
1575	0.852303864646
1580	6.57523950779
1585	0.4
1590	7.95544998865
1595	7.46501041101
1600	0.4
1605	0.4
1610	7.51632321072
1615	7.00079877663
1620	16.1727480561
1625	3.19713694136
1630	7.89423472407
1635	0.4
1640	2.23243412695
1645	0.4
1650	0.4
1655	8.80780623256
1660	0.4
1665	0.4
1670	0.4
1675	7.57554953874
1680	0.4
1685	0.4
1690	6.46593340159
1695	9.73134866846
1700	6.706290109
1705	3.56997942209
1710	5.53101703201
1715	2.41554781083
1720	0.4
1725	1.22940450396
1730	0.4
1735	0.4
1740	7.3924189117
1745	0.938469094391
1750	2.05637646029
1755	0.883935065482
1760	2.15972561403
1765	0.4
1770	0.4
1775	9.00908073656
1780	4.21582818289
1785	6.08220187358
1790	6.03283146245
1795	4.76966671392
1800	0.4
