0	0.4
5	0.431281806271
10	0.4
15	3.8940245813
20	0.4
25	6.46437183319
30	0.4
35	0.4
40	21.1209795409
45	0.652054097233
50	12.0726630826
55	2.30196618562
60	14.8126682101
65	0.4
70	0.4
75	0.4
80	10.3510325218
85	17.9313230306
90	5.65963222092
95	16.582601367
100	1.04420445175
105	0.4
110	0.4
115	0.4
120	10.167871778
125	0.4
130	2.79789979297
135	7.42294916942
140	0.4
145	1.08082999538
150	0.4
155	12.7290420769
160	3.37935609822
165	0.4
170	0.4
175	16.7722380198
180	0.4
185	0.4
190	0.4
195	2.07451174984
200	0.4
205	16.6311944583
210	13.6559930575
215	8.95789363715
220	0.4
225	4.1878861347
230	2.31452086365
235	9.76412773707
240	0.4
245	9.6931121608
250	10.9443411401
255	0.4
260	0.4
265	4.11202489703
270	12.2935879522
275	8.29491947971
280	16.2738326128
285	0.4
290	6.58387471644
295	24.9010423614
300	20.0258154301
305	9.17350882048
310	15.3404646518
315	5.89437783788
320	0.4
325	0.4
330	0.4
335	5.04403539664
340	0.4
345	1.84574121695
350	34.5040056195
355	7.3716133462
360	14.0689292816
365	0.4
370	0.4
375	0.4
380	13.9135227525
385	0.4
390	20.3405290772
395	19.5263492356
400	0.4
405	0.4
410	12.674477988
415	14.7276174426
420	0.4
425	10.6644777079
430	0.4
435	4.57086804169
440	0.4
445	0.4
450	0.4
455	0.4
460	0.4
465	7.64277083935
470	0.4
475	0.4
480	0.4
485	0.4
490	10.6835926826
495	16.3408375993
500	2.92175003412
505	0.4
510	20.8684407155
515	10.1316187625
520	15.8010472862
525	21.6705582036
530	0.522818566063
535	20.3329017501
540	18.7714073452
545	5.72169177512
550	7.25365831574
555	0.4
560	8.09626251735
565	0.4
570	0.4
575	0.4
580	0.4
585	0.4
590	8.99527087176
595	0.4
600	0.4
605	0.4
610	8.57096093257
615	4.3391301356
620	0.4
625	1.92211942243
630	5.77148065791
635	8.26389843787
640	7.69189877514
645	2.43708937823
650	4.38253274138
655	0.4
660	11.5769153165
665	2.09375765344
670	3.27200727362
675	8.7660592514
680	0.4
685	0.4
690	13.3231922905
695	2.15885112286
700	0.4
705	0.4
710	0.4
715	0.4
720	0.4
725	0.882537669475
730	0.4
735	0.4
740	14.8467928668
745	0.4
750	19.9092879701
755	0.4
760	8.16183581179
765	0.4
770	6.05629916902
775	27.3243497931
780	0.4
785	12.856389033
790	0.4
795	24.6841517889
800	0.4
805	9.41120185853
810	0.4
815	0.4
820	24.1842571335
825	11.6057587157
830	0.4
835	5.88331462913
840	0.4
845	0.4
850	0.4
855	0.4
860	0.4
865	0.4
870	0.4
875	13.8084877923
880	2.3070043821
885	0.4
890	0.4
895	0.4
900	14.7121881383
905	8.97952675451
910	10.2542838067
915	0.4
920	4.07082049115
925	0.4
930	0.4
935	3.35544121186
940	10.970483008
945	9.10914369154
950	0.4
955	0.4
960	10.7033677854
965	0.4
970	15.6503515738
975	0.4
980	12.4984305186
985	0.4
990	8.64617753708
995	8.87998950162
1000	0.4
1005	37.2086064961
1010	0.4
1015	25.3854399601
1020	11.40926655
1025	0.4
1030	8.90875893881
1035	4.37084895174
1040	7.16520750877
1045	0.4
1050	0.4
1055	16.7157747575
1060	0.4
1065	0.4
1070	12.2172536795
1075	14.7717130093
1080	7.45701971134
1085	0.4
1090	10.8355122577
1095	15.6880369586
1100	17.2949088972
1105	22.558681083
1110	1.88206943173
1115	0.4
1120	7.90902715078
1125	27.8702633626
1130	0.4
1135	0.4
1140	0.4
1145	0.4
1150	0.4
1155	0.4
1160	9.47298337053
1165	0.4
1170	4.26404834709
1175	0.4
1180	0.4
1185	0.4
1190	3.78328670917
1195	0.4
1200	0.4
1205	7.98342752424
1210	0.844553318606
1215	0.4
1220	5.98994083721
1225	1.26572974378
1230	0.4
1235	5.43681935828
1240	1.21566271561
1245	0.4
1250	9.03699313709
1255	0.4
1260	10.0472257388
1265	0.4
1270	0.4
1275	0.4
1280	0.4
1285	21.7541609999
1290	1.82151149808
1295	29.5199015598
1300	0.4
1305	0.4
1310	0.4
1315	0.4
1320	0.4
1325	0.4
1330	0.4
1335	0.4
1340	16.2360587296
1345	4.74817115577
1350	0.4
1355	0.4
1360	7.98143943201
1365	0.4
1370	18.2127333374
1375	9.27415586664
1380	0.400379991494
1385	3.05400118867
1390	13.3663011136
1395	1.45033844567
1400	32.3742833719
1405	0.4
1410	0.4
1415	9.69665946036
1420	12.4293555067
1425	5.82346634787
1430	0.594761985992
1435	12.5787254191
1440	12.9814838581
1445	3.08582397874
1450	0.4
1455	1.99769138876
1460	0.4
1465	37.0866702072
1470	16.9191368155
1475	5.16998610274
1480	14.6086576806
1485	0.4
1490	0.4
1495	4.40211798372
1500	0.4
1505	8.15105260058
1510	0.4
1515	0.4
1520	13.6027474408
1525	0.4
1530	7.64826339291
1535	0.4
1540	0.4
1545	16.5206179601
1550	0.4
1555	18.9534874973
1560	0.4
1565	0.4
1570	0.4
1575	10.8898238493
1580	29.835515862
1585	8.12044487097
1590	0.4
1595	31.2720476303
1600	0.4
1605	0.4
1610	3.17894797302
1615	0.59990679015
1620	0.4
1625	0.4
1630	11.4590772341
1635	0.4
1640	14.7670165884
1645	10.6298557844
1650	0.4
1655	17.8024300571
1660	0.685495495251
1665	5.2047076109
1670	0.4
1675	10.573755178
1680	13.8128190404
1685	0.4
1690	11.0988192488
1695	10.9340379432
1700	0.4
1705	0.4
1710	0.4
1715	6.57861972654
1720	1.41525883434
1725	0.4
1730	0.4
1735	0.4
1740	10.3269297258
1745	12.1000321572
