0	1.42421106095
5	3.03065199954
10	0.4
15	3.27319861004
20	3.67530385675
25	2.62050893137
30	2.66462650049
35	0.4
40	0.4
45	2.6078181063
50	3.30791032467
55	1.27021760245
60	1.83248622964
65	7.74064578161
70	1.60469751242
75	5.19880854752
80	2.59559970807
85	1.9446609466
90	3.17496083746
95	6.47318284118
100	0.4
105	1.02098012545
110	4.21109511533
115	3.26395768215
120	3.05110809035
125	3.95185621301
130	2.93014352411
135	2.43672466006
140	2.04235942542
145	1.31541572578
150	1.97527993558
155	5.54684314458
160	3.16883978954
165	4.7993321987
170	0.4
175	1.77780570637
180	1.42005533355
185	1.99104010841
190	2.62484847312
195	0.635732176781
200	3.47855005064
205	0.4
210	0.4
215	4.45914757849
220	2.93930737567
225	3.58564834999
230	2.60993012408
235	2.84559444818
240	2.14903752981
245	2.64539027172
250	0.4
255	2.98147873523
260	2.57075090773
265	4.10274105777
270	0.4
275	3.84574269362
280	1.10586563016
285	0.695438602258
290	0.721379011399
295	3.81122187661
300	4.00697546376
305	4.08533179136
310	0.802612221726
315	0.407779265674
320	3.20778114163
325	6.55938767063
330	1.4118016091
335	2.97972496119
340	1.8606058001
345	0.4
350	1.48031633078
355	2.72367155665
360	4.26951687952
365	1.64468906648
370	5.44357757236
375	2.13324750986
380	0.551816659632
385	0.4
390	4.1001846328
395	0.566472690834
400	4.5709125988
405	5.13401796573
410	3.73388181662
415	2.47695698675
420	4.60303850517
425	4.54732488728
430	1.92519532601
435	0.4
440	0.4
445	4.39748362352
450	4.45632970197
455	1.93467555834
460	0.852875769317
465	4.27429499885
470	0.4
475	0.4
480	0.790906625545
485	3.30329947143
490	2.27316747766
495	2.91478723725
500	2.71593289909
505	4.59024866475
510	0.4
515	0.4
520	1.25555591714
525	6.110427078
530	0.920988716546
535	3.65000885045
540	5.52026514503
545	6.52167555636
550	3.39207713927
555	0.4
560	1.02909080831
565	2.79355458675
570	0.4
575	0.4
580	0.4
585	6.38622318609
590	3.80423656552
595	0.4
600	0.623503710782
605	1.70948342347
610	4.43526952918
615	4.20674705666
620	4.22188158413
625	1.04338941931
630	5.12480810256
635	2.6420771559
640	4.92633071273
645	4.73015133073
650	2.38572644519
655	6.47033547987
660	2.68562508177
665	0.760646651097
670	0.4
675	4.46602470998
680	2.98467300342
685	1.91059290147
690	5.657207547
695	0.4
700	0.4
705	2.93015946274
710	2.05515013335
715	4.14795148321
720	5.45750404895
725	1.4146908102
730	0.4
735	3.67109329817
740	0.696162281408
745	0.423896031623
750	2.23403010043
755	0.4
760	5.01573351176
765	1.31591475596
770	2.98829308954
775	3.6179724511
780	2.84485687911
785	2.18259070657
790	2.14028129206
795	3.35103794143
800	7.20701670927
805	4.14092025249
810	3.42185761386
815	3.3401029043
820	3.54463208325
825	0.4
830	3.35494542678
835	5.33049445902
840	0.49658481463
845	5.86571648938
850	0.4
855	2.22782760062
860	0.4
865	2.66023013211
870	4.65048834352
875	1.95060859264
880	4.2827833318
885	1.41626413755
890	3.50169850983
895	3.18756202932
900	1.20081263782
905	2.82710896752
910	0.748705801699
915	3.65820733662
920	3.02827250639
925	6.64979078298
930	2.07638818974
935	4.57433146862
940	1.59844523156
945	0.590500547304
950	0.664110159648
955	4.2181269579
960	0.4
965	5.66343427402
970	5.00542720824
975	1.22362566466
980	3.62564615292
985	3.01562791514
990	3.87116096563
995	3.90128696975
1000	4.67551206436
1005	3.8481529572
1010	0.904709063849
1015	0.4
1020	0.969085458856
1025	6.01567691082
1030	0.4
1035	2.35297517458
1040	0.4
1045	0.912507510634
1050	3.55536456977
1055	1.49756503441
1060	6.28157834002
1065	4.87425607559
1070	0.560368197198
1075	1.60787083032
1080	2.79567194566
1085	8.48464254005
1090	2.17458240627
1095	1.2050252194
1100	0.929608123787
1105	0.4
1110	0.535952312396
1115	1.20677057337
1120	3.5003659625
1125	2.96511333582
1130	1.27749623196
1135	1.69940774896
1140	0.4
1145	5.21109489131
1150	3.3773764688
1155	2.50814401467
1160	1.23704024411
1165	1.25488389322
1170	1.12028413507
1175	0.4
1180	3.68470624067
1185	0.4
1190	2.59740002195
1195	2.81506956011
1200	1.39701444581
1205	4.63629943228
1210	2.99157528061
1215	2.54775405126
1220	1.13126195533
1225	0.4
1230	0.737674652744
1235	2.78374777305
1240	1.04087889136
1245	0.4
1250	1.35523603783
1255	7.14002979809
1260	2.44705017172
1265	3.37431167132
1270	4.81021725892
1275	5.00646424705
1280	0.818371215066
1285	4.18844499657
1290	4.13811260363
1295	0.4
1300	1.38500856589
1305	4.02407017564
1310	0.4
1315	2.53952068349
1320	1.90411785671
1325	5.41189469912
1330	3.61016609265
1335	4.49652536721
1340	4.1044027394
1345	3.66601269076
1350	3.05970446027
1355	4.60867010225
1360	3.40166356682
1365	3.63165284125
1370	3.41827494312
1375	4.80184309238
1380	0.691178724974
1385	3.73520614289
1390	1.530445553
1395	0.47408813411
1400	6.88773436602
1405	0.4
1410	2.34094898754
1415	3.00268129276
1420	1.47321752389
1425	1.80295045825
1430	3.73775455531
1435	4.08606862298
1440	4.58922681341
1445	3.04861304693
1450	1.86778848309
1455	0.4
1460	4.44576807658
1465	2.53287710302
1470	0.4
1475	0.739633577769
1480	2.82838673563
1485	3.00450015944
1490	1.6204516281
1495	4.7822605299
1500	6.38578721097
1505	0.4
1510	0.4
1515	3.20874223962
1520	2.97995793229
1525	0.4
1530	0.4
1535	2.72045160035
1540	0.632547467229
1545	2.8731810828
1550	3.21279000449
1555	3.10148400802
1560	2.23996575983
1565	3.49161595878
1570	2.45852417876
1575	2.78352418001
1580	0.4
1585	4.43298258363
1590	1.18574797273
1595	2.33438997607
1600	1.59192636446
1605	4.77173778744
1610	2.41724354804
1615	4.77343112982
1620	0.4
1625	2.27925186453
1630	7.21158287997
1635	3.43935809866
1640	1.21369474005
1645	6.25122533272
1650	2.86582850331
1655	1.76595324856
1660	3.96871780742
1665	3.17491269925
1670	0.647945481424
1675	2.45409092262
1680	5.26530955982
1685	1.1995701605
1690	3.94988851718
1695	1.11978303944
1700	1.24754995523
1705	0.4
1710	2.17853489646
1715	3.55186081455
1720	3.15346130786
1725	4.7041968881
1730	4.38607206842
1735	4.99706502561
1740	2.44482718286
1745	2.12861610473
1750	3.98197238224
1755	2.012565295
1760	0.4
1765	3.64410516931
1770	0.927066976767
1775	3.54471149651
1780	0.4
1785	5.05697052352
1790	0.4
1795	6.16064681301
1800	0.4
1805	3.69036679372
1810	3.0566368731
1815	2.77257532495
1820	5.00852483472
1825	0.4
1830	1.07339002085
1835	0.615086579789
1840	0.4
1845	6.01950095596
1850	6.87948576611
1855	4.936831986
1860	2.6540858527
1865	2.35535862566
1870	3.3532743602
1875	1.63444277617
1880	6.25168332204
1885	0.667667256608
1890	1.42355118798
1895	1.68387002976
1900	3.91329250558
1905	1.26069782905
1910	0.622431050626
1915	0.904990271098
1920	3.10855308077
1925	2.02751325277
1930	2.9298681861
1935	0.4
