0	7.17232339943
5	0.4
10	0.4
15	1.68559986587
20	0.4
25	0.761920270416
30	2.77820596282
35	6.2786313948
40	6.54716812272
45	3.03843804579
50	2.91601457612
55	4.79516692456
60	7.48813453593
65	2.59690771026
70	0.4
75	1.57135676993
80	0.4
85	2.8114593209
90	1.07760314311
95	1.47837057607
100	0.4
105	1.72493023188
110	2.58901477541
115	2.00091761146
120	0.4
125	5.87046440987
130	9.65457154868
135	5.63539127791
140	0.4
145	1.14077598938
150	0.4
155	0.4
160	4.4708967973
165	6.96906826065
170	3.45510414395
175	2.33752783379
180	0.4
185	8.12061523296
190	0.462755042252
195	0.4
200	3.03229856042
205	0.4
210	0.4
215	2.43046143335
220	4.52920593853
225	0.4
230	4.95260176437
235	0.4
240	3.39854302511
245	2.92230603267
250	5.5231555054
255	0.4
260	4.75111962222
265	9.89423520183
270	0.4
275	1.88047473248
280	0.4
285	3.64635777133
290	0.4
295	4.21862121601
300	2.56476442852
305	0.4
310	6.67166070619
315	2.28041298313
320	6.12094608846
325	3.39097994036
330	0.916027553582
335	4.2415549736
340	2.20347642992
345	0.4
350	0.4
355	1.23509026371
360	6.7698300561
365	0.4
370	2.17146141549
375	0.4
380	5.12523770121
385	11.4473159608
390	2.66741786064
395	0.4
400	8.29419176073
405	11.0569980835
410	0.4
415	2.6553864856
420	0.4
425	0.4
430	1.47294263302
435	0.4
440	2.48888600176
445	0.4
450	10.3042442399
455	0.4
460	0.4
465	0.4
470	0.821827358885
475	0.4
480	0.4
485	0.4
490	3.74035152523
495	2.06251081028
500	1.34927230178
505	2.40800930242
510	0.4
515	5.32930139556
520	3.79534694046
525	3.08374242454
530	0.4
535	2.08386316249
540	0.4
545	0.626503256886
550	5.78360207376
555	0.4
560	4.02468431026
565	0.4
570	0.4
575	0.4
580	2.43299946711
585	3.15655132361
590	0.4
595	0.628378283017
600	4.43027459628
605	0.4
610	0.4
615	6.59635032649
620	3.48102985681
625	2.51796715798
630	5.78309095936
635	10.264066966
640	1.95402759331
645	8.837637449
650	3.27915535456
655	1.42005013991
660	2.11376628318
665	0.795097383695
670	6.59387697776
675	0.4
680	0.921649937633
685	4.19700757753
690	0.4
695	0.4
700	0.4
705	0.4
710	10.389467158
715	5.66005624242
720	0.4
725	2.56900618888
730	6.18234032982
735	5.4859821802
740	0.4
745	0.4
750	0.4
755	0.80123662682
760	0.4
765	0.4
770	0.4
775	0.4
780	0.4
785	0.4
790	0.4
795	0.4
800	4.48610416946
805	1.15693467679
810	0.4
815	2.9971439302
820	8.57134333663
825	0.4
830	0.4
835	0.4
840	0.4
845	0.4
850	0.427089720105
855	0.4
860	1.45326464595
865	0.4
870	0.4
875	0.4
880	3.58618890899
885	10.3032120636
890	1.27925887759
895	0.4
900	2.57586637652
905	1.74344259017
910	1.99557898779
915	1.02868459486
920	2.89833040791
925	0.4
930	0.4
935	2.38983327131
940	3.03187705089
945	2.33194905091
950	1.28788146662
955	0.4
960	0.4
965	3.85150546195
970	8.03846067048
975	1.59721313429
980	3.88879076293
985	0.4
990	0.4
995	0.4
1000	4.89980630752
1005	4.4960140586
1010	0.4
1015	2.03374051156
1020	0.4
1025	0.4
1030	2.50403045503
1035	2.7689336638
1040	3.32262946188
1045	5.44581461214
1050	0.4
1055	0.4
1060	3.45287354056
1065	4.19247925232
1070	0.4
1075	0.4
1080	0.4
1085	0.4
1090	0.588423931097
1095	0.4
1100	0.4
1105	1.99994227166
1110	0.536621643889
1115	8.08151129676
1120	0.714632355943
1125	0.4
1130	5.16417913973
1135	2.66603348979
1140	0.4
1145	2.11884447568
1150	2.39243744658
1155	3.51103538821
1160	0.4
1165	2.29627862286
1170	0.4
1175	5.28847923127
1180	0.4
1185	4.94430087916
1190	6.05090564108
1195	0.440671160691
1200	6.66910381485
1205	1.11346146137
1210	0.4
1215	1.61694336527
1220	3.24905798899
1225	3.1508331943
1230	0.4
1235	0.4
1240	4.53067667837
1245	0.4
1250	6.67582897929
1255	0.4
1260	0.754390323099
1265	3.15888252304
1270	0.4
1275	6.3323400821
1280	2.509721428
1285	0.4
1290	0.682033786464
1295	6.14322702542
1300	0.4
1305	5.16801324869
1310	0.4
1315	0.775987146177
1320	0.4
1325	3.60759101839
1330	5.9832347049
1335	0.4
1340	1.15664433779
1345	1.04330909842
1350	7.12176588815
1355	6.17472750307
1360	0.4
1365	0.4
1370	0.9866326575
1375	3.00728754751
1380	2.70524388045
1385	4.21097407675
1390	6.15001026078
1395	4.71515264616
1400	0.772831733968
1405	0.4
1410	3.4656679325
1415	4.67147312549
1420	0.4
1425	2.77823672679
1430	2.49638760525
1435	3.52809081055
1440	11.6674596997
1445	1.46751305354
1450	8.34322591919
1455	7.35647571979
1460	0.4
1465	7.93471193676
1470	2.32123458617
1475	0.4
1480	0.4
1485	0.4
1490	0.4
1495	7.94988129774
1500	3.68934663237
1505	0.4
1510	0.4
1515	3.57309957142
1520	1.30614854043
1525	0.721630979495
1530	0.4
1535	2.31779706807
1540	3.25917879018
1545	5.39194623863
1550	0.4
1555	0.487583650289
1560	11.0359944881
1565	0.4
1570	0.4
1575	3.67452922661
1580	6.26765899396
1585	1.69160381396
1590	0.796265863334
1595	0.4
1600	5.73559096352
1605	2.59589928287
1610	5.68020528731
1615	2.84198311911
1620	0.4
1625	0.4
1630	0.473237545477
1635	8.69616048458
1640	2.15697328211
1645	4.22985038378
1650	0.4
1655	3.91298123449
1660	2.03397858843
1665	0.4
1670	1.21404492675
1675	0.649451382468
1680	5.96846257556
1685	0.4
1690	0.4
1695	0.4
1700	4.09263139839
1705	7.4717421972
1710	0.4
1715	1.85518898858
1720	0.4
1725	4.69759559485
1730	0.4
1735	5.84801585598
1740	0.861545153848
1745	7.54898205375
1750	1.0220259337
1755	0.4
1760	0.4
1765	6.18209380565
1770	0.4
1775	3.9598758484
1780	0.4
1785	0.4
1790	5.09091874498
1795	1.66966194551
1800	0.4
1805	0.966086938612
1810	0.4
1815	1.21393830949
1820	3.79517635002
1825	0.4
1830	3.47043845263
1835	0.53524474899
1840	0.975610805696
1845	1.50339203106
1850	3.03684277776
1855	1.15401323436
1860	0.4
1865	0.4
1870	5.30828400074
1875	4.54820125221
1880	0.4
1885	2.64256292174
1890	2.99127940449
1895	4.83556129759
1900	0.4
1905	3.31795231607
1910	0.4
1915	3.32570174923
1920	5.68355573275
1925	2.14791530509
1930	0.4
1935	0.4
