0	8.27303188599
5	0.4
10	0.4
15	4.78213338472
20	0.4
25	0.4
30	0.4
35	5.85823647553
40	0.4
45	0.4
50	0.4
55	11.5963862873
60	0.4
65	2.23922321769
70	0.4
75	0.4
80	0.4
85	9.10291112096
90	5.43437830896
95	1.81607533638
100	1.23765434371
105	0.4
110	0.4
115	0.4
120	6.05827056627
125	6.55721802766
130	7.44634303014
135	8.34489911595
140	5.43822173415
145	10.9138562059
150	3.55219733885
155	8.83705305333
160	0.4
165	0.4
170	4.51780643011
175	0.4
180	0.755322391
185	0.4
190	2.07520549813
195	0.4
200	0.4
205	0.595379856354
210	0.4
215	12.9847991726
220	0.4
225	2.16670124042
230	0.4
235	0.4
240	10.4529847189
245	18.3192884743
250	5.51108111633
255	0.4
260	0.4
265	3.77656218302
270	11.0026003798
275	0.4
280	0.4
285	0.4
290	8.16187236139
295	0.4
300	5.98954201269
305	0.4
310	0.4
315	5.30736364948
320	0.4
325	0.4
330	0.4
335	9.95461625898
340	11.1050218461
345	7.84497773109
350	12.4758389564
355	0.4
360	5.97904336189
365	0.4
370	0.4
375	0.4
380	0.4
385	0.4
390	3.96206071364
395	0.420463675307
400	12.0786590574
405	2.1518242058
410	0.4
415	0.4
420	15.8891982498
425	0.4
430	0.4
435	21.4704034102
440	0.4
445	0.4
450	0.4
455	5.38444059394
460	1.32215165466
465	1.62152476878
470	0.4
475	11.0620589685
480	0.4
485	0.4
490	17.6459018741
495	0.4
500	0.4
505	11.531521056
510	10.934699758
515	13.371245595
520	8.62855621361
525	14.1930248058
530	0.4
535	18.7409668643
540	0.4
545	15.8834938023
550	0.4
555	15.9259459322
560	0.4
565	1.2120838069
570	0.4
575	3.94290481682
580	5.21457790228
585	0.4
590	0.4
595	18.5340859707
600	3.48019762385
605	6.15190550644
610	0.4
615	4.37286723989
620	0.4
625	3.6120965072
630	25.6901077089
635	0.4
640	6.05117839515
645	7.81184820443
650	1.08110536726
655	0.4
660	4.72614189913
665	4.67990460038
670	3.74553742972
675	0.898203068059
680	15.058656875
685	0.4
690	5.17127239686
695	0.4
700	11.0766464997
705	0.4
710	2.07629194708
715	19.0285777899
720	13.4870932388
725	18.009908401
730	3.75494585868
735	0.4
740	0.4
745	14.8268018147
750	0.4
755	23.2246866866
760	0.4
765	0.4
770	0.4
775	3.23801707036
780	17.2129979029
785	14.3289050732
790	0.875481518562
795	10.2327774145
800	0.4
805	0.4
810	5.25970538035
815	0.4
820	3.03872639988
825	0.4
830	0.4
835	4.72763784974
840	14.6141288011
845	0.4
850	0.4
855	1.94513610996
860	0.4
865	5.75672004139
870	7.27723666982
875	2.81349526098
880	11.7655572011
885	0.4
890	6.22244651739
895	0.4
900	4.40028574355
905	6.73060357043
910	1.86119477138
915	5.97444543401
920	6.09464999944
925	0.4
930	20.8270120719
935	8.18829421172
940	0.4
945	0.4
950	0.4
955	0.901080722654
960	3.10242361763
965	4.47441934649
970	0.4
975	4.65022464525
980	0.4
985	0.4
990	4.19400929275
995	8.90019073011
1000	10.9286262082
1005	0.4
1010	8.3199559756
1015	5.57141810547
1020	0.4
1025	0.4
1030	13.0422638055
1035	0.4
1040	0.4
1045	0.4
1050	0.4
1055	3.42244949021
1060	0.4
1065	1.00160150761
1070	4.7217929517
1075	0.4
1080	16.9210945772
1085	9.71582182623
1090	20.8944039784
1095	4.35065567999
1100	1.4744306205
1105	0.4
1110	11.1996845666
1115	0.4
1120	8.43505705886
1125	0.4
1130	6.04746640276
1135	0.4
1140	3.3320793636
1145	0.4
1150	0.4
1155	0.4
1160	0.4
1165	0.4
1170	5.41021783912
1175	3.64120440487
1180	0.4
1185	2.69226003121
1190	0.777284696631
1195	2.81978179548
1200	0.4
1205	0.4
1210	0.4
1215	4.59712375344
1220	9.63802012131
1225	4.66472609389
1230	12.9106215588
1235	0.4
1240	1.10749032009
1245	21.1168716342
1250	13.2507237835
1255	10.7069054927
1260	0.971969490593
1265	0.4
1270	0.4
1275	0.4
1280	0.4
1285	7.37881905356
1290	23.4423586501
1295	3.71863254644
1300	3.18441411511
1305	7.36435076577
1310	3.31813108881
1315	10.2411123239
1320	11.1922208632
1325	9.63355655708
1330	0.4
1335	1.5251959854
1340	0.4
1345	11.2952486281
1350	16.3609297079
1355	11.173134673
1360	0.4
1365	12.2441589724
1370	0.4
1375	7.41126631334
1380	0.4
1385	0.4
1390	4.91637327056
1395	0.4
1400	5.06342517277
1405	0.4
1410	16.4239760685
1415	5.4458551558
1420	0.4
1425	0.4
1430	3.09064451081
1435	4.10795145695
1440	9.04052053654
1445	0.4
1450	0.4
1455	0.4
1460	1.97900140564
1465	7.27711544065
1470	0.4
1475	1.65460485259
1480	6.27853494302
1485	1.61964044228
1490	0.4
1495	2.38983234511
1500	8.77924162967
1505	1.69761497973
1510	6.56809998244
1515	0.4
1520	0.4
1525	0.576947079034
1530	10.8223048927
1535	3.21935192127
1540	0.4
1545	2.80337432544
1550	18.7593483392
1555	0.4
1560	0.4
1565	0.4
1570	0.4
1575	4.84017173683
1580	12.3430895115
1585	0.4
1590	11.1912480074
1595	0.4
1600	9.40204240605
