0	1.32138132783
5	3.28694022539
10	4.68174361825
15	9.36267351482
20	3.79871642038
25	3.32507886081
30	3.8756194297
35	8.00610714815
40	5.42497609553
45	4.31283690248
50	0.793804413765
55	2.38567322193
60	7.82607928316
65	10.5579335776
70	3.8763981234
75	11.0946109344
80	3.72995006048
85	5.24286441141
90	6.91495995185
95	5.64978733772
100	6.5087317817
105	12.6005930281
110	7.07730710138
115	4.60505637977
120	5.96743616361
125	0.4
130	12.6671582753
135	8.50317179191
140	7.26373530384
145	2.83524916183
150	6.14659863749
155	7.09777562105
160	4.88743741154
165	11.4146881063
170	6.99272917687
175	10.159444591
180	5.95963093114
185	6.06179821142
190	6.08656174349
195	5.60344437904
200	4.91282202183
205	5.58683896143
210	4.04721825283
215	2.4495347829
220	7.00628217585
225	2.39813536945
230	7.22840698351
235	9.93648335173
240	5.92372298131
245	5.10651101719
250	7.81885941396
255	3.08768016961
260	5.10844549881
265	5.2583716894
270	13.6034249657
275	3.17706632668
280	7.47763521794
285	2.51339871265
290	5.76190480027
295	11.0107021832
300	4.9454422222
305	6.43125553332
310	3.91136248675
315	6.24122467517
320	4.68765454792
325	9.46892221653
330	3.72153110597
335	9.57216099272
340	4.19895426026
345	5.32370402216
350	2.43157603442
355	2.81674536056
360	7.55223289434
365	4.00011837471
370	7.71479666041
375	2.767178201
380	12.3411855445
385	1.00782415727
390	1.53484317612
395	5.34198099855
400	5.96034515005
405	11.0806463588
410	4.3655874227
415	5.99218084685
420	3.61758174221
425	10.6327560092
430	4.44284486508
435	5.38531829066
440	7.72582927114
445	4.98328629026
450	7.1663159909
455	7.05367871974
460	4.28210227638
465	5.47895058658
470	2.99306847935
475	1.59657229666
480	12.2111143573
485	3.90451728579
490	1.49480625554
495	6.34598694243
500	7.15300893759
505	7.39554749805
510	4.66866247228
515	11.4200022506
520	9.672893702
525	6.74651652137
530	7.91376182769
535	4.27610033662
540	0.4
545	5.10339763955
550	4.9256925613
555	6.86070022998
560	10.981093052
565	2.09582904312
570	2.68022993581
575	8.53637193349
580	7.51375078224
585	2.23010301989
590	6.30721284932
595	6.86457331322
600	5.14134951729
605	1.91233600258
610	9.23960298773
615	6.39768036344
620	6.2706896537
625	4.62185064758
630	4.95340598812
635	8.49249653204
640	6.59550890418
645	7.47428369409
650	8.42719606347
655	0.4
660	4.81441320622
665	0.4
670	8.40214890025
675	3.10058385155
680	9.04217609957
685	6.61810437918
690	9.17320476251
695	3.70772783306
700	3.12434342964
705	6.02475253669
710	8.24261733459
715	5.92565572325
720	6.33082380471
725	3.370432168
730	6.86094032599
735	5.97384125376
740	11.3071349737
745	0.876078632551
750	7.96136920535
755	2.5445583226
760	4.51186026377
765	2.62405562799
770	3.16703203348
775	12.6911841115
780	7.66287300123
785	5.52171390622
790	4.53703056153
795	5.66105111806
800	4.02309633569
805	5.19332250548
810	6.98260942171
815	9.64773409452
820	6.59865247937
825	9.82583629113
830	3.4660374235
835	8.09473128265
840	7.06490396464
845	2.39002511304
850	1.23355625836
855	10.5405792643
860	5.53651391145
865	5.09441359637
870	12.663252015
875	6.98694518166
880	6.9932364334
885	8.13169688974
890	0.777034658809
895	5.03127751775
900	3.36165203649
905	6.37339208565
910	7.53918409673
915	3.4016036508
920	12.638912486
925	5.42570812497
930	3.73206035937
935	5.25161961183
940	6.39788561478
945	4.0089574943
950	6.71768991122
955	3.03162000846
960	4.36147149844
965	4.67732284251
970	6.82395591474
975	6.33876244523
980	6.05832398889
985	14.4216031367
990	4.81969543044
995	7.46088085456
1000	7.72956963546
1005	3.70055702308
1010	7.35852143567
1015	4.11520589249
1020	9.4383633732
1025	3.25509248122
1030	3.18519612581
1035	8.16755398064
1040	6.7924241407
1045	9.74827940567
1050	5.31282800278
1055	2.26147555545
1060	7.38091698671
1065	0.4
1070	9.00342189244
1075	9.00237243874
1080	1.75244133963
1085	5.42380824903
1090	5.0877675759
1095	1.47722790576
1100	8.7821601281
1105	2.56083018498
1110	4.74874999803
1115	9.84186257543
1120	7.95813149604
1125	5.22812823633
1130	4.64870890143
1135	6.25600622334
1140	6.71074922909
1145	3.32834927395
1150	0.4
1155	5.84542269483
1160	11.4782438961
1165	11.196406567
1170	10.8669120493
1175	4.28932950696
1180	1.60310068876
1185	7.49461750673
1190	3.0530634858
1195	1.74105136498
1200	8.29359501426
1205	6.27300222472
1210	1.66897072716
1215	6.93365749361
1220	9.30581682986
1225	4.3675638206
1230	5.81336258053
1235	1.4463825431
1240	6.04968441518
1245	6.1616726467
1250	1.97671147308
1255	2.68737774847
1260	7.08205372709
1265	4.47128340941
1270	5.19783454592
1275	6.7642546544
1280	8.34779191767
1285	10.2232974311
1290	2.42767169956
1295	1.34780737577
1300	9.1491448598
1305	6.01126837352
1310	4.49752405086
1315	4.60857692143
1320	5.58696197673
1325	0.647819295693
1330	8.27836437307
1335	3.64899222447
1340	7.21238859321
1345	5.15727585423
1350	4.87984477445
1355	3.63127405565
1360	3.11332920625
1365	5.21688640742
1370	4.49239930481
1375	11.5702706083
1380	5.95750512231
1385	5.85788644151
1390	3.93528965186
1395	6.82398321136
1400	4.88043314357
1405	11.0258574303
1410	8.55759023579
1415	8.95723786474
1420	12.7267616447
1425	2.090555338
1430	12.6754833222
1435	13.3187926971
1440	5.78080873868
1445	7.15771911446
1450	4.51479459185
1455	4.17503544592
1460	3.1539643704
1465	7.03712827402
1470	10.1984336248
1475	7.79809884086
1480	5.79694573037
1485	3.9471828982
1490	6.22806548049
1495	6.47114357633
1500	4.42550974775
1505	6.44570976206
1510	1.99021914358
1515	10.7638777429
1520	7.7502078517
1525	12.5094814935
1530	3.58677705848
1535	5.0750891264
1540	5.37191384451
1545	4.90234924238
1550	3.26325893707
1555	8.62787167976
1560	8.07323716241
1565	3.65584698795
1570	0.554859671556
1575	6.20206238973
1580	5.08278907418
1585	8.46689253237
1590	1.97295687218
1595	0.4
1600	4.62990664697
1605	1.89495332247
1610	3.60014940521
1615	1.73032643771
1620	8.07610180307
1625	10.0422918983
1630	5.68104560013
1635	5.22215089711
1640	7.63300145655
1645	8.54134384424
1650	10.0083279253
1655	3.87587558643
1660	7.76428488165
1665	9.21681659404
1670	6.57942851395
1675	2.93979026533
1680	6.4443963039
1685	8.56597243698
1690	1.71411656145
1695	3.04303193099
1700	4.56393026973
1705	9.25401274758
1710	2.9430419558
1715	7.31412883195
1720	9.29185256489
1725	6.24361033756
1730	4.55222860499
1735	5.13513099892
1740	5.82365293447
1745	1.93928120442
1750	0.4
1755	3.61591009936
1760	12.6525902157
1765	1.474128101
1770	11.712813717
1775	8.22011175172
1780	6.51743783469
1785	9.67765458245
1790	7.08572871171
1795	4.580804201
1800	7.78691818594
1805	8.82602296609
1810	6.80860029535
1815	12.1969703954
1820	0.4
1825	0.4
1830	4.37404396439
1835	8.97170684694
1840	7.17698975623
1845	7.0573616153
1850	6.41342706568
1855	1.31090738963
1860	3.39980510126
1865	6.3828909459
1870	0.4
1875	3.8340569004
1880	4.84860662987
1885	3.67902152532
1890	8.38979023814
1895	2.48058676665
1900	5.30648487123
1905	5.65665077486
1910	12.2678473359
1915	6.65870333458
1920	1.59806877752
1925	5.30247020831
1930	2.10450074295
1935	8.62580688865
1940	3.2802883196
1945	1.13940916806
1950	10.3656615208
1955	4.09650291494
1960	5.59253097724
1965	6.16634597704
1970	8.37667292024
1975	5.82003948318
1980	7.58423304619
