0	9.17500836085
5	9.08180268734
10	10.1687722917
15	11.4094983104
20	10.3081355091
25	10.2764382977
30	11.6663042441
35	10.6026858285
40	10.8566567202
45	10.8370233653
50	11.8423796754
55	11.5356900225
60	12.0477948702
65	10.4237394355
70	12.4245663937
75	11.4375065304
80	10.7545739876
85	10.3329579495
90	11.0389451429
95	9.95217641608
100	8.39280698255
105	11.4022213364
110	11.9278627971
115	10.214718625
120	10.9539282458
125	9.51626497504
130	8.94839730699
135	10.323715235
140	11.1661795355
145	10.2234207094
150	11.4593926104
155	9.87908034998
160	9.70540129485
165	10.1720679844
170	10.7688298542
175	11.2641774469
180	11.4389117756
185	9.07414935556
190	10.2930908187
195	11.0798939285
200	11.5728255862
205	11.2375841111
210	11.2253804444
215	10.7874384259
220	9.9998366827
225	9.53265882173
230	8.89556324562
235	11.4830629552
240	9.4920711699
245	10.2838020614
250	8.26345735997
255	9.88786179923
260	11.9324823711
265	10.304930427
270	11.5252610501
275	10.774659501
280	10.1600798929
285	8.97252031967
290	9.68763040133
295	11.2365603981
300	9.75343610423
305	8.9432361201
310	8.75375132499
315	9.0279982906
320	8.35799819805
325	9.17143076519
330	9.29962159683
335	10.5550901882
340	10.9800134151
345	9.07623636114
350	9.17453550567
355	9.93250531825
360	9.77908891692
365	9.73242659572
370	10.7605270666
375	10.6726158102
380	10.0280083321
385	8.95191631536
390	10.1942239771
395	10.6953623065
400	11.8161619303
405	10.8678515266
410	9.98018653767
415	10.588119203
420	11.1691644436
425	9.49310115726
430	10.3007139257
435	11.4359872879
440	10.3380536725
445	10.6365215262
450	11.1586876244
455	10.009664249
460	10.2428131006
465	8.99168918078
470	10.3306866544
475	10.3209867558
480	11.6387267815
485	10.427206181
490	9.08941640193
495	9.55443292038
500	9.30679300534
505	11.6174675106
510	11.1291402555
515	11.8329469948
520	10.3116996377
525	9.69574956877
530	10.212191857
535	8.79554579176
540	10.6982631802
545	10.3969925354
550	12.4161214279
555	9.68785969567
560	10.9411650387
565	9.61152810177
570	9.72438806262
575	10.0283199405
580	11.3696597381
585	8.10987102681
590	9.37176331962
595	10.2918772962
600	9.19764579781
605	10.3212395277
610	9.18350975369
615	9.87512518709
620	10.2561634079
625	11.0115978159
630	10.1261982956
635	11.6790206124
640	9.73078444321
645	10.5433204756
650	11.4704619591
655	12.1200207243
660	8.43579741554
665	8.40372433776
670	10.4256597922
675	8.70500817481
680	10.0156705451
685	11.1742177828
690	9.78591231258
695	11.8435838532
700	11.8777158645
705	11.6725398665
710	9.41728840347
715	10.5003700219
720	10.0317063069
725	12.8811478502
730	9.95958625438
735	9.44058941172
740	10.1962830918
745	10.9294215422
750	8.83520562497
755	10.3891508065
760	10.1972933262
765	9.01590648577
770	9.86037707949
775	11.1981934733
780	10.2796173881
785	11.4833856383
790	10.3644403749
795	11.4703904739
800	9.2993162595
805	10.455233412
810	9.78379693918
815	9.49919923679
820	9.47931051374
825	10.9189919099
830	9.9519562018
835	11.3649712949
840	8.9896275571
845	11.4738371533
850	10.6768276331
855	8.12115343259
860	10.3619377322
865	9.84873091488
870	9.97303814708
875	9.2090369827
880	10.6599318302
885	9.85461172663
890	11.1351755696
895	11.1029604675
900	9.99581989576
905	9.84041911565
910	9.50991801058
915	13.1299263025
920	10.9181632702
925	8.92194480405
930	9.3940813525
935	9.39961973832
940	10.358270148
945	11.0529406769
950	10.4614808151
955	9.91917774567
960	10.2312120018
965	10.5052054641
970	11.4790481794
975	8.99794813419
980	10.3604101397
985	10.9930762418
990	8.21918673421
995	12.0306526075
1000	10.7213661811
1005	8.96301735826
1010	11.6034971169
1015	8.71551781103
1020	11.2016587615
1025	10.5129497922
1030	11.0769207665
1035	10.0729538357
1040	8.21242331761
1045	10.3571834641
1050	9.72823923105
1055	10.6689151097
1060	9.51697919306
1065	10.6287069893
1070	8.7935598691
1075	9.22198766066
1080	10.289585648
1085	9.08545531427
1090	10.6710121194
1095	11.8613560215
1100	9.18013324855
1105	8.58461855893
1110	9.70263556111
1115	10.4848773251
1120	9.58310491766
1125	10.7262134162
1130	10.7662777582
1135	9.69459555923
1140	10.0067703482
1145	10.4240565097
1150	10.4766094297
1155	10.4144152335
1160	7.89204652223
1165	9.97954843869
1170	10.6240896372
1175	10.352842791
1180	12.2621906662
1185	10.1998570841
1190	11.0470840968
1195	11.9359789812
1200	10.0702666253
1205	9.45012477894
1210	11.480398174
1215	10.6863285043
1220	9.85126522421
1225	9.69213618515
1230	10.9176172119
1235	9.25729416326
1240	9.81345551937
1245	12.0543126471
1250	9.52093770439
1255	11.3799433787
1260	10.9430666468
1265	10.096244306
1270	9.11119594423
1275	11.065130333
1280	9.25590047766
1285	11.1954821564
1290	9.38718089288
1295	9.9184691396
1300	9.75590631666
1305	10.849659805
1310	8.56116425758
1315	11.8130648381
1320	9.35318338513
1325	9.1350026111
1330	9.50640577598
1335	9.83959290556
1340	9.83843791254
1345	9.21661277604
1350	9.84324734184
1355	11.1620393326
1360	9.91943378146
1365	11.6651696504
1370	8.96600934686
1375	9.049942075
1380	11.6630736844
1385	11.6690790811
1390	11.5318650585
1395	9.26219833065
1400	9.39943721644
1405	8.91935360546
1410	11.0174455395
1415	8.72532549507
1420	9.75368470934
1425	10.6850884367
1430	10.9760101489
1435	11.650901037
1440	11.0533310327
1445	10.0240941048
1450	9.3684478759
1455	9.43297577943
1460	10.8507599604
1465	11.8419303906
1470	9.51506983419
1475	8.82837721816
1480	11.2425860402
1485	8.8599074049
1490	10.5062174403
1495	9.2959192916
