0	1.61478229766
5	7.02276375744
10	0.4
15	12.3383412669
20	12.8122595557
25	3.35580458164
30	0.911259213968
35	8.10129375585
40	0.4
45	10.4082599445
50	3.34861078748
55	17.8299408479
60	7.7685253648
65	5.33687224034
70	17.4293291858
75	0.4
80	5.84892105483
85	12.4972458973
90	18.7296621058
95	5.34942530787
100	5.18843177822
105	7.65927456249
110	0.4
115	9.78347794585
120	11.2367025172
125	6.54375385948
130	14.6068158708
135	2.14264565863
140	12.0261274626
145	0.4
150	0.4
155	8.02726988795
160	0.4
165	4.43698678478
170	0.728248073264
175	0.791332637155
180	1.31947743535
185	0.789504640793
190	11.8139354217
195	0.4
200	8.17498338818
205	8.35469057502
210	2.91067964665
215	2.11695193319
220	2.43033357133
225	3.76344418108
230	3.7699047754
235	13.2762536421
240	3.32165841033
245	6.99888543819
250	1.33678251657
255	4.98979140959
260	0.4
265	9.14803315878
270	4.48998691777
275	0.4
280	6.39869369293
285	0.4
290	0.4
295	13.7614068167
300	13.812119347
305	10.6166333341
310	7.16952122349
315	5.30456008966
320	4.95214391553
325	7.87510162724
330	2.26290346294
335	0.4
340	0.4
345	14.0525541785
350	12.7781297205
355	0.4
360	15.2609208291
365	9.62020183192
370	2.83088132381
375	11.963226258
380	4.19382952839
385	12.7878938159
390	0.4
395	2.22141020084
400	4.24208477277
405	5.6454439299
410	3.68043897049
415	0.4
420	13.4481932045
425	5.53794144514
430	4.4319792747
435	0.4
440	7.65938711691
445	0.4
450	6.24965578816
455	2.91237382528
460	0.4
465	0.4
470	23.6000497409
475	3.12086150807
480	11.6774466468
485	9.0947907837
490	4.20037278098
495	10.9769617971
500	5.31826282176
505	0.4
510	6.45884299778
515	11.7198529786
520	20.1411445161
525	15.9559460275
530	0.4
535	8.60478846159
540	0.4
545	0.4
550	6.3437766258
555	4.79996546997
560	10.1396351041
565	13.8580858833
570	3.91678290514
575	0.4
580	3.19445585334
585	9.16290698692
590	5.55522135682
595	15.3924878353
600	9.07637825979
605	0.4
610	8.85066042706
615	8.49939195124
620	2.87800787243
625	3.89639080505
630	3.6303070466
635	3.45735534873
640	11.7146581401
645	8.41252131424
650	5.08537464623
655	10.7016667258
660	10.7259660058
665	6.7904921225
670	0.4
675	2.76041059281
680	0.4
685	0.4
690	6.27812082086
695	5.05331254092
700	13.9103682658
705	6.01969863332
710	16.8657044473
715	0.502049279516
720	1.19637198074
725	14.8160426773
730	16.6599454851
735	8.98836932153
740	12.8355735119
745	1.24663524063
750	3.1291420214
755	0.4
760	1.56026631947
765	0.4
770	2.25904076625
775	9.81073345296
780	8.43134519289
785	0.979630949315
790	8.48851612705
795	7.81092837064
800	0.4
805	3.79027713344
810	8.01664544566
815	6.03169105217
820	0.613900556955
825	7.67556574336
830	5.35762792087
835	0.4
840	9.20434185636
845	0.4
850	6.81770519302
855	11.0529562729
860	2.32189011994
865	10.7942403805
870	0.4
875	10.0928914127
880	4.19977994426
885	13.014961507
890	3.74666611743
895	8.62465271692
900	11.1401083466
905	0.4
910	10.2995177991
915	6.51802622354
920	0.4
925	4.66414786307
930	2.90101552781
935	0.4
940	0.4
945	0.565686000654
950	5.59668947171
955	5.19241479693
960	1.67587521305
965	7.82320700823
970	3.39440665754
975	6.7060759495
980	6.69706837381
985	0.4
990	11.3434325
995	8.21484294929
1000	0.4
1005	7.37401278904
1010	10.1469528503
1015	8.23275635883
1020	12.4400917516
1025	10.0700178389
1030	7.70858023445
1035	0.4
1040	6.74630537006
1045	7.20324119436
1050	3.32937320815
1055	0.4
1060	0.4
1065	3.93865447764
1070	0.4
1075	2.90873369336
1080	3.50829501418
1085	11.1635800376
1090	11.9773248608
1095	7.18745715872
1100	8.02825578716
1105	4.63185346276
1110	15.2345949968
1115	6.6142462534
1120	10.3847576127
1125	9.14344483071
1130	5.53707477886
1135	12.6377955033
1140	0.773037154928
1145	1.64857318429
1150	7.29275975202
1155	2.03856691579
1160	5.00964140541
1165	3.84583544808
1170	0.4
1175	6.16623345704
1180	9.35209778201
1185	5.02755369943
1190	10.9631066613
1195	1.52594176394
1200	1.89270723537
1205	9.43846796795
1210	10.0844441563
1215	0.4
1220	0.4
1225	0.4
1230	6.84827519713
1235	9.03002460219
1240	0.4
1245	0.4
1250	18.8855204571
1255	9.29160270855
1260	5.91987620975
1265	0.4
1270	9.13982505016
1275	0.4
1280	1.08487130025
1285	10.3450144184
1290	0.4
1295	12.9401928548
1300	15.5922567861
1305	9.10052885554
1310	0.4
1315	0.4
1320	0.4
1325	9.33150938921
1330	0.4
1335	19.0512304464
1340	5.00833053813
1345	2.55403774547
1350	8.23779588104
1355	4.24121748433
1360	11.0254706249
1365	0.4
1370	4.24263251436
1375	5.39065386557
1380	3.17826430939
1385	2.64239345353
1390	0.4
1395	8.00390278383
1400	8.15955020199
1405	9.58631118739
1410	4.92042124387
1415	0.4
1420	6.33251412358
1425	7.40854505305
1430	4.29971263321
1435	11.5643816138
1440	0.955491710593
1445	0.4
1450	9.15243449114
1455	8.17675269455
1460	7.57433970474
1465	2.41629647124
1470	13.5608729627
1475	1.76627364867
1480	0.4
1485	12.0304201289
1490	5.57908359251
1495	5.48083984208
1500	7.43817359639
1505	3.01738471381
1510	4.61441623306
1515	10.7648271086
1520	0.860087105104
1525	3.58218223454
1530	12.8140045485
1535	0.4
1540	4.79822973337
1545	0.4
1550	0.864788356743
1555	14.378765148
1560	7.728326101
