0	1.47566222491
5	4.44678551542
10	4.27341782924
15	1.60527058717
20	5.00582727475
25	0.4
30	0.747483499234
35	1.04891319469
40	1.86403973254
45	4.15801788272
50	3.99421000127
55	2.01639191311
60	5.25539637571
65	4.94664016863
70	2.85020791934
75	5.99691199272
80	0.4
85	1.30157186956
90	2.83278390473
95	3.8339922468
100	1.0177509063
105	1.32377179903
110	3.00043166035
115	0.4
120	2.6124429128
125	2.06380498753
130	5.22879454763
135	4.06157788272
140	0.818066088864
145	0.972061151873
150	1.51966198449
155	2.73661555301
160	1.17065076278
165	3.78593838914
170	2.41991115127
175	3.12724928422
180	0.957257793632
185	2.63649938565
190	5.02585495355
195	5.19358985849
200	0.4
205	5.34350076572
210	2.69331166125
215	0.4
220	4.3541414754
225	2.77023476072
230	3.92328593579
235	2.60497010577
240	0.4
245	3.54125817099
250	2.78678050656
255	1.4182440633
260	2.98218893989
265	3.03652074267
270	0.4
275	4.51529459926
280	2.38925262238
285	0.4
290	0.4
295	1.26331600034
300	3.9448839658
305	1.40104140546
310	1.7029160061
315	0.4
320	1.81185469516
325	2.85675170999
330	2.52456570947
335	2.19498206721
340	3.18206755038
345	1.20955224788
350	1.96528556355
355	1.48070023343
360	3.51760520922
365	3.56310881403
370	0.4
375	1.94953769861
380	0.4
385	2.3030215467
390	1.35804014661
395	2.37666880152
400	3.1162326132
405	1.27789337487
410	2.13284774355
415	4.53869998289
420	3.43287494273
425	2.789558386
430	3.91944769002
435	3.63371690322
440	1.8962162333
445	2.05834561297
450	3.32669697172
455	0.4
460	3.34360375821
465	1.00915255525
470	3.41118456137
475	3.18026850853
480	3.06683938356
485	2.82361057929
490	2.10946148901
495	0.4
500	4.51905275412
505	4.42233718854
510	0.634845137714
515	0.532937107661
520	1.40501404419
525	2.04217000787
530	0.481612731399
535	0.968251457376
540	3.49003162838
545	4.48753547236
550	8.07244182862
555	1.09028911665
560	0.4
565	4.97403605703
570	4.62381016076
575	2.8341454904
580	3.77350400105
585	2.41505540861
590	1.23734997096
595	3.2923877999
600	1.43183887943
605	0.4
610	4.67998644497
615	4.51551094214
620	2.65046500138
625	0.4
630	1.5856258001
635	4.32358240835
640	0.4
645	0.4
650	0.4
655	0.984443896068
660	3.83752551817
665	0.4
670	4.88779178602
675	4.49589918327
680	5.51279036604
685	1.88575376538
690	2.62019077704
695	0.464129021603
700	3.17478573589
705	0.4
710	1.3446573601
715	1.19458069065
720	1.39288747716
725	3.76222874121
730	0.4
735	1.38504121827
740	0.4
745	1.95855364867
750	0.4
755	0.63736611599
760	1.65705423768
765	3.77837320927
770	2.88344069813
775	2.72385159433
780	3.02018404425
785	4.92460975123
790	3.41339845191
795	2.59210311096
800	0.708377512405
805	1.18174312113
810	3.45133115497
815	0.910751740759
820	3.75365511392
825	6.76126200771
830	1.42958359639
835	0.4
840	1.24993132428
845	0.4
850	3.09761810147
855	1.79120466904
860	5.29419434496
865	0.4
870	3.29016259955
875	0.4
880	0.4
885	2.70450032601
890	0.4
895	3.52870198349
900	0.971010633363
905	2.02246335275
910	4.07941987486
915	3.33318180411
920	8.13099218642
925	5.72992157507
930	5.26056042998
935	3.83045276304
940	0.4
945	2.31983338089
950	2.50672624739
955	0.98255071744
960	0.851877509261
965	3.67926969177
970	5.04034644959
975	3.41194983267
980	0.4
985	0.477957382757
990	4.03610094082
995	3.29057416206
1000	0.695716465237
1005	6.05459674738
1010	2.79767347625
1015	3.79521884547
1020	2.25671475183
1025	3.83489426108
1030	1.63103395382
1035	2.50181816909
1040	2.4566837073
1045	4.49559874456
1050	3.48753046047
1055	1.18672736199
1060	1.78705115415
1065	1.81332575588
1070	3.13323386887
1075	2.29047037028
1080	1.05833652451
1085	0.4
1090	1.15947714831
1095	7.99011338394
1100	0.470425015222
1105	4.05821646654
1110	0.579882410069
1115	2.19312884963
1120	3.66651018211
1125	4.44259205556
1130	1.26432892796
1135	3.19792739145
1140	3.11666280086
1145	5.27942183592
1150	1.37548978414
1155	0.441681806242
1160	0.4
1165	2.83764833682
1170	1.98552845906
1175	0.4
1180	3.62864277769
1185	3.77667683599
1190	2.37768841683
1195	1.36715157635
1200	2.61971876273
1205	3.08486422121
1210	0.74646420908
1215	4.93136256246
1220	4.0910384521
1225	2.49144251569
1230	1.28472429326
1235	4.31163080497
1240	1.77226878884
1245	0.756490203904
1250	1.83091986468
1255	1.31989823592
1260	2.35193404224
1265	0.4
1270	2.88737692512
1275	2.38938044564
1280	3.8669770645
1285	3.81544207468
1290	4.91051976582
1295	4.01055767424
1300	1.54468900656
1305	2.3661312565
1310	2.80578449732
1315	0.4
1320	2.32221265125
1325	0.4
1330	4.18393082512
1335	3.82113356981
1340	5.64079904186
1345	0.4
1350	3.39469739432
1355	0.4
1360	0.4
1365	0.500427803728
1370	2.06498017297
1375	2.35772577719
1380	3.90833984618
1385	0.4
1390	2.44206983603
1395	0.4
1400	0.720151310862
1405	0.4
1410	4.87426878253
1415	2.27999825722
1420	1.87581426525
1425	1.28324082462
1430	2.79660666445
1435	0.911770989069
1440	2.5814974837
1445	0.4
1450	3.07065739853
1455	1.85392388008
1460	3.75846033776
1465	1.51599247574
1470	1.24803503012
1475	3.72315624071
1480	1.42964154284
1485	0.535290946618
1490	1.19254106352
1495	2.85882769696
1500	0.842502756471
1505	1.80824917332
1510	2.96453834152
1515	0.4
1520	3.62438186155
1525	0.4
1530	1.53595807959
1535	4.79752540096
1540	3.23348276031
1545	3.89918236193
1550	1.68007261556
1555	2.171382991
1560	0.4
1565	5.17183630026
1570	2.71192362557
1575	0.4
1580	2.52711120731
1585	1.16304131335
1590	1.55387350598
1595	2.93573339745
1600	4.05292593041
1605	6.51108451777
1610	0.4
1615	0.4
1620	3.89704580847
1625	1.99130024199
1630	0.812906090787
1635	4.70645352793
1640	1.01757909751
1645	2.66422378982
1650	4.93834099187
1655	4.02399387645
1660	0.832606991524
1665	3.94471119092
1670	4.63265759656
1675	5.57844013657
1680	4.21836027466
1685	2.33786317702
1690	5.06293963351
1695	3.79253096545
1700	0.4
1705	1.35864594229
1710	0.413007232368
1715	0.4
1720	1.30937838886
1725	2.19322446058
1730	0.4
1735	1.47418638543
1740	2.63898407089
1745	2.14720047731
1750	1.42468494376
1755	2.25965142137
1760	0.4
1765	1.40115940829
1770	3.83656468692
1775	0.4
1780	3.21749140432
1785	0.970306631165
1790	0.4
1795	3.04334470482
1800	2.49705625153
1805	4.12137613255
1810	4.66485163918
1815	0.4
1820	3.22911982208
1825	1.91041956744
1830	1.27749438503
1835	1.7390308758
1840	0.4
1845	2.59325135822
1850	0.601381298617
1855	3.22899618057
1860	2.78541743407
1865	0.4
1870	1.79139505433
