0	22.1978575769
5	21.853122923
10	23.567263917
15	22.1543472472
20	21.4680768272
25	22.8366139095
30	19.7764841265
35	24.164400709
40	23.2037900645
45	23.6291918344
50	21.5849370201
55	22.2495510346
60	21.2308949803
65	25.608081017
70	23.269799069
75	22.8717662025
80	23.294019071
85	24.7618981963
90	23.7409585061
95	21.2929276183
100	23.8558944432
105	22.2274567268
110	21.6354640978
115	22.6201931691
120	20.1911195658
125	23.7016358104
130	23.8393136335
135	20.1840942199
140	20.406753507
145	21.9502843455
150	24.7271514526
155	23.6294046988
160	20.124006923
165	24.924009788
170	22.655826655
175	21.6273074494
180	21.7584332864
185	22.3460226842
190	21.9534945515
195	22.2727005122
200	22.2167970907
205	20.7630334756
210	22.1110323932
215	24.8145104728
220	21.6013926068
225	22.163039382
230	22.3663660675
235	21.5970828037
240	22.4531241751
245	18.7782211113
250	21.6083444671
255	24.7669160533
260	24.3846480356
265	19.7699518728
270	20.4069339469
275	22.6974748955
280	23.5048859108
285	22.3634191001
290	21.1307968501
295	27.8144493636
300	19.8634239164
305	20.0824351252
310	20.9792082449
315	22.4403588169
320	23.1295267507
325	22.5782192876
330	19.6895611595
335	23.1085559025
340	22.9695113808
345	24.1853114652
350	20.2186946677
355	21.8066337095
360	23.131569172
365	24.5358408747
370	24.6854140431
375	22.6835205739
380	21.4908780165
385	21.1635457749
390	22.5294149949
395	20.4421546405
400	23.4337595267
405	24.0070043599
410	23.0607994884
415	18.0142555881
420	23.6913013239
425	22.1244381103
430	24.3230201075
435	23.4962953345
440	21.2089060339
445	22.0693803133
450	22.0688417881
455	24.2854080312
460	23.7868948451
465	23.4752081119
470	22.7932150013
475	20.8718176594
480	23.76353593
485	23.9724541375
490	23.0249756184
495	22.6918593889
500	22.1558239971
505	21.2832760351
510	25.2080300714
515	20.6721952018
520	19.8992268477
525	21.4459759984
530	22.2015217847
535	22.8940144485
540	22.670691605
545	22.5403546678
550	23.3105560562
555	25.5615807664
560	21.1250756476
565	22.1821274997
570	22.1795762045
575	21.9014894064
580	23.2589702077
585	23.1071628076
590	22.1693720007
595	21.5198188536
600	21.5707735256
605	24.66859231
610	21.1378601154
615	21.3841035719
620	22.631561991
625	23.2775758382
630	22.1498530836
635	18.9183625741
640	21.787221542
645	22.0853341027
650	22.4463196221
655	21.9619623587
660	21.3252595753
665	21.5400184485
670	23.0406718966
675	25.669485633
680	21.7721856728
685	20.8078437666
690	22.1242555109
695	21.147091257
700	21.5945215783
705	21.4330409011
710	24.6198139382
715	20.9581579157
720	23.6434986224
725	22.6443439549
730	20.9571148052
735	21.2580367617
740	21.2608872152
745	24.0815924049
750	22.9378362615
755	20.3411802412
760	20.3025542941
765	22.4380216466
770	21.5679634257
775	22.9851843323
780	21.676102725
785	22.9146199286
790	23.4227490221
795	20.4497280731
800	25.5007173418
805	20.5509542955
810	22.8755892911
815	23.3235381721
820	20.2653141375
825	19.5732389791
830	21.3638312043
835	24.7402688511
840	21.8082005474
845	21.299617249
850	17.7621888649
855	22.0039840927
860	22.6276393237
865	23.700267972
870	22.8641310579
875	23.1318602516
880	22.5752782979
885	24.59026753
890	20.6526910926
895	22.0072873136
900	21.9129035543
905	22.2587034212
910	22.3449929536
915	23.9669606847
920	21.0851309347
925	23.8936466065
930	21.9998380422
935	24.022223061
940	22.602054412
945	19.1251271393
950	23.218066215
955	23.8003674887
960	24.0807304967
965	21.662015341
970	22.0507109235
975	22.9262804231
980	21.110298162
985	22.2725709232
990	22.871191764
995	21.3759286358
1000	23.0403213673
1005	21.9833960645
1010	23.591236028
1015	22.9671596761
1020	20.2598716344
1025	20.9361677154
1030	22.794239543
1035	25.7349465619
1040	22.44670421
1045	22.3878744279
1050	20.928371113
1055	19.3746673258
1060	20.0377166423
1065	23.496048482
1070	22.1801389315
1075	21.167194348
1080	22.5313131643
1085	24.027757995
1090	22.8647251471
1095	22.243408865
1100	22.4470568592
1105	21.3400224081
1110	20.4120020627
1115	24.261446058
1120	22.148372156
1125	23.9926638318
1130	21.6698961538
1135	21.4103708189
1140	21.5776052162
1145	20.9286223421
1150	20.0175078042
1155	20.3103202194
1160	22.6926458588
1165	22.3187121886
1170	22.3480161749
1175	23.3818680201
1180	21.6709190807
1185	24.1405526511
1190	19.9828447747
1195	19.514173377
1200	20.6328467961
1205	21.0168471462
1210	24.2969985739
1215	23.4204928542
1220	21.3153460763
1225	23.5746711532
1230	22.0405772058
1235	23.4103172885
1240	22.1091148239
1245	21.8051602512
1250	24.1976154284
1255	21.7842514263
1260	20.9033181375
1265	19.1525543948
1270	20.3502735775
1275	23.0612992592
1280	24.8188548252
1285	20.4235222238
1290	23.0913848965
1295	23.2189185392
1300	23.9567188984
1305	22.2411713593
1310	22.1334711031
1315	23.1181189139
1320	21.5167805242
1325	21.1943523961
1330	21.3060765452
1335	22.6682028596
1340	20.9847048584
1345	23.1527182558
1350	22.589846782
1355	23.566118638
1360	20.8427480126
1365	22.0913960649
1370	24.25844354
1375	20.6454776225
1380	21.7708227527
1385	20.4027533562
1390	22.3368875628
1395	22.9581234207
1400	21.1111628654
1405	22.2318810435
1410	23.3657141179
1415	20.7481959609
1420	24.282176946
1425	24.9335122368
1430	22.0043523787
1435	22.4557178488
1440	21.484048292
1445	20.9387448645
1450	21.7899835349
1455	20.3369046633
1460	22.8018280114
1465	22.9295925966
1470	21.2086988235
1475	23.9481917699
1480	21.4427389424
1485	20.7327754878
1490	22.1042652715
1495	23.8866929799
1500	23.5863411108
1505	22.5408727068
1510	22.3952837206
1515	22.3546677467
1520	21.7215928635
1525	21.7474785991
1530	23.8925912748
1535	21.9620237678
1540	21.3471195111
1545	22.2339128825
1550	22.1382867529
1555	23.538164563
1560	20.4724397018
1565	21.7511967474
1570	21.4829786258
1575	21.7819642106
1580	20.1536286146
1585	20.9082167686
1590	23.1941419696
1595	22.1370229514
1600	23.4339314902
1605	21.6097026136
1610	22.9484472699
1615	22.2343417366
1620	23.0247405049
