0	2.57057378349
5	3.08926318189
10	2.79168805049
15	0.4
20	2.76973282709
25	1.04736692534
30	1.769813066
35	1.92292736258
40	2.43892507504
45	2.70196591269
50	0.4
55	3.47935980652
60	2.40525865801
65	3.93854237073
70	0.4
75	5.4397165817
80	3.45705886703
85	0.4
90	2.93355460819
95	0.796182274361
100	0.857580334653
105	2.94216876312
110	0.4
115	3.27288091148
120	3.89049419589
125	1.78735225984
130	2.62888446046
135	1.85254627711
140	3.69928683923
145	2.87477535608
150	1.37777869105
155	1.57955895977
160	4.3720498696
165	4.47041894989
170	3.61730478015
175	2.08231208088
180	2.48163831678
185	1.98439115427
190	1.56779470229
195	3.92358872348
200	0.4
205	1.0793963843
210	0.4
215	3.14314051508
220	0.4
225	2.93691193592
230	3.52038214493
235	2.69658859839
240	5.87132299728
245	2.26840113637
250	1.73039071795
255	3.0871306834
260	1.31945644024
265	4.24615140492
270	4.88850692096
275	1.5211059131
280	2.18203343289
285	2.7267309517
290	1.78568995056
295	3.39018389442
300	1.31406439758
305	0.4
310	3.68308745348
315	2.83473817437
320	3.45903398202
325	1.5251540205
330	0.4
335	2.72432393433
340	3.68857433002
345	3.64157332453
350	1.99776226193
355	4.88337491834
360	1.64899417559
365	3.42617988435
370	4.08882026205
375	8.31635941712
380	1.73386296161
385	4.04450620992
390	2.59152888232
395	1.29157736324
400	3.06937060491
405	3.72461173099
410	1.80162038989
415	1.418421088
420	2.14005598401
425	1.57469533448
430	0.4
435	0.4
440	5.30933850591
445	2.12899500609
450	0.4
455	0.4
460	0.4
465	5.01184645937
470	2.52849513347
475	1.79834596081
480	5.55764368031
485	1.47664093157
490	4.28011194081
495	2.12151136597
500	1.38452888999
505	2.34316701995
510	4.95297775281
515	0.4
520	3.88320464517
525	0.4
530	4.05392758634
535	0.4
540	2.07369840019
545	2.56210016698
550	5.3376386489
555	0.89076497155
560	1.88218232013
565	1.69250778571
570	4.63812524848
575	1.34335420539
580	1.88903025709
585	0.863727854245
590	5.39856398949
595	6.10560698658
600	5.59450799141
605	4.863039845
610	4.64713602517
615	2.44944670804
620	4.90263080604
625	1.45253304134
630	4.04742698329
635	4.78793343103
640	2.95007721517
645	2.49629011152
650	1.68371267393
655	2.08852528048
660	1.96587510144
665	3.08043277698
670	4.79262492417
675	1.75902996006
680	3.43000065715
685	3.96013090588
690	8.12060531179
695	1.25451362582
700	1.6246759383
705	1.74919197982
710	4.6670827254
715	4.38962572642
720	0.836915892911
725	1.31292059736
730	3.06638957025
735	2.60375289601
740	4.78652382379
745	1.35576206628
750	4.51780625921
755	1.35340724567
760	3.66045777668
765	0.872183621953
770	4.48346738208
775	1.74622557839
780	1.26941266019
785	0.4
790	4.09008830193
795	0.4
800	6.3513984733
805	3.27511719824
810	0.953321262185
815	3.72287977475
820	3.57551903984
825	3.20160020925
830	4.17283676243
835	5.21750470128
840	0.652313165689
845	4.96906580498
850	5.14060815252
855	1.994241551
860	4.44550613709
865	3.16904193431
870	4.12505372741
875	2.4796790536
880	5.65537941022
885	5.5510030148
890	0.4
895	2.75661895766
900	2.10062731985
905	4.83879313685
910	1.91923892271
915	1.76454452591
920	3.38910821031
925	6.15755269154
930	3.84548012438
935	7.96117824457
940	0.4
945	3.21828982451
950	6.27867124803
955	4.29721255522
960	3.35766747789
965	1.71509174453
970	0.4
975	6.14666974096
980	0.4
985	0.450230952562
990	0.956664234423
995	1.90222771845
1000	1.50563576666
1005	3.00363141672
1010	1.12261153848
1015	1.98341118776
1020	0.4
1025	6.72262578205
1030	0.919234365341
1035	3.56939237913
1040	2.79680876362
1045	2.84213093423
1050	0.4
1055	4.65101908718
1060	0.4
1065	3.15850047851
1070	1.14240894165
1075	3.53944696425
1080	0.4
1085	1.42208656876
1090	6.29516770873
1095	3.69129782025
1100	3.04702987535
1105	0.4
1110	0.4
1115	3.58228051407
1120	4.05381261341
1125	1.68394229291
1130	2.71930457056
1135	2.82034374034
1140	3.3468529541
1145	0.4
1150	3.69233146721
1155	1.11088078346
1160	4.95208560259
1165	2.10060760429
1170	2.08069229233
1175	3.68250004848
1180	1.92925403455
1185	4.72066056498
1190	3.76154743735
1195	6.53180719558
1200	2.1251282575
1205	2.62229095635
1210	2.48308122789
1215	5.32796911716
1220	3.23557441224
1225	0.4
1230	2.03457305314
1235	4.72625848308
1240	3.26638372187
1245	4.18266744925
1250	0.867800993375
1255	0.4
1260	4.90066883242
1265	1.64178900304
1270	0.4
1275	4.55306055432
1280	0.558375181107
1285	1.80126628035
1290	3.6419920698
1295	0.4
1300	2.55115635907
1305	8.55139742363
1310	4.41063859
1315	1.06636736517
1320	3.5263403227
1325	0.4
1330	4.82059167765
1335	2.71361026606
1340	4.54822379235
1345	4.13998284154
1350	0.4
1355	1.65324397559
1360	1.12085798424
1365	3.64192274541
1370	0.4
1375	6.68568316529
1380	4.25191980135
1385	3.65687202632
1390	2.75539462452
1395	2.32006319723
1400	0.4
1405	2.60781501368
1410	2.57892552944
1415	1.6227024044
1420	4.35019605049
1425	2.61843572724
1430	2.82752578668
1435	0.76937125889
1440	0.4
1445	0.4
1450	0.4
1455	0.4
1460	5.37971707282
1465	2.21227585506
1470	1.8391942228
1475	0.573110111279
1480	1.28910464859
1485	1.54455394841
1490	0.4
1495	1.38941543947
1500	2.0336189947
1505	3.6799274208
1510	5.49487018596
1515	3.15847493006
1520	3.23400021988
1525	6.99259162845
1530	2.74934137105
1535	0.4
1540	4.05260497503
1545	3.46338136174
1550	2.0616604777
1555	0.4
1560	3.25308267572
1565	3.32440039023
1570	3.1858438298
1575	1.36087981383
1580	4.24016147195
1585	1.9500426333
1590	0.491946167849
1595	4.33403169246
1600	6.35224838794
1605	0.4
1610	1.60847071596
1615	4.34017875627
1620	2.23487104917
1625	3.25693613396
