0	8.85638982933
5	2.85292767664
10	14.5382579121
15	4.01979127052
20	3.55473954609
25	0.4
30	1.1554710777
35	1.27497897904
40	0.4
45	1.19763889553
50	10.3766470969
55	9.20099822195
60	0.762921594493
65	0.4
70	5.19579733111
75	3.15555487832
80	2.2734444028
85	0.4
90	3.13602899229
95	10.2024854241
100	0.4
105	2.94257443454
110	0.4
115	2.56183263818
120	0.4
125	0.713088734457
130	10.3480565125
135	0.4
140	9.27809462162
145	3.68104159971
150	3.39489266327
155	7.31648042277
160	8.54262862269
165	8.89837034528
170	0.4
175	0.5338387077
180	13.5009324204
185	8.72916566174
190	9.16152154321
195	2.27676137561
200	4.60129779144
205	0.4
210	0.4
215	0.4
220	7.94787389375
225	0.4
230	0.4
235	5.74252464214
240	1.80295953637
245	9.75514725431
250	15.9118919988
255	6.67515154093
260	10.1349595717
265	0.4
270	0.4
275	10.1281742927
280	1.24434982939
285	6.84699156619
290	1.98645097997
295	0.4
300	0.668973402442
305	0.4
310	7.38188950883
315	0.4
320	0.4
325	6.51723769019
330	1.45707926904
335	3.38676135823
340	6.21139093937
345	5.0891724645
350	4.78268790459
355	0.4
360	0.4
365	0.4
370	6.03971668085
375	2.4351937582
380	1.18100184202
385	0.4
390	3.75753881951
395	10.2262290874
400	0.579748951674
405	6.22367676677
410	0.4
415	3.79650476946
420	0.4
425	0.4
430	0.4
435	0.4
440	4.8031760717
445	0.924320937059
450	0.4
455	0.4
460	9.52128371792
465	0.4
470	0.4
475	4.16268766599
480	0.644428650386
485	6.71851259193
490	12.2261351607
495	3.0745962866
500	0.4
505	0.4
510	4.18692392479
515	5.96226239762
520	3.44037610177
525	8.20468607694
530	9.15924201245
535	8.91836119864
540	3.04192604835
545	15.7536106283
550	8.02368128604
555	0.4
560	0.4
565	0.4
570	8.89210310628
575	1.84208506262
580	11.7080428234
585	5.419239127
590	9.91458369562
595	3.89007329545
600	5.64020332915
605	0.4
610	3.30966729155
615	4.65016650973
620	6.44119617956
625	0.4
630	0.4
635	1.94333887303
640	0.4
645	12.2896691324
650	2.41327866267
655	7.57799379877
660	0.4
665	1.60991534614
670	4.21922287972
675	3.25678151952
680	5.29405841805
685	5.61487121801
690	0.529236610222
695	0.4
700	14.2704000062
705	0.4
710	6.48440081981
715	11.9068977816
720	3.95121020507
725	6.70646429509
730	0.4
735	8.55083350776
740	2.90361848853
745	12.725440425
750	8.58170836887
755	6.5494519626
760	0.486037295084
765	1.90519058265
770	9.68829275028
775	10.4163447689
780	0.4
785	14.8785571287
790	0.4
795	1.37424344108
800	4.1975253064
805	0.4
810	6.61758975618
815	0.4
820	4.06067141279
825	3.4533014404
830	5.01205873011
835	13.8700491028
840	9.67972479998
845	4.56868723355
850	0.655937640586
855	18.2668531329
860	10.6890156471
865	0.4
870	4.38097969065
875	0.4
880	6.16648372239
885	6.06124111801
890	0.4
895	5.89718909908
900	6.58609782879
905	4.01475135461
910	8.42482803198
915	4.67980650502
920	11.5166812606
925	6.397555435
930	5.26554507861
935	0.884624965365
940	6.08142405703
945	12.4228315252
950	5.5372369766
955	0.4
960	8.13255935779
965	5.7383977957
970	0.4
975	6.17015288379
980	3.13626680861
985	4.92421857956
990	11.3012077304
995	6.92008266911
1000	9.80267590026
1005	4.19481946906
1010	10.0459826516
1015	0.4
1020	0.4
1025	0.4
1030	3.64466592197
1035	10.4670997908
1040	0.4
1045	10.9535246259
1050	10.5833909756
1055	0.4
1060	0.4
1065	11.5361108727
1070	16.8076243351
1075	0.4
1080	9.69256787782
1085	15.0105644447
1090	5.25528713997
1095	5.36594968558
1100	4.42017328876
1105	8.09545980053
1110	1.03647952357
1115	10.347770491
1120	12.8455434476
1125	8.54137230465
1130	0.4
1135	10.3836707133
1140	6.12344745937
1145	3.12494275588
1150	7.71525449581
1155	2.13102305309
1160	8.17527642565
1165	9.04207185871
1170	0.4
1175	0.4
1180	7.22889850091
1185	12.6192729623
1190	0.4
1195	9.12648583588
1200	0.4
1205	0.4
1210	10.6312281007
1215	1.28699465168
1220	0.623568270068
1225	16.7648061659
1230	6.82070605077
1235	4.3982592922
1240	9.17399460249
1245	10.6847559006
1250	6.17608566952
1255	0.4
1260	7.71564170341
1265	18.6498959735
1270	0.4
1275	11.7311475409
1280	3.23029599792
1285	0.65620110281
1290	7.04610956877
1295	8.17696283408
1300	8.87263877045
1305	19.9969402519
1310	3.11520419768
1315	12.2231827557
1320	0.491536678303
1325	3.87668655841
1330	6.59206909522
1335	7.73625567872
1340	0.4
1345	5.06088266928
1350	0.4
1355	4.63419540318
1360	3.96960972576
1365	11.8387017246
1370	6.46699229475
1375	4.16101099607
1380	6.65357219021
1385	9.19478269061
1390	9.12939356829
1395	10.4707968133
1400	1.14463362512
1405	6.27717179916
1410	4.99883811846
1415	9.60055528678
1420	10.9375352855
1425	9.3597999892
1430	0.4
1435	2.80858923861
1440	6.16316811801
1445	1.27590430905
1450	11.4122544566
1455	7.1684236284
1460	1.64989029989
1465	4.17360375899
1470	12.3433999839
1475	0.4
1480	6.16692749466
1485	9.12750383586
1490	4.11631196794
1495	0.4
1500	1.8275947336
1505	12.2344477494
