0	0.4
5	5.09569275605
10	12.8507364468
15	0.4
20	0.4
25	0.4
30	3.1673108349
35	0.4
40	0.4
45	8.26913936574
50	18.1003419564
55	2.68543167261
60	4.15458957629
65	0.4
70	4.4310592928
75	0.4
80	0.4
85	0.4
90	7.0148264637
95	0.4
100	1.20818732751
105	4.18268315881
110	0.583782381446
115	11.0329999454
120	0.4
125	14.1543937166
130	1.0367234411
135	0.4
140	0.4
145	0.466928006439
150	10.9889665841
155	0.4
160	17.5570036976
165	0.4
170	0.4
175	0.4
180	0.4
185	5.45234287213
190	7.08584344158
195	8.16747258043
200	8.79423498627
205	5.98442004254
210	0.4
215	11.190510509
220	0.626111303566
225	6.97118190061
230	9.99054831948
235	5.78649331789
240	11.9634325299
245	0.4
250	13.6650628925
255	0.532271448122
260	0.4
265	0.4
270	0.4
275	0.4
280	0.4
285	1.77770617842
290	6.30392456435
295	1.01156925119
300	14.7533674393
305	2.80931326134
310	1.1591741675
315	0.565536129866
320	13.0560058787
325	8.21883540257
330	8.35634874297
335	2.72633535154
340	10.6142572888
345	0.4
350	0.4
355	0.4
360	8.59382599412
365	0.4
370	0.4
375	0.4
380	0.66827223471
385	0.4
390	2.38715637375
395	0.4
400	2.48617946239
405	3.75560496638
410	10.5609188577
415	14.1173212845
420	0.4
425	0.4
430	0.4
435	0.4
440	11.8495420757
445	1.00471240045
450	2.33999709548
455	7.51006527617
460	0.4
465	3.42929275925
470	2.22886062432
475	12.6245796604
480	0.4
485	0.4
490	7.65622833911
495	0.4
500	5.84503628076
505	0.4
510	0.4
515	6.06122917485
520	20.3025145097
525	15.7780759045
530	14.6870434311
535	4.9535513936
540	3.78998870161
545	7.29291932414
550	2.01546269914
555	0.4
560	4.86495613668
565	0.4
570	15.5617758045
575	0.4
580	0.4
585	6.25497734878
590	0.4
595	0.4
600	0.4
605	0.4
610	0.4
615	0.849934374743
620	0.4
625	15.8498927199
630	2.96797921053
635	5.53172237765
640	0.4
645	0.4
650	0.4
655	4.07472426411
660	0.4
665	0.4
670	0.4
675	0.4
680	0.4
685	3.2079553208
690	7.79668749259
695	0.4
700	0.4
705	11.7763818902
710	4.12357780274
715	0.4
720	0.4
725	6.60935546681
730	11.0382922321
735	6.84646579273
740	0.4
745	0.4
750	5.32278639249
755	5.12275311652
760	1.14456218031
765	0.4
770	0.4
775	0.4
780	7.53267308657
785	0.4
790	0.4
795	2.96864261858
800	2.08194862948
805	0.4
810	1.17466673746
815	9.78878211937
820	0.4
825	12.7334920337
830	0.4
835	0.4
840	1.84546309875
845	8.25642991461
850	5.96497119632
855	8.84461265673
860	7.42414215335
865	8.20588822739
870	4.24360142553
875	0.4
880	1.8359464959
885	18.5792841822
890	2.4257492003
895	2.50800481432
900	4.9457364411
905	1.20727946809
910	3.2724005833
915	10.7628381664
920	0.4
925	0.4
930	0.60810762009
935	0.4
940	3.22552272762
945	2.16712613628
950	0.4
955	0.4
960	0.4
965	7.71734615609
970	12.2413241467
975	0.4
980	13.4722442022
985	0.4
990	9.77701763372
995	0.4
1000	3.62452384138
1005	12.0042198316
1010	0.4
1015	0.4
1020	0.4
1025	0.4
1030	0.4
1035	2.90487628632
1040	0.4
1045	0.4
1050	0.4
1055	0.4
1060	2.69221969277
1065	0.4
1070	0.4
1075	4.62332481351
1080	7.94463754433
1085	0.4
1090	17.4246821556
1095	1.35463974184
1100	0.4
1105	0.836810947984
1110	16.6355518483
1115	0.4
1120	0.4
1125	4.27233347991
1130	0.4
1135	11.579755157
1140	0.4
1145	2.85659766889
1150	0.4
1155	3.53178800118
1160	5.96560998655
1165	0.4
1170	5.5724844676
1175	13.5855159505
1180	0.4
1185	3.24635361834
1190	12.101839967
1195	0.4
1200	0.4
1205	6.5800992018
1210	3.25190610027
1215	0.4
1220	9.78432591655
1225	7.81928286559
1230	0.4
1235	0.494896352804
1240	0.4
1245	0.4
1250	13.7710485037
1255	0.4
1260	5.32673493837
1265	0.4
1270	7.12569990407
1275	0.4
1280	0.4
1285	0.4
1290	0.4
1295	0.4
1300	0.4
1305	0.4
1310	2.63086308775
1315	10.9965022304
1320	0.4
1325	0.4
1330	12.1403675386
1335	0.4
1340	0.4
1345	0.4
1350	0.4
1355	8.77081268776
1360	0.628667566444
1365	6.21489482824
1370	8.69849273647
1375	8.09485629133
1380	11.6177687503
1385	0.4
1390	0.4
1395	10.566970152
1400	0.4
1405	0.4
1410	0.4
1415	0.4
1420	3.2273679861
1425	20.5954073555
1430	18.0413888873
1435	8.37775004047
1440	4.6434104562
1445	0.4
1450	8.12837165455
1455	2.63187568549
1460	0.4
1465	0.4
1470	3.52305974392
1475	8.29048483856
1480	0.4
1485	10.2065366816
1490	4.73476275054
1495	0.4
1500	10.063184662
1505	8.13987801735
1510	0.4
1515	0.4
1520	0.4
1525	6.02465672098
1530	0.4
1535	8.5323312732
1540	2.90047180343
1545	0.4
1550	15.2381801963
1555	12.9197053838
1560	2.28039144767
1565	0.4
1570	2.7786963429
1575	8.18803186708
1580	14.6631589984
1585	15.1279660882
1590	0.4
1595	0.4
1600	5.16302569552
1605	0.4
1610	6.91246496741
1615	2.14672595524
1620	0.4
1625	0.4
1630	2.59440814846
1635	17.6975954839
1640	7.3673817589
1645	5.15368911726
1650	4.99896364596
1655	0.4
1660	5.81945096611
1665	0.756610670252
1670	0.4
1675	15.5482400522
1680	15.7031578605
1685	2.42413957099
1690	12.2706753804
1695	7.49362186561
1700	2.16564092269
1705	5.77187295581
1710	0.4
1715	0.4
1720	19.4782285742
1725	4.9609172916
1730	0.4
1735	2.04292515848
1740	0.4
1745	6.86876326081
1750	12.0071944782
1755	0.4
1760	0.4
1765	0.4
1770	7.19336447329
1775	1.70522099138
1780	6.35516076911
1785	7.74275781789
1790	8.97476023989
1795	13.0810074945
1800	0.4
1805	0.4
1810	0.68766466858
