0	0.4
5	6.60162273992
10	4.03573769068
15	7.66700646358
20	3.10576531601
25	1.41027647741
30	3.09730113468
35	0.4
40	0.4
45	2.08128251114
50	2.65644471578
55	0.4
60	5.29887377801
65	16.3796971979
70	0.4
75	5.84156338162
80	6.8689513156
85	0.4
90	0.4
95	2.96918248154
100	2.10065476994
105	0.4
110	0.4
115	1.73744125923
120	0.4
125	5.69364013894
130	0.4
135	8.38287586613
140	5.85779947109
145	0.988297394963
150	0.4
155	0.4
160	10.3440203798
165	8.24054481128
170	0.4
175	0.4
180	4.75950157216
185	2.85384996486
190	0.4
195	0.4
200	0.402648331735
205	0.4
210	0.4
215	5.43759469604
220	4.00610611475
225	3.46578813405
230	5.25468452792
235	0.4
240	2.98139623581
245	0.4
250	4.48445630118
255	22.4275546073
260	8.49855122232
265	9.16115162758
270	0.4
275	0.4
280	4.63823538192
285	1.8018970417
290	0.4
295	2.81952913823
300	0.4
305	0.4
310	0.4
315	0.4
320	0.4
325	2.62471471543
330	0.4
335	4.54956383631
340	0.4
345	0.4
350	10.6572759992
355	5.35698303838
360	0.4
365	7.36879612732
370	11.9769468158
375	0.4
380	0.4
385	0.4
390	4.5079646427
395	0.4
400	4.29963160607
405	7.8773588821
410	0.4
415	20.1206896809
420	0.4
425	0.4
430	0.4
435	0.4
440	0.4
445	13.7024390787
450	0.4
455	0.4
460	0.4
465	8.201661974
470	0.4
475	9.0723483715
480	0.4
485	0.4
490	0.4
495	0.4
500	8.54899825247
505	0.4
510	0.4
515	0.4
520	0.4
525	0.4
530	0.4
535	2.90858553783
540	0.4
545	2.04406088772
550	0.4
555	18.5703659532
560	0.4
565	9.98872202407
570	1.42129780703
575	5.26991601292
580	0.4
585	2.36710931981
590	12.6741787708
595	0.4
600	3.03093635894
605	0.4
610	14.9325084021
615	0.4
620	13.4081931748
625	0.4
630	0.4
635	0.4
640	0.929833895275
645	0.4
650	8.4661299614
655	6.26781463293
660	18.6485199081
665	0.4
670	0.4
675	0.4
680	14.0151527815
685	6.67711180278
690	0.4
695	0.4
700	0.4
705	0.4
710	0.4
715	0.4
720	3.53376647577
725	0.4
730	0.4
735	8.07462369062
740	0.462864350744
745	0.4
750	0.4
755	0.4
760	0.4
765	0.4
770	0.4
775	0.4
780	0.4
785	1.47500150607
790	1.95465356009
795	0.4
800	0.4
805	8.40738308884
810	6.27451262882
815	0.4
820	0.4
825	0.4
830	2.87067926409
835	5.53572173115
840	0.4
845	15.4179866953
850	5.5033573842
855	1.56271828749
860	0.4
865	0.4
870	0.4
875	0.4
880	6.2868786098
885	0.4
890	0.4
895	9.95526048347
900	0.4
905	6.17727903046
910	0.4
915	3.94864115277
920	1.19937995817
925	0.4
930	16.1293443955
935	0.4
940	14.0649306954
945	13.0318021076
950	0.4
955	11.4045884821
960	27.8420478121
965	0.4
970	0.4
975	0.4
980	9.41479119774
985	2.66466202888
990	0.4
995	0.4
1000	0.4
1005	0.4
1010	0.4
1015	0.4
1020	2.52173749948
1025	4.2955992352
1030	0.4
1035	0.4
1040	6.23326086683
1045	1.24038919426
1050	22.3501181501
1055	11.1424687296
1060	0.4
1065	5.94322814572
1070	7.75444255038
1075	0.4
1080	0.4
1085	5.11132974342
1090	0.4
1095	11.7876066841
1100	1.64293308399
1105	0.4
1110	5.44180581752
1115	19.9328257264
1120	7.01620544003
1125	3.98116188095
1130	7.02651463257
1135	16.9155449488
1140	1.2206081884
1145	0.4
1150	0.4
1155	0.4
1160	0.4
1165	2.30477333653
1170	0.4
1175	4.0951296606
1180	0.4
1185	6.56833179744
1190	0.4
1195	0.4
1200	5.40119012306
1205	0.4
1210	0.4
1215	4.26531728204
1220	0.4
1225	0.4
1230	2.01193075283
1235	0.4
1240	0.4
1245	9.70736597003
1250	0.4
1255	4.00605745685
1260	0.4
1265	1.98295220163
1270	0.4
1275	10.8541701694
1280	12.0818742138
1285	1.37398375684
1290	2.93772255878
1295	9.67332189182
1300	5.25276509343
1305	7.84087987112
1310	3.23862330422
1315	6.88882364914
1320	0.4
1325	0.4
1330	21.9694100884
1335	0.480883063316
1340	6.51813332866
1345	6.25792931802
1350	4.09402495264
1355	1.93167707047
1360	1.03134332725
1365	3.71399447848
1370	0.4
1375	0.4
1380	0.628736306087
1385	0.4
1390	0.4
1395	5.05281509702
1400	0.4
1405	0.4
1410	0.4
1415	11.6961613423
1420	0.4
1425	5.74401537677
1430	6.01116761542
1435	10.7524743337
1440	0.4
1445	4.83767186865
1450	4.47260080974
1455	0.4
1460	2.10073891316
1465	6.92879946527
1470	4.12187437052
1475	8.58478796773
1480	0.4
1485	6.85807468445
1490	0.4
1495	4.94728043736
1500	0.4
1505	15.7079212997
1510	5.43957376621
1515	10.0171732931
1520	0.4
1525	10.4863766931
1530	0.4
1535	0.4
1540	7.67585480161
1545	9.79582733509
1550	8.31229898748
1555	0.4
1560	0.4
1565	0.4
1570	10.7030305474
1575	9.75612148282
1580	3.56998476771
1585	10.0546146832
1590	0.4
1595	0.4
1600	1.64594328166
1605	0.4
1610	0.4
1615	0.4
1620	7.65809518243
1625	3.76224105038
1630	0.4
1635	5.29926186643
1640	0.4
1645	6.16730326873
1650	0.4
1655	18.5387117394
1660	6.6215588292
1665	15.2811902973
1670	0.4
1675	21.4974200311
1680	0.4
1685	6.93185892929
1690	3.72048419185
1695	0.4
1700	5.19246422202
1705	0.4
1710	12.6718973311
1715	0.4
