0	8.2843225776
5	7.37395704068
10	7.17738818404
15	5.59232044243
20	7.47585736356
25	7.00534153944
30	7.4159230022
35	6.51948617252
40	7.01826662523
45	7.84910388344
50	7.52226531947
55	6.81901143693
60	6.56826253935
65	7.08675265588
70	6.47015736895
75	7.05640197347
80	8.02786939416
85	7.05007321753
90	7.81161408244
95	6.87267013427
100	6.78187741383
105	6.89335244135
110	7.61934483944
115	7.29461033574
120	6.89474593913
125	6.40686692259
130	8.46142363299
135	9.33673350999
140	6.81866494201
145	7.65746618821
150	6.84499203248
155	8.07450786073
160	8.11500236634
165	6.5869171783
170	7.04208066059
175	7.2909384205
180	6.79632533485
185	6.90563759268
190	7.37206486612
195	8.64040371817
200	6.68568369206
205	6.8301661525
210	7.15150942897
215	7.57688419108
220	6.72063447977
225	7.48351807057
230	7.35726174307
235	7.35427206548
240	7.18908006684
245	7.85445769858
250	7.66391860538
255	6.88785543743
260	5.98693789969
265	7.61476868281
270	6.84731948246
275	6.72591850599
280	6.22685053951
285	6.71309241443
290	7.5832099176
295	7.90771243707
300	7.39325659732
305	5.84416294559
310	7.49270410479
315	7.54303123615
320	7.5168925121
325	8.15095459704
330	7.94098173248
335	7.9084161275
340	7.60226198175
345	7.46900113888
350	6.90924600272
355	7.09334168513
360	6.84087808142
365	7.90003846523
370	7.27861101802
375	7.10895112113
380	7.86545236602
385	7.50758838649
390	8.15732034177
395	7.65757742625
400	6.65831061092
405	7.59712961054
410	7.71891060893
415	5.45379322041
420	7.18218530759
425	7.61642280663
430	7.86435634352
435	8.55221714644
440	7.91374930326
445	6.83194606306
450	8.13452079756
455	7.15255503804
460	7.151720332
465	5.87790792522
470	6.28608043708
475	7.94818977059
480	7.24969353122
485	6.81853804349
490	6.51120982802
495	8.04896487078
500	7.8255581715
505	8.37972693234
510	7.43670416106
515	7.67626008634
520	8.12674676665
525	6.64389377578
530	7.10903601598
535	6.64622575776
540	8.26735858317
545	6.8094768068
550	7.22356408344
555	7.66545237207
560	6.25662889418
565	7.48824782415
570	8.41760437915
575	5.89482288227
580	6.06310898836
585	6.32668213644
590	6.80661430498
595	8.00577350704
600	6.22669118476
605	6.24554047072
610	6.23660503391
615	6.92974971925
620	7.89730667359
625	6.91560670573
630	7.4108992617
635	7.75998828759
640	7.07992906915
645	7.78022899616
650	8.06562612201
655	6.89111522153
660	7.01582689299
665	6.16727842242
670	7.23035162663
675	6.80237992662
680	6.8693931727
685	8.26301817379
690	7.58180781982
695	7.49327611198
700	6.48777890074
705	6.68382090277
710	7.51896180944
715	7.10101280208
720	7.56929158689
725	6.49759905305
730	6.46876820582
735	6.11221027507
740	8.10408251046
745	7.75219692588
750	7.53528076
755	6.86240563593
760	5.94712710353
765	8.4689002337
770	6.7807757812
775	8.19011260504
780	7.96635686599
785	7.31415880366
790	6.61089669714
795	7.56740503138
800	6.29591464916
805	7.42128257489
810	6.77494882864
815	6.25878048922
820	7.01006016291
825	6.85794046994
830	7.21102288628
835	7.35439905123
840	7.39118431886
845	7.49260210308
850	6.97367953387
855	7.59570590512
860	7.75897106104
865	6.61293562198
870	7.70442312235
875	6.49021962862
880	6.21466310725
885	6.67757864406
890	8.30349405046
895	8.67284092314
900	6.97203218027
905	8.01864135919
910	7.40421315578
915	7.53069514276
920	8.09091693561
925	6.16930148293
930	7.14769211032
935	7.82620496949
940	7.40756269037
945	7.65048411565
950	7.12346058338
955	7.59269551
960	7.57947129192
965	7.2154080648
970	7.68238708033
975	6.12835398571
980	7.23970416754
985	7.15950860272
990	7.32988556691
995	6.80447815003
1000	6.97516292759
1005	7.70282329586
1010	6.63765016887
1015	6.69795506634
1020	6.987926837
1025	6.32934144788
1030	7.34990305951
1035	7.29384796558
1040	7.78542737917
1045	7.38239750689
1050	6.24071791724
1055	6.75854101169
1060	8.07750059118
1065	7.87329551032
1070	8.23275738368
1075	7.37554784756
1080	7.8531618436
1085	8.60929580192
1090	7.44381875475
1095	6.69184933286
1100	6.90670345906
1105	6.80360895113
1110	7.88648690869
1115	7.20927244562
1120	7.52553752104
1125	7.8357121836
1130	7.92851933248
1135	7.17567960966
1140	7.27005107531
1145	8.25396222168
1150	6.52697879984
1155	7.21996952706
1160	8.07175824023
1165	7.14356313782
1170	7.57761676361
1175	6.79902532963
1180	6.51830475617
1185	7.56375123666
1190	8.03114005099
1195	7.45873895501
1200	6.90404527978
1205	7.06107856013
1210	7.28893336775
1215	7.37297466622
1220	6.6554800337
1225	8.65512498061
1230	9.21440811232
1235	7.26552882519
1240	7.4947875327
1245	6.85035326999
1250	6.31036106508
1255	7.95725015496
1260	6.5573881318
1265	8.14992769945
1270	7.8718420396
1275	7.83264324743
1280	6.99749788072
1285	6.00673646196
1290	7.9983496178
1295	7.74092230137
1300	7.13208431967
1305	7.17590312882
1310	6.86132334879
1315	7.16087960796
1320	9.09566104498
1325	7.67100900626
1330	6.94696325022
1335	6.83791029174
1340	7.10346281425
1345	6.44211975859
1350	6.09239547179
1355	7.14932302424
1360	6.74173966169
1365	8.28863645211
1370	7.74458129276
1375	8.26857941188
1380	6.68902185402
1385	7.23417072427
1390	7.81927439623
1395	7.06054055221
1400	6.99911742928
1405	6.39573327485
1410	6.23366867533
1415	6.51394247425
1420	8.81550505243
1425	6.92509339675
1430	6.74711056491
1435	7.24845985236
1440	8.18503902745
1445	6.67182992838
1450	7.12199525662
1455	6.52883039907
1460	6.98544815288
1465	6.62126623524
1470	7.08637098812
1475	8.01899825092
1480	7.95519969384
1485	6.72863127185
1490	6.81013046734
1495	6.96272058243
1500	7.7799559491
1505	6.39749554106
1510	8.54658205475
1515	8.59105333722
1520	8.50589034741
1525	7.02152736165
1530	6.61693191122
1535	7.11730171212
1540	6.65064895729
1545	6.72774516021
1550	7.56342274958
1555	7.68373701165
1560	7.50724513338
1565	7.40471659752
1570	6.72734370443
1575	7.53680463138
1580	5.56300064068
1585	7.90562676745
1590	8.23515273725
1595	7.55611849245
1600	6.67146600279
1605	5.84846583545
1610	7.7067004032
1615	8.56403029595
1620	7.04578672902
1625	7.77682914788
1630	7.76077014588
1635	7.91938118933
1640	8.59860224386
1645	7.32975734465
1650	7.61203777201
1655	7.33012117869
1660	7.53349925232
1665	7.38946943343
1670	7.21885901228
1675	7.3671290895
1680	7.97824876646
1685	7.35137657031
1690	7.04934796275
1695	8.41060061155
1700	7.55466453605
1705	7.95957240445
1710	7.86530200136
1715	7.92712144284
1720	6.91404903437
1725	6.99427790314
1730	7.19622543374
1735	6.91324592469
