0	8.03899364415
5	5.27645641512
10	5.34596544103
15	6.43758975828
20	6.58371057387
25	9.17184380514
30	6.99110175954
35	8.72301631171
40	7.68153892292
45	7.30713961984
50	4.60508649031
55	7.09395910416
60	7.94065632689
65	6.05251217253
70	8.57834640598
75	5.1875605306
80	6.41408514002
85	8.50060884041
90	5.505072644
95	8.41001035371
100	8.82861181574
105	6.37240047296
110	3.67253194028
115	8.67866292493
120	10.2781625104
125	8.83508265415
130	6.37269120671
135	6.66605066424
140	6.97259372925
145	8.42939543
150	7.31952768103
155	6.03768796919
160	7.13388957532
165	5.3913411192
170	9.46960674593
175	7.8297252001
180	10.1216140709
185	5.26733897414
190	10.1860442418
195	8.46773460756
200	6.75893238303
205	7.04501884887
210	7.30024174479
215	7.28308023858
220	4.57563547195
225	10.2707594004
230	8.50815545874
235	8.47868704411
240	6.10983172589
245	8.35925350144
250	7.7594215457
255	8.53560628836
260	6.28121071367
265	7.37414200836
270	6.21327105893
275	8.04470453675
280	7.42965342564
285	8.58634826614
290	8.60347963489
295	6.30347163561
300	8.23725602012
305	6.08098883547
310	9.57344718367
315	5.89610260871
320	8.90601402139
325	9.15104379546
330	7.45645012125
335	6.09840647912
340	12.2319607603
345	6.07801758549
350	8.52487130869
355	8.65291929002
360	7.96650019381
365	8.38256278424
370	8.85923490767
375	8.59295542057
380	7.30965109909
385	7.72729218544
390	6.56765369142
395	5.37420435505
400	6.52070334295
405	9.11501730851
410	8.38404980748
415	6.95742646621
420	7.79278320457
425	6.7376836734
430	7.71894657301
435	7.46512594607
440	6.76318699283
445	4.97195893098
450	5.50371167394
455	7.10256510366
460	5.68211627317
465	10.0549781088
470	5.37143251722
475	8.54867091546
480	6.32619477201
485	6.14756798099
490	8.17510791726
495	7.23467118002
500	5.96461899022
505	6.20519824273
510	8.58658436774
515	8.56184119563
520	6.96136123655
525	7.16376337405
530	6.69443859881
535	6.68253468994
540	7.12688832593
545	9.81248658752
550	9.34686936852
555	5.70354509929
560	8.28642492221
565	5.5766226005
570	7.55500995582
575	8.11282919673
580	9.22459536317
585	6.8302956712
590	8.10742745552
595	8.5008194066
600	10.6661756563
605	10.5212885604
610	7.16385057695
615	5.48533349837
620	6.59459950533
625	7.44493848732
630	7.47819795123
635	7.14382831735
640	8.19427255452
645	7.62611947634
650	6.07117356466
655	10.1667050672
660	6.59422448797
665	7.95540360479
670	7.67497424386
675	8.46652466355
680	7.82593373575
685	5.67676646792
690	6.08723659311
695	6.70453119709
700	8.98577653106
705	5.91017964322
710	6.87590490624
715	7.86114739075
720	8.74565943488
725	8.36190059694
730	6.04043121296
735	2.97383934591
740	4.48725514328
745	7.91146944182
750	9.30084214303
755	6.0012872407
760	6.45106781179
765	8.86967828543
770	7.55978988076
775	6.49657159081
780	8.75853391721
785	6.68525343013
790	6.99541178348
795	7.72766898981
800	5.19957645062
805	6.07265506114
810	9.96417727727
815	8.15381708851
820	6.44848780196
825	8.78912945397
830	9.33497655779
835	5.98243546335
840	7.65282899362
845	6.18605682976
850	8.99120441149
855	7.05624297311
860	6.93958561288
865	7.28445731328
870	5.31758753371
875	9.90873760858
880	5.4884355405
885	7.65332849834
890	7.62898206007
895	6.37226263332
900	6.01084398072
905	8.34785210011
910	8.11260958537
915	8.16331278942
920	9.8363185105
925	9.12146073644
930	7.28262589976
935	8.19427154274
940	7.89950332
945	9.78059071556
950	7.66160737111
955	5.5931687365
960	9.48253860992
965	5.10384860923
970	10.1790555778
975	6.89192778497
980	3.74050100727
985	6.56357908803
990	9.08467340393
995	10.8240745457
1000	7.93782055415
1005	7.39925233502
1010	6.28749399905
1015	5.872730265
1020	9.44594732879
1025	8.87860793921
1030	8.8770522893
1035	7.38106882498
1040	7.97515592967
1045	8.22188936751
1050	7.83280864406
1055	7.02174770539
1060	7.00732816273
1065	8.44927697427
1070	7.10740399313
1075	7.3831252521
1080	7.91680906126
1085	6.7914218626
1090	5.30876296256
1095	7.29678364709
1100	10.0220566876
1105	7.49602353481
1110	5.6786512879
1115	6.02585591556
1120	5.95864625169
1125	6.3735297976
1130	8.15210610283
1135	7.51243255672
1140	7.90109864153
1145	6.88538251326
1150	5.78952692477
1155	7.80548059584
1160	7.23007375591
1165	6.22040788682
1170	5.93617863237
1175	5.22685995831
1180	11.0847704448
1185	7.4059842916
1190	6.67840822316
1195	6.17280285918
1200	11.5854487184
1205	7.75793839411
1210	6.45668279302
1215	9.63840480617
1220	6.89807251977
1225	6.74997660731
1230	7.02025104929
1235	8.89166702475
1240	6.12688062536
1245	5.24267776962
1250	9.11299250826
1255	7.37260827127
1260	7.49536856715
1265	6.93587382712
1270	10.6849946236
1275	8.06504733059
1280	9.91353967274
1285	7.46548387293
1290	5.22298907453
1295	6.48674204884
1300	6.98416393925
1305	4.18355090314
1310	4.71804946258
1315	8.41500694702
1320	6.69067432011
1325	8.54918400144
1330	6.82479560867
1335	9.21132728856
1340	6.59601955358
1345	8.87500512658
1350	7.34105506904
1355	7.59742984196
1360	10.0520923262
1365	7.9806893755
1370	5.51074412224
1375	7.15048818938
1380	7.96494601336
1385	10.5188897935
1390	5.98953514457
1395	8.66718147095
1400	6.74250323816
1405	8.20280598089
1410	8.77134809143
1415	6.89574173657
1420	6.47775888431
1425	8.26513423147
1430	5.37852790357
1435	9.16249854358
1440	10.2911649294
1445	6.35581354406
1450	6.94278766941
1455	6.12697630256
1460	7.32511704027
1465	6.51521673047
1470	6.91606921162
1475	7.35513642975
1480	8.77956681972
1485	6.24590516102
1490	4.92649481454
1495	7.27662406341
1500	8.66728525086
1505	6.16466367397
1510	6.83772621247
1515	5.99363426667
1520	10.8611711825
1525	6.99273103258
1530	5.51342449065
1535	7.78498765463
1540	7.95929687381
1545	5.94600413011
1550	7.94303318329
1555	11.3120804741
1560	7.5142718989
1565	5.18882716172
1570	7.45448300107
1575	7.58853635741
1580	9.19890041826
1585	5.23163925423
1590	8.22800995137
1595	3.90040708841
1600	7.57176797701
1605	7.2390055051
1610	6.64453045337
1615	4.43997403507
1620	5.9344001305
1625	6.56664923654
1630	8.18074496836
1635	7.62632989009
1640	7.82032608221
1645	9.05321396307
1650	8.57816416041
1655	6.90532597836
1660	8.20694713129
1665	8.37413773436
1670	8.18769967319
1675	5.3856174427
1680	7.46834442211
1685	8.44735782506
1690	7.05697156787
1695	7.92196517507
1700	6.53998766486
1705	6.475326372
1710	7.28642135817
1715	8.33709003278
1720	7.78141055165
1725	7.58381335627
1730	8.31811537268
1735	10.4730049729
1740	6.78162409471
1745	6.17835047242
1750	9.42842151857
1755	9.24677025191
1760	7.94981907757
1765	8.37295323743
1770	7.62560520834
1775	6.55001220989
