0	2.43800638965
5	10.2945283976
10	12.3912407914
15	8.69719494356
20	10.9376027468
25	6.90967826017
30	7.46144481731
35	5.23992087245
40	7.62350938538
45	8.16924262507
50	5.23696142542
55	10.7887800083
60	11.8157168274
65	8.06098809408
70	11.2181510036
75	9.36066959961
80	5.94323087383
85	9.86059069999
90	5.53460074578
95	7.07456836881
100	12.3307283609
105	6.36370751816
110	8.21099368146
115	6.85653203163
120	8.54243294892
125	8.410048946
130	7.81703672957
135	5.56851461282
140	9.00710615999
145	10.045744342
150	11.1202495891
155	8.19606817948
160	9.6185430026
165	3.99231629192
170	5.68929694151
175	7.42928636244
180	7.79211315078
185	9.08778507264
190	8.54120361159
195	5.99350794356
200	4.78296881534
205	5.65735309738
210	8.65006432731
215	7.48981122472
220	10.5698147118
225	8.81168218838
230	10.3274022115
235	8.012692722
240	9.65532226157
245	7.70716074784
250	11.4127609025
255	9.66823939489
260	6.3788208538
265	6.55392897857
270	5.2756616387
275	6.48664117629
280	10.6650707987
285	8.25659909185
290	8.09362164919
295	8.25130945557
300	9.60099894592
305	6.97643249924
310	9.96613277025
315	6.45635280015
320	5.70211042983
325	3.78761550633
330	6.42862417203
335	10.121022306
340	9.80362535012
345	9.39639776023
350	9.10736723778
355	9.40160520486
360	9.71657373955
365	6.43421633901
370	6.83210401515
375	9.92725781631
380	7.09216232394
385	7.63321744234
390	8.28205890732
395	5.38107233781
400	5.72757925435
405	10.2252515598
410	8.38480617547
415	6.45973212322
420	6.82171921124
425	5.19813248193
430	10.9995559948
435	8.92461927797
440	9.00397841728
445	9.85722663309
450	11.4534658094
455	5.94920573358
460	7.17258502685
465	6.34771401529
470	5.87640640984
475	10.3957605271
480	6.1897593961
485	11.2476693913
490	6.20891171732
495	9.04342855754
500	7.50769233251
505	6.12041766402
510	11.3181254583
515	6.26836427941
520	7.39390899602
525	10.2238152771
530	8.65507521796
535	7.89178942419
540	8.52575175664
545	8.39592063343
550	8.61073359899
555	9.5801123479
560	9.95310187794
565	10.8097317551
570	9.95403969004
575	5.28782849537
580	6.63399299384
585	9.34770587314
590	4.29371254573
595	7.80293193197
600	5.41735899064
605	8.50172806003
610	10.1377495585
615	7.61300861395
620	8.1968827149
625	8.26715367424
630	9.68039524134
635	7.44929572341
640	12.3902366487
645	11.4212121986
650	4.270803628
655	7.13229884139
660	10.5680596138
665	7.83491890009
670	13.351180389
675	9.20691389778
680	6.13831311089
685	8.49848953855
690	3.25194164226
695	6.95329556946
700	6.91398915174
705	10.1324960096
710	10.2229477711
715	9.86861153359
720	9.35676014919
725	10.6113123219
730	6.23786821358
735	6.15920091474
740	10.0187942072
745	8.08394158942
750	11.1329980448
755	7.87121986645
760	9.21230202686
765	11.0598151509
770	8.72620389019
775	8.75001653384
780	7.44049019485
785	7.85009760914
790	9.08741144132
795	8.00397304544
800	7.77083656973
805	10.9893368343
810	11.4182476898
815	7.80133953362
820	6.93966474616
825	7.28604486799
830	8.76936934193
835	8.14563843904
840	13.0439048969
845	8.61126371325
850	10.0006357482
855	7.81974628371
860	8.17959147328
865	8.06013108376
870	6.64373880145
875	7.39648393641
880	6.33429212101
885	5.60005406783
890	8.64843363383
895	10.0551490504
900	10.5564874297
905	4.95194132015
910	9.28779986452
915	8.13664713473
920	12.2800660363
925	9.97828621622
930	8.25641367423
935	8.88833003484
940	11.1147871305
945	6.14052157728
950	11.0675297143
955	10.6514774992
960	9.25935936327
965	6.65152270652
970	6.88743861171
975	9.20645298876
980	7.86192509358
985	11.4137737414
990	10.4556987127
995	5.90274378116
1000	7.21444787274
1005	9.4854497658
1010	10.4050166906
1015	6.80707824535
1020	7.95645439565
1025	9.76845851314
1030	9.58387771677
1035	11.5504051694
1040	7.69215291308
1045	9.3642570764
1050	6.83637928787
1055	5.8737727951
1060	8.68641531337
1065	9.25693925532
1070	9.33769813839
1075	7.55629990241
1080	8.58749699952
1085	8.9049243481
1090	8.23873731476
1095	11.1014114888
1100	6.91980754819
1105	10.793413353
1110	8.33943876612
1115	7.723444352
1120	7.07571710542
1125	8.72505324307
1130	4.12519074434
1135	8.77494518351
1140	9.81217505911
1145	6.4493314021
1150	9.34031574577
1155	5.9815670157
1160	7.77747706749
1165	6.99463951771
1170	10.3506933218
1175	6.86079153527
1180	8.12229166303
1185	8.17159218018
1190	8.66746231439
1195	10.357931498
1200	9.17014057878
1205	8.82038249712
1210	10.6752691194
1215	10.3548656013
1220	10.6277607662
1225	10.929709188
1230	5.95134827236
1235	5.63206828408
1240	7.5839393052
1245	6.54311144805
1250	10.5414012599
1255	8.86888943541
1260	4.7938996434
1265	7.59817275773
1270	5.24044836525
1275	3.64078947926
1280	9.26436522686
1285	6.20960924379
1290	7.28460552212
1295	8.00010453024
1300	5.45132896721
1305	10.7315167351
1310	9.64350525316
1315	8.46220113999
1320	9.05613919483
1325	8.92604818898
1330	10.3066664391
1335	8.37697815911
1340	7.03416374779
1345	10.8280821773
1350	6.38393019368
1355	6.02193421136
1360	9.55856162828
1365	10.4485863434
1370	4.96811223071
1375	8.86712377614
1380	12.9960887604
1385	11.5592847683
1390	8.48215848062
1395	6.43506257028
1400	8.80082041372
1405	10.9283754942
1410	6.89131776482
1415	7.9515068154
1420	10.7338489019
1425	8.26841656687
1430	9.5567746901
1435	6.47621979563
1440	10.0159276501
1445	7.92456533543
1450	7.43174815339
1455	10.7217106833
1460	7.6014259606
1465	9.40653336205
1470	6.56512165859
1475	8.91934951703
1480	6.81803244355
1485	10.1986469602
1490	6.45597145265
1495	7.90777831668
1500	11.9242482064
1505	3.65628348312
1510	7.50544469953
1515	10.004520732
1520	8.51648945737
1525	9.95907637839
1530	7.13700982136
1535	7.1087690362
1540	12.1536177503
1545	9.47873504571
1550	7.05028691368
1555	9.64290274294
