0	37.7423014091
5	39.0672320749
10	38.0437013598
15	38.6264263081
20	39.0896894177
25	38.8839996858
30	39.3937074028
35	39.5254149304
40	38.5081264175
45	37.2480005555
50	38.2774459317
55	35.7891281056
60	39.9515743597
65	38.344751748
70	39.6338207661
75	36.5044113483
80	40.3707759438
85	38.6490914521
90	36.0704185358
95	40.9648959236
100	39.7969566689
105	39.5811534485
110	37.4994484218
115	39.9509615165
120	37.9733687312
125	38.1162222301
130	35.928869343
135	37.5512004039
140	38.4398902764
145	39.1155692103
150	40.2080430067
155	38.4015757396
160	38.5118821149
165	37.3329804787
170	38.8741300909
175	36.7817036175
180	37.3631005713
185	38.7787678115
190	38.1064406768
195	37.7619189626
200	41.7651949692
205	37.8157982721
210	39.0620483168
215	39.1658931611
220	36.4566190349
225	40.1120532954
230	38.9786809043
235	37.9036072353
240	37.4333353739
245	38.5402537646
250	37.334587178
255	36.4427135413
260	39.3189372101
265	37.779966284
270	37.7578535459
275	38.7974604558
280	37.324941519
285	36.843326666
290	38.6376150875
295	39.6900971384
300	38.709703175
305	38.2757404535
310	39.6182959132
315	38.4169336177
320	38.4273208112
325	36.0823043173
330	37.0628021732
335	36.2490865565
340	38.2680182674
345	36.85454237
350	38.0426571164
355	37.6846691092
360	41.2014962355
365	39.4745624924
370	37.5943839707
375	40.836114921
380	40.2415238531
385	40.4071093019
390	39.042208635
395	37.1832324201
400	36.9081845413
405	37.1608198828
410	39.8324005794
415	40.6735766206
420	36.0116537493
425	38.1497593832
430	38.8865158327
435	38.5295006399
440	37.9035020794
445	39.449843824
450	37.4457663887
455	37.1702366581
460	36.450714337
465	37.1576170492
470	36.0742920732
475	37.8184317408
480	39.7398656741
485	35.2864065563
490	39.8665324607
495	36.6378609097
500	39.6086929037
505	38.0019552489
510	36.4947190855
515	39.655612782
520	39.7959602472
525	35.3375556063
530	37.5835855428
535	39.4946631408
540	37.8286426885
545	38.4695844997
550	41.1895341561
555	40.295031548
560	39.153013829
565	37.9159170572
570	38.1396960442
575	39.7569786698
580	37.1199327869
585	38.6457309851
590	38.2643277414
595	37.7848998752
600	38.7119481699
605	36.7002043
610	39.0337993192
615	40.3377791307
620	37.10517765
625	38.4574861555
630	37.8902724485
635	38.2902942056
640	40.5265952191
645	39.3841236544
650	39.8190730267
655	39.3084715324
660	36.9734300475
665	38.1744684515
670	38.4483142353
675	39.8736498142
680	37.0354185178
685	40.4251730406
690	39.027269642
695	35.6999351165
700	39.1052156906
705	37.8770936756
710	40.8440416488
715	36.9340021196
720	37.730064202
725	38.4746686954
730	34.8654390107
735	36.5510421082
740	39.5601411557
745	35.993049896
750	36.2764600059
755	39.9322429733
760	36.1183748443
765	37.7926019139
770	39.9730823116
775	35.4155929728
780	37.5937673216
785	36.6584191641
790	37.8378616476
795	36.2951053145
800	40.2440834681
805	36.2092974268
810	37.6229940728
815	41.6871200919
820	38.0102502586
825	38.8082967071
830	40.7789305293
835	39.2439150871
840	39.4544814502
845	38.0506882824
850	38.789230937
855	40.1734941497
860	39.8305179518
865	39.0810766032
870	39.7690991613
875	39.1428246615
880	37.187336837
885	38.2794476607
890	41.6883444965
895	39.9686159667
900	39.8018944542
905	40.0288441216
910	38.2409960612
915	38.0223133818
920	39.1218926821
925	38.2571287822
930	38.8999403666
935	37.8003139595
940	38.1084165983
945	37.9205745361
950	35.18979703
955	38.1158140404
960	34.7521535678
965	38.2817506326
970	39.0435514777
975	37.5067832875
980	40.3632050109
985	40.1522407945
990	37.6873145019
995	39.8751353957
1000	37.5499927969
1005	37.75870098
1010	39.1123658561
1015	38.8703022185
1020	39.9305282322
1025	39.0347979365
1030	39.3924481836
1035	38.5409968609
1040	38.0392792065
1045	38.1494690211
1050	37.978741913
1055	37.3475678223
1060	38.8651246631
1065	41.4155635193
1070	38.1307266693
1075	37.9323398038
1080	37.8010529341
1085	40.1099316945
1090	36.4439215982
1095	39.3651724314
1100	38.9470236494
1105	41.451008852
1110	37.2108686063
1115	36.7033915565
1120	39.8226593822
1125	41.4380065236
1130	40.6228244324
1135	36.9353200221
1140	37.1732050863
1145	36.4310297326
1150	39.8684979601
1155	38.2121038911
1160	38.3467890844
1165	38.4226692856
1170	39.4083679209
1175	40.0163046987
1180	38.7000678169
1185	37.5290287305
1190	39.444112033
1195	39.8695300082
1200	37.8238467141
1205	39.2838895719
1210	40.89904557
1215	40.2591682278
1220	36.0000333121
1225	38.9611254373
1230	38.569592514
1235	39.5954167427
1240	38.9106295909
1245	35.5922752153
1250	37.8095552173
1255	38.7879332091
1260	39.3450690067
1265	38.4021450441
1270	37.0439502515
1275	35.8270215713
1280	37.797886928
1285	38.2506317786
1290	38.9223752719
1295	37.9180023337
1300	38.926968282
1305	40.3518159388
1310	38.2059599649
1315	41.0287957733
1320	38.1986972644
1325	39.0084179201
1330	38.2155886297
1335	35.6123795692
1340	37.3210556078
1345	36.8656053267
1350	39.1952678147
1355	39.2637196196
1360	35.0464155312
1365	38.5839750453
1370	38.88193942
1375	38.3651664477
1380	37.1467792976
1385	39.4600621207
1390	34.3834594088
1395	36.0166448104
1400	38.6449094537
1405	38.2022735048
1410	35.8445081173
1415	39.6472546974
1420	35.0629213768
1425	38.2051126683
1430	39.9517467261
1435	39.628410452
1440	39.9966617419
1445	34.4797149389
1450	36.3867631823
1455	35.8154411482
1460	38.1018588327
1465	41.0832173493
1470	38.9954064784
1475	38.9304666527
1480	37.5975240846
1485	38.9453410821
1490	36.209081054
1495	39.4708073002
1500	38.1002103186
1505	36.6338846862
1510	37.3918782017
1515	38.972788973
1520	40.0670737967
1525	37.9663496957
1530	40.4005339279
1535	37.3275070109
1540	38.0287014614
1545	40.1009380834
1550	39.1190129697
1555	37.6934822324
1560	37.7791872918
