0	0.4
5	3.72297936141
10	2.67841771818
15	0.4
20	2.17000862735
25	0.4
30	1.34088430727
35	14.1943439459
40	2.29312302284
45	4.77648338451
50	4.02147604387
55	0.4
60	6.90658868452
65	0.4
70	1.31561633233
75	7.69995011529
80	1.30802136068
85	7.26207424771
90	2.09347577295
95	9.60041542093
100	2.314962862
105	6.61796398947
110	8.30656766914
115	5.10251605236
120	0.404137432886
125	3.60290739831
130	11.133341487
135	7.30064894069
140	0.4
145	1.04682477726
150	0.4
155	9.18886744858
160	4.92798686736
165	0.4
170	0.4
175	8.95535048196
180	12.7720812019
185	0.4
190	6.81594096487
195	7.90965744497
200	4.64660835482
205	4.35269784483
210	7.2814775532
215	2.50778251321
220	0.4
225	6.29707511226
230	1.09113133776
235	1.617846022
240	6.8056746532
245	0.4
250	0.4
255	0.4
260	1.67970638382
265	0.4
270	4.96252341894
275	6.07018538067
280	2.94390788657
285	5.21465640642
290	0.4
295	4.37560887336
300	11.4426257692
305	2.00651611876
310	0.4
315	0.4
320	0.4
325	3.90398394862
330	1.58879043729
335	2.18136828048
340	0.4
345	0.4
350	4.05561390001
355	2.60536863615
360	0.4
365	3.8122548736
370	0.4
375	3.37486402857
380	5.06981483058
385	0.4
390	0.4
395	0.4
400	3.1300591033
405	0.4
410	0.4
415	2.45774553928
420	2.34360019313
425	10.0577060318
430	4.5988273283
435	0.4
440	7.37656495186
445	0.4
450	10.3161429947
455	4.37875141344
460	0.4
465	2.87849174834
470	0.4
475	4.32391356385
480	5.400778183
485	0.4
490	0.4
495	0.831369775381
500	3.59215854863
505	4.78427140154
510	0.4
515	7.34346742745
520	4.7189571541
525	0.4
530	3.42249283817
535	3.90540320349
540	1.83372957707
545	4.62545718512
550	2.46870151668
555	8.37085747681
560	6.31973194471
565	2.47920999872
570	3.38013181114
575	0.4
580	0.4
585	0.606543127581
590	4.97776952304
595	0.485747907452
600	1.54339467062
605	0.4
610	0.4
615	3.91693130467
620	3.99781272717
625	0.4
630	0.4
635	0.945107638618
640	1.42558372357
645	5.13200971608
650	0.4
655	4.15560430559
660	5.09522669077
665	0.4
670	0.4
675	0.4
680	0.4
685	3.23229034763
690	1.67769010864
695	2.38756641321
700	3.96343083684
705	0.4
710	0.4
715	0.4
720	2.05535329636
725	4.72527944099
730	1.37888339635
735	5.50080313553
740	4.47525275783
745	0.875824767397
750	0.4
755	5.34242226341
760	0.602990439476
765	0.4
770	6.56507568342
775	2.86076021302
780	0.4
785	2.24364010729
790	0.687510906123
795	1.9740920842
800	4.93694453339
805	3.31824830828
810	0.4
815	6.64873550496
820	7.15255564114
825	0.4
830	0.4
835	4.86630673556
840	6.31270547433
845	0.4
850	1.79989278767
855	1.33503544165
860	2.58571175659
865	0.743765811028
870	9.93342622861
875	5.59138999796
880	4.97264540033
885	0.4
890	1.13413235673
895	4.69228249115
900	12.3426789181
905	1.304134925
910	0.4
915	0.4
920	5.18976940253
925	1.12940822505
930	0.4
935	2.62650887063
940	0.4
945	5.24053038957
950	0.4
955	0.4
960	0.4
965	3.53950458415
970	3.74121771566
975	1.44112366529
980	0.4
985	6.32763085875
990	1.11047406306
995	1.99029580972
1000	0.4
1005	1.16994071299
1010	1.76487130243
1015	1.36993226105
1020	0.4
1025	0.4
1030	0.4
1035	0.4
1040	0.4
1045	11.5239765276
1050	17.5184436805
1055	3.82331697429
1060	12.7703216011
1065	0.436988605037
1070	2.46685891084
1075	2.77903726408
1080	3.29868439571
1085	5.83641350164
1090	10.2549318165
1095	2.79646065311
1100	0.787459187099
1105	0.4
1110	2.76511804779
1115	0.4
1120	0.559049660897
1125	3.92256591475
1130	0.4
1135	1.00557833405
1140	0.548018838903
1145	0.4
1150	5.78655265478
1155	0.4
1160	5.6944118628
1165	8.93539929423
1170	2.41639164258
1175	3.57007157503
1180	0.4
1185	2.46296927779
1190	0.4
1195	5.46822748593
1200	7.82562835247
1205	3.46379338171
1210	10.6117791599
1215	0.4
1220	0.4
1225	4.85629899461
1230	2.68685172284
1235	0.4
1240	0.879762670561
1245	8.39719853018
1250	6.67538550773
1255	5.80290826236
1260	3.83047416464
1265	0.4
1270	4.43787767027
1275	1.25588795079
1280	0.4
1285	4.90672504176
1290	1.9834378425
1295	6.03913987403
1300	4.56159754849
1305	3.1725301482
1310	3.91072957081
1315	3.96282240298
1320	0.4
1325	2.37753871492
1330	0.4
1335	2.18987449811
1340	0.4
1345	0.4
1350	0.4
1355	0.4
1360	0.4
1365	0.4
1370	5.55521121481
1375	6.05836162491
1380	5.25439895902
1385	0.4
1390	0.4
1395	0.4
1400	4.15766242739
1405	11.1455990571
1410	3.61747114367
1415	0.4
1420	6.71219902379
1425	0.4
1430	13.1379045374
1435	1.28346865104
1440	3.34601714517
1445	6.0654226199
1450	0.478116677639
1455	0.4
1460	1.04021379736
1465	0.4
1470	2.6633431952
1475	0.4
1480	0.4
1485	0.528047626675
1490	2.81282220894
1495	3.41774114623
1500	0.4
1505	5.69277349099
1510	0.4
1515	2.1137948671
1520	4.78807694568
1525	0.4
1530	1.44937583928
1535	0.4
1540	14.4251188211
1545	0.4
1550	0.4
1555	1.85703560371
1560	0.4
1565	2.85796411109
1570	0.4
1575	0.4
1580	1.75633665274
1585	0.4
1590	9.89017942506
1595	0.4
1600	7.86915900696
1605	0.4
1610	0.4
1615	14.0948811929
1620	0.4
1625	2.07515731886
1630	4.1473013397
1635	0.4
1640	6.37365747555
1645	2.92945225483
1650	13.1710682354
1655	1.44036031292
1660	0.4
1665	3.23725498837
1670	0.4
1675	0.4
1680	5.79610648854
1685	0.4
1690	0.4
1695	5.41427160618
1700	0.4
1705	3.57616050333
1710	2.58046893411
1715	0.4
1720	0.4
1725	0.4
1730	4.74511203779
1735	2.73403078391
1740	0.4
1745	0.4
1750	0.4
1755	1.6120807411
1760	0.4
1765	8.00214665041
1770	1.98357900974
1775	2.7700941485
1780	16.468021046
1785	0.4
1790	1.47614281971
1795	0.4
1800	3.40980051622
1805	3.1601353319
1810	0.4
1815	0.4
1820	2.14445631333
1825	6.62959755051
1830	1.93510734574
1835	7.08604400041
1840	5.10143901672
1845	0.4
1850	0.4
1855	0.4
1860	3.47111863785
