0	0.4
5	13.4993366124
10	0.4
15	3.7158859508
20	8.10721351225
25	7.56801705755
30	1.04955883064
35	0.693899627868
40	0.4
45	6.9081439836
50	1.99770016836
55	0.4
60	6.49736601734
65	4.15532589927
70	0.4
75	2.95475022742
80	0.4
85	0.4
90	2.44367901684
95	11.4988697626
100	10.1957751323
105	12.3381299687
110	15.7811255265
115	7.87787805613
120	2.55036109941
125	0.4
130	0.4
135	0.4
140	11.9606104257
145	0.4
150	0.4
155	6.13297196881
160	6.76146217573
165	5.01631899634
170	0.4
175	10.5109986909
180	0.4
185	4.55324369046
190	17.3646426084
195	6.41921019954
200	17.0686905245
205	0.4
210	16.2958325529
215	0.4
220	6.45571379037
225	0.947714276056
230	4.96496851987
235	10.2653087447
240	0.4
245	0.4
250	3.22645468185
255	1.96724662244
260	9.56166011355
265	12.9896835459
270	0.4
275	12.4554261346
280	0.4
285	8.01784243428
290	17.9100654455
295	0.4
300	1.46976047175
305	6.9879184542
310	14.7291766233
315	0.4
320	10.8545664828
325	0.4
330	0.4
335	0.4
340	0.4
345	2.50949809437
350	15.9064049665
355	1.45692116013
360	17.5864185813
365	0.4
370	21.0242692038
375	13.1236268474
380	9.37476973525
385	21.5029081488
390	25.0522123434
395	0.4
400	0.4
405	0.4
410	4.92795216893
415	29.8065873388
420	13.9506699547
425	0.642363825973
430	0.4
435	3.68102469988
440	12.7001751394
445	0.4
450	6.56001771633
455	18.9454194675
460	9.21636567037
465	2.71354724791
470	4.34438334885
475	0.836658057384
480	0.4
485	14.9055520591
490	2.51040594515
495	22.8171321493
500	0.4
505	16.8673626699
510	0.4
515	0.4
520	0.4
525	7.96784219339
530	17.5170235953
535	0.4
540	2.85309962456
545	11.6437321588
550	6.7042206232
555	0.4
560	0.4
565	0.4
570	0.4
575	0.4
580	0.4
585	1.89254218662
590	0.4
595	2.38792273699
600	6.65026974345
605	2.25658985126
610	0.646032592264
615	6.34070909152
620	0.4
625	0.4
630	0.4
635	4.34415319198
640	0.4
645	16.1968270652
650	8.53144542256
655	0.429712242278
660	8.23903976081
665	5.77308086973
670	13.1149122936
675	0.4
680	3.94831265063
685	0.4
690	5.6493295692
695	4.60910045799
700	1.22289776159
705	9.34208989854
710	0.4
715	12.0312864591
720	3.31162063984
725	0.4
730	0.4
735	1.38500452386
740	9.49919557497
745	4.26660513676
750	3.99517560736
755	0.4
760	8.64689726233
765	13.4980266599
770	22.7384847509
775	0.631111504125
780	0.4
785	0.4
790	7.7754952408
795	14.3046542475
800	11.0801245324
805	0.4
810	0.4
815	0.4
820	0.4
825	10.4778481432
830	11.3485851039
835	0.4
840	11.1987916101
845	8.1792409483
850	7.66730415895
855	0.4
860	5.49344885695
865	4.47964349287
870	0.4
875	0.4
880	0.884971550587
885	13.5443032598
890	4.15900020785
895	0.4
900	0.4
905	9.91347026346
910	0.881076511672
915	0.4
920	12.9123452694
925	11.0584726804
930	4.68431657476
935	0.4
940	0.4
945	5.55981216647
950	3.9692252306
955	0.4
960	13.2943787369
965	6.44305976281
970	14.2349352302
975	0.4
980	0.4
985	10.9879950846
990	9.21394988671
995	8.62558190157
1000	0.658686711339
1005	1.12784194518
1010	13.4502562675
1015	2.40568526241
1020	0.4
1025	5.95025453518
1030	8.12827554623
1035	9.33594024757
1040	9.19324461289
1045	11.4840017452
1050	17.8877927219
1055	1.40550827392
1060	0.4
1065	0.4
1070	1.57653039454
1075	0.421646133203
1080	0.4
1085	1.389007143
1090	16.3590176293
1095	9.31464991635
1100	4.99073561146
1105	10.9495409578
1110	0.4
1115	12.1271295023
1120	0.4
1125	6.4204109314
1130	14.3815034212
1135	0.4
1140	0.4
1145	0.4
1150	0.4
1155	0.604323750529
1160	0.4
1165	5.93367777107
1170	18.5188670664
1175	6.98223371993
1180	14.5893363678
1185	4.81042225762
1190	0.4
1195	8.83303040468
1200	3.09413981388
1205	15.0322774453
1210	0.4
1215	6.15233638475
1220	9.72898338947
1225	1.69889817288
1230	0.4
1235	8.02615490768
1240	10.127408075
1245	14.9828834464
1250	0.4
1255	12.4014776577
1260	5.17255640481
1265	0.4
1270	9.90604447402
1275	5.56944788878
1280	8.63387869209
1285	13.8397824426
1290	7.99781845764
1295	10.1105345475
1300	12.2398108484
1305	10.0088149576
1310	0.996898655241
1315	15.717107386
1320	0.4
1325	2.17641198892
1330	16.3175490385
1335	0.4
1340	0.4
1345	15.9622822398
1350	3.82775582071
1355	0.4
1360	3.99261202887
1365	1.54439076505
1370	0.4
1375	3.51817039654
1380	0.4
1385	4.71006329294
1390	5.57157582787
1395	12.5449999931
1400	0.4
1405	14.9882961573
1410	0.4
1415	0.4
1420	12.3896713969
1425	0.4
1430	0.4
1435	13.1509443301
1440	0.4
1445	16.8258059428
1450	7.44572397446
1455	17.3718091772
1460	4.98001705838
1465	4.12944833002
1470	0.4
1475	0.4
1480	7.73362404254
1485	2.01929624513
1490	0.4
1495	2.79588741384
1500	10.3266814732
1505	11.0583003189
1510	8.39026978932
1515	8.85911620614
1520	20.1528369188
1525	20.8791738066
1530	0.4
1535	0.4
1540	14.7299537037
1545	9.29397717106
1550	0.4
1555	0.4
1560	16.4959103643
1565	24.900407634
1570	1.03431994752
1575	15.8692006148
1580	0.4
1585	23.5690367569
1590	11.768086306
1595	0.4
1600	6.84241531073
1605	0.4
1610	3.4319230802
1615	0.4
1620	10.413489464
1625	0.4
1630	1.0930142713
1635	4.78848459199
1640	0.4
1645	10.4327047997
1650	2.62369703702
1655	30.1009450586
1660	0.4
1665	0.4
1670	0.4
1675	5.59678638455
1680	3.83347146345
1685	0.4
1690	0.488461989048
1695	0.4
1700	6.60827678262
1705	6.85102957578
1710	8.76194434251
1715	4.7779657199
1720	8.50183724408
1725	11.9980112185
1730	2.47178682241
1735	12.2576716391
1740	0.4
1745	8.33925637414
1750	1.8948401587
1755	3.32686479965
1760	4.57576157736
1765	9.22144057666
1770	7.71708342641
1775	0.4
1780	21.5190948819
1785	1.15140146803
1790	24.2646306356
1795	0.4
1800	9.39336732185
1805	1.34321491017
1810	6.72917184751
1815	10.1863949872
1820	7.20652673775
1825	0.941319511141
1830	0.4
1835	0.4
1840	20.8343534544
1845	0.4
